189.527725	0.149158	0.149158	0.000000
189.916390	-2722533753606622.000000	-2722533753606622.000000	0.000000
190.305018	4.922531	1.769536	1.576497
190.693607	-0.679273	0.254037	-0.466655
191.082159	-0.739092	-0.297557	-0.220767
191.470673	8.379607	-0.007902	4.193754
191.859149	4.255712	0.648014	1.803849
192.247587	0.584069	-3.754362	2.169216
192.635988	8.083554	0.104630	3.989462
193.024351	0.766854	0.668301	0.049277
193.412676	39.594929	-0.280924	19.937926
193.800963	1.561922	-1.940510	1.751216
194.189212	1.235581	0.334017	0.450782
194.577423	-5.245267	-0.054392	-2.595438
194.965597	-0.566647	-0.499230	-0.033709
195.353732	0.259301	0.186317	0.036492
195.741830	0.500676	-0.594290	0.547483
196.129890	1.728129	-0.206035	0.967082
196.517911	1.214600	4.323448	-1.554424
196.905895	0.517193	0.340448	0.088373
197.293841	0.622281	0.765583	-0.071651
197.681749	0.681527	-0.096534	0.389030
198.069619	0.099189	-0.218440	0.158815
198.457452	0.531681	-0.202134	0.366908
198.845246	0.537643	0.266560	0.135541
199.233002	0.215567	0.024357	0.095605
199.620720	0.466500	0.401658	0.032421
200.008400	0.111986	0.248326	-0.068170
200.396042	0.177445	0.242870	-0.032712
200.783646	0.290128	0.029346	0.130391
201.171212	-0.011353	0.147517	-0.079435
201.558740	0.287381	-0.044471	0.165926
201.946230	0.083188	0.046826	0.018181
202.333682	0.107642	0.060827	0.023407
202.721096	0.161710	-0.036027	0.098869
203.108472	0.254476	-0.075558	0.165017
203.495809	0.084693	0.046486	0.019103
203.883109	0.357860	0.026328	0.165766
204.270370	0.180505	0.062562	0.058971
204.657593	0.192013	0.202293	-0.005140
205.044779	-0.024791	0.048578	-0.036685
205.431926	0.294251	0.263551	0.015350
205.819034	0.182685	0.170627	0.006029
206.206105	0.357947	0.241150	0.058399
206.593137	0.162521	0.052554	0.054984
206.980132	0.244754	0.322474	-0.038860
207.367088	0.014111	0.148252	-0.067070
207.754006	0.001783	0.550891	-0.274554
208.140885	0.110205	0.094204	0.008000
208.527727	0.347564	0.191868	0.077848
208.914530	0.179440	0.070938	0.054251
209.301295	0.126334	0.010910	0.057712
209.688022	0.140057	0.198064	-0.029004
210.074710	0.099444	0.059105	0.020169
210.461360	0.187825	-0.031436	0.109631
210.847972	0.044947	0.113373	-0.034213
211.234546	0.118220	-0.140143	0.129182
211.621081	0.074021	0.222203	-0.074091
212.007578	0.394223	-0.001997	0.198110
212.394036	0.062695	0.022692	0.020001
212.780457	0.148209	0.067637	0.040286
213.166839	0.108027	0.252199	-0.072086
213.553182	0.348231	0.289163	0.029534
213.939487	0.188862	-0.170758	0.179810
214.325754	0.110957	0.185453	-0.037248
214.711983	0.211397	0.365531	-0.077067
215.098173	0.072213	-0.016992	0.044603
215.484324	0.165047	0.242563	-0.038758
215.870437	0.050803	0.189565	-0.069381
216.256512	0.318690	0.038293	0.140198
216.642548	-0.118383	0.021164	-0.069774
217.028546	0.150014	0.365385	-0.107685
217.414506	0.200129	-0.350704	0.275416
217.800427	0.370541	-0.037996	0.204269
218.186309	0.121984	0.095106	0.013439
218.572153	0.088249	0.084322	0.001964
218.957959	0.458915	0.086039	0.186438
219.343726	0.106341	0.089065	0.008638
219.729454	0.102700	-0.047212	0.074956
220.115144	0.273593	0.041128	0.116232
220.500795	0.086703	-0.029740	0.058222
220.886408	0.101461	0.082515	0.009473
221.271983	0.279798	0.382819	-0.051510
221.657518	0.024606	-0.029605	0.027106
222.043016	0.147571	0.187911	-0.020170
222.428474	0.171951	0.129578	0.021186
222.813894	0.147182	0.157254	-0.005036
223.199275	0.188832	0.153933	0.017449
223.584618	0.087435	0.342310	-0.127438
223.969922	0.359748	0.176163	0.091793
224.355188	0.510886	0.175841	0.167522
224.740414	0.320000	-0.027477	0.173738
225.125603	0.150202	0.114915	0.017644
225.510752	-0.032043	0.042578	-0.037311
225.895863	-0.042616	0.092171	-0.067394
226.280935	0.509318	0.264493	0.122412
226.665968	0.266094	0.109042	0.078526
227.050963	0.187888	-0.015828	0.101858
227.435919	0.018746	0.231452	-0.106353
227.820836	0.385610	-0.028865	0.207237
228.205715	0.137192	0.094708	0.021242
228.590555	0.134835	0.029448	0.052694
228.975356	0.080419	0.147684	-0.033632
229.360118	0.168993	-0.042979	0.105986
229.744841	0.337892	0.126615	0.105638
230.129526	0.153337	-0.069284	0.111310
230.514172	0.091769	-0.042910	0.067340
230.898779	0.242542	0.382382	-0.069920
231.283347	0.172965	0.200881	-0.013958
231.667877	-0.009430	-0.011013	0.000792
232.052367	0.155999	0.074340	0.040829
232.436819	-0.037166	0.274499	-0.155832
232.821232	0.272741	-0.020096	0.146418
233.205606	0.329703	-0.102204	0.215954
233.589941	0.073669	0.284752	-0.105542
233.974237	0.047284	0.040469	0.003408
234.358495	0.036918	0.021899	0.007509
234.742713	0.043960	-0.041222	0.042591
235.126893	0.152694	-0.049694	0.101194
235.511033	0.013261	0.063949	-0.025344
235.895135	0.257129	0.058912	0.099108
236.279198	-0.040621	0.041592	-0.041106
236.663221	0.159359	0.102338	0.028511
237.047206	0.312878	0.085252	0.113813
237.431152	0.262380	0.173602	0.044389
237.815059	0.033679	0.124131	-0.045226
238.198926	0.112649	0.004922	0.053864
238.582755	0.210003	0.001490	0.104257
238.966545	0.191573	-0.107172	0.149373
239.350296	-0.032818	0.130303	-0.081561
239.734007	0.179533	-0.026294	0.102913
240.117680	0.205392	0.139933	0.032729
240.501314	0.040648	0.099807	-0.029580
240.884908	0.122435	0.101038	0.010698
241.268464	0.121823	-0.120096	0.120959
241.651980	0.039805	0.082301	-0.021248
242.035457	-0.006459	0.141382	-0.073920
242.418895	0.035135	0.012601	0.011267
242.802294	0.120010	0.033492	0.043259
243.185654	0.205331	-0.109206	0.157268
243.568975	0.054738	0.052879	0.000929
243.952257	0.121755	0.060168	0.030794
244.335499	0.139763	0.022058	0.058852
244.718702	0.060977	-0.082804	0.071891
245.101867	-0.029111	-0.042004	0.006446
245.484991	0.012365	0.021244	-0.004439
245.868077	0.226673	-0.073891	0.150282
246.251124	-0.005667	-0.037008	0.015670
246.634131	-0.068999	0.105261	-0.087130
247.017099	0.269915	0.013866	0.128025
247.400028	0.040481	0.007793	0.016344
247.782917	-0.068042	0.031932	-0.049987
248.165768	0.040114	0.195571	-0.077729
248.548579	0.050002	0.199291	-0.074644
248.931350	0.071469	0.023504	0.023983
249.314083	0.109576	0.089823	0.009877
249.696776	0.133199	0.023392	0.054903
250.079430	-0.001111	0.107196	-0.054154
250.462044	0.071282	0.064635	0.003324
250.844620	0.010513	0.169757	-0.079622
251.227155	-0.154762	0.133057	-0.143909
251.609652	0.101275	-0.040590	0.070932
251.992109	0.082778	0.104989	-0.011106
252.374527	-0.002479	0.123535	-0.063007
252.756905	0.110912	0.079142	0.015885
253.139244	0.188187	0.053038	0.067574
253.521544	0.137435	0.194032	-0.028298
253.903804	0.173558	0.061691	0.055933
254.286025	0.093211	-0.115354	0.104283
254.668206	0.072552	-0.189022	0.130787
255.050348	-0.060506	0.166319	-0.113413
255.432451	-0.050090	-0.047442	-0.001324
255.814514	0.138127	-0.041442	0.089784
256.196537	0.104526	0.007779	0.048374
256.578521	-0.021211	-0.088738	0.033764
256.960466	-0.059576	0.101502	-0.080539
257.342371	0.024222	0.078027	-0.026902
257.724236	-0.000558	-0.081910	0.040676
258.106062	-0.031975	-0.077028	0.022527
258.487849	-0.052900	-0.140354	0.043727
258.869596	-0.039799	-0.177691	0.068946
259.251303	-0.023478	0.030354	-0.026916
259.632971	-0.081743	0.003880	-0.042811
260.014599	0.051266	-0.004771	0.028018
260.396188	-0.003736	-0.164833	0.080549
260.777737	-0.040837	0.020951	-0.030894
261.159247	0.059521	-0.064583	0.062052
261.540717	0.101857	-0.072208	0.087033
261.922147	-0.049571	-0.032643	-0.008464
262.303538	0.001298	-0.026193	0.013746
262.684889	-0.070271	-0.044648	-0.012811
263.066200	-0.000107	0.010313	-0.005210
263.447472	-0.003762	-0.012262	0.004250
263.828704	-0.039125	-0.082852	0.021864
264.209896	0.063150	0.006943	0.028103
264.591049	0.020812	-0.110172	0.065492
264.972162	0.052333	-0.057463	0.054898
265.353235	-0.055211	-0.052520	-0.001345
265.734268	-0.031395	-0.099396	0.034001
266.115262	-0.099647	-0.118871	0.009612
266.496216	-0.128902	-0.074352	-0.027275
266.877130	-0.073330	-0.055553	-0.008889
267.258005	-0.067934	-0.053163	-0.007386
267.638840	-0.099696	-0.046744	-0.026476
268.019635	-0.039688	-0.085525	0.022918
268.400390	-0.062766	-0.023512	-0.019627
268.781105	-0.048841	-0.077407	0.014283
269.161781	-0.025348	-0.104297	0.039475
269.542417	-0.111949	-0.074609	-0.018670
269.923013	-0.096937	-0.133893	0.018478
270.303569	-0.034767	-0.085089	0.025161
270.684085	-0.096227	-0.100170	0.001972
271.064561	-0.046752	-0.056953	0.005100
271.444998	-0.145565	-0.073558	-0.036003
271.825394	-0.121826	-0.122416	0.000295
272.205751	-0.132178	-0.172827	0.020324
272.586068	-0.081921	-0.132897	0.025488
272.966345	-0.120101	-0.093497	-0.013302
273.346582	-0.153107	-0.213049	0.029971
273.726779	-0.085431	-0.138893	0.026731
274.106936	-0.163519	-0.099863	-0.031828
274.487053	-0.133216	-0.151030	0.008907
274.867130	-0.115435	-0.100175	-0.007630
275.247168	-0.113295	-0.098565	-0.007365
275.627165	-0.131769	-0.182007	0.025119
276.007122	-0.121818	-0.118969	-0.001424
276.387040	-0.129589	-0.171774	0.021092
276.766917	-0.174673	-0.114329	-0.030172
277.146754	-0.151731	-0.159270	0.003770
277.526551	-0.146577	-0.195426	0.024424
277.906308	-0.142358	-0.194394	0.026018
278.286026	-0.135267	-0.160150	0.012441
278.665703	-0.131178	-0.140333	0.004577
279.045340	-0.138122	-0.191427	0.026652
279.424936	-0.130633	-0.155849	0.012608
279.804493	-0.172540	-0.177238	0.002349
280.184010	-0.152818	-0.143170	-0.004824
280.563487	-0.195645	-0.152812	-0.021416
280.942923	-0.090281	-0.152667	0.031193
281.322319	-0.118502	-0.134067	0.007783
281.701676	-0.175162	-0.121758	-0.026702
282.080992	-0.156391	-0.154456	-0.000967
282.460268	-0.148971	-0.147509	-0.000731
282.839503	-0.132954	-0.139565	0.003306
283.218699	-0.140173	-0.130778	-0.004698
283.597854	-0.170644	-0.161617	-0.004513
283.976969	-0.153792	-0.168019	0.007113
284.356044	-0.168014	-0.188698	0.010342
284.735079	-0.121464	-0.173938	0.026237
285.114073	-0.178633	-0.147598	-0.015517
285.493028	-0.153987	-0.150278	-0.001854
285.871942	-0.165388	-0.140111	-0.012639
286.250815	-0.140474	-0.176131	0.017829
286.629649	-0.154072	-0.128616	-0.012728
287.008442	-0.141177	-0.190079	0.024451
287.387195	-0.174126	-0.168168	-0.002979
287.765907	-0.171738	-0.147138	-0.012300
288.144580	-0.168038	-0.171095	0.001529
288.523212	-0.160932	-0.140595	-0.010169
288.901803	-0.159175	-0.163127	0.001976
289.280355	-0.155107	-0.140164	-0.007472
289.658866	-0.169580	-0.164705	-0.002437
290.037336	-0.186899	-0.144376	-0.021261
290.415766	-0.169174	-0.163555	-0.002810
290.794156	-0.173239	-0.142019	-0.015610
291.172505	-0.171242	-0.165640	-0.002801
291.550814	-0.186016	-0.159363	-0.013326
291.929083	-0.142049	-0.169163	0.013557
292.307311	-0.153381	-0.169587	0.008103
292.685499	-0.168818	-0.179089	0.005136
293.063646	-0.157980	-0.175070	0.008545
293.441753	-0.166549	-0.143602	-0.011474
293.819820	-0.167202	-0.161560	-0.002821
294.197845	-0.146916	-0.152029	0.002556
294.575831	-0.162351	-0.155791	-0.003280
294.953776	-0.157186	-0.158088	0.000451
295.331680	-0.158501	-0.156833	-0.000834
295.709544	-0.179487	-0.161554	-0.008967
296.087368	-0.152187	-0.177754	0.012784
296.465150	-0.154672	-0.147412	-0.003630
296.842893	-0.154057	-0.152761	-0.000648
297.220595	-0.140312	-0.153711	0.006699
297.598256	-0.140269	-0.164520	0.012125
297.975876	-0.153676	-0.159260	0.002792
298.353457	-0.154250	-0.136997	-0.008627
298.730996	-0.159656	-0.143961	-0.007847
299.108495	-0.139933	-0.154458	0.007263
299.485953	-0.143209	-0.143325	0.000058
299.863371	-0.134148	-0.138180	0.002016
300.240748	-0.144063	-0.132485	-0.005789
300.618084	-0.153068	-0.141041	-0.006014
300.995380	-0.151598	-0.141851	-0.004873
301.372635	-0.147165	-0.130876	-0.008145
301.749849	-0.137809	-0.144635	0.003413
302.127023	-0.151046	-0.138395	-0.006326
302.504156	-0.123294	-0.130824	0.003765
302.881248	-0.142885	-0.129521	-0.006682
303.258300	-0.140018	-0.125185	-0.007417
303.635311	-0.127229	-0.129625	0.001198
304.012281	-0.138852	-0.133895	-0.002478
304.389210	-0.135528	-0.140999	0.002736
304.766099	-0.140352	-0.132660	-0.003846
305.142947	-0.123922	-0.143690	0.009884
305.519754	-0.136663	-0.129749	-0.003457
305.896520	-0.125643	-0.124061	-0.000791
306.273246	-0.127942	-0.125087	-0.001427
306.649930	-0.137697	-0.135901	-0.000898
307.026574	-0.132138	-0.131807	-0.000165
307.403177	-0.131982	-0.108898	-0.011542
307.779740	-0.131125	-0.117409	-0.006858
308.156261	-0.123060	-0.123086	0.000013
308.532742	-0.124408	-0.124942	0.000267
308.909181	-0.123280	-0.112280	-0.005500
309.285580	-0.132969	-0.121599	-0.005685
309.661938	-0.114734	-0.111967	-0.001384
310.038255	-0.124420	-0.109019	-0.007700
310.414531	-0.115643	-0.112011	-0.001816
310.790766	-0.111078	-0.106585	-0.002247
311.166961	-0.114421	-0.117803	0.001691
311.543114	-0.119551	-0.107129	-0.006211
311.919226	-0.114872	-0.104889	-0.004992
312.295298	-0.110916	-0.105273	-0.002822
312.671328	-0.109056	-0.110162	0.000553
313.047318	-0.114596	-0.106284	-0.004156
313.423267	-0.110562	-0.102398	-0.004082
313.799174	-0.111562	-0.111844	0.000141
314.175041	-0.106916	-0.112093	0.002588
314.550866	-0.119993	-0.098698	-0.010648
314.926651	-0.106595	-0.101158	-0.002719
315.302394	-0.107516	-0.097045	-0.005235
315.678097	-0.110877	-0.094219	-0.008329
316.053758	-0.112401	-0.109688	-0.001357
316.429378	-0.108398	-0.109049	0.000326
316.804958	-0.102377	-0.097711	-0.002333
317.180496	-0.103270	-0.099811	-0.001730
317.555993	-0.105073	-0.098863	-0.003105
317.931449	-0.098016	-0.098872	0.000428
318.306864	-0.102559	-0.097049	-0.002755
318.682238	-0.108585	-0.095722	-0.006432
319.057570	-0.101768	-0.096252	-0.002758
319.432862	-0.104746	-0.095186	-0.004780
319.808112	-0.102264	-0.095157	-0.003554
320.183321	-0.099829	-0.100069	0.000120
320.558489	-0.096956	-0.093874	-0.001541
320.933616	-0.101450	-0.086858	-0.007296
321.308701	-0.099824	-0.086995	-0.006414
321.683746	-0.095714	-0.091127	-0.002293
322.058749	-0.101686	-0.092841	-0.004422
322.433711	-0.091655	-0.098939	0.003642
322.808632	-0.091875	-0.083990	-0.003943
323.183511	-0.086758	-0.090217	0.001729
323.558349	-0.096457	-0.084980	-0.005738
323.933146	-0.091396	-0.088773	-0.001312
324.307902	-0.089544	-0.092037	0.001246
324.682617	-0.088991	-0.086402	-0.001295
325.057290	-0.087461	-0.085985	-0.000738
325.431921	-0.094745	-0.081491	-0.006627
325.806512	-0.086113	-0.080441	-0.002836
326.181061	-0.082880	-0.081941	-0.000470
326.555569	-0.080424	-0.083525	0.001550
326.930035	-0.091568	-0.081575	-0.004997
327.304461	-0.086007	-0.080486	-0.002761
327.678844	-0.088573	-0.080743	-0.003915
328.053187	-0.090480	-0.078825	-0.005827
328.427488	-0.086023	-0.085116	-0.000454
328.801747	-0.086133	-0.083774	-0.001180
329.175966	-0.080375	-0.084369	0.001997
329.550142	-0.082067	-0.076091	-0.002988
329.924278	-0.081185	-0.072865	-0.004160
330.298372	-0.083833	-0.078149	-0.002842
330.672424	-0.080432	-0.080128	-0.000152
331.046435	-0.078926	-0.076761	-0.001082
331.420405	-0.077810	-0.073442	-0.002184
331.794333	-0.081142	-0.074155	-0.003494
332.168220	-0.081068	-0.072003	-0.004532
332.542065	-0.079682	-0.068929	-0.005376
332.915869	-0.084109	-0.070690	-0.006709
333.289631	-0.080877	-0.072706	-0.004085
333.663351	-0.078584	-0.073023	-0.002780
334.037030	-0.077376	-0.066748	-0.005314
334.410668	-0.080651	-0.069771	-0.005440
334.784264	-0.082511	-0.064754	-0.008878
335.157818	-0.077712	-0.064132	-0.006790
335.531331	-0.072221	-0.064554	-0.003833
335.904802	-0.077712	-0.071140	-0.003286
336.278232	-0.072607	-0.068650	-0.001979
336.651620	-0.071230	-0.067234	-0.001998
337.024966	-0.078688	-0.073572	-0.002558
337.398271	-0.073699	-0.064557	-0.004571
337.771534	-0.067768	-0.070633	0.001433
338.144756	-0.073608	-0.064487	-0.004560
338.517936	-0.067174	-0.063069	-0.002053
338.891074	-0.069754	-0.060904	-0.004425
339.264171	-0.071182	-0.064404	-0.003389
339.637225	-0.069521	-0.062800	-0.003360
340.010239	-0.071266	-0.066557	-0.002355
340.383210	-0.077012	-0.062400	-0.007306
340.756140	-0.073474	-0.068048	-0.002713
341.129028	-0.073495	-0.066106	-0.003694
341.501874	-0.072599	-0.061426	-0.005586
341.874679	-0.072594	-0.064632	-0.003981
342.247441	-0.074832	-0.060587	-0.007122
342.620162	-0.072510	-0.060703	-0.005904
342.992842	-0.071358	-0.062375	-0.004492
343.365479	-0.072093	-0.058253	-0.006920
343.738075	-0.067671	-0.061428	-0.003122
344.110629	-0.067570	-0.054261	-0.006654
344.483141	-0.061200	-0.055857	-0.002672
344.855611	-0.066404	-0.058237	-0.004083
345.228039	-0.065549	-0.059606	-0.002972
345.600426	-0.068070	-0.057297	-0.005386
345.972770	-0.061659	-0.058915	-0.001372
346.345073	-0.061957	-0.057553	-0.002202
346.717334	-0.063794	-0.058689	-0.002553
347.089553	-0.064056	-0.056657	-0.003699
347.461730	-0.060486	-0.057009	-0.001738
347.833866	-0.062637	-0.054610	-0.004014
348.205959	-0.061927	-0.060628	-0.000649
348.578010	-0.062315	-0.056347	-0.002984
348.950020	-0.063051	-0.050668	-0.006191
349.321987	-0.064490	-0.051179	-0.006655
349.693913	-0.055681	-0.053683	-0.000999
350.065797	-0.062284	-0.053708	-0.004288
350.437638	-0.062516	-0.051988	-0.005264
350.809438	-0.061051	-0.051721	-0.004665
351.181196	-0.062373	-0.050773	-0.005800
351.552911	-0.059910	-0.048576	-0.005667
351.924585	-0.054623	-0.050182	-0.002221
352.296217	-0.058307	-0.053470	-0.002418
352.667806	-0.059493	-0.050197	-0.004648
353.039354	-0.058943	-0.053617	-0.002663
353.410859	-0.059852	-0.051957	-0.003947
353.782323	-0.056628	-0.049235	-0.003696
354.153744	-0.060246	-0.051987	-0.004130
354.525123	-0.054002	-0.049182	-0.002410
354.896460	-0.055319	-0.050122	-0.002599
355.267756	-0.057703	-0.048198	-0.004753
355.639008	-0.057563	-0.043736	-0.006914
356.010219	-0.056311	-0.047150	-0.004581
356.381388	-0.057340	-0.047603	-0.004868
356.752515	-0.052472	-0.053015	0.000271
357.123599	-0.056313	-0.045262	-0.005526
357.494641	-0.057779	-0.044753	-0.006513
357.865641	-0.055186	-0.049307	-0.002940
358.236599	-0.053286	-0.042302	-0.005492
358.607515	-0.053439	-0.045637	-0.003901
358.978388	-0.054979	-0.046615	-0.004182
359.349219	-0.050714	-0.044885	-0.002915
359.720008	-0.050407	-0.042744	-0.003831
360.090755	-0.049704	-0.042273	-0.003715
360.461460	-0.049147	-0.040586	-0.004280
360.832122	-0.049706	-0.043014	-0.003346
361.202742	-0.046596	-0.044457	-0.001069
361.573320	-0.047172	-0.037035	-0.005068
361.943855	-0.045396	-0.044796	-0.000300
362.314348	-0.048091	-0.042620	-0.002736
362.684799	-0.044106	-0.041619	-0.001244
363.055208	-0.045600	-0.042732	-0.001434
363.425574	-0.045780	-0.038495	-0.003643
363.795898	-0.046618	-0.041116	-0.002751
364.166180	-0.046190	-0.041122	-0.002534
364.536419	-0.045843	-0.037928	-0.003957
364.906616	-0.046485	-0.038190	-0.004147
365.276770	-0.047625	-0.039527	-0.004049
365.646882	-0.043609	-0.037852	-0.002878
366.016952	-0.042342	-0.042393	0.000025
366.386979	-0.046419	-0.038909	-0.003755
366.756964	-0.044471	-0.034192	-0.005139
367.126906	-0.041987	-0.038147	-0.001920
367.496806	-0.044395	-0.035789	-0.004303
367.866664	-0.039380	-0.036010	-0.001685
368.236479	-0.044908	-0.035265	-0.004822
368.606251	-0.042005	-0.036424	-0.002790
368.975981	-0.040425	-0.035295	-0.002565
369.345669	-0.043738	-0.035790	-0.003974
369.715314	-0.043210	-0.033840	-0.004685
370.084917	-0.042622	-0.033145	-0.004738
370.454477	-0.040522	-0.035004	-0.002759
370.823995	-0.041833	-0.029234	-0.006300
371.193470	-0.039437	-0.035391	-0.002023
371.562902	-0.039736	-0.031689	-0.004024
371.932292	-0.038762	-0.035403	-0.001680
372.301640	-0.036746	-0.034029	-0.001359
372.670944	-0.035666	-0.033470	-0.001098
373.040207	-0.037819	-0.032438	-0.002690
373.409426	-0.036150	-0.031045	-0.002553
373.778603	-0.040279	-0.029069	-0.005605
374.147738	-0.033836	-0.027895	-0.002970
374.516830	-0.034906	-0.032071	-0.001417
374.885879	-0.037872	-0.031697	-0.003088
375.254885	-0.038542	-0.029950	-0.004296
375.623849	-0.034624	-0.026366	-0.004129
375.992770	-0.031336	-0.027451	-0.001942
376.361649	-0.032325	-0.027094	-0.002616
376.730485	-0.033171	-0.025462	-0.003855
377.099278	-0.032836	-0.026745	-0.003045
377.468028	-0.034049	-0.030205	-0.001922
377.836736	-0.031046	-0.028071	-0.001487
378.205401	-0.030176	-0.021302	-0.004437
378.574023	-0.034697	-0.026275	-0.004211
378.942603	-0.032286	-0.025263	-0.003511
379.311139	-0.033487	-0.024777	-0.004355
379.679633	-0.034134	-0.022837	-0.005648
380.048085	-0.033566	-0.025980	-0.003793
380.416493	-0.030155	-0.025566	-0.002295
380.784859	-0.028473	-0.028108	-0.000182
381.153181	-0.030254	-0.027246	-0.001504
381.521461	-0.030941	-0.023932	-0.003504
381.889699	-0.029924	-0.026489	-0.001717
382.257893	-0.028985	-0.022169	-0.003408
382.626044	-0.030756	-0.022028	-0.004364
382.994153	-0.030620	-0.023223	-0.003699
383.362219	-0.031261	-0.026161	-0.002550
383.730242	-0.023742	-0.024036	0.000147
384.098222	-0.030869	-0.021590	-0.004639
384.466159	-0.029268	-0.022711	-0.003279
384.834053	-0.024201	-0.025102	0.000451
385.201904	-0.027445	-0.026112	-0.000666
385.569713	-0.027660	-0.022810	-0.002425
385.937478	-0.027197	-0.022965	-0.002116
386.305201	-0.026340	-0.021884	-0.002228
386.672880	-0.024684	-0.021771	-0.001457
387.040517	-0.024871	-0.019893	-0.002489
387.408110	-0.025054	-0.020264	-0.002395
387.775661	-0.025416	-0.016764	-0.004326
388.143168	-0.026782	-0.019584	-0.003599
388.510633	-0.025475	-0.018532	-0.003471
388.878055	-0.024805	-0.022756	-0.001025
389.245433	-0.025928	-0.018879	-0.003525
389.612769	-0.024168	-0.018315	-0.002926
389.980061	-0.025255	-0.020595	-0.002330
390.347310	-0.023519	-0.019271	-0.002124
390.714517	-0.025830	-0.017129	-0.004351
391.081680	-0.022615	-0.018464	-0.002075
391.448800	-0.023644	-0.017254	-0.003195
391.815877	-0.024192	-0.019485	-0.002354
392.182911	-0.023339	-0.022190	-0.000574
392.549902	-0.021039	-0.020484	-0.000277
392.916850	-0.022010	-0.019164	-0.001423
393.283754	-0.024378	-0.016021	-0.004179
393.650616	-0.020442	-0.014541	-0.002951
394.017434	-0.023834	-0.018357	-0.002739
394.384209	-0.016823	-0.017771	0.000474
394.750941	-0.022830	-0.014377	-0.004226
395.117630	-0.019577	-0.015861	-0.001858
395.484275	-0.020574	-0.021815	0.000621
395.850878	-0.020637	-0.010835	-0.004901
396.217437	-0.025159	-0.015369	-0.004895
396.583953	-0.022190	-0.016169	-0.003010
396.950425	-0.019867	-0.013516	-0.003175
397.316855	-0.019850	-0.015844	-0.002003
397.683241	-0.020609	-0.011822	-0.004394
398.049584	-0.019665	-0.014810	-0.002427
398.415884	-0.018602	-0.014847	-0.001877
398.782140	-0.019328	-0.012123	-0.003602
399.148353	-0.018603	-0.013799	-0.002402
399.514523	-0.018915	-0.016489	-0.001213
399.880649	-0.018979	-0.014824	-0.002077
400.246732	-0.019543	-0.013060	-0.003242
400.612772	-0.018390	-0.014828	-0.001781
400.978768	-0.020813	-0.012329	-0.004242
401.344721	-0.020901	-0.012015	-0.004443
401.710631	-0.017529	-0.010446	-0.003542
402.076497	-0.017401	-0.012873	-0.002264
402.442320	-0.021077	-0.014218	-0.003429
402.808100	-0.015809	-0.010702	-0.002553
403.173836	-0.017726	-0.011562	-0.003082
403.539528	-0.015553	-0.010674	-0.002440
403.905178	-0.014548	-0.010856	-0.001846
404.270783	-0.016522	-0.014415	-0.001054
404.636346	-0.017227	-0.010054	-0.003587
405.001865	-0.018434	-0.012292	-0.003071
405.367340	-0.016317	-0.009412	-0.003452
405.732772	-0.015245	-0.013092	-0.001077
406.098161	-0.013559	-0.011040	-0.001259
406.463506	-0.017460	-0.011162	-0.003149
406.828807	-0.014370	-0.014983	0.000307
407.194065	-0.014360	-0.011229	-0.001566
407.559279	-0.014501	-0.011864	-0.001318
407.924450	-0.014185	-0.010164	-0.002010
408.289578	-0.016062	-0.007790	-0.004136
408.654661	-0.014241	-0.005478	-0.004381
409.019702	-0.013318	-0.010699	-0.001310
409.384698	-0.012790	-0.012666	-0.000062
409.749651	-0.013939	-0.010443	-0.001748
410.114561	-0.011802	-0.008528	-0.001637
410.479427	-0.015123	-0.009376	-0.002874
410.844249	-0.013609	-0.011019	-0.001295
411.209027	-0.014535	-0.009792	-0.002371
411.573762	-0.010989	-0.005229	-0.002880
411.938454	-0.014377	-0.009939	-0.002219
412.303101	-0.008388	-0.007787	-0.000300
412.667705	-0.013499	-0.006279	-0.003610
413.032266	-0.016304	-0.011242	-0.002531
413.396782	-0.010249	-0.006724	-0.001762
413.761255	-0.011106	-0.008439	-0.001334
414.125684	-0.011385	-0.007337	-0.002024
414.490070	-0.011411	-0.010124	-0.000644
414.854412	-0.013330	-0.006011	-0.003659
415.218710	-0.011211	-0.004501	-0.003355
415.582964	-0.010808	-0.009940	-0.000434
415.947175	-0.013016	-0.004248	-0.004384
416.311341	-0.010830	-0.002479	-0.004175
416.675464	-0.014224	-0.003222	-0.005501
417.039543	-0.011257	-0.003070	-0.004093
417.403579	-0.010441	-0.003161	-0.003640
417.767570	-0.012462	-0.005961	-0.003250
418.131518	-0.008852	-0.005839	-0.001506
418.495422	-0.010124	-0.004380	-0.002872
418.859282	-0.009675	-0.008095	-0.000790
419.223098	-0.010241	-0.002273	-0.003984
419.586871	-0.012302	-0.002297	-0.005003
419.950599	-0.008554	-0.004904	-0.001825
420.314284	-0.006368	-0.003261	-0.001553
420.677925	-0.010235	-0.005860	-0.002187
421.041522	-0.007507	-0.006220	-0.000643
421.405075	-0.009929	-0.003944	-0.002993
421.768584	-0.010534	-0.007052	-0.001741
422.132049	-0.008039	-0.003649	-0.002195
422.495470	-0.009405	-0.001486	-0.003959
422.858847	-0.009743	-0.001566	-0.004088
423.222180	-0.007740	-0.000084	-0.003828
423.585470	-0.010151	-0.000886	-0.004633
423.948715	-0.007345	0.000221	-0.003783
424.311916	-0.011535	-0.001912	-0.004811
424.675074	-0.008553	-0.005101	-0.001726
425.038187	-0.006083	-0.001911	-0.002086
425.401256	-0.008086	-0.000412	-0.003837
425.764281	-0.009458	-0.002235	-0.003611
426.127263	-0.008320	-0.002916	-0.002702
426.490200	-0.008326	-0.004297	-0.002015
426.853093	-0.008650	-0.001096	-0.003777
427.215942	-0.009175	-0.002442	-0.003366
427.578747	-0.009616	-0.003076	-0.003270
427.941508	-0.010592	-0.000732	-0.004930
428.304225	-0.009746	-0.003122	-0.003312
428.666897	-0.008766	-0.000720	-0.004023
429.029526	-0.009596	0.001269	-0.005432
429.392110	-0.008353	-0.004234	-0.002060
429.754651	-0.008563	-0.001071	-0.003746
430.117147	-0.006370	0.000734	-0.003552
430.479599	-0.007713	-0.001294	-0.003210
430.842007	-0.008466	0.000307	-0.004386
431.204370	-0.010800	-0.001381	-0.004710
431.566690	-0.008477	-0.000882	-0.003798
431.928965	-0.006765	-0.000967	-0.002899
432.291196	-0.007725	-0.001511	-0.003107
432.653383	-0.008160	-0.000356	-0.003902
433.015525	-0.008440	-0.001304	-0.003568
433.377624	-0.008976	0.000353	-0.004665
433.739678	-0.008857	0.000676	-0.004767
434.101688	-0.008251	-0.000463	-0.003894
434.463653	-0.008588	-0.000126	-0.004231
434.825575	-0.007359	-0.001163	-0.003098
435.187452	-0.009159	0.000160	-0.004660
435.549284	-0.007699	-0.001591	-0.003054
435.911073	-0.008201	0.000532	-0.004366
436.272817	-0.008347	-0.001040	-0.003653
436.634516	-0.007812	0.000792	-0.004302
436.996172	-0.006471	-0.002165	-0.002153
437.357783	-0.007135	0.000644	-0.003889
437.719350	-0.008802	-0.000100	-0.004351
438.080872	-0.007854	-0.000261	-0.003796
438.442350	-0.007414	-0.000048	-0.003683
438.803783	-0.006755	0.000274	-0.003514
439.165173	-0.007336	0.001944	-0.004640
439.526517	-0.007785	-0.000153	-0.003816
439.887818	-0.006094	0.000597	-0.003346
440.249074	-0.007425	0.001332	-0.004379
440.610285	-0.007399	0.000212	-0.003805
440.971452	-0.008264	0.000614	-0.004439
441.332575	-0.008324	0.000912	-0.004618
441.693653	-0.006592	0.000126	-0.003359
442.054686	-0.007664	0.000848	-0.004256
442.415676	-0.006736	0.000989	-0.003862
442.776620	-0.008749	-0.000451	-0.004149
443.137520	-0.007642	0.000541	-0.004092
443.498376	-0.007233	-0.000555	-0.003339
443.859187	-0.007420	-0.000084	-0.003668
444.219953	-0.007215	-0.000648	-0.003283
444.580675	-0.009074	0.000182	-0.004628
444.941353	-0.007575	-0.000310	-0.003633
445.301986	-0.008269	0.000190	-0.004230
445.662574	-0.008111	-0.000236	-0.003938
446.023118	-0.008912	-0.000358	-0.004277
446.383617	-0.008796	-0.000454	-0.004171
446.744071	-0.009335	-0.000863	-0.004236
447.104481	-0.009128	-0.001591	-0.003769
447.464846	-0.010096	-0.001366	-0.004365
447.825167	-0.009423	-0.000896	-0.004263
448.185443	-0.010023	-0.002465	-0.003779
448.545674	-0.010351	-0.001819	-0.004266
448.905861	-0.010833	-0.002209	-0.004312
449.266002	-0.010480	-0.002136	-0.004172
449.626100	-0.010617	-0.001193	-0.004712
449.986152	-0.010291	-0.001692	-0.004300
450.346160	-0.010350	-0.001663	-0.004343
450.706123	-0.010561	-0.002211	-0.004175
451.066041	-0.010083	-0.001554	-0.004265
451.425915	-0.010070	-0.001815	-0.004128
451.785744	-0.009806	-0.001009	-0.004398
452.145528	-0.010063	-0.001460	-0.004301
452.505267	-0.010412	-0.000940	-0.004736
452.864962	-0.009741	-0.001682	-0.004030
453.224612	-0.009504	-0.000963	-0.004270
453.584217	-0.009135	-0.001266	-0.003934
453.943777	-0.009891	-0.001232	-0.004330
454.303292	-0.009558	-0.001291	-0.004133
454.662763	-0.009214	-0.001455	-0.003880
455.022188	-0.009773	-0.000878	-0.004447
455.381569	-0.009751	-0.001830	-0.003961
455.740905	-0.009360	-0.000997	-0.004182
456.100196	-0.009662	-0.000253	-0.004704
456.459443	-0.009433	-0.001022	-0.004206
456.818644	-0.009637	-0.000331	-0.004653
457.177800	-0.009478	-0.000948	-0.004265
457.536912	-0.009491	-0.001883	-0.003804
457.895978	-0.009381	-0.000898	-0.004242
458.255000	-0.009093	-0.001727	-0.003683
458.613977	-0.009352	-0.001324	-0.004014
458.972909	-0.009632	-0.001603	-0.004014
459.331795	-0.009435	-0.001503	-0.003966
459.690637	-0.009592	-0.000765	-0.004414
460.049434	-0.009904	-0.000739	-0.004582
460.408186	-0.009398	-0.000500	-0.004449
460.766893	-0.008876	-0.000596	-0.004140
461.125555	-0.009543	-0.000655	-0.004444
461.484172	-0.009477	-0.000820	-0.004328
461.842743	-0.009612	-0.000788	-0.004412
462.201270	-0.009067	-0.001322	-0.003873
462.559752	-0.009165	-0.000868	-0.004148
462.918188	-0.009336	-0.000816	-0.004260
463.276580	-0.009240	-0.000986	-0.004127
463.634927	-0.009025	-0.001462	-0.003782
463.993228	-0.009290	-0.000778	-0.004256
464.351484	-0.009356	-0.001241	-0.004058
464.709696	-0.009098	-0.000232	-0.004433
465.067862	-0.008948	-0.001139	-0.003905
465.425983	-0.009022	-0.000446	-0.004288
465.784058	-0.008831	-0.000635	-0.004098
466.142089	-0.009067	-0.000657	-0.004205
466.500075	-0.009009	-0.000564	-0.004223
466.858015	-0.008426	-0.000959	-0.003733
467.215910	-0.008141	-0.000443	-0.003849
467.573760	-0.007932	-0.000100	-0.003916
467.931565	-0.008168	0.000182	-0.004175
468.289324	-0.008421	-0.000465	-0.003978
468.647039	-0.008439	-0.000176	-0.004131
469.004708	-0.008485	-0.000315	-0.004085
469.362332	-0.007871	-0.000410	-0.003730
469.719910	-0.008134	-0.000017	-0.004059
470.077443	-0.008013	-0.000082	-0.003965
470.434932	-0.007615	0.000115	-0.003865
470.792374	-0.007704	0.000797	-0.004250
471.149772	-0.007746	0.000221	-0.003983
471.507124	-0.007701	0.000410	-0.004055
471.864431	-0.007598	0.000506	-0.004052
472.221693	-0.007543	0.000841	-0.004192
472.578909	-0.007678	-0.000444	-0.003617
472.936080	-0.007554	0.000449	-0.004002
473.293205	-0.007650	-0.000214	-0.003718
473.650285	-0.007107	0.000602	-0.003855
474.007320	-0.007169	0.001050	-0.004109
474.364310	-0.006931	0.000712	-0.003822
474.721254	-0.006930	-0.000066	-0.003432
475.078152	-0.007355	0.000557	-0.003956
475.435006	-0.007044	0.000901	-0.003972
475.791813	-0.007337	0.000448	-0.003893
476.148576	-0.006319	0.000888	-0.003603
476.505293	-0.006638	0.000592	-0.003615
476.861964	-0.006733	0.000925	-0.003829
477.218590	-0.006210	0.000863	-0.003536
477.575171	-0.006593	0.000718	-0.003655
477.931706	-0.006309	0.000693	-0.003501
478.288195	-0.006399	0.000869	-0.003634
478.644639	-0.006555	0.000955	-0.003755
479.001038	-0.006213	0.000825	-0.003519
479.357391	-0.006601	0.001039	-0.003820
479.713699	-0.006072	0.000761	-0.003417
480.069960	-0.005615	0.001296	-0.003456
480.426177	-0.006171	0.000828	-0.003500
480.782348	-0.006016	0.001558	-0.003787
481.138473	-0.005542	0.001214	-0.003378
481.494553	-0.005847	0.000809	-0.003328
481.850587	-0.005608	0.001501	-0.003554
482.206575	-0.005471	0.001556	-0.003513
482.562518	-0.005657	0.001772	-0.003715
482.918416	-0.005413	0.002002	-0.003707
483.274267	-0.005088	0.001708	-0.003398
483.630073	-0.004657	0.001284	-0.002970
483.985834	-0.004817	0.001785	-0.003301
484.341548	-0.005078	0.001827	-0.003453
484.697217	-0.005010	0.001582	-0.003296
485.052841	-0.005050	0.002358	-0.003704
485.408418	-0.004832	0.002177	-0.003505
485.763950	-0.004395	0.002038	-0.003217
486.119436	-0.004455	0.002082	-0.003269
486.474877	-0.004680	0.002089	-0.003385
486.830272	-0.004317	0.002132	-0.003225
487.185621	-0.003980	0.001926	-0.002953
487.540924	-0.004563	0.002103	-0.003333
487.896182	-0.003678	0.002499	-0.003089
488.251393	-0.003502	0.002480	-0.002991
488.606559	-0.003931	0.002503	-0.003217
488.961679	-0.003411	0.002725	-0.003068
489.316754	-0.003453	0.003022	-0.003237
489.671782	-0.003250	0.002576	-0.002913
490.026765	-0.003447	0.002886	-0.003167
490.381702	-0.003379	0.003093	-0.003236
490.736593	-0.002987	0.002883	-0.002935
491.091438	-0.003194	0.002954	-0.003074
491.446238	-0.002546	0.002895	-0.002721
491.800991	-0.002936	0.003113	-0.003024
492.155699	-0.002898	0.003161	-0.003029
492.510360	-0.002417	0.003334	-0.002876
492.864976	-0.002631	0.003504	-0.003067
493.219546	-0.002798	0.003758	-0.003278
493.574070	-0.002152	0.003158	-0.002655
493.928548	-0.002163	0.003185	-0.002674
494.282980	-0.002533	0.003015	-0.002774
494.637366	-0.002188	0.002733	-0.002460
494.991707	-0.002213	0.003733	-0.002973
495.346001	-0.001574	0.003789	-0.002681
495.700249	-0.001601	0.004146	-0.002874
496.054451	-0.001448	0.003868	-0.002658
496.408607	-0.001426	0.003756	-0.002591
496.762718	-0.001277	0.003936	-0.002607
497.116782	-0.000738	0.003940	-0.002339
497.470800	-0.000799	0.004033	-0.002416
497.824772	-0.000768	0.004166	-0.002467
498.178698	-0.000486	0.004420	-0.002453
498.532578	-0.000532	0.004666	-0.002599
498.886412	-0.000920	0.004352	-0.002636
499.240200	-0.000474	0.004409	-0.002442
499.593942	-0.000487	0.004114	-0.002300
499.947637	-0.000848	0.004361	-0.002604
500.301287	-0.000740	0.004813	-0.002776
500.654890	-0.000101	0.004924	-0.002513
501.008448	0.000253	0.005665	-0.002706
501.361959	0.000398	0.005109	-0.002356
501.715424	0.000040	0.005504	-0.002732
502.068843	0.000560	0.005572	-0.002506
502.422215	0.000318	0.005438	-0.002560
502.775542	0.000514	0.005237	-0.002361
503.128822	0.000952	0.005388	-0.002218
503.482056	0.001152	0.005460	-0.002154
503.835244	0.001298	0.005876	-0.002289
504.188386	0.001194	0.005963	-0.002384
504.541481	0.000781	0.006203	-0.002711
504.894530	0.001164	0.006223	-0.002530
505.247533	0.001473	0.005463	-0.001995
505.600490	0.001543	0.006075	-0.002266
505.953400	0.001763	0.006103	-0.002170
506.306264	0.001814	0.006296	-0.002241
506.659082	0.002346	0.005853	-0.001753
507.011854	0.002083	0.006368	-0.002142
507.364579	0.001697	0.006513	-0.002408
507.717258	0.002255	0.006897	-0.002321
508.069890	0.002765	0.006926	-0.002081
508.422477	0.002252	0.006857	-0.002303
508.775016	0.002517	0.006818	-0.002150
509.127510	0.002898	0.006793	-0.001947
509.479957	0.002500	0.007257	-0.002378
509.832358	0.003100	0.007015	-0.001958
510.184712	0.003441	0.007074	-0.001816
510.537020	0.003637	0.007533	-0.001948
510.889281	0.003532	0.007505	-0.001987
511.241497	0.002939	0.007593	-0.002327
511.593665	0.003727	0.006978	-0.001625
511.945787	0.003545	0.007668	-0.002062
512.297863	0.003840	0.008185	-0.002172
512.649892	0.004242	0.007177	-0.001467
513.001875	0.004265	0.007971	-0.001853
513.353812	0.004354	0.007681	-0.001664
513.705701	0.004439	0.007776	-0.001668
514.057545	0.004753	0.008510	-0.001879
514.409342	0.004953	0.008521	-0.001784
514.761092	0.005007	0.008462	-0.001727
515.112796	0.004174	0.008221	-0.002024
515.464453	0.005035	0.008519	-0.001742
515.816064	0.004787	0.008557	-0.001885
516.167628	0.005288	0.008782	-0.001747
516.519145	0.005141	0.008528	-0.001693
516.870616	0.005462	0.008979	-0.001758
517.222041	0.005530	0.008881	-0.001676
517.573418	0.005192	0.009293	-0.002050
517.924750	0.005234	0.009110	-0.001938
518.276034	0.005763	0.009456	-0.001847
518.627272	0.006056	0.009040	-0.001492
518.978463	0.006226	0.009335	-0.001554
519.329608	0.005871	0.009704	-0.001917
519.680706	0.006634	0.009593	-0.001480
520.031757	0.005867	0.009968	-0.002050
520.382762	0.006353	0.009586	-0.001616
520.733719	0.005506	0.009985	-0.002239
521.084631	0.006426	0.009518	-0.001546
521.435495	0.006512	0.009906	-0.001697
521.786313	0.006314	0.009554	-0.001620
522.137084	0.006630	0.010366	-0.001868
522.487808	0.006654	0.010059	-0.001703
522.838486	0.007149	0.010238	-0.001544
523.189116	0.007302	0.009812	-0.001255
523.539700	0.007019	0.010443	-0.001712
523.890237	0.007663	0.010492	-0.001415
524.240728	0.007064	0.010795	-0.001865
524.591171	0.007590	0.010629	-0.001519
524.941568	0.007710	0.010592	-0.001441
525.291918	0.007395	0.010475	-0.001540
525.642221	0.007554	0.011345	-0.001895
525.992478	0.008433	0.011454	-0.001511
526.342687	0.007682	0.010732	-0.001525
526.692850	0.007896	0.011544	-0.001824
527.042965	0.008323	0.011417	-0.001547
527.393034	0.007738	0.011265	-0.001763
527.743056	0.008352	0.011713	-0.001680
528.093031	0.008401	0.011648	-0.001623
528.442959	0.008624	0.011683	-0.001529
528.792840	0.008553	0.012340	-0.001894
529.142674	0.008563	0.012175	-0.001806
529.492462	0.008857	0.012428	-0.001785
529.842202	0.009333	0.011923	-0.001295
530.191895	0.009076	0.012157	-0.001541
530.541542	0.009304	0.012175	-0.001436
530.891141	0.008670	0.012752	-0.002041
531.240694	0.009546	0.013087	-0.001771
531.590199	0.008877	0.012695	-0.001909
531.939657	0.010136	0.013111	-0.001488
532.289069	0.009645	0.013363	-0.001859
532.638433	0.009860	0.013206	-0.001673
532.987750	0.009606	0.013364	-0.001879
533.337021	0.009420	0.013259	-0.001920
533.686244	0.009700	0.013117	-0.001708
534.035420	0.010087	0.012944	-0.001429
534.384549	0.009795	0.013354	-0.001780
534.733631	0.010143	0.013667	-0.001762
535.082666	0.009745	0.013610	-0.001933
535.431653	0.010438	0.013340	-0.001451
535.780594	0.010559	0.013491	-0.001466
536.129487	0.010348	0.014089	-0.001870
536.478334	0.010814	0.013655	-0.001420
536.827133	0.010611	0.013914	-0.001652
537.175885	0.011138	0.014232	-0.001547
537.524590	0.010507	0.014332	-0.001913
537.873247	0.010458	0.014059	-0.001801
538.221858	0.010817	0.014580	-0.001881
538.570421	0.010993	0.014362	-0.001684
538.918937	0.011243	0.014824	-0.001791
539.267406	0.011563	0.014911	-0.001674
539.615827	0.011767	0.014688	-0.001460
539.964202	0.011386	0.014918	-0.001766
540.312529	0.012049	0.014892	-0.001421
540.660808	0.011459	0.015391	-0.001966
541.009041	0.011417	0.015580	-0.002081
541.357226	0.011525	0.015017	-0.001746
541.705364	0.011891	0.015929	-0.002019
542.053455	0.012066	0.015681	-0.001808
542.401498	0.012214	0.016228	-0.002007
542.749494	0.011656	0.015716	-0.002030
543.097443	0.012572	0.016107	-0.001768
543.445344	0.012644	0.015500	-0.001428
543.793198	0.012151	0.016679	-0.002264
544.141005	0.013560	0.015817	-0.001128
544.488764	0.012500	0.016139	-0.001820
544.836476	0.012437	0.016041	-0.001802
545.184140	0.012785	0.016591	-0.001903
545.531757	0.013378	0.016878	-0.001750
545.879327	0.013150	0.016982	-0.001916
546.226849	0.013011	0.016992	-0.001991
546.574324	0.013339	0.017000	-0.001831
546.921751	0.013919	0.017482	-0.001782
547.269131	0.013415	0.017770	-0.002178
547.616463	0.013591	0.017410	-0.001910
547.963748	0.013464	0.017740	-0.002138
548.310985	0.013009	0.017461	-0.002226
548.658175	0.013946	0.017589	-0.001822
549.005318	0.013295	0.017534	-0.002119
549.352413	0.013654	0.017854	-0.002100
549.699460	0.014298	0.018648	-0.002175
550.046460	0.013906	0.018218	-0.002156
550.393412	0.014405	0.018624	-0.002110
550.740317	0.013901	0.018468	-0.002283
551.087174	0.013649	0.018269	-0.002310
551.433984	0.013505	0.018651	-0.002573
551.780746	0.013319	0.018979	-0.002830
552.127460	0.013807	0.018585	-0.002389
552.474127	0.013694	0.018808	-0.002557
552.820746	0.014163	0.018977	-0.002407
553.167318	0.014417	0.018837	-0.002210
553.513842	0.014245	0.019455	-0.002605
553.860318	0.014359	0.019485	-0.002563
554.206747	0.015009	0.019585	-0.002288
554.553128	0.015171	0.019853	-0.002341
554.899461	0.015657	0.019051	-0.001697
555.245747	0.014926	0.019766	-0.002420
555.591985	0.015270	0.019997	-0.002364
555.938175	0.015032	0.020257	-0.002613
556.284317	0.015001	0.020676	-0.002838
556.630412	0.014683	0.020505	-0.002911
556.976459	0.015217	0.020416	-0.002600
557.322459	0.014966	0.020845	-0.002939
557.668410	0.015202	0.020756	-0.002777
558.014314	0.015362	0.020175	-0.002406
558.360170	0.015739	0.020801	-0.002531
558.705978	0.015695	0.020630	-0.002467
559.051739	0.014797	0.021726	-0.003464
559.397451	0.016092	0.021417	-0.002662
559.743116	0.015392	0.021426	-0.003017
560.088733	0.015916	0.021305	-0.002695
560.434302	0.015530	0.021526	-0.002998
560.779823	0.015862	0.021540	-0.002839
561.125297	0.015843	0.021401	-0.002779
561.470722	0.015747	0.021294	-0.002774
561.816100	0.015926	0.021574	-0.002824
562.161430	0.015879	0.021409	-0.002765
562.506712	0.017147	0.022655	-0.002754
562.851946	0.016809	0.022218	-0.002704
563.197132	0.015952	0.022369	-0.003209
563.542270	0.016515	0.022521	-0.003003
563.887360	0.016293	0.022674	-0.003191
564.232403	0.016181	0.022928	-0.003374
564.577397	0.016009	0.022643	-0.003317
564.922343	0.016988	0.022645	-0.002829
565.267242	0.017249	0.023056	-0.002904
565.612092	0.017037	0.023233	-0.003098
565.956895	0.016454	0.023667	-0.003606
566.301649	0.016661	0.023289	-0.003314
566.646355	0.016922	0.022878	-0.002978
566.991014	0.016821	0.024283	-0.003731
567.335624	0.017274	0.023877	-0.003301
567.680186	0.017082	0.023693	-0.003306
568.024700	0.017504	0.023812	-0.003154
568.369167	0.017524	0.024271	-0.003373
568.713585	0.017082	0.023977	-0.003447
569.057955	0.017642	0.024330	-0.003344
569.402277	0.017524	0.023737	-0.003107
569.746550	0.017614	0.023984	-0.003185
570.090776	0.017214	0.024690	-0.003738
570.434954	0.017620	0.025154	-0.003767
570.779083	0.017256	0.024396	-0.003570
571.123164	0.017904	0.024562	-0.003329
571.467197	0.017439	0.024628	-0.003594
571.811182	0.017066	0.024866	-0.003900
572.155119	0.018087	0.025230	-0.003572
572.499008	0.018185	0.025897	-0.003856
572.842848	0.018046	0.025427	-0.003691
573.186640	0.017734	0.025267	-0.003767
573.530384	0.017893	0.025898	-0.004002
573.874080	0.018274	0.025660	-0.003693
574.217727	0.018276	0.026062	-0.003893
574.561327	0.017658	0.026198	-0.004270
574.904878	0.017841	0.026265	-0.004212
575.248380	0.017878	0.026707	-0.004415
575.591835	0.018441	0.026646	-0.004102
575.935241	0.018740	0.026392	-0.003826
576.278599	0.018434	0.026300	-0.003933
576.621908	0.018603	0.027051	-0.004224
576.965170	0.019079	0.026704	-0.003812
577.308383	0.018346	0.027661	-0.004657
577.651547	0.018477	0.027388	-0.004456
577.994663	0.019122	0.026760	-0.003819
578.337731	0.018885	0.027556	-0.004336
578.680751	0.017920	0.027167	-0.004623
579.023722	0.018889	0.027432	-0.004272
579.366645	0.019450	0.027424	-0.003987
579.709519	0.019342	0.027632	-0.004145
580.052345	0.019012	0.027353	-0.004171
580.395123	0.020053	0.027508	-0.003728
580.737852	0.019207	0.027410	-0.004102
581.080532	0.019091	0.028624	-0.004766
581.423165	0.019474	0.027826	-0.004176
581.765748	0.019696	0.028525	-0.004414
582.108284	0.018792	0.028469	-0.004838
582.450770	0.019219	0.028002	-0.004391
582.793209	0.019445	0.028309	-0.004432
583.135599	0.020000	0.028542	-0.004271
583.477940	0.019078	0.028402	-0.004662
583.820233	0.019463	0.028468	-0.004503
584.162477	0.019454	0.028512	-0.004529
584.504673	0.019450	0.028411	-0.004481
584.846820	0.019189	0.028573	-0.004692
585.188919	0.019612	0.029081	-0.004735
585.530969	0.019002	0.028781	-0.004889
585.872970	0.019625	0.028499	-0.004437
586.214923	0.019817	0.028903	-0.004543
586.556827	0.020021	0.029201	-0.004590
586.898683	0.020130	0.028881	-0.004375
587.240490	0.020204	0.030114	-0.004955
587.582249	0.020341	0.029011	-0.004335
587.923958	0.020478	0.029748	-0.004635
588.265620	0.019833	0.029861	-0.005014
588.607232	0.020005	0.029579	-0.004787
588.948796	0.019828	0.029730	-0.004951
589.290311	0.020139	0.029573	-0.004717
589.631778	0.019627	0.030055	-0.005214
589.973196	0.020107	0.029297	-0.004595
590.314565	0.019577	0.030221	-0.005322
590.655885	0.020451	0.030201	-0.004875
590.997157	0.020109	0.030320	-0.005105
591.338379	0.020781	0.030250	-0.004734
591.679554	0.020276	0.030170	-0.004947
592.020679	0.020981	0.030973	-0.004996
592.361756	0.020579	0.030184	-0.004803
592.702784	0.020570	0.030567	-0.004998
593.043763	0.020871	0.031133	-0.005131
593.384693	0.020627	0.030811	-0.005092
593.725574	0.021047	0.031256	-0.005104
594.066407	0.020827	0.030908	-0.005041
594.407191	0.021047	0.030790	-0.004872
594.747926	0.020756	0.031166	-0.005205
595.088612	0.021128	0.030238	-0.004555
595.429249	0.020967	0.031584	-0.005309
595.769838	0.021343	0.031094	-0.004875
596.110377	0.020746	0.031599	-0.005426
596.450868	0.020954	0.031463	-0.005254
596.791309	0.021118	0.031126	-0.005004
597.131702	0.021791	0.031445	-0.004827
597.472046	0.021609	0.031842	-0.005116
597.812341	0.021536	0.031883	-0.005174
598.152587	0.021317	0.031610	-0.005146
598.492784	0.020262	0.031327	-0.005533
598.832933	0.021371	0.031652	-0.005141
599.173032	0.021725	0.031793	-0.005034
599.513082	0.021987	0.032097	-0.005055
599.853083	0.022131	0.033134	-0.005502
600.193035	0.022440	0.031870	-0.004715
600.532939	0.021767	0.032030	-0.005131
600.872793	0.021325	0.032543	-0.005609
601.212598	0.022049	0.031911	-0.004931
601.552354	0.022048	0.032253	-0.005103
601.892061	0.021425	0.032498	-0.005537
602.231719	0.021571	0.032240	-0.005334
602.571328	0.021214	0.032865	-0.005826
602.910888	0.021769	0.032834	-0.005532
603.250399	0.021546	0.032934	-0.005694
603.589860	0.021660	0.032797	-0.005568
603.929273	0.021301	0.032843	-0.005771
604.268636	0.021126	0.032429	-0.005651
604.607951	0.022171	0.032594	-0.005211
604.947216	0.022064	0.032284	-0.005110
605.286432	0.021902	0.033417	-0.005758
605.625599	0.021911	0.033037	-0.005563
605.964717	0.021717	0.033214	-0.005748
606.303785	0.022765	0.033562	-0.005399
606.642805	0.022253	0.033918	-0.005832
606.981775	0.022397	0.033583	-0.005593
607.320696	0.022195	0.032999	-0.005402
607.659567	0.022468	0.033216	-0.005374
607.998390	0.022253	0.033785	-0.005766
608.337163	0.022201	0.033900	-0.005849
608.675887	0.022016	0.033742	-0.005863
609.014562	0.021955	0.034392	-0.006219
609.353187	0.022910	0.033768	-0.005429
609.691764	0.022382	0.034478	-0.006048
610.030290	0.022579	0.033603	-0.005512
610.368768	0.022469	0.034532	-0.006031
610.707196	0.023113	0.034550	-0.005719
611.045575	0.023051	0.035017	-0.005983
611.383905	0.023300	0.035422	-0.006061
611.722185	0.022786	0.035099	-0.006156
612.060416	0.023057	0.035788	-0.006366
612.398598	0.023122	0.035049	-0.005964
612.736730	0.023024	0.035341	-0.006159
613.074813	0.023388	0.035483	-0.006047
613.412847	0.022551	0.035109	-0.006279
613.750831	0.022340	0.035508	-0.006584
614.088765	0.022703	0.035302	-0.006299
614.426651	0.023624	0.035032	-0.005704
614.764486	0.023250	0.035350	-0.006050
615.102273	0.023112	0.035457	-0.006173
615.440010	0.023153	0.035571	-0.006209
615.777697	0.023364	0.036154	-0.006395
616.115335	0.023566	0.036054	-0.006244
616.452924	0.023617	0.036334	-0.006359
616.790463	0.024122	0.036276	-0.006077
617.127952	0.023710	0.035994	-0.006142
617.465392	0.023064	0.036089	-0.006513
617.802783	0.022832	0.036387	-0.006778
618.140124	0.022679	0.036911	-0.007116
618.477415	0.023289	0.036537	-0.006624
618.814657	0.023670	0.037133	-0.006732
619.151850	0.023717	0.037267	-0.006775
619.488992	0.024185	0.037494	-0.006654
619.826086	0.023675	0.037155	-0.006740
620.163129	0.022860	0.036502	-0.006821
620.500123	0.022915	0.037329	-0.007207
620.837068	0.023483	0.037366	-0.006941
621.173962	0.024148	0.037071	-0.006462
621.510808	0.023209	0.037666	-0.007228
621.847603	0.023380	0.037629	-0.007124
622.184349	0.023409	0.037792	-0.007192
622.521045	0.023469	0.038162	-0.007347
622.857692	0.023666	0.037153	-0.006743
623.194289	0.023509	0.037728	-0.007110
623.530836	0.023172	0.038219	-0.007523
623.867333	0.023663	0.038227	-0.007282
624.203781	0.023696	0.038054	-0.007179
624.540179	0.023908	0.038121	-0.007106
624.876527	0.023519	0.038713	-0.007597
625.212826	0.023667	0.039524	-0.007928
625.549075	0.024158	0.038820	-0.007331
625.885274	0.023418	0.038786	-0.007684
626.221423	0.023917	0.039308	-0.007695
626.557523	0.024356	0.038564	-0.007104
626.893572	0.024067	0.039723	-0.007828
627.229572	0.024486	0.039170	-0.007342
627.565522	0.024455	0.039350	-0.007448
627.901423	0.023774	0.039463	-0.007844
628.237273	0.023635	0.039071	-0.007718
628.573074	0.024560	0.039568	-0.007504
628.908825	0.024372	0.039516	-0.007572
629.244526	0.024332	0.039844	-0.007756
629.580177	0.023930	0.040156	-0.008113
629.915778	0.023921	0.040273	-0.008176
630.251329	0.024024	0.040042	-0.008009
630.586830	0.024617	0.040404	-0.007894
630.922282	0.024175	0.041004	-0.008415
631.257683	0.024921	0.040670	-0.007874
631.593035	0.024109	0.040965	-0.008428
631.928337	0.024590	0.041257	-0.008334
632.263588	0.024551	0.040917	-0.008183
632.598790	0.023967	0.041140	-0.008587
632.933942	0.024397	0.041245	-0.008424
633.269044	0.024311	0.040914	-0.008302
633.604096	0.024821	0.042020	-0.008599
633.939098	0.024518	0.040816	-0.008149
634.274049	0.024344	0.041496	-0.008576
634.608951	0.024018	0.041322	-0.008652
634.943803	0.024873	0.040867	-0.007997
635.278605	0.024691	0.041624	-0.008467
635.613356	0.024638	0.042134	-0.008748
635.948058	0.024748	0.042278	-0.008765
636.282710	0.024525	0.042151	-0.008813
636.617311	0.024595	0.041948	-0.008676
636.951862	0.024385	0.041990	-0.008803
637.286364	0.024233	0.042869	-0.009318
637.620815	0.024360	0.042874	-0.009257
637.955216	0.024857	0.043101	-0.009122
638.289567	0.024421	0.042907	-0.009243
638.623868	0.024500	0.042743	-0.009121
638.958118	0.024658	0.042638	-0.008990
639.292319	0.024139	0.043095	-0.009478
639.626469	0.024404	0.042716	-0.009156
639.960569	0.024345	0.043863	-0.009759
640.294619	0.024698	0.043356	-0.009329
640.628619	0.024601	0.044026	-0.009712
640.962568	0.024521	0.043474	-0.009477
641.296468	0.024894	0.043798	-0.009452
641.630317	0.024826	0.044409	-0.009792
641.964116	0.025625	0.044033	-0.009204
642.297864	0.024640	0.044191	-0.009775
642.631563	0.025106	0.044183	-0.009538
642.965211	0.024531	0.044226	-0.009847
643.298808	0.024917	0.045245	-0.010164
643.632356	0.024403	0.044215	-0.009906
643.965853	0.025393	0.044697	-0.009652
644.299300	0.024251	0.044377	-0.010063
644.632697	0.025333	0.044992	-0.009830
644.966043	0.025288	0.045498	-0.010105
645.299339	0.025720	0.044634	-0.009457
645.632584	0.024736	0.045107	-0.010185
645.965779	0.025376	0.044939	-0.009782
646.298924	0.025246	0.044882	-0.009818
646.632019	0.025442	0.045420	-0.009989
646.965063	0.025078	0.045459	-0.010190
647.298056	0.024940	0.044828	-0.009944
647.630999	0.024891	0.044951	-0.010030
647.963892	0.024755	0.044754	-0.009999
648.296735	0.025364	0.046129	-0.010382
648.629527	0.024964	0.046428	-0.010732
648.962268	0.025291	0.046011	-0.010360
649.294959	0.025053	0.046460	-0.010704
649.627600	0.025344	0.046505	-0.010581
649.960190	0.025722	0.046872	-0.010575
650.292729	0.025252	0.046308	-0.010528
650.625218	0.024846	0.046209	-0.010681
650.957657	0.025477	0.047030	-0.010776
651.290045	0.025587	0.046764	-0.010589
651.622383	0.025663	0.046928	-0.010633
651.954669	0.025692	0.047347	-0.010828
652.286906	0.024897	0.047160	-0.011132
652.619092	0.026196	0.047254	-0.010529
652.951227	0.025086	0.047004	-0.010959
653.283312	0.026080	0.046585	-0.010252
653.615346	0.026027	0.046799	-0.010386
653.947329	0.025953	0.047087	-0.010567
654.279262	0.025818	0.047559	-0.010871
654.611145	0.025805	0.047946	-0.011071
654.942976	0.025225	0.048456	-0.011615
655.274757	0.025632	0.048260	-0.011314
655.606488	0.024951	0.047482	-0.011265
655.938167	0.025603	0.047560	-0.010978
656.269796	0.025791	0.048140	-0.011174
656.601375	0.026254	0.048806	-0.011276
656.932902	0.025920	0.047936	-0.011008
657.264379	0.025938	0.048617	-0.011339
657.595806	0.025194	0.048579	-0.011692
657.927181	0.026209	0.048920	-0.011355
658.258506	0.025831	0.048444	-0.011307
658.589780	0.025437	0.048648	-0.011605
658.921003	0.026029	0.048044	-0.011008
659.252176	0.025755	0.048747	-0.011496
659.583298	0.026620	0.048418	-0.010899
659.914369	0.026282	0.048585	-0.011151
660.245389	0.025499	0.048925	-0.011713
660.576358	0.025885	0.048705	-0.011410
660.907277	0.025757	0.048118	-0.011180
661.238145	0.025818	0.049136	-0.011659
661.568962	0.026715	0.049601	-0.011443
661.899728	0.025366	0.050264	-0.012449
662.230443	0.024937	0.049469	-0.012266
662.561107	0.025558	0.050009	-0.012225
662.891721	0.025971	0.049666	-0.011848
663.222283	0.026591	0.050070	-0.011740
663.552795	0.026286	0.049058	-0.011386
663.883256	0.024925	0.049786	-0.012430
664.213666	0.025420	0.049991	-0.012285
664.544025	0.025461	0.049014	-0.011777
664.874333	0.026129	0.049815	-0.011843
665.204590	0.025687	0.049856	-0.012084
665.534796	0.025374	0.050442	-0.012534
665.864952	0.025980	0.050061	-0.012041
666.195056	0.026241	0.050497	-0.012128
666.525109	0.025966	0.051004	-0.012519
666.855111	0.026855	0.050334	-0.011740
667.185063	0.026677	0.051656	-0.012490
667.514963	0.026469	0.051150	-0.012341
667.844812	0.026563	0.050989	-0.012213
668.174610	0.026757	0.051446	-0.012345
668.504357	0.027307	0.051318	-0.012006
668.834054	0.026759	0.051963	-0.012602
669.163699	0.026827	0.051946	-0.012560
669.493293	0.026629	0.051614	-0.012493
669.822836	0.027217	0.051508	-0.012145
670.152327	0.026574	0.052498	-0.012962
670.481768	0.026508	0.051845	-0.012669
670.811158	0.025596	0.051892	-0.013148
671.140496	0.026310	0.051710	-0.012700
671.469783	0.027479	0.052478	-0.012499
671.799020	0.027022	0.052625	-0.012801
672.128205	0.027038	0.051652	-0.012307
672.457339	0.026835	0.052631	-0.012898
672.786421	0.026113	0.052708	-0.013297
673.115453	0.026014	0.052947	-0.013466
673.444433	0.026120	0.053197	-0.013538
673.773362	0.026944	0.053421	-0.013238
674.102240	0.026875	0.052920	-0.013023
674.431067	0.026709	0.052707	-0.012999
674.759842	0.027240	0.053166	-0.012963
675.088567	0.027646	0.053261	-0.012808
675.417240	0.027337	0.053385	-0.013024
675.745861	0.026803	0.053668	-0.013432
676.074432	0.026703	0.053005	-0.013151
676.402951	0.027269	0.052880	-0.012805
676.731419	0.027807	0.054001	-0.013097
677.059835	0.026451	0.053780	-0.013665
677.388201	0.026569	0.053753	-0.013592
677.716515	0.026781	0.053346	-0.013283
678.044777	0.026596	0.054413	-0.013909
678.372988	0.027040	0.054058	-0.013509
678.701148	0.027540	0.054292	-0.013376
679.029257	0.026426	0.054487	-0.014031
679.357314	0.027568	0.054686	-0.013559
679.685320	0.026898	0.053902	-0.013502
680.013274	0.027541	0.054077	-0.013268
680.341177	0.027307	0.054292	-0.013493
680.669029	0.026686	0.054954	-0.014134
680.996829	0.027807	0.055268	-0.013731
681.324578	0.027569	0.054500	-0.013466
681.652275	0.028257	0.055737	-0.013740
681.979921	0.027251	0.055314	-0.014032
682.307515	0.027503	0.055546	-0.014022
682.635058	0.026416	0.054876	-0.014230
682.962550	0.027572	0.054491	-0.013459
683.289989	0.027325	0.055141	-0.013908
683.617378	0.026738	0.056128	-0.014695
683.944715	0.028056	0.056203	-0.014073
684.272000	0.026518	0.055798	-0.014640
684.599234	0.027772	0.056542	-0.014385
684.926416	0.028131	0.055591	-0.013730
685.253547	0.027177	0.056855	-0.014839
685.580626	0.027837	0.055928	-0.014045
685.907654	0.027990	0.055628	-0.013819
686.234630	0.027224	0.056006	-0.014391
686.561554	0.027479	0.056484	-0.014503
686.888427	0.028157	0.055431	-0.013637
687.215248	0.027273	0.056318	-0.014522
687.542018	0.026231	0.056108	-0.014938
687.868736	0.026989	0.056414	-0.014712
688.195402	0.026674	0.056695	-0.015011
688.522017	0.026155	0.056899	-0.015372
688.848580	0.026681	0.056926	-0.015123
689.175091	0.027544	0.056613	-0.014534
689.501551	0.027527	0.056998	-0.014735
689.827959	0.026451	0.056442	-0.014996
690.154315	0.027791	0.057057	-0.014633
690.480620	0.027271	0.056945	-0.014837
690.806873	0.027198	0.056989	-0.014896
691.133074	0.027418	0.057198	-0.014890
691.459223	0.027633	0.057194	-0.014781
691.785321	0.026467	0.057009	-0.015271
692.111367	0.027596	0.056618	-0.014511
692.437361	0.027590	0.057400	-0.014905
692.763303	0.027669	0.057135	-0.014733
693.089193	0.026955	0.056880	-0.014962
693.415032	0.027258	0.057287	-0.015014
693.740819	0.026252	0.056401	-0.015075
694.066554	0.027624	0.058177	-0.015277
694.392237	0.027633	0.057478	-0.014923
694.717869	0.026602	0.058051	-0.015725
695.043448	0.027381	0.057504	-0.015061
695.368976	0.026898	0.057199	-0.015151
695.694452	0.027469	0.056946	-0.014739
696.019876	0.027763	0.057191	-0.014714
696.345248	0.028299	0.058404	-0.015053
696.670568	0.027862	0.057579	-0.014858
696.995836	0.027180	0.057294	-0.015057
697.321052	0.027714	0.057881	-0.015084
697.646216	0.027828	0.058274	-0.015223
697.971329	0.027471	0.059082	-0.015806
698.296389	0.028198	0.058442	-0.015122
698.621398	0.027627	0.059134	-0.015753
698.946354	0.027776	0.058363	-0.015294
699.271259	0.028050	0.058682	-0.015316
699.596111	0.027835	0.059250	-0.015707
699.920912	0.029198	0.058318	-0.014560
700.245660	0.027575	0.058685	-0.015555
700.570357	0.028070	0.057733	-0.014831
700.895001	0.028346	0.058559	-0.015106
701.219594	0.029146	0.059417	-0.015135
701.544134	0.029135	0.059614	-0.015239
701.868622	0.029088	0.059342	-0.015127
702.193059	0.028801	0.058852	-0.015025
702.517443	0.027893	0.059662	-0.015884
702.841775	0.028907	0.059616	-0.015355
703.166055	0.028311	0.058374	-0.015032
703.490283	0.027211	0.058351	-0.015570
703.814458	0.028169	0.058515	-0.015173
704.138582	0.028126	0.058436	-0.015155
704.462653	0.029301	0.059134	-0.014917
704.786673	0.029491	0.057796	-0.014153
705.110640	0.028804	0.058859	-0.015027
705.434555	0.027787	0.059950	-0.016082
705.758417	0.029385	0.059140	-0.014877
706.082228	0.029084	0.060453	-0.015685
706.405986	0.029023	0.059415	-0.015196
706.729692	0.028143	0.059323	-0.015590
707.053346	0.030158	0.059742	-0.014792
707.376948	0.028347	0.059220	-0.015436
707.700497	0.029524	0.059143	-0.014810
708.023995	0.029680	0.059131	-0.014725
708.347439	0.030045	0.060852	-0.015403
708.670832	0.030008	0.059823	-0.014908
708.994173	0.030153	0.058989	-0.014418
709.317461	0.030051	0.060686	-0.015318
709.640696	0.029814	0.058877	-0.014532
709.963880	0.030745	0.060369	-0.014812
710.287011	0.029297	0.059973	-0.015338
710.610090	0.030039	0.058912	-0.014437
710.933116	0.030362	0.060558	-0.015098
711.256090	0.030422	0.060261	-0.014920
711.579012	0.030046	0.059918	-0.014936
711.901881	0.030503	0.059272	-0.014384
712.224698	0.029965	0.059546	-0.014790
712.547463	0.030040	0.060199	-0.015079
712.870175	0.030786	0.059518	-0.014366
713.192835	0.030623	0.059271	-0.014324
713.515442	0.031082	0.060859	-0.014888
713.837997	0.030953	0.059808	-0.014428
714.160499	0.031574	0.060099	-0.014262
714.482949	0.031244	0.059335	-0.014046
714.805347	0.031424	0.058450	-0.013513
715.127692	0.031302	0.060519	-0.014608
715.449985	0.031001	0.058904	-0.013951
715.772225	0.031338	0.060464	-0.014563
716.094412	0.032042	0.060248	-0.014103
716.416547	0.032896	0.060668	-0.013886
716.738630	0.031609	0.061406	-0.014898
717.060660	0.033303	0.059949	-0.013323
717.382637	0.032487	0.060201	-0.013857
717.704562	0.031833	0.060142	-0.014155
718.026435	0.031810	0.059099	-0.013645
718.348254	0.032490	0.060316	-0.013913
718.670022	0.032278	0.060184	-0.013953
718.991736	0.032608	0.060514	-0.013953
719.313398	0.033163	0.060461	-0.013649
719.635008	0.032203	0.060499	-0.014148
719.956564	0.032168	0.060068	-0.013950
720.278068	0.032057	0.059957	-0.013950
720.599520	0.033180	0.059320	-0.013070
720.920919	0.033609	0.059478	-0.012935
721.242265	0.033705	0.060008	-0.013151
721.563558	0.032272	0.059427	-0.013578
721.884799	0.033223	0.060233	-0.013505
722.205987	0.033576	0.059746	-0.013085
722.527123	0.032042	0.059565	-0.013762
722.848205	0.035552	0.058407	-0.011428
723.169235	0.034659	0.058952	-0.012146
723.490212	0.034066	0.060022	-0.012978
723.811137	0.033788	0.058923	-0.012567
724.132009	0.035711	0.059888	-0.012089
724.452828	0.034107	0.060631	-0.013262
724.773594	0.034303	0.059302	-0.012500
725.094307	0.035663	0.059067	-0.011702
725.414968	0.035554	0.059463	-0.011955
725.735576	0.034627	0.058368	-0.011870
726.056131	0.034810	0.059691	-0.012441
726.376633	0.035422	0.059532	-0.012055
726.697082	0.035017	0.060418	-0.012700
727.017478	0.034320	0.058985	-0.012332
727.337822	0.033501	0.060333	-0.013416
727.658113	0.034082	0.058752	-0.012335
727.978351	0.035501	0.059404	-0.011951
728.298536	0.037033	0.059651	-0.011309
728.618668	0.035293	0.058104	-0.011405
728.938747	0.035732	0.059422	-0.011845
729.258773	0.036483	0.057894	-0.010706
729.578747	0.035987	0.058198	-0.011105
729.898667	0.035346	0.058100	-0.011377
730.218534	0.036142	0.059345	-0.011602
730.538349	0.036196	0.058980	-0.011392
730.858111	0.035822	0.058473	-0.011326
731.177819	0.034767	0.057968	-0.011601
731.497475	0.035178	0.058774	-0.011798
731.817077	0.036123	0.058982	-0.011430
732.136627	0.035542	0.060433	-0.012445
732.456123	0.038793	0.059379	-0.010293
732.775567	0.037731	0.059080	-0.010674
733.094958	0.036861	0.058254	-0.010697
733.414295	0.037096	0.057893	-0.010399
733.733579	0.038450	0.059372	-0.010461
734.052811	0.036774	0.057997	-0.010611
734.371989	0.037331	0.060342	-0.011506
734.691114	0.037200	0.059821	-0.011310
735.010186	0.039292	0.059783	-0.010245
735.329205	0.037832	0.059024	-0.010596
735.648171	0.037895	0.058370	-0.010238
735.967084	0.038928	0.057169	-0.009120
736.285944	0.039377	0.057021	-0.008822
736.604750	0.037263	0.058311	-0.010524
736.923503	0.039010	0.057234	-0.009112
737.242203	0.037954	0.058735	-0.010391
737.560850	0.038250	0.058754	-0.010252
737.879444	0.038553	0.058252	-0.009850
738.197985	0.037680	0.056914	-0.009617
738.516472	0.038607	0.055833	-0.008613
738.834906	0.038250	0.058886	-0.010318
739.153287	0.039490	0.057834	-0.009172
739.471615	0.038829	0.057524	-0.009348
739.789889	0.040170	0.056668	-0.008249
740.108111	0.038587	0.055925	-0.008669
740.426279	0.041123	0.055801	-0.007339
740.744393	0.039702	0.056755	-0.008527
741.062455	0.040016	0.058297	-0.009141
741.380463	0.038690	0.056311	-0.008811
741.698417	0.040274	0.055606	-0.007666
742.016319	0.040020	0.057570	-0.008775
742.334167	0.039742	0.057768	-0.009013
742.651962	0.040016	0.057747	-0.008865
742.969703	0.040646	0.058201	-0.008777
743.287391	0.041873	0.056361	-0.007244
743.605026	0.040296	0.056686	-0.008195
743.922607	0.042051	0.055596	-0.006772
744.240135	0.039906	0.056394	-0.008244
744.557610	0.040717	0.056659	-0.007971
744.875031	0.040733	0.056463	-0.007865
745.192399	0.041341	0.058514	-0.008587
745.509713	0.042144	0.056183	-0.007020
745.826974	0.041960	0.055892	-0.006966
746.144182	0.041958	0.056776	-0.007409
746.461336	0.042058	0.056310	-0.007126
746.778436	0.042796	0.056506	-0.006855
747.095483	0.041280	0.056675	-0.007697
747.412477	0.042163	0.055210	-0.006524
747.729417	0.041829	0.055880	-0.007025
748.046303	0.041494	0.056839	-0.007673
748.363136	0.042380	0.055400	-0.006510
748.679916	0.041860	0.054791	-0.006465
748.996642	0.043968	0.054461	-0.005246
749.313314	0.041879	0.054861	-0.006491
749.629933	0.042463	0.055327	-0.006432
749.946498	0.042947	0.055440	-0.006247
750.263010	0.043174	0.053964	-0.005395
750.579468	0.042873	0.054043	-0.005585
750.895873	0.041327	0.054526	-0.006599
751.212224	0.042963	0.056090	-0.006564
751.528521	0.044424	0.053939	-0.004757
751.844765	0.044486	0.055495	-0.005505
752.160955	0.043939	0.054455	-0.005258
752.477091	0.044788	0.054337	-0.004775
752.793174	0.041365	0.053633	-0.006134
753.109203	0.044211	0.054182	-0.004986
753.425178	0.043267	0.055368	-0.006050
753.741100	0.044640	0.053466	-0.004413
754.056968	0.043385	0.056044	-0.006330
754.372783	0.044060	0.055868	-0.005904
754.688543	0.044033	0.055350	-0.005659
755.004250	0.044747	0.054342	-0.004798
755.319903	0.045245	0.053800	-0.004277
755.635503	0.047273	0.054296	-0.003511
755.951048	0.044415	0.054736	-0.005161
756.266540	0.044625	0.053632	-0.004503
756.581978	0.043947	0.054662	-0.005357
756.897363	0.046551	0.053033	-0.003241
757.212693	0.043847	0.053717	-0.004935
757.527970	0.044133	0.052873	-0.004370
757.843193	0.044008	0.055367	-0.005680
758.158362	0.044649	0.053898	-0.004624
758.473477	0.045004	0.052554	-0.003775
758.788538	0.046130	0.051820	-0.002845
759.103546	0.046531	0.053507	-0.003488
759.418499	0.045658	0.052205	-0.003274
759.733399	0.045270	0.051713	-0.003221
760.048245	0.046065	0.053237	-0.003586
760.363037	0.046493	0.052956	-0.003231
760.677775	0.045724	0.052106	-0.003191
760.992459	0.044426	0.053434	-0.004504
761.307090	0.045782	0.051411	-0.002815
761.621666	0.044151	0.050928	-0.003388
761.936188	0.044021	0.053537	-0.004758
762.250657	0.047036	0.051131	-0.002048
762.565071	0.045739	0.052606	-0.003434
762.879432	0.044911	0.052014	-0.003552
763.193738	0.044816	0.051563	-0.003373
763.507991	0.046873	0.049986	-0.001557
763.822189	0.046502	0.051185	-0.002341
764.136333	0.046667	0.053031	-0.003182
764.450424	0.045518	0.052171	-0.003327
764.764460	0.048396	0.053346	-0.002475
765.078443	0.049003	0.050441	-0.000719
765.392371	0.046058	0.050535	-0.002239
765.706245	0.048066	0.052375	-0.002154
766.020065	0.046124	0.049978	-0.001927
766.333831	0.047878	0.051610	-0.001866
766.647543	0.047451	0.051741	-0.002145
766.961201	0.049024	0.051851	-0.001414
767.274805	0.046849	0.051012	-0.002081
767.588354	0.046293	0.052088	-0.002897
767.901850	0.045856	0.051642	-0.002893
768.215291	0.047951	0.050856	-0.001453
768.528678	0.048507	0.053850	-0.002672
768.842011	0.048768	0.050929	-0.001080
769.155290	0.046507	0.053411	-0.003452
769.468515	0.046466	0.050897	-0.002215
769.781685	0.049492	0.051891	-0.001200
770.094801	0.048488	0.050057	-0.000784
770.407864	0.051190	0.052227	-0.000518
770.720871	0.049864	0.051101	-0.000618
771.033825	0.048656	0.051431	-0.001387
771.346724	0.051270	0.051343	-0.000037
771.659569	0.052361	0.053990	-0.000814
771.972360	0.050500	0.052145	-0.000822
772.285096	0.049808	0.051321	-0.000756
772.597779	0.050063	0.052120	-0.001029
772.910407	0.049698	0.053235	-0.001769
773.222980	0.050795	0.052710	-0.000958
773.535499	0.051761	0.052914	-0.000577
773.847964	0.051333	0.053065	-0.000866
774.160375	0.051009	0.051023	-0.000007
774.472731	0.050883	0.052663	-0.000890
774.785033	0.050372	0.050418	-0.000023
775.097281	0.050325	0.052947	-0.001311
775.409474	0.049799	0.052882	-0.001542
775.721613	0.054694	0.052453	0.001121
776.033697	0.048619	0.050133	-0.000757
776.345727	0.053465	0.050465	0.001500
776.657702	0.052512	0.051422	0.000545
776.969624	0.051844	0.054802	-0.001479
777.281490	0.052660	0.051197	0.000731
777.593303	0.051811	0.050555	0.000628
777.905060	0.048865	0.050599	-0.000867
778.216764	0.052299	0.052017	0.000141
778.528412	0.051653	0.052940	-0.000644
778.840007	0.052142	0.049136	0.001503
779.151547	0.055433	0.051173	0.002130
779.463032	0.052798	0.051703	0.000547
779.774463	0.051986	0.049849	0.001068
780.085839	0.052053	0.050543	0.000755
780.397161	0.053738	0.052414	0.000662
780.708428	0.055470	0.052471	0.001500
781.019641	0.055619	0.049320	0.003150
781.330799	0.052245	0.052411	-0.000083
781.641902	0.054595	0.050652	0.001972
781.952951	0.054050	0.050314	0.001868
782.263946	0.052715	0.053504	-0.000395
782.574885	0.056485	0.051794	0.002345
782.885770	0.053555	0.053690	-0.000068
783.196601	0.053545	0.051884	0.000831
783.507377	0.051746	0.053669	-0.000961
783.818098	0.052532	0.052955	-0.000212
784.128764	0.055017	0.051761	0.001628
784.439376	0.053866	0.049178	0.002344
784.749933	0.054689	0.050124	0.002283
785.060436	0.058414	0.054633	0.001891
785.370884	0.056171	0.053278	0.001446
785.681277	0.055152	0.051203	0.001975
785.991615	0.055014	0.053395	0.000809
786.301899	0.055727	0.051770	0.001978
786.612128	0.052392	0.048548	0.001922
786.922302	0.055333	0.047627	0.003853
787.232421	0.056797	0.050796	0.003001
787.542486	0.058558	0.051610	0.003474
787.852496	0.057068	0.051432	0.002818
788.162451	0.054959	0.053689	0.000635
788.472351	0.057967	0.052308	0.002830
788.782196	0.055058	0.052242	0.001408
789.091987	0.057412	0.051811	0.002801
789.401723	0.057455	0.051650	0.002903
789.711404	0.057735	0.048287	0.004724
790.021030	0.060441	0.050489	0.004976
790.330601	0.059559	0.051082	0.004238
790.640117	0.057796	0.053764	0.002016
790.949579	0.055449	0.052453	0.001498
791.258985	0.055446	0.051815	0.001816
791.568337	0.057348	0.050803	0.003272
791.877634	0.057457	0.050307	0.003575
792.186876	0.059707	0.049437	0.005135
792.496063	0.057619	0.052572	0.002523
792.805195	0.056477	0.051372	0.002552
793.114272	0.055569	0.052658	0.001455
793.423294	0.053882	0.052954	0.000464
793.732261	0.059685	0.049383	0.005151
794.041173	0.058381	0.050548	0.003917
794.350030	0.058351	0.053794	0.002278
794.658833	0.057074	0.050703	0.003185
794.967580	0.057556	0.052075	0.002741
795.276272	0.055987	0.053469	0.001259
795.584909	0.058395	0.049534	0.004430
795.893491	0.057752	0.051347	0.003202
796.202018	0.060058	0.056583	0.001738
796.510490	0.060254	0.053818	0.003218
796.818907	0.060437	0.053082	0.003678
797.127269	0.057938	0.052653	0.002642
797.435576	0.059781	0.053422	0.003179
797.743827	0.059510	0.054874	0.002318
798.052024	0.057640	0.052619	0.002510
798.360165	0.056829	0.055348	0.000741
798.668251	0.059606	0.049644	0.004981
798.976283	0.058604	0.052580	0.003012
799.284259	0.061914	0.048046	0.006934
799.592179	0.064740	0.052664	0.006038
799.900045	0.057424	0.058223	-0.000400
800.207855	0.064098	0.053405	0.005346
800.515611	0.059375	0.053451	0.002962
800.823311	0.059449	0.053772	0.002839
801.130956	0.063128	0.051902	0.005613
801.438545	0.060416	0.053311	0.003553
801.746080	0.061846	0.055171	0.003338
802.053559	0.060853	0.051552	0.004651
802.360983	0.059805	0.053844	0.002981
802.668352	0.060940	0.056311	0.002314
802.975665	0.059246	0.051814	0.003716
803.282923	0.056670	0.054738	0.000966
803.590126	0.062269	0.050262	0.006003
803.897274	0.057869	0.051650	0.003110
804.204366	0.059009	0.048657	0.005176
804.511403	0.065585	0.052451	0.006567
804.818384	0.062883	0.050689	0.006097
805.125311	0.061951	0.053802	0.004075
805.432181	0.057109	0.050522	0.003293
805.738997	0.058629	0.055873	0.001378
806.045757	0.060103	0.052531	0.003786
806.352462	0.061088	0.051163	0.004963
806.659111	0.057905	0.052557	0.002674
806.965705	0.063507	0.053767	0.004870
807.272244	0.061789	0.053688	0.004051
807.578727	0.061313	0.053953	0.003680
807.885155	0.061689	0.049274	0.006207
808.191527	0.061905	0.049550	0.006178
808.497844	0.059794	0.054234	0.002780
808.804105	0.059978	0.047263	0.006357
809.110311	0.059355	0.055197	0.002079
809.416462	0.061808	0.056521	0.002644
809.722557	0.061495	0.051114	0.005190
810.028596	0.066113	0.051514	0.007299
810.334580	0.063596	0.048311	0.007642
810.640508	0.066673	0.056141	0.005266
810.946381	0.065722	0.055215	0.005253
811.252199	0.066159	0.052142	0.007009
811.557961	0.064253	0.052789	0.005732
811.863667	0.066391	0.051827	0.007282
812.169317	0.064958	0.050590	0.007184
812.474913	0.058542	0.046069	0.006236
812.780452	0.061950	0.051131	0.005409
813.085936	0.064771	0.053921	0.005425
813.391364	0.066118	0.053384	0.006367
813.696737	0.061016	0.053637	0.003690
814.002054	0.063386	0.053773	0.004807
814.307315	0.063529	0.043816	0.009856
814.612521	0.061052	0.050501	0.005275
814.917671	0.058776	0.050794	0.003991
815.222766	0.060540	0.053727	0.003406
815.527804	0.060738	0.055611	0.002564
815.832787	0.064891	0.056928	0.003982
816.137715	0.062556	0.053192	0.004682
816.442586	0.062981	0.049776	0.006603
816.747402	0.063967	0.049434	0.007267
817.052162	0.063282	0.047819	0.007732
817.356867	0.066351	0.051100	0.007626
817.661516	0.067333	0.055475	0.005929
817.966109	0.065302	0.049678	0.007812
818.270646	0.064604	0.056445	0.004079
818.575127	0.061912	0.052946	0.004483
818.879553	0.061596	0.055690	0.002953
819.183922	0.060189	0.052419	0.003885
819.488236	0.065820	0.052520	0.006650
819.792495	0.065801	0.049911	0.007945
820.096697	0.059527	0.053668	0.002929
820.400843	0.063806	0.053663	0.005071
820.704934	0.063181	0.055191	0.003995
821.008969	0.064998	0.052104	0.006447
821.312948	0.064444	0.054855	0.004794
821.616871	0.062451	0.055780	0.003336
821.920738	0.064460	0.051850	0.006305
822.224549	0.066951	0.058134	0.004408
822.528305	0.062568	0.049164	0.006702
822.832004	0.063749	0.051052	0.006349
823.135647	0.067255	0.056913	0.005171
823.439235	0.064352	0.051792	0.006280
823.742767	0.060664	0.054934	0.002865
824.046242	0.065396	0.045243	0.010076
824.349662	0.062475	0.054895	0.003790
824.653026	0.065273	0.053880	0.005696
824.956333	0.082288	0.056709	0.012790
825.259585	0.064698	0.055112	0.004793
825.562781	0.069359	0.050734	0.009313
825.865920	0.058958	0.057936	0.000511
826.169004	0.066874	0.054836	0.006019
826.472031	0.064364	0.053662	0.005351
826.775003	0.067421	0.060951	0.003235
827.077918	0.063491	0.054719	0.004386
827.380778	0.068172	0.051550	0.008311
827.683581	0.067282	0.054252	0.006515
827.986328	0.062458	0.063307	-0.000424
828.289019	0.067657	0.056067	0.005795
828.591654	0.068087	0.051527	0.008280
828.894233	0.064795	0.045573	0.009611
829.196756	0.063211	0.057497	0.002857
829.499223	0.070258	0.051874	0.009192
829.801633	0.063051	0.051935	0.005558
830.103988	0.066754	0.052866	0.006944
830.406286	0.067067	0.052900	0.007083
830.708528	0.064950	0.059459	0.002745
831.010713	0.067159	0.057264	0.004948
831.312843	0.069543	0.058212	0.005665
831.614916	0.068098	0.058991	0.004554
831.916933	0.058352	0.060006	-0.000827
832.218894	0.063751	0.051738	0.006006
832.520799	0.065024	0.056945	0.004039
832.822647	0.068883	0.065555	0.001664
833.124440	0.069912	0.056489	0.006712
833.426175	0.069302	0.060005	0.004648
833.727855	0.068485	0.055888	0.006298
834.029478	0.062557	0.055072	0.003743
834.331045	0.073971	0.060175	0.006898
834.632556	0.065525	0.049876	0.007825
834.934010	0.073486	0.056926	0.008280
835.235408	0.070335	0.061180	0.004578
835.536750	0.064701	0.054309	0.005196
835.838035	0.069100	0.054276	0.007412
836.139264	0.069394	0.055389	0.007002
836.440437	0.076510	0.058342	0.009084
836.741553	0.069774	0.058299	0.005737
837.042613	0.063782	0.057895	0.002944
837.343616	0.066481	0.052261	0.007110
837.644563	0.069593	0.061175	0.004209
837.945454	0.064157	0.058093	0.003032
838.246288	0.069255	0.059208	0.005023
838.547066	0.065897	0.067761	-0.000932
838.847787	0.077180	0.056615	0.010283
839.148452	0.069256	0.048004	0.010626
839.449060	0.076015	0.054667	0.010674
839.749612	0.068465	0.058321	0.005072
840.050108	0.066650	0.064734	0.000958
840.350547	0.070492	0.055150	0.007671
840.650929	0.061592	0.060437	0.000577
840.951255	0.065699	0.055555	0.005072
841.251524	0.067149	0.050798	0.008176
841.551737	0.068712	0.054461	0.007125
841.851893	0.057847	0.060441	-0.001297
842.151993	0.065323	0.063390	0.000966
842.452036	0.067614	0.064086	0.001764
842.752022	0.067729	0.063878	0.001925
843.051952	0.072137	0.055216	0.008460
843.351825	0.067341	0.061889	0.002726
843.651642	0.075430	0.062077	0.006676
843.951402	0.072685	0.061762	0.005461
844.251106	0.075288	0.059287	0.008001
844.550752	0.071713	0.058464	0.006624
844.850343	0.071701	0.056391	0.007655
845.149876	0.066625	0.054003	0.006311
845.449353	0.068703	0.067766	0.000468
845.748773	0.070724	0.058698	0.006013
846.048136	0.074350	0.049073	0.012639
846.347443	0.067783	0.059222	0.004280
846.646693	0.073005	0.057109	0.007948
846.945886	0.071307	0.065670	0.002818
847.245023	0.063725	0.059695	0.002015
847.544103	0.068228	0.054683	0.006772
847.843126	0.071656	0.053430	0.009113
848.142092	0.068585	0.051950	0.008318
848.441002	0.071326	0.052622	0.009352
848.739854	0.067495	0.067799	-0.000152
849.038650	0.076500	0.057680	0.009410
849.337390	0.068657	0.059993	0.004332
849.636072	0.068431	0.057085	0.005673
849.934697	0.064929	0.063177	0.000876
850.233266	0.076986	0.054648	0.011169
850.531778	0.071254	0.065744	0.002755
850.830233	0.062200	0.058488	0.001856
851.128631	0.074317	0.067844	0.003237
851.426972	0.078671	0.066570	0.006051
851.725257	0.072077	0.056141	0.007968
852.023484	0.072582	0.065332	0.003625
852.321655	0.074597	0.056503	0.009047
852.619768	0.067346	0.055159	0.006093
852.917825	0.068794	0.060132	0.004331
853.215825	0.065215	0.057453	0.003881
853.513768	0.087026	0.053791	0.016617
853.811654	0.061125	0.056325	0.002400
854.109483	0.073975	0.055734	0.009121
854.407255	0.079197	0.049444	0.014877
854.704970	0.075247	0.064238	0.005504
855.002628	0.067927	0.064248	0.001840
855.300229	0.066357	0.066944	-0.000293
855.597773	0.078526	0.058883	0.009822
855.895260	0.070176	0.062060	0.004058
856.192690	0.074750	0.060602	0.007074
856.490063	0.070961	0.063169	0.003896
856.787378	0.068246	0.064817	0.001715
857.084637	0.076906	0.057298	0.009804
857.381839	0.073118	0.052511	0.010304
857.678984	0.058913	0.062441	-0.001764
857.976071	0.064795	0.061766	0.001514
858.273101	0.069060	0.061693	0.003684
858.570075	0.075196	0.061154	0.007021
858.866991	0.075304	0.058509	0.008397
859.163850	0.082010	0.075904	0.003053
859.460652	0.071750	0.051268	0.010241
859.757397	0.079106	0.069189	0.004958
860.054084	0.074716	0.067695	0.003511
860.350715	0.071358	0.073728	-0.001185
860.647288	0.070200	0.063786	0.003207
860.943804	0.084812	0.056147	0.014333
861.240263	0.069770	0.071593	-0.000912
861.536665	0.054593	0.065215	-0.005311
861.833009	0.070831	0.071996	-0.000582
862.129296	0.056238	0.067510	-0.005636
862.425526	0.077224	0.055782	0.010721
862.721699	0.080144	0.069583	0.005281
863.017814	0.076722	0.056822	0.009950
863.313872	0.077626	0.062307	0.007659
863.609873	0.078997	0.065072	0.006963
863.905817	0.069193	0.062312	0.003440
864.201703	0.075047	0.056324	0.009362
864.497532	0.064436	0.067080	-0.001322
864.793304	0.065696	0.060031	0.002832
865.089018	0.073898	0.060601	0.006648
865.384675	0.074894	0.068522	0.003186
865.680274	0.062235	0.062326	-0.000045
865.975817	0.077930	0.066982	0.005474
866.271302	0.063996	0.058075	0.002961
866.566729	0.074468	0.063079	0.005695
866.862099	0.072162	0.060425	0.005869
867.157412	0.085013	0.061222	0.011896
867.452667	0.072635	0.079601	-0.003483
867.747865	0.073798	0.067696	0.003051
868.043005	0.071139	0.060596	0.005272
868.338088	0.078871	0.055168	0.011852
868.633114	0.078296	0.066005	0.006146
868.928082	0.067885	0.060782	0.003552
869.222993	0.058204	0.082013	-0.011904
869.517846	0.063869	0.062270	0.000800
869.812641	0.087555	0.055890	0.015832
870.107379	0.056587	0.066156	-0.004784
870.402060	0.070461	0.064896	0.002783
870.696683	0.078058	0.054154	0.011952
870.991248	0.079889	0.056622	0.011634
871.285756	0.073599	0.064858	0.004371
871.580207	0.079620	0.076100	0.001760
871.874600	0.086577	0.078300	0.004138
872.168935	0.068173	0.054660	0.006756
872.463213	0.071671	0.048576	0.011547
872.757433	0.063765	0.056896	0.003435
873.051595	0.065701	0.058812	0.003445
873.345700	0.083294	0.081352	0.000971
873.639748	0.074471	0.056498	0.008986
873.933737	0.054840	0.060288	-0.002724
874.227669	0.058825	0.064370	-0.002772
874.521544	0.081685	0.073394	0.004145
874.815360	0.071122	0.059221	0.005951
875.109119	0.069275	0.065995	0.001640
875.402821	0.074791	0.073995	0.000398
875.696464	0.063604	0.065370	-0.000883
875.990050	0.074877	0.045915	0.014481
876.283578	0.075081	0.067790	0.003646
876.577049	0.078836	0.049097	0.014870
876.870462	0.076230	0.059068	0.008581
877.163817	0.073794	0.058577	0.007609
877.457114	0.062661	0.060892	0.000884
877.750353	0.075507	0.041038	0.017234
878.043535	0.066526	0.038789	0.013868
878.336659	0.056807	0.044617	0.006095
878.629725	0.086923	0.054310	0.016306
878.922733	0.061434	0.057174	0.002130
879.215684	0.060455	0.059123	0.000666
879.508577	0.071917	0.080732	-0.004408
879.801411	0.057578	0.058690	-0.000556
880.094189	0.084120	0.080211	0.001954
880.386908	0.074364	0.058625	0.007870
880.679569	0.065855	0.052412	0.006721
880.972172	0.071486	0.067983	0.001751
881.264718	0.057384	0.061575	-0.002096
881.557206	0.061568	0.059804	0.000882
881.849635	0.064239	0.060860	0.001689
882.142007	0.069421	0.054017	0.007702
882.434321	0.076701	0.050963	0.012869
882.726577	0.067332	0.077928	-0.005298
883.018775	0.075585	0.057194	0.009196
883.310915	0.077211	0.064014	0.006598
883.602997	0.078878	0.069598	0.004640
883.895021	0.078745	0.058410	0.010168
884.186987	0.090914	0.071221	0.009846
884.478896	0.067984	0.077527	-0.004771
884.770746	0.081120	0.051791	0.014664
885.062538	0.082459	0.053917	0.014271
885.354272	0.067793	0.058461	0.004666
885.645948	0.067968	0.071609	-0.001820
885.937566	0.085325	0.054101	0.015612
886.229126	0.079399	0.078145	0.000627
886.520628	0.077884	0.057809	0.010038
886.812072	0.079790	0.048587	0.015602
887.103458	0.075517	0.065833	0.004842
887.394785	0.053729	0.059935	-0.003103
887.686055	0.044347	0.048806	-0.002230
887.977266	0.071605	0.033384	0.019111
888.268420	0.088101	0.051310	0.018395
888.559515	0.048239	0.061137	-0.006449
888.850552	0.058786	0.090631	-0.015923
889.141531	0.086921	0.073343	0.006789
889.432451	0.079292	0.043520	0.017886
889.723314	0.054392	0.068288	-0.006948
890.014118	0.061108	0.071164	-0.005028
890.304864	0.074127	0.055341	0.009393
890.595552	0.074900	0.076707	-0.000904
890.886182	0.060958	0.040179	0.010390
891.176754	0.069801	0.049462	0.010169
891.467267	0.088782	0.045269	0.021756
891.757722	0.063658	0.062540	0.000559
