6.542578	0.000000	0.000000	0.000000
6.529189	0.065490	0.065490	0.000000
6.515856	-9.797765	-0.846346	-4.475710
6.502578	-6.939625	-9.700196	1.380285
6.489355	-1.288428	10.921626	-6.105027
6.476188	-1.118923	-1.003766	-0.057578
6.463075	3.359981	-13.236993	8.298487
6.450016	-21.243207	-1.350924	-9.946142
6.437011	-2.523015	-3.156189	0.316587
6.424060	-1.512383	-1.351482	-0.080450
6.411162	-2.312720	-4.371226	1.029253
6.398317	-1.058639	-5.794138	2.367749
6.385525	-1.393256	-1.705223	0.155983
6.372785	-1.671728	-5.762301	2.045286
6.360096	-3.173344	102.389843	-52.781594
6.347460	-1.044410	-1.366529	0.161060
6.334875	-7.565329	-9.841284	1.137978
6.322341	-1.087193	1.918861	-1.503027
6.309857	-2.406382	-1.616492	-0.394945
6.297424	-0.869946	-2.696717	0.913386
6.285042	-0.425717	-2.027407	0.800845
6.272709	-1.308516	-2.703989	0.697737
6.260425	2.449982	-0.863611	1.656797
6.248191	-3.191375	-1.825196	-0.683089
6.236005	-0.499111	-1.206022	0.353456
6.223868	-0.399783	-0.483589	0.041903
6.211780	-0.460434	-0.387550	-0.036442
6.199740	-0.333763	-0.406788	0.036513
6.187747	-0.433599	-0.316855	-0.058372
6.175802	-0.461495	-0.437570	-0.011963
6.163904	-0.263411	-0.569781	0.153185
6.152053	-0.572689	-0.422280	-0.075205
6.140248	-0.401572	-0.852279	0.225354
6.128490	-0.337913	-0.493638	0.077863
6.116778	-0.533850	-0.560192	0.013171
6.105112	-0.367248	-0.736936	0.184844
6.093492	-0.392118	-0.356076	-0.018021
6.081916	-0.437780	-0.479777	0.020998
6.070386	-0.669604	-0.823911	0.077154
6.058901	-0.519541	-0.643942	0.062200
6.047460	-0.683140	-0.489356	-0.096892
6.036063	-0.578521	-0.562936	-0.007792
6.024710	-0.466036	-0.578320	0.056142
6.013401	-0.482453	-1.147604	0.332576
6.002135	-0.282196	-0.567445	0.142625
5.990913	-0.400697	-0.277206	-0.061746
5.979734	-0.510226	-0.548551	0.019163
5.968597	-0.386162	-0.398194	0.006016
5.957503	-0.331275	-0.616507	0.142616
5.946451	-0.761204	-0.481202	-0.140001
5.935442	-0.422097	-0.523359	0.050631
5.924474	-0.765726	-0.454623	-0.155552
5.913547	-0.390764	-0.727424	0.168330
5.902662	-0.661705	-0.464287	-0.098709
5.891818	-0.236654	-0.381624	0.072485
5.881015	-0.530972	-0.576833	0.022931
5.870252	-0.541153	-0.570453	0.014650
5.859530	-0.348374	-0.258759	-0.044807
5.848848	-0.418531	-0.423835	0.002652
5.838205	-0.536990	-0.542701	0.002856
5.827603	-0.578313	-0.313093	-0.132610
5.817040	-0.582020	-0.514199	-0.033910
5.806516	-0.432815	-0.642453	0.104819
5.796031	-0.621236	-0.344174	-0.138531
5.785586	-0.260372	-0.517447	0.128538
5.775178	-0.378676	-0.479991	0.050658
5.764810	-0.437880	-0.386393	-0.025744
5.754479	-0.417783	-0.499629	0.040923
5.744186	-0.404679	-0.438332	0.016826
5.733931	-0.627612	-0.448254	-0.089679
5.723714	-0.417178	-0.718031	0.150426
5.713534	-0.404619	-0.589703	0.092542
5.703391	-0.476734	-0.433430	-0.021652
5.693285	-0.473668	-0.461916	-0.005876
5.683216	-0.401170	-0.580250	0.089540
5.673184	-0.367676	-0.371601	0.001962
5.663188	-0.510000	-0.371639	-0.069180
5.653228	-0.456691	-0.479786	0.011547
5.643304	-0.385850	-0.360476	-0.012687
5.633415	-0.424025	-0.407194	-0.008416
5.623562	-0.330888	-0.348861	0.008987
5.613745	-0.487486	-0.324228	-0.081629
5.603963	-0.483467	-0.521109	0.018821
5.594216	-0.456713	-0.336061	-0.060326
5.584504	-0.273019	-0.225260	-0.023880
5.574826	-0.304942	-0.331075	0.013067
5.565183	-0.258892	-0.293301	0.017204
5.555574	-0.383216	-0.366732	-0.008242
5.545999	-0.124758	-0.312529	0.093885
5.536458	-0.215008	-0.248009	0.016500
5.526950	-0.324680	-0.270335	-0.027173
5.517477	-0.230838	-0.289536	0.029349
5.508036	-0.203743	-0.212382	0.004320
5.498629	-0.111287	-0.280930	0.084821
5.489255	-0.174501	-0.228412	0.026955
5.479914	-0.224858	-0.169033	-0.027913
5.470605	-0.254643	-0.164525	-0.045059
5.461329	-0.179247	-0.194820	0.007787
5.452085	-0.135579	-0.204409	0.034415
5.442874	-0.210123	-0.087040	-0.061541
5.433694	-0.160198	-0.228607	0.034205
5.424546	-0.215385	-0.143047	-0.036169
5.415430	-0.127273	-0.147382	0.010054
5.406345	-0.186177	-0.170265	-0.007956
5.397292	-0.132585	-0.191506	0.029461
5.388270	-0.122293	-0.139523	0.008615
5.379279	-0.133132	-0.137908	0.002388
5.370319	-0.146560	-0.088957	-0.028802
5.361389	-0.119815	-0.118505	-0.000655
5.352490	-0.089458	-0.118583	0.014563
5.343621	-0.149802	-0.148963	-0.000419
5.334783	-0.138025	-0.109734	-0.014146
5.325975	-0.130202	-0.130800	0.000299
5.317196	-0.130826	-0.115174	-0.007826
5.308448	-0.107643	-0.130793	0.011575
5.299729	-0.112778	-0.077539	-0.017619
5.291039	-0.105785	-0.156374	0.025295
5.282379	-0.079624	-0.117042	0.018709
5.273748	-0.098756	-0.080637	-0.009060
5.265146	-0.063229	-0.102632	0.019701
5.256573	-0.081581	-0.124389	0.021404
5.248029	-0.111464	-0.091635	-0.009915
5.239513	-0.106344	-0.105045	-0.000649
5.231026	-0.100441	-0.093781	-0.003330
5.222567	-0.071998	-0.078340	0.003171
5.214136	-0.086813	-0.085265	-0.000774
5.205733	-0.116857	-0.076902	-0.019978
5.197358	-0.109761	-0.089313	-0.010224
5.189011	-0.114097	-0.067590	-0.023253
5.180691	-0.099973	-0.087510	-0.006232
5.172399	-0.087539	-0.056097	-0.015721
5.164135	-0.086334	-0.072612	-0.006861
5.155897	-0.097456	-0.092360	-0.002548
5.147687	-0.084389	-0.068777	-0.007806
5.139503	-0.059141	-0.084221	0.012540
5.131346	-0.083131	-0.090951	0.003910
5.123216	-0.061940	-0.066636	0.002348
5.115113	-0.075483	-0.069600	-0.002941
5.107036	-0.086087	-0.068426	-0.008831
5.098985	-0.093588	-0.065633	-0.013977
5.090960	-0.077591	-0.056506	-0.010542
5.082962	-0.065020	-0.063904	-0.000558
5.074989	-0.048630	-0.062172	0.006771
5.067042	-0.063550	-0.064240	0.000345
5.059121	-0.056155	-0.064596	0.004221
5.051225	-0.081679	-0.057387	-0.012146
5.043355	-0.066417	-0.063876	-0.001271
5.035510	-0.052177	-0.044904	-0.003637
5.027690	-0.056476	-0.055273	-0.000601
5.019895	-0.037648	-0.069579	0.015966
5.012126	-0.057710	-0.045075	-0.006318
5.004381	-0.067768	-0.045803	-0.010982
4.996660	-0.048734	-0.057769	0.004518
4.988964	-0.054399	-0.053191	-0.000604
4.981293	-0.063464	-0.042811	-0.010327
4.973646	-0.058913	-0.069683	0.005385
4.966023	-0.047423	-0.038221	-0.004601
4.958425	-0.056488	-0.058284	0.000898
4.950850	-0.054493	-0.060593	0.003050
4.943299	-0.054215	-0.043510	-0.005352
4.935772	-0.052378	-0.049311	-0.001533
4.928269	-0.059017	-0.053754	-0.002632
4.920789	-0.041227	-0.055182	0.006978
4.913333	-0.041509	-0.054271	0.006381
4.905900	-0.045793	-0.048130	0.001168
4.898490	-0.045083	-0.044655	-0.000214
4.891103	-0.056526	-0.045895	-0.005315
4.883739	-0.046214	-0.043779	-0.001218
4.876399	-0.035507	-0.049821	0.007157
4.869081	-0.043000	-0.042204	-0.000398
4.861785	-0.035942	-0.049441	0.006749
4.854512	-0.039559	-0.046707	0.003574
4.847262	-0.047749	-0.043047	-0.002351
4.840034	-0.047399	-0.049528	0.001065
4.832829	-0.041371	-0.044802	0.001715
4.825645	-0.047598	-0.051093	0.001748
4.818484	-0.038612	-0.041149	0.001269
4.811344	-0.042268	-0.037479	-0.002395
4.804227	-0.042063	-0.048757	0.003347
4.797131	-0.045289	-0.049516	0.002113
4.790057	-0.044155	-0.041558	-0.001299
4.783004	-0.048941	-0.047460	-0.000741
4.775973	-0.048436	-0.040882	-0.003777
4.768963	-0.048847	-0.027767	-0.010540
4.761974	-0.044266	-0.043703	-0.000281
4.755007	-0.041906	-0.046237	0.002165
4.748061	-0.034757	-0.041732	0.003488
4.741136	-0.046137	-0.042338	-0.001899
4.734231	-0.045901	-0.038371	-0.003765
4.727348	-0.046666	-0.042403	-0.002132
4.720485	-0.060179	-0.037494	-0.011342
4.713642	-0.039120	-0.046085	0.003482
4.706821	-0.042413	-0.037852	-0.002281
4.700019	-0.043512	-0.034326	-0.004593
4.693238	-0.047095	-0.036442	-0.005326
4.686478	-0.045058	-0.043667	-0.000695
4.679737	-0.038286	-0.034265	-0.002011
4.673016	-0.050385	-0.039534	-0.005425
4.666316	-0.041410	-0.034128	-0.003641
4.659635	-0.037581	-0.039209	0.000814
4.652974	-0.038962	-0.040879	0.000959
4.646333	-0.041029	-0.034140	-0.003445
4.639711	-0.044476	-0.034679	-0.004899
4.633109	-0.042282	-0.040518	-0.000882
4.626527	-0.041593	-0.036629	-0.002482
4.619963	-0.041158	-0.030883	-0.005138
4.613420	-0.036934	-0.031782	-0.002576
4.606895	-0.035368	-0.033282	-0.001043
4.600389	-0.041271	-0.032204	-0.004533
4.593902	-0.033456	-0.041612	0.004078
4.587435	-0.035753	-0.035753	0.000000
4.580986	-0.039166	-0.029670	-0.004748
4.574556	-0.036938	-0.029055	-0.003941
4.568145	-0.034546	-0.039012	0.002233
4.561752	-0.040918	-0.032627	-0.004146
4.555378	-0.043842	-0.032649	-0.005596
4.549022	-0.037008	-0.025650	-0.005679
4.542685	-0.035434	-0.038012	0.001289
4.536365	-0.039982	-0.034791	-0.002595
4.530065	-0.039706	-0.033775	-0.002966
4.523782	-0.031838	-0.034022	0.001092
4.517517	-0.037542	-0.034850	-0.001346
4.511271	-0.035073	-0.031051	-0.002011
4.505042	-0.033747	-0.032318	-0.000715
4.498831	-0.034282	-0.025754	-0.004264
4.492638	-0.043202	-0.031550	-0.005826
4.486462	-0.040579	-0.025713	-0.007433
4.480304	-0.037247	-0.034185	-0.001531
4.474164	-0.044508	-0.030019	-0.007245
4.468041	-0.037015	-0.030092	-0.003461
4.461935	-0.040900	-0.029030	-0.005935
4.455847	-0.031416	-0.032993	0.000788
4.449776	-0.035423	-0.028007	-0.003708
4.443722	-0.036276	-0.025357	-0.005460
4.437686	-0.039235	-0.028990	-0.005122
4.431666	-0.032352	-0.035052	0.001350
4.425663	-0.044203	-0.030445	-0.006879
4.419677	-0.032079	-0.029122	-0.001478
4.413708	-0.037196	-0.031164	-0.003016
4.407755	-0.026894	-0.027475	0.000290
4.401820	-0.039865	-0.035378	-0.002244
4.395901	-0.033328	-0.021785	-0.005771
4.389998	-0.044033	-0.031177	-0.006428
4.384112	-0.044413	-0.032136	-0.006138
4.378242	-0.044600	-0.037149	-0.003726
4.372389	-0.034913	-0.030553	-0.002180
4.366551	-0.038174	-0.026416	-0.005879
4.360730	-0.035776	-0.036178	0.000201
4.354925	-0.037950	-0.032928	-0.002511
4.349136	-0.039938	-0.030866	-0.004536
4.343364	-0.035267	-0.033518	-0.000875
4.337607	-0.038646	-0.031827	-0.003409
4.331865	-0.040198	-0.030429	-0.004884
4.326140	-0.039019	-0.030015	-0.004502
4.320430	-0.036612	-0.022983	-0.006815
4.314736	-0.035462	-0.028019	-0.003722
4.309058	-0.039724	-0.026970	-0.006377
4.303395	-0.039537	-0.031714	-0.003912
4.297748	-0.035328	-0.022554	-0.006387
4.292116	-0.036400	-0.026015	-0.005193
4.286499	-0.035731	-0.028436	-0.003648
4.280898	-0.036185	-0.026242	-0.004972
4.275312	-0.035490	-0.026949	-0.004270
4.269741	-0.037053	-0.025132	-0.005961
4.264185	-0.035143	-0.023755	-0.005694
4.258644	-0.032979	-0.027531	-0.002724
4.253118	-0.036258	-0.027941	-0.004159
4.247607	-0.038204	-0.025698	-0.006253
4.242111	-0.030904	-0.028987	-0.000958
4.236629	-0.030404	-0.024408	-0.002998
4.231163	-0.028834	-0.026083	-0.001375
4.225711	-0.029841	-0.026494	-0.001674
4.220274	-0.030504	-0.027086	-0.001709
4.214851	-0.033933	-0.023750	-0.005092
4.209442	-0.034725	-0.025325	-0.004700
4.204049	-0.037925	-0.022814	-0.007555
4.198669	-0.032298	-0.024524	-0.003887
4.193304	-0.033437	-0.024758	-0.004340
4.187953	-0.030251	-0.026903	-0.001674
4.182616	-0.031820	-0.027419	-0.002200
4.177294	-0.033365	-0.021051	-0.006157
4.171985	-0.033946	-0.020870	-0.006538
4.166691	-0.027183	-0.021429	-0.002877
4.161411	-0.032996	-0.024071	-0.004462
4.156144	-0.034522	-0.023826	-0.005348
4.150892	-0.027342	-0.022202	-0.002570
4.145653	-0.029714	-0.022171	-0.003772
4.140428	-0.030379	-0.021276	-0.004552
4.135217	-0.030566	-0.019242	-0.005662
4.130019	-0.031920	-0.023928	-0.003996
4.124835	-0.027965	-0.019348	-0.004308
4.119665	-0.030077	-0.023336	-0.003370
4.114508	-0.031637	-0.024468	-0.003585
4.109364	-0.029402	-0.023910	-0.002746
4.104234	-0.031376	-0.020053	-0.005662
4.099117	-0.028765	-0.022887	-0.002939
4.094014	-0.030577	-0.025302	-0.002637
4.088924	-0.029122	-0.020173	-0.004475
4.083846	-0.027420	-0.016972	-0.005224
4.078783	-0.032843	-0.023764	-0.004540
4.073732	-0.032894	-0.020326	-0.006284
4.068694	-0.029091	-0.024384	-0.002353
4.063669	-0.030591	-0.020157	-0.005217
4.058657	-0.027768	-0.023579	-0.002094
4.053658	-0.028251	-0.022675	-0.002788
4.048672	-0.032796	-0.021458	-0.005669
4.043699	-0.030335	-0.017433	-0.006451
4.038738	-0.027961	-0.024371	-0.001795
4.033790	-0.031109	-0.016451	-0.007329
4.028855	-0.029890	-0.019958	-0.004966
4.023933	-0.030404	-0.018775	-0.005815
4.019022	-0.028048	-0.020019	-0.004015
4.014125	-0.029053	-0.021430	-0.003811
4.009240	-0.025600	-0.017808	-0.003896
4.004367	-0.024964	-0.020191	-0.002386
3.999506	-0.026133	-0.017444	-0.004345
3.994658	-0.028029	-0.020805	-0.003612
3.989823	-0.030995	-0.021083	-0.004956
3.984999	-0.030891	-0.019264	-0.005814
3.980187	-0.027631	-0.019178	-0.004226
3.975388	-0.030589	-0.021063	-0.004763
3.970601	-0.025119	-0.021061	-0.002029
3.965826	-0.031555	-0.019962	-0.005797
3.961063	-0.027400	-0.020621	-0.003389
3.956311	-0.028944	-0.019222	-0.004861
3.951572	-0.026180	-0.014703	-0.005739
3.946844	-0.027150	-0.018060	-0.004545
3.942129	-0.027388	-0.019173	-0.004107
3.937425	-0.028727	-0.020270	-0.004228
3.932733	-0.025654	-0.017855	-0.003899
3.928052	-0.024137	-0.019425	-0.002356
3.923383	-0.023975	-0.017998	-0.002989
3.918726	-0.028394	-0.015706	-0.006344
3.914080	-0.030699	-0.016209	-0.007245
3.909446	-0.027852	-0.018184	-0.004834
3.904823	-0.025606	-0.017072	-0.004267
3.900212	-0.027844	-0.017566	-0.005139
3.895612	-0.026656	-0.018626	-0.004015
3.891023	-0.026527	-0.018863	-0.003832
3.886446	-0.027121	-0.017837	-0.004642
3.881880	-0.028063	-0.018525	-0.004769
3.877325	-0.025213	-0.019652	-0.002780
3.872781	-0.024762	-0.017249	-0.003756
3.868249	-0.027295	-0.021169	-0.003063
3.863727	-0.023402	-0.016586	-0.003408
3.859217	-0.027587	-0.018611	-0.004488
3.854718	-0.024750	-0.016936	-0.003907
3.850229	-0.026218	-0.015217	-0.005501
3.845752	-0.025672	-0.014351	-0.005661
3.841285	-0.027420	-0.019129	-0.004145
3.836829	-0.026049	-0.019521	-0.003264
3.832384	-0.023338	-0.012852	-0.005243
3.827950	-0.025998	-0.018334	-0.003832
3.823527	-0.026398	-0.017676	-0.004361
3.819114	-0.023892	-0.018558	-0.002667
3.814712	-0.023960	-0.013910	-0.005025
3.810321	-0.024282	-0.014463	-0.004909
3.805940	-0.024249	-0.016792	-0.003729
3.801570	-0.026254	-0.016889	-0.004683
3.797210	-0.024418	-0.016496	-0.003961
3.792860	-0.025774	-0.015683	-0.005046
3.788522	-0.025503	-0.015374	-0.005064
3.784193	-0.026359	-0.017179	-0.004590
3.779875	-0.024992	-0.017284	-0.003854
3.775567	-0.027434	-0.015676	-0.005879
3.771269	-0.023426	-0.019651	-0.001888
3.766982	-0.024100	-0.015331	-0.004385
3.762705	-0.023334	-0.013692	-0.004821
3.758438	-0.025442	-0.015308	-0.005067
3.754181	-0.019807	-0.013327	-0.003240
3.749935	-0.022295	-0.014239	-0.004028
3.745698	-0.022579	-0.015137	-0.003721
3.741472	-0.023573	-0.014429	-0.004572
3.737255	-0.022626	-0.015525	-0.003551
3.733048	-0.021952	-0.016356	-0.002798
3.728852	-0.021099	-0.016172	-0.002463
3.724665	-0.023271	-0.014645	-0.004313
3.720488	-0.024597	-0.015007	-0.004795
3.716321	-0.025522	-0.012746	-0.006388
3.712163	-0.019679	-0.016879	-0.001400
3.708016	-0.023606	-0.013292	-0.005157
3.703878	-0.021308	-0.013235	-0.004036
3.699750	-0.024527	-0.016404	-0.004061
3.695631	-0.022352	-0.016392	-0.002980
3.691522	-0.023361	-0.015105	-0.004128
3.687423	-0.022924	-0.015097	-0.003914
3.683333	-0.023853	-0.016028	-0.003913
3.679253	-0.024995	-0.015985	-0.004505
3.675182	-0.022958	-0.012080	-0.005439
3.671120	-0.023192	-0.017341	-0.002926
3.667069	-0.020528	-0.014436	-0.003046
3.663026	-0.020153	-0.015451	-0.002351
3.658993	-0.023437	-0.011116	-0.006161
3.654969	-0.022044	-0.015486	-0.003279
3.650954	-0.022025	-0.011558	-0.005233
3.646949	-0.024472	-0.012280	-0.006096
3.642953	-0.021688	-0.014516	-0.003586
3.638966	-0.021730	-0.012568	-0.004581
3.634988	-0.020324	-0.015130	-0.002597
3.631020	-0.022403	-0.016022	-0.003190
3.627060	-0.022954	-0.013386	-0.004784
3.623110	-0.021602	-0.013682	-0.003960
3.619168	-0.023575	-0.012978	-0.005299
3.615236	-0.022861	-0.014691	-0.004085
3.611312	-0.019187	-0.015225	-0.001981
3.607398	-0.022976	-0.013335	-0.004820
3.603492	-0.021629	-0.016225	-0.002702
3.599596	-0.020713	-0.011586	-0.004563
3.595708	-0.020614	-0.012182	-0.004216
3.591829	-0.020724	-0.015816	-0.002454
3.587959	-0.018092	-0.011404	-0.003344
3.584097	-0.020442	-0.013505	-0.003469
3.580244	-0.019622	-0.011530	-0.004046
3.576400	-0.021688	-0.011905	-0.004892
3.572565	-0.020189	-0.012900	-0.003644
3.568738	-0.022633	-0.010850	-0.005892
3.564920	-0.020558	-0.010860	-0.004849
3.561111	-0.018028	-0.009963	-0.004032
3.557310	-0.020614	-0.008915	-0.005850
3.553517	-0.018632	-0.012245	-0.003193
3.549734	-0.022520	-0.012137	-0.005192
3.545958	-0.019216	-0.012926	-0.003145
3.542191	-0.017523	-0.014104	-0.001709
3.538433	-0.019739	-0.013901	-0.002919
3.534683	-0.018112	-0.013153	-0.002479
3.530941	-0.016375	-0.009407	-0.003484
3.527207	-0.019982	-0.012497	-0.003742
3.523482	-0.018469	-0.011415	-0.003527
3.519765	-0.020864	-0.014479	-0.003192
3.516057	-0.018413	-0.013634	-0.002390
3.512356	-0.020270	-0.015677	-0.002296
3.508664	-0.019562	-0.013330	-0.003116
3.504980	-0.021480	-0.011998	-0.004741
3.501304	-0.021348	-0.013645	-0.003852
3.497636	-0.021742	-0.012748	-0.004497
3.493977	-0.021497	-0.008785	-0.006356
3.490325	-0.017386	-0.012611	-0.002388
3.486682	-0.022897	-0.013239	-0.004829
3.483046	-0.020540	-0.010927	-0.004806
3.479419	-0.018734	-0.009858	-0.004438
3.475799	-0.017998	-0.011583	-0.003207
3.472187	-0.020647	-0.010106	-0.005271
3.468583	-0.019509	-0.012560	-0.003474
3.464988	-0.019819	-0.014595	-0.002612
3.461400	-0.019565	-0.007441	-0.006062
3.457819	-0.017493	-0.012364	-0.002565
3.454247	-0.018819	-0.010078	-0.004370
3.450682	-0.018620	-0.011576	-0.003522
3.447125	-0.018193	-0.010879	-0.003657
3.443576	-0.020638	-0.008790	-0.005924
3.440035	-0.017081	-0.010044	-0.003518
3.436501	-0.019338	-0.010334	-0.004502
3.432975	-0.017696	-0.007856	-0.004920
3.429457	-0.019787	-0.009099	-0.005344
3.425946	-0.017261	-0.006766	-0.005247
3.422442	-0.020202	-0.009538	-0.005332
3.418947	-0.015411	-0.009216	-0.003097
3.415459	-0.017474	-0.010235	-0.003619
3.411978	-0.015640	-0.011913	-0.001864
3.408505	-0.019563	-0.009044	-0.005260
3.405039	-0.014740	-0.008779	-0.002981
3.401581	-0.018060	-0.011632	-0.003214
3.398130	-0.017609	-0.010022	-0.003793
3.394686	-0.016101	-0.009320	-0.003391
3.391250	-0.017663	-0.009509	-0.004077
3.387821	-0.013610	-0.008088	-0.002761
3.384400	-0.014098	-0.008670	-0.002714
3.380986	-0.016610	-0.011257	-0.002677
3.377579	-0.012882	-0.008681	-0.002101
3.374179	-0.015311	-0.007467	-0.003922
3.370787	-0.017400	-0.009953	-0.003723
3.367401	-0.015601	-0.005740	-0.004930
3.364023	-0.017827	-0.009361	-0.004233
3.360652	-0.015978	-0.009627	-0.003175
3.357289	-0.015179	-0.010429	-0.002375
3.353932	-0.016406	-0.009956	-0.003225
3.350582	-0.018699	-0.008077	-0.005311
3.347240	-0.016794	-0.009738	-0.003528
3.343904	-0.013851	-0.009979	-0.001936
3.340576	-0.016256	-0.010060	-0.003098
3.337255	-0.016552	-0.011905	-0.002323
3.333940	-0.016068	-0.010570	-0.002749
3.330633	-0.017147	-0.008905	-0.004121
3.327332	-0.018583	-0.008958	-0.004813
3.324038	-0.015018	-0.007842	-0.003588
3.320752	-0.015472	-0.005778	-0.004847
3.317472	-0.014177	-0.010400	-0.001889
3.314199	-0.018292	-0.010662	-0.003815
3.310933	-0.013974	-0.006791	-0.003591
3.307673	-0.014788	-0.005882	-0.004453
3.304421	-0.013987	-0.005809	-0.004089
3.301175	-0.015066	-0.009111	-0.002978
3.297936	-0.017345	-0.006032	-0.005657
3.294703	-0.012206	-0.006508	-0.002849
3.291478	-0.014912	-0.007267	-0.003823
3.288259	-0.013361	-0.009295	-0.002033
3.285046	-0.011033	-0.007660	-0.001687
3.281841	-0.011791	-0.007564	-0.002113
3.278642	-0.013511	-0.007139	-0.003186
3.275449	-0.015076	-0.009691	-0.002693
3.272263	-0.016475	-0.008864	-0.003806
3.269084	-0.010670	-0.005599	-0.002536
3.265911	-0.015882	-0.008233	-0.003825
3.262745	-0.012638	-0.005817	-0.003410
3.259585	-0.015368	-0.007222	-0.004073
3.256432	-0.015987	-0.008266	-0.003860
3.253285	-0.012339	-0.008574	-0.001883
3.250145	-0.014572	-0.009754	-0.002409
3.247011	-0.012779	-0.006725	-0.003027
3.243883	-0.014277	-0.003988	-0.005144
3.240762	-0.015564	-0.012388	-0.001588
3.237647	-0.012525	-0.006812	-0.002857
3.234539	-0.013022	-0.009373	-0.001825
3.231437	-0.014462	-0.003917	-0.005272
3.228341	-0.014724	-0.008485	-0.003119
3.225251	-0.012568	-0.007942	-0.002313
3.222168	-0.012410	-0.005272	-0.003569
3.219091	-0.011799	-0.006860	-0.002470
3.216020	-0.013107	-0.006950	-0.003078
3.212956	-0.013353	-0.007975	-0.002689
3.209897	-0.010957	-0.006257	-0.002350
3.206845	-0.013068	-0.010489	-0.001289
3.203799	-0.012831	-0.006979	-0.002926
3.200759	-0.009649	-0.004932	-0.002359
3.197725	-0.012958	-0.004447	-0.004256
3.194697	-0.013297	-0.006928	-0.003185
3.191676	-0.011529	-0.006829	-0.002350
3.188660	-0.012698	-0.006531	-0.003084
3.185651	-0.012980	-0.005166	-0.003907
3.182647	-0.013466	-0.005894	-0.003786
3.179650	-0.012566	-0.005962	-0.003302
3.176658	-0.011646	-0.003411	-0.004118
3.173673	-0.012479	-0.004571	-0.003954
3.170693	-0.013045	-0.006448	-0.003298
3.167720	-0.009853	-0.005131	-0.002361
3.164752	-0.010992	-0.006045	-0.002473
3.161790	-0.009690	-0.003334	-0.003178
3.158834	-0.012021	-0.001884	-0.005068
3.155884	-0.010879	-0.006619	-0.002130
3.152940	-0.010875	-0.002095	-0.004390
3.150001	-0.010985	-0.005438	-0.002773
3.147069	-0.008308	-0.004369	-0.001969
3.144142	-0.010511	-0.003883	-0.003314
3.141221	-0.012759	-0.004218	-0.004270
3.138306	-0.012942	-0.004283	-0.004330
3.135396	-0.010391	-0.006148	-0.002122
3.132493	-0.008018	-0.003920	-0.002049
3.129595	-0.010993	-0.006040	-0.002476
3.126702	-0.010727	-0.004686	-0.003021
3.123816	-0.007237	-0.002852	-0.002192
3.120935	-0.010192	-0.004039	-0.003076
3.118059	-0.007409	-0.007109	-0.000150
3.115190	-0.008426	-0.005145	-0.001640
3.112326	-0.011293	-0.004179	-0.003557
3.109467	-0.010571	-0.003792	-0.003389
3.106614	-0.009697	-0.005451	-0.002123
3.103767	-0.011127	-0.006413	-0.002357
3.100925	-0.011960	-0.004323	-0.003818
3.098089	-0.008326	-0.003502	-0.002412
3.095258	-0.008640	-0.002532	-0.003054
3.092433	-0.010122	-0.003144	-0.003489
3.089613	-0.008394	-0.006918	-0.000738
3.086799	-0.007987	-0.005667	-0.001160
3.083990	-0.009346	-0.009006	-0.000170
3.081187	-0.006009	-0.002223	-0.001893
3.078389	-0.007939	-0.001621	-0.003159
3.075596	-0.008603	-0.005006	-0.001798
3.072809	-0.006926	-0.002494	-0.002216
3.070027	-0.005974	-0.001610	-0.002182
3.067251	-0.006438	-0.002701	-0.001869
3.064480	-0.006368	-0.000428	-0.002970
3.061714	-0.008167	-0.005040	-0.001564
3.058954	-0.006920	-0.002582	-0.002169
3.056199	-0.007083	-0.003213	-0.001935
3.053449	-0.006737	-0.002173	-0.002282
3.050704	-0.008260	-0.002566	-0.002847
3.047965	-0.006234	-0.002594	-0.001820
3.045231	-0.004705	-0.001271	-0.001717
3.042502	-0.006171	-0.000361	-0.002905
3.039779	-0.006147	-0.003292	-0.001428
3.037060	-0.010475	-0.000951	-0.004762
3.034347	-0.006067	0.001171	-0.003619
3.031639	-0.009829	-0.000499	-0.004665
3.028936	-0.006190	-0.001299	-0.002445
3.026238	-0.008473	0.000033	-0.004253
3.023545	-0.004660	-0.002666	-0.000997
3.020858	-0.007199	-0.003178	-0.002011
3.018175	-0.007992	-0.002511	-0.002741
3.015498	-0.005829	-0.000787	-0.002521
3.012826	-0.006541	-0.001651	-0.002445
3.010158	-0.009370	-0.001446	-0.003962
3.007496	-0.006366	-0.003006	-0.001680
3.004839	-0.009310	0.000294	-0.004802
3.002187	-0.009447	0.001894	-0.005671
2.999540	-0.006017	-0.001947	-0.002035
2.996897	-0.004976	-0.000933	-0.002022
2.994260	-0.005680	-0.004153	-0.000764
2.991628	-0.007451	-0.000625	-0.003413
2.989000	-0.006236	-0.001035	-0.002601
2.986378	-0.005826	0.002000	-0.003913
2.983760	-0.006680	-0.002368	-0.002156
2.981148	-0.005853	0.001508	-0.003680
2.978540	-0.003210	-0.000040	-0.001585
2.975937	-0.007509	-0.002733	-0.002388
2.973339	-0.008731	0.001068	-0.004900
2.970746	-0.009045	-0.001772	-0.003636
2.968158	-0.006626	-0.000644	-0.002991
2.965574	-0.007439	0.004597	-0.006018
2.962995	-0.007525	0.000136	-0.003830
2.960421	-0.008771	-0.001119	-0.003826
2.957852	-0.008490	-0.001860	-0.003315
2.955288	-0.006909	0.000399	-0.003654
2.952728	-0.007061	0.000370	-0.003716
2.950173	-0.006941	-0.001312	-0.002814
2.947623	-0.006088	0.002474	-0.004281
2.945078	-0.007515	0.002770	-0.005143
2.942537	-0.004969	0.004551	-0.004760
2.940001	-0.006587	0.002220	-0.004404
2.937469	-0.004165	0.004087	-0.004126
2.934943	-0.005737	0.000363	-0.003050
2.932421	-0.005189	0.000046	-0.002617
2.929903	-0.001762	0.003410	-0.002586
2.927390	-0.004226	0.002329	-0.003278
2.924882	-0.005766	0.002684	-0.004225
2.922378	-0.004073	0.001677	-0.002875
2.919879	-0.005234	0.001658	-0.003446
2.917385	-0.005875	0.004335	-0.005105
2.914895	-0.004460	0.001834	-0.003147
2.912410	-0.004532	0.004019	-0.004275
2.909929	-0.004864	0.000125	-0.002495
2.907453	-0.005305	0.002883	-0.004094
2.904981	-0.004168	0.003227	-0.003698
2.902513	-0.003648	0.005041	-0.004345
2.900051	-0.003383	0.002880	-0.003131
2.897592	-0.004239	0.005635	-0.004937
2.895138	-0.004247	0.003410	-0.003829
2.892689	-0.002573	0.004469	-0.003521
2.890244	-0.004967	0.004605	-0.004786
2.887803	-0.004697	0.004004	-0.004351
2.885367	-0.002506	0.006485	-0.004496
2.882936	-0.003131	0.004699	-0.003915
2.880508	-0.003890	0.002859	-0.003374
2.878085	-0.004849	0.006198	-0.005524
2.875667	-0.003084	0.005775	-0.004429
2.873252	-0.003133	0.005763	-0.004448
2.870842	-0.000379	0.008132	-0.004256
2.868437	-0.002255	0.004522	-0.003388
2.866036	-0.001915	0.006438	-0.004176
2.863639	-0.000787	0.008539	-0.004663
2.861246	-0.001446	0.006088	-0.003767
2.858858	-0.000458	0.006275	-0.003367
2.856474	-0.001190	0.006339	-0.003765
2.854094	-0.001145	0.005055	-0.003100
2.851718	-0.000913	0.006883	-0.003898
2.849347	-0.000060	0.008406	-0.004233
2.846980	-0.001323	0.008296	-0.004810
2.844617	-0.000259	0.007327	-0.003793
2.842258	0.000749	0.007887	-0.003569
2.839904	0.000463	0.009070	-0.004304
2.837553	0.000752	0.009977	-0.004613
2.835207	0.001156	0.008752	-0.003798
2.832865	-0.000537	0.009252	-0.004894
2.830528	0.000240	0.010765	-0.005262
2.828194	0.001919	0.009146	-0.003614
2.825864	0.002714	0.009133	-0.003209
2.823539	0.000668	0.010072	-0.004702
2.821218	0.001522	0.009949	-0.004213
2.818901	0.000461	0.009094	-0.004316
2.816587	0.001232	0.009586	-0.004177
2.814278	0.001224	0.009131	-0.003954
2.811973	0.002242	0.008700	-0.003229
2.809673	0.002438	0.008623	-0.003093
2.807376	0.002162	0.009142	-0.003490
2.805083	0.001602	0.009120	-0.003759
2.802794	0.001700	0.008547	-0.003423
2.800509	0.000794	0.009790	-0.004498
2.798228	0.001418	0.009220	-0.003901
2.795952	0.002026	0.009984	-0.003979
2.793679	0.001578	0.011276	-0.004849
2.791410	0.001787	0.009963	-0.004088
2.789145	0.002721	0.011416	-0.004347
2.786884	0.002377	0.009826	-0.003724
2.784627	0.001475	0.010376	-0.004450
2.782374	0.002033	0.010681	-0.004324
2.780125	0.002007	0.010150	-0.004071
2.777880	0.000906	0.010163	-0.004629
2.775638	0.001079	0.009651	-0.004286
2.773401	0.001172	0.009215	-0.004021
2.771167	0.000030	0.009424	-0.004697
2.768938	0.001267	0.010149	-0.004441
2.766712	0.001798	0.009451	-0.003827
2.764490	0.001370	0.009804	-0.004217
2.762272	0.001911	0.009405	-0.003747
2.760058	0.001934	0.010266	-0.004166
2.757847	0.001700	0.009473	-0.003887
2.755640	0.001383	0.010114	-0.004365
2.753437	0.001004	0.011334	-0.005165
2.751238	0.001264	0.010012	-0.004374
2.749043	0.002110	0.010493	-0.004191
2.746852	0.001595	0.010360	-0.004382
2.744664	0.001149	0.009732	-0.004292
2.742480	0.001769	0.010318	-0.004274
2.740300	0.000667	0.010903	-0.005118
2.738123	0.002451	0.010186	-0.003868
2.735950	0.002754	0.010299	-0.003773
2.733781	0.001899	0.009824	-0.003963
2.731616	0.003130	0.011281	-0.004076
2.729454	0.002300	0.010472	-0.004086
2.727296	0.002013	0.010970	-0.004479
2.725142	0.002206	0.011089	-0.004441
2.722991	0.001639	0.011162	-0.004762
2.720844	0.002199	0.011106	-0.004454
2.718701	0.002689	0.010308	-0.003809
2.716561	0.002348	0.010787	-0.004219
2.714425	0.002812	0.010413	-0.003801
2.712293	0.001623	0.010097	-0.004237
2.710164	0.002186	0.010878	-0.004346
2.708039	0.001869	0.010636	-0.004383
2.705917	0.002141	0.010257	-0.004058
2.703799	0.002622	0.010511	-0.003944
2.701685	0.002319	0.011263	-0.004472
2.699574	0.002797	0.010142	-0.003673
2.697466	0.002077	0.010815	-0.004369
2.695363	0.002498	0.009657	-0.003579
2.693262	0.002171	0.010061	-0.003945
2.691166	0.002712	0.011031	-0.004160
2.689072	0.002230	0.010692	-0.004231
2.686983	0.002748	0.010713	-0.003983
2.684897	0.002812	0.011271	-0.004230
2.682814	0.002890	0.010630	-0.003870
2.680735	0.002286	0.011142	-0.004428
2.678659	0.002458	0.010246	-0.003894
2.676587	0.002824	0.010600	-0.003888
2.674518	0.002165	0.010892	-0.004363
2.672453	0.002746	0.010614	-0.003934
2.670391	0.002306	0.010826	-0.004260
2.668333	0.003087	0.011188	-0.004050
2.666278	0.003405	0.010258	-0.003427
2.664226	0.002565	0.010657	-0.004046
2.662178	0.003411	0.010372	-0.003480
2.660133	0.003011	0.011006	-0.003997
2.658092	0.002148	0.011652	-0.004752
2.656054	0.003310	0.010187	-0.003439
2.654019	0.002124	0.010594	-0.004235
2.651988	0.003314	0.010142	-0.003414
2.649960	0.003509	0.010603	-0.003547
2.647936	0.003534	0.010455	-0.003460
2.645915	0.002523	0.011028	-0.004252
2.643897	0.002946	0.010941	-0.003997
2.641882	0.003274	0.011345	-0.004036
2.639871	0.003674	0.010949	-0.003638
2.637863	0.003881	0.010957	-0.003538
2.635859	0.003631	0.011190	-0.003780
2.633857	0.002869	0.011348	-0.004239
2.631859	0.003922	0.010386	-0.003232
2.629865	0.003322	0.010741	-0.003710
2.627873	0.003458	0.010804	-0.003673
2.625885	0.003569	0.011240	-0.003836
2.623900	0.003756	0.011189	-0.003717
2.621919	0.003404	0.010858	-0.003727
2.619940	0.004168	0.011048	-0.003440
2.617965	0.004171	0.010750	-0.003290
2.615993	0.004168	0.011061	-0.003447
2.614025	0.004124	0.010907	-0.003392
2.612059	0.004386	0.010848	-0.003231
2.610097	0.004302	0.010839	-0.003269
2.608138	0.004361	0.010551	-0.003095
2.606182	0.004328	0.010917	-0.003295
2.604229	0.004016	0.011293	-0.003638
2.602280	0.004355	0.011005	-0.003325
2.600333	0.004006	0.010759	-0.003377
2.598390	0.003966	0.010681	-0.003358
2.596450	0.004115	0.011062	-0.003473
2.594513	0.004089	0.011001	-0.003456
2.592579	0.004428	0.010958	-0.003265
2.590648	0.004632	0.011122	-0.003245
2.588721	0.004324	0.011143	-0.003410
2.586796	0.004674	0.011074	-0.003200
2.584875	0.004050	0.010908	-0.003429
2.582957	0.004368	0.010912	-0.003272
2.581042	0.004479	0.010675	-0.003098
2.579130	0.004423	0.010536	-0.003057
2.577221	0.004651	0.011405	-0.003377
2.575315	0.004805	0.011061	-0.003128
2.573412	0.004842	0.011013	-0.003085
2.571512	0.004831	0.010989	-0.003079
2.569615	0.004636	0.011039	-0.003201
2.567722	0.004565	0.011492	-0.003463
2.565831	0.005186	0.011128	-0.002971
2.563943	0.004757	0.010998	-0.003121
2.562058	0.005118	0.011024	-0.002953
2.560177	0.005016	0.011135	-0.003060
2.558298	0.004992	0.011131	-0.003069
2.556423	0.005029	0.010832	-0.002901
2.554550	0.005295	0.011307	-0.003006
2.552680	0.005142	0.011103	-0.002981
2.550813	0.005646	0.010996	-0.002675
2.548950	0.005496	0.011000	-0.002752
2.547089	0.004824	0.010745	-0.002960
2.545231	0.005043	0.011053	-0.003005
2.543376	0.005452	0.010938	-0.002743
2.541524	0.005133	0.011384	-0.003126
2.539675	0.005235	0.011120	-0.002943
2.537829	0.005494	0.010825	-0.002666
2.535986	0.005466	0.010989	-0.002762
2.534146	0.005487	0.010757	-0.002635
2.532308	0.005220	0.011085	-0.002932
2.530474	0.005402	0.010787	-0.002692
2.528642	0.006042	0.010954	-0.002456
2.526814	0.005584	0.011105	-0.002761
2.524988	0.005527	0.010715	-0.002594
2.523165	0.005652	0.010679	-0.002514
2.521345	0.005739	0.010679	-0.002470
2.519528	0.005705	0.010563	-0.002429
2.517714	0.005763	0.010850	-0.002544
2.515902	0.006120	0.010965	-0.002422
2.514093	0.005476	0.011282	-0.002903
2.512288	0.005932	0.010785	-0.002426
2.510485	0.005713	0.011249	-0.002768
2.508684	0.006023	0.011078	-0.002527
2.506887	0.005926	0.010767	-0.002420
2.505092	0.005779	0.010903	-0.002562
2.503301	0.006291	0.011099	-0.002404
2.501512	0.005920	0.010995	-0.002537
2.499726	0.006473	0.011072	-0.002300
2.497942	0.006203	0.011094	-0.002446
2.496162	0.005661	0.010716	-0.002528
2.494384	0.005929	0.010707	-0.002389
2.492609	0.006020	0.010657	-0.002318
2.490836	0.005727	0.010620	-0.002447
2.489067	0.005911	0.010075	-0.002082
2.487300	0.005619	0.010396	-0.002388
2.485536	0.005990	0.010377	-0.002193
2.483774	0.006561	0.010482	-0.001961
2.482016	0.005759	0.010797	-0.002519
2.480260	0.005828	0.010647	-0.002410
2.478507	0.006658	0.010221	-0.001782
2.476756	0.006447	0.010673	-0.002113
2.475008	0.006132	0.010041	-0.001954
2.473263	0.006178	0.010141	-0.001982
2.471521	0.006744	0.010219	-0.001737
2.469781	0.006583	0.010549	-0.001983
2.468044	0.006531	0.011000	-0.002234
2.466309	0.006324	0.010185	-0.001931
2.464578	0.006049	0.009874	-0.001913
2.462848	0.006803	0.010508	-0.001852
2.461122	0.006525	0.010232	-0.001853
2.459398	0.006541	0.010117	-0.001788
2.457677	0.006588	0.010563	-0.001988
2.455958	0.006589	0.010720	-0.002065
2.454243	0.006215	0.010604	-0.002194
2.452529	0.006933	0.010337	-0.001702
2.450819	0.006067	0.010535	-0.002234
2.449111	0.007479	0.009989	-0.001255
2.447405	0.007045	0.009930	-0.001442
2.445702	0.006790	0.010321	-0.001766
2.444002	0.006683	0.009940	-0.001629
2.442304	0.006926	0.009852	-0.001463
2.440609	0.007178	0.010424	-0.001623
2.438917	0.007470	0.010658	-0.001594
2.437227	0.007320	0.010583	-0.001631
2.435539	0.006909	0.010177	-0.001634
2.433854	0.007235	0.010622	-0.001694
2.432172	0.007022	0.010645	-0.001811
2.430492	0.007388	0.010180	-0.001396
2.428815	0.006973	0.009878	-0.001453
2.427140	0.007010	0.009895	-0.001443
2.425468	0.007476	0.010199	-0.001362
2.423799	0.007513	0.010478	-0.001482
2.422131	0.007401	0.010338	-0.001469
2.420467	0.007289	0.011112	-0.001911
2.418805	0.006819	0.010757	-0.001969
2.417145	0.007537	0.010663	-0.001563
2.415488	0.007029	0.010314	-0.001642
2.413833	0.007479	0.010586	-0.001553
2.412181	0.007476	0.010510	-0.001517
2.410532	0.007510	0.010802	-0.001646
2.408884	0.007569	0.010415	-0.001423
2.407240	0.007642	0.010697	-0.001527
2.405598	0.007559	0.010119	-0.001280
2.403958	0.007759	0.010968	-0.001604
2.402320	0.007914	0.010714	-0.001400
2.400685	0.008028	0.010066	-0.001019
2.399053	0.007811	0.009797	-0.000993
2.397423	0.007299	0.010856	-0.001779
2.395795	0.007534	0.010461	-0.001464
2.394170	0.007688	0.010955	-0.001633
2.392547	0.008966	0.010284	-0.000659
2.390927	0.008055	0.010336	-0.001140
2.389309	0.007769	0.010363	-0.001297
2.387694	0.007826	0.010481	-0.001328
2.386081	0.008427	0.010733	-0.001153
2.384470	0.007677	0.010658	-0.001490
2.382861	0.007832	0.011054	-0.001611
2.381255	0.008176	0.011054	-0.001439
2.379652	0.008805	0.010803	-0.000999
2.378051	0.007755	0.010885	-0.001565
2.376452	0.007972	0.010354	-0.001191
2.374855	0.007897	0.010568	-0.001336
2.373261	0.008014	0.010704	-0.001345
2.371669	0.007818	0.010866	-0.001524
2.370080	0.008261	0.011055	-0.001397
2.368493	0.008208	0.010722	-0.001257
2.366908	0.008152	0.010161	-0.001005
2.365326	0.007918	0.010381	-0.001231
2.363745	0.008454	0.011172	-0.001359
2.362168	0.008248	0.011072	-0.001412
2.360592	0.007954	0.010499	-0.001272
2.359019	0.008398	0.010658	-0.001130
2.357448	0.007807	0.011454	-0.001823
2.355880	0.007990	0.011348	-0.001679
2.354313	0.007884	0.011407	-0.001761
2.352749	0.008376	0.011290	-0.001457
2.351188	0.008254	0.011719	-0.001733
2.349628	0.008016	0.010775	-0.001380
2.348071	0.008734	0.011326	-0.001296
2.346516	0.007907	0.010740	-0.001417
2.344964	0.008614	0.010739	-0.001063
2.343413	0.008776	0.011176	-0.001200
2.341865	0.008583	0.010705	-0.001061
2.340319	0.008425	0.011084	-0.001330
2.338776	0.008764	0.011834	-0.001535
2.337235	0.007921	0.011247	-0.001663
2.335695	0.008535	0.011256	-0.001360
2.334159	0.008677	0.011067	-0.001195
2.332624	0.008930	0.011941	-0.001505
2.331091	0.008479	0.010908	-0.001215
2.329561	0.008798	0.011215	-0.001209
2.328033	0.008782	0.011140	-0.001179
2.326508	0.008851	0.011109	-0.001129
2.324984	0.008713	0.011791	-0.001539
2.323463	0.008792	0.011431	-0.001320
2.321943	0.008214	0.011215	-0.001501
2.320426	0.008551	0.011789	-0.001619
2.318912	0.008978	0.011395	-0.001208
2.317399	0.008246	0.011100	-0.001427
2.315888	0.009073	0.011759	-0.001343
2.314380	0.009141	0.012340	-0.001599
2.312874	0.008547	0.011892	-0.001673
2.311370	0.008773	0.011769	-0.001498
2.309868	0.009289	0.013332	-0.002022
2.308369	0.009386	0.012342	-0.001478
2.306871	0.009387	0.012045	-0.001329
2.305376	0.009042	0.012325	-0.001642
2.303883	0.009658	0.011981	-0.001162
2.302392	0.008398	0.012271	-0.001937
2.300903	0.008937	0.011701	-0.001382
2.299416	0.009599	0.012028	-0.001214
2.297931	0.009179	0.011809	-0.001315
2.296449	0.009057	0.012542	-0.001742
2.294968	0.008844	0.011787	-0.001472
2.293490	0.009431	0.012524	-0.001546
2.292013	0.009440	0.012367	-0.001463
2.290539	0.008845	0.012402	-0.001778
2.289067	0.009480	0.011999	-0.001260
2.287597	0.008782	0.012141	-0.001679
2.286129	0.007964	0.012309	-0.002172
2.284664	0.008344	0.011590	-0.001623
2.283200	0.008843	0.011908	-0.001532
2.281738	0.008964	0.012428	-0.001732
2.280279	0.008705	0.013602	-0.002448
2.278821	0.008741	0.012753	-0.002006
2.277366	0.008696	0.011940	-0.001622
2.275912	0.008819	0.011693	-0.001437
2.274461	0.008019	0.013275	-0.002628
2.273012	0.009348	0.012631	-0.001641
2.271564	0.008061	0.012343	-0.002141
2.270119	0.008883	0.012454	-0.001786
2.268676	0.009281	0.012522	-0.001620
2.267235	0.009360	0.012087	-0.001364
2.265796	0.009641	0.013087	-0.001723
2.264359	0.008497	0.012799	-0.002151
2.262923	0.009237	0.013432	-0.002097
2.261490	0.008800	0.013374	-0.002287
2.260059	0.009219	0.013556	-0.002169
2.258630	0.008483	0.013175	-0.002346
2.257203	0.008882	0.013164	-0.002141
2.255778	0.008462	0.013714	-0.002626
2.254355	0.008523	0.012606	-0.002041
2.252934	0.009049	0.012914	-0.001932
2.251515	0.009377	0.012696	-0.001659
2.250098	0.009214	0.013650	-0.002218
2.248683	0.009219	0.013639	-0.002210
2.247269	0.009746	0.013278	-0.001766
2.245858	0.009717	0.013875	-0.002079
2.244449	0.009332	0.013947	-0.002308
2.243042	0.008743	0.013369	-0.002313
2.241636	0.009671	0.014128	-0.002228
2.240233	0.009308	0.014180	-0.002436
2.238832	0.009240	0.013751	-0.002256
2.237432	0.010278	0.013853	-0.001788
2.236035	0.009877	0.013745	-0.001934
2.234639	0.009676	0.012860	-0.001592
2.233245	0.008626	0.013918	-0.002646
2.231854	0.009200	0.013438	-0.002119
2.230464	0.008688	0.014355	-0.002833
2.229076	0.008867	0.013122	-0.002127
2.227690	0.008782	0.013481	-0.002349
2.226306	0.009513	0.013542	-0.002015
2.224924	0.008738	0.013884	-0.002573
2.223544	0.009552	0.014275	-0.002361
2.222165	0.009184	0.013690	-0.002253
2.220789	0.008712	0.013979	-0.002633
2.219414	0.009244	0.014621	-0.002689
2.218042	0.008961	0.013860	-0.002450
2.216671	0.008772	0.014381	-0.002804
2.215302	0.009433	0.013513	-0.002040
2.213935	0.009417	0.014919	-0.002751
2.212570	0.009919	0.014791	-0.002436
2.211207	0.009313	0.015100	-0.002893
2.209845	0.009677	0.014709	-0.002516
2.208486	0.009476	0.015131	-0.002827
2.207128	0.010197	0.015111	-0.002457
2.205772	0.009882	0.015155	-0.002637
2.204418	0.009603	0.015157	-0.002777
2.203066	0.008656	0.015521	-0.003433
2.201716	0.010281	0.014624	-0.002172
2.200367	0.009436	0.014980	-0.002772
2.199021	0.009819	0.014905	-0.002543
2.197676	0.009706	0.014782	-0.002538
2.196333	0.009828	0.015158	-0.002665
2.194992	0.008873	0.015273	-0.003200
2.193653	0.009904	0.014662	-0.002379
2.192315	0.009291	0.015329	-0.003019
2.190980	0.008723	0.014865	-0.003071
2.189646	0.009975	0.015273	-0.002649
2.188314	0.009221	0.015508	-0.003144
2.186984	0.009056	0.015891	-0.003418
2.185655	0.009133	0.015516	-0.003192
2.184328	0.009315	0.015936	-0.003310
2.183004	0.009757	0.015734	-0.002989
2.181681	0.009729	0.015387	-0.002829
2.180359	0.009327	0.015510	-0.003092
2.179040	0.009701	0.016197	-0.003248
2.177722	0.008835	0.015901	-0.003533
2.176406	0.010020	0.016196	-0.003088
2.175092	0.009135	0.015631	-0.003248
2.173780	0.008877	0.015864	-0.003493
2.172469	0.010342	0.016614	-0.003136
2.171160	0.009858	0.016732	-0.003437
2.169853	0.009749	0.015059	-0.002655
2.168548	0.009734	0.015906	-0.003086
2.167244	0.009050	0.016288	-0.003619
2.165943	0.009318	0.016841	-0.003762
2.164643	0.009636	0.016053	-0.003209
2.163344	0.009537	0.015931	-0.003197
2.162048	0.009040	0.016126	-0.003543
2.160753	0.009089	0.016757	-0.003834
2.159460	0.008935	0.016973	-0.004019
2.158168	0.009046	0.016768	-0.003861
2.156879	0.008822	0.016522	-0.003850
2.155591	0.009547	0.016379	-0.003416
2.154304	0.009677	0.016144	-0.003234
2.153020	0.009853	0.017113	-0.003630
2.151737	0.010087	0.017022	-0.003467
2.150456	0.009586	0.016525	-0.003469
2.149177	0.008731	0.016862	-0.004066
2.147899	0.009325	0.017626	-0.004150
2.146623	0.009269	0.017629	-0.004180
2.145349	0.009486	0.017029	-0.003771
2.144076	0.010117	0.017479	-0.003681
2.142805	0.009606	0.017565	-0.003980
2.141536	0.008783	0.016933	-0.004075
2.140268	0.009612	0.017473	-0.003931
2.139002	0.009773	0.017340	-0.003783
2.137738	0.009142	0.017635	-0.004246
2.136476	0.009559	0.017337	-0.003889
2.135215	0.009827	0.017507	-0.003840
2.133956	0.009122	0.017706	-0.004292
2.132698	0.008595	0.017494	-0.004450
2.131442	0.008675	0.017333	-0.004329
2.130188	0.008808	0.017233	-0.004212
2.128935	0.009219	0.017088	-0.003934
2.127684	0.008792	0.017723	-0.004465
2.126435	0.009117	0.018337	-0.004610
2.125187	0.008968	0.018660	-0.004846
2.123941	0.009058	0.018494	-0.004718
2.122697	0.009433	0.017516	-0.004041
2.121454	0.008888	0.018429	-0.004771
2.120213	0.009782	0.018796	-0.004507
2.118974	0.009804	0.018001	-0.004099
2.117736	0.009100	0.017683	-0.004291
2.116500	0.010267	0.018743	-0.004238
2.115265	0.009253	0.018321	-0.004534
2.114032	0.009377	0.018180	-0.004402
2.112801	0.010178	0.018709	-0.004265
2.111571	0.009980	0.018747	-0.004383
2.110343	0.008485	0.019036	-0.005276
2.109116	0.010015	0.018750	-0.004367
2.107891	0.009535	0.018896	-0.004681
2.106668	0.009103	0.018344	-0.004620
2.105446	0.009537	0.018879	-0.004671
2.104226	0.009868	0.018874	-0.004503
2.103007	0.009894	0.018546	-0.004326
2.101790	0.010026	0.018744	-0.004359
2.100575	0.009057	0.019173	-0.005058
2.099361	0.010485	0.019023	-0.004269
2.098149	0.009413	0.018744	-0.004666
2.096938	0.009966	0.018704	-0.004369
2.095729	0.009383	0.019919	-0.005268
2.094521	0.009632	0.019925	-0.005147
2.093315	0.009785	0.019148	-0.004682
2.092111	0.009531	0.019399	-0.004934
2.090908	0.009364	0.018967	-0.004802
2.089707	0.009923	0.019235	-0.004656
2.088507	0.009738	0.018584	-0.004423
2.087309	0.009052	0.019630	-0.005289
2.086112	0.009322	0.019122	-0.004900
2.084917	0.009649	0.019426	-0.004888
2.083723	0.009626	0.019575	-0.004974
2.082531	0.009505	0.020026	-0.005260
2.081341	0.009221	0.019265	-0.005022
2.080152	0.009705	0.019311	-0.004803
2.078964	0.009606	0.019367	-0.004881
2.077778	0.009025	0.019763	-0.005369
2.076594	0.009903	0.019029	-0.004563
2.075411	0.009724	0.019435	-0.004855
2.074230	0.009257	0.019782	-0.005262
2.073050	0.009623	0.019583	-0.004980
2.071871	0.010192	0.019688	-0.004748
2.070694	0.009704	0.019282	-0.004789
2.069519	0.009710	0.019637	-0.004963
2.068345	0.009470	0.019516	-0.005023
2.067173	0.010415	0.019847	-0.004716
2.066002	0.010058	0.019226	-0.004584
2.064833	0.009866	0.020213	-0.005174
2.063665	0.009916	0.019988	-0.005036
2.062498	0.009631	0.020583	-0.005476
2.061333	0.009721	0.019615	-0.004947
2.060170	0.009914	0.019725	-0.004906
2.059008	0.009308	0.019853	-0.005272
2.057848	0.009765	0.020065	-0.005150
2.056689	0.009588	0.020244	-0.005328
2.055531	0.009681	0.020021	-0.005170
2.054375	0.009202	0.019596	-0.005197
2.053221	0.009464	0.019834	-0.005185
2.052067	0.009670	0.020711	-0.005521
2.050916	0.009124	0.020985	-0.005931
2.049766	0.009787	0.020361	-0.005287
2.048617	0.010318	0.020617	-0.005149
2.047470	0.010373	0.021087	-0.005357
2.046324	0.009801	0.020971	-0.005585
2.045179	0.009772	0.020560	-0.005394
2.044036	0.010243	0.021241	-0.005499
2.042895	0.009887	0.020440	-0.005277
2.041755	0.009843	0.020941	-0.005549
2.040616	0.009291	0.020409	-0.005559
2.039479	0.009725	0.020901	-0.005588
2.038343	0.010115	0.020774	-0.005329
2.037209	0.010005	0.020706	-0.005350
2.036076	0.009219	0.020984	-0.005883
2.034945	0.008993	0.021623	-0.006315
2.033815	0.010026	0.021717	-0.005846
2.032686	0.009261	0.021559	-0.006149
2.031559	0.010121	0.020700	-0.005289
2.030433	0.009348	0.021155	-0.005903
2.029309	0.008857	0.021048	-0.006096
2.028186	0.009648	0.021244	-0.005798
2.027064	0.009531	0.021148	-0.005809
2.025944	0.009628	0.020858	-0.005615
2.024825	0.010041	0.020854	-0.005406
2.023708	0.009395	0.021572	-0.006088
2.022592	0.009684	0.021559	-0.005938
2.021477	0.009923	0.021533	-0.005805
2.020364	0.009235	0.021498	-0.006132
2.019252	0.009113	0.022382	-0.006634
2.018142	0.009387	0.022407	-0.006510
2.017033	0.010173	0.021474	-0.005651
2.015925	0.008634	0.022334	-0.006850
2.014819	0.009633	0.021863	-0.006115
2.013714	0.010240	0.020783	-0.005272
2.012610	0.009545	0.021635	-0.006045
2.011508	0.010133	0.022365	-0.006116
2.010407	0.009556	0.022157	-0.006300
2.009308	0.009403	0.021616	-0.006107
2.008210	0.009595	0.021852	-0.006129
2.007113	0.009831	0.022198	-0.006183
2.006018	0.009539	0.022296	-0.006379
2.004924	0.009848	0.022343	-0.006247
2.003831	0.009179	0.022154	-0.006488
2.002740	0.009463	0.022611	-0.006574
2.001650	0.009762	0.021958	-0.006098
2.000561	0.010241	0.022237	-0.005998
1.999474	0.010035	0.022474	-0.006219
1.998388	0.010123	0.022706	-0.006292
1.997303	0.009011	0.023430	-0.007210
1.996220	0.009873	0.022412	-0.006270
1.995138	0.009689	0.022445	-0.006378
1.994058	0.008833	0.023202	-0.007185
1.992978	0.009284	0.023212	-0.006964
1.991901	0.008997	0.023037	-0.007020
1.990824	0.008757	0.023402	-0.007322
1.989749	0.010113	0.023493	-0.006690
1.988675	0.009691	0.023634	-0.006971
1.987602	0.009421	0.023562	-0.007070
1.986531	0.010290	0.023179	-0.006445
1.985461	0.009577	0.023538	-0.006980
1.984392	0.009526	0.022904	-0.006689
1.983325	0.009023	0.022608	-0.006793
1.982259	0.009617	0.024886	-0.007635
1.981194	0.009676	0.023732	-0.007028
1.980130	0.009112	0.024252	-0.007570
1.979068	0.009055	0.023588	-0.007267
1.978007	0.008448	0.023416	-0.007484
1.976948	0.009125	0.024698	-0.007787
1.975889	0.009387	0.023781	-0.007197
1.974832	0.009307	0.023986	-0.007340
1.973777	0.009415	0.024718	-0.007651
1.972722	0.009503	0.024186	-0.007341
1.971669	0.009170	0.024475	-0.007652
1.970617	0.009305	0.025015	-0.007855
1.969566	0.009520	0.024735	-0.007608
1.968517	0.008678	0.024503	-0.007913
1.967469	0.008288	0.024984	-0.008348
1.966422	0.008517	0.024264	-0.007873
1.965377	0.009073	0.024312	-0.007620
1.964333	0.008491	0.025184	-0.008347
1.963290	0.008830	0.024548	-0.007859
1.962248	0.008737	0.025137	-0.008200
1.961207	0.008688	0.025648	-0.008480
1.960168	0.009204	0.024494	-0.007645
1.959130	0.009263	0.025093	-0.007915
1.958094	0.008742	0.025067	-0.008163
1.957058	0.009611	0.025391	-0.007890
1.956024	0.008397	0.025546	-0.008574
1.954991	0.009089	0.025148	-0.008029
1.953959	0.008165	0.025292	-0.008563
1.952929	0.008153	0.024902	-0.008375
1.951900	0.008542	0.024604	-0.008031
1.950872	0.008881	0.024805	-0.007962
1.949845	0.008343	0.025219	-0.008438
1.948819	0.008194	0.025830	-0.008818
1.947795	0.007502	0.024610	-0.008554
1.946772	0.008531	0.025693	-0.008581
1.945750	0.008353	0.025934	-0.008790
1.944729	0.008488	0.025470	-0.008491
1.943710	0.008105	0.025636	-0.008765
1.942692	0.008357	0.025950	-0.008797
1.941675	0.008776	0.025830	-0.008527
1.940659	0.008297	0.026212	-0.008957
1.939645	0.008904	0.026462	-0.008779
1.938631	0.008025	0.026817	-0.009396
1.937619	0.007132	0.026223	-0.009545
1.936608	0.007719	0.026391	-0.009336
1.935599	0.007311	0.025910	-0.009299
1.934590	0.006968	0.026409	-0.009720
1.933583	0.007655	0.026348	-0.009346
1.932577	0.007512	0.026065	-0.009276
1.931572	0.008164	0.026553	-0.009194
1.930568	0.007788	0.026391	-0.009301
1.929566	0.007546	0.026571	-0.009513
1.928565	0.007264	0.026875	-0.009805
1.927565	0.008038	0.026605	-0.009283
1.926566	0.008285	0.026715	-0.009215
1.925568	0.008177	0.026373	-0.009098
1.924571	0.007559	0.025832	-0.009136
1.923576	0.008165	0.026927	-0.009381
1.922582	0.007705	0.027305	-0.009800
1.921589	0.007290	0.026508	-0.009609
1.920597	0.007732	0.027030	-0.009649
1.919606	0.007959	0.027587	-0.009814
1.918617	0.008287	0.027257	-0.009485
1.917629	0.007771	0.027124	-0.009676
1.916641	0.007788	0.026221	-0.009217
1.915655	0.007248	0.026972	-0.009862
1.914671	0.007653	0.027496	-0.009921
1.913687	0.007275	0.027337	-0.010031
1.912704	0.007921	0.027541	-0.009810
1.911723	0.007680	0.027974	-0.010147
1.910743	0.007711	0.027543	-0.009916
1.909764	0.007220	0.027484	-0.010132
1.908786	0.007154	0.027033	-0.009939
1.907809	0.007772	0.026949	-0.009589
1.906834	0.007838	0.027594	-0.009878
1.905859	0.006927	0.028210	-0.010642
1.904886	0.007404	0.027196	-0.009896
1.903914	0.007205	0.027802	-0.010299
1.902943	0.007603	0.028247	-0.010322
1.901973	0.007835	0.027771	-0.009968
1.901004	0.007117	0.028881	-0.010882
1.900036	0.007367	0.028700	-0.010666
1.899070	0.007554	0.027159	-0.009803
1.898105	0.008085	0.028043	-0.009979
1.897140	0.007448	0.028294	-0.010423
1.896177	0.007415	0.029236	-0.010911
1.895215	0.007710	0.028218	-0.010254
1.894254	0.006841	0.028215	-0.010687
1.893295	0.007776	0.027662	-0.009943
1.892336	0.007236	0.027557	-0.010161
1.891378	0.007307	0.027802	-0.010247
1.890422	0.006608	0.028552	-0.010972
1.889467	0.006383	0.028671	-0.011144
1.888513	0.006259	0.029214	-0.011478
1.887560	0.006808	0.029326	-0.011259
1.886608	0.007827	0.029103	-0.010638
1.885657	0.007378	0.029299	-0.010961
1.884707	0.006968	0.029580	-0.011306
1.883758	0.007214	0.029234	-0.011010
1.882811	0.007549	0.028700	-0.010576
1.881864	0.007826	0.029230	-0.010702
1.880919	0.007316	0.029204	-0.010944
1.879975	0.005891	0.029370	-0.011739
1.879032	0.007476	0.028708	-0.010616
1.878090	0.006645	0.030211	-0.011783
1.877149	0.006735	0.028795	-0.011030
1.876209	0.007061	0.028732	-0.010836
1.875270	0.006866	0.028502	-0.010818
1.874332	0.007094	0.030069	-0.011487
1.873396	0.006570	0.028712	-0.011071
1.872460	0.006658	0.029463	-0.011403
1.871525	0.007169	0.029725	-0.011278
1.870592	0.006857	0.028731	-0.010937
1.869660	0.006629	0.029145	-0.011258
1.868728	0.006463	0.030112	-0.011824
1.867798	0.006773	0.029844	-0.011535
1.866869	0.006601	0.030225	-0.011812
1.865941	0.006024	0.030327	-0.012152
1.865014	0.007092	0.029507	-0.011208
1.864088	0.006629	0.029997	-0.011684
1.863163	0.006282	0.030076	-0.011897
1.862239	0.007136	0.030239	-0.011551
1.861317	0.006799	0.030501	-0.011851
1.860395	0.007792	0.030388	-0.011298
1.859474	0.006623	0.030732	-0.012054
1.858555	0.006663	0.029848	-0.011592
1.857636	0.006955	0.029683	-0.011364
1.856719	0.006854	0.030955	-0.012051
1.855802	0.006250	0.030889	-0.012320
1.854887	0.006645	0.031100	-0.012228
1.853973	0.006435	0.030576	-0.012070
1.853059	0.006351	0.031082	-0.012366
1.852147	0.006868	0.030635	-0.011884
1.851236	0.006123	0.030902	-0.012389
1.850326	0.006654	0.031631	-0.012489
1.849416	0.006830	0.030904	-0.012037
1.848508	0.007042	0.030743	-0.011851
1.847601	0.006698	0.032053	-0.012677
1.846695	0.005989	0.030666	-0.012339
1.845790	0.005441	0.031359	-0.012959
1.844886	0.006278	0.031414	-0.012568
1.843983	0.005434	0.031657	-0.013111
1.843081	0.006392	0.031370	-0.012489
1.842180	0.006319	0.031222	-0.012451
1.841280	0.006833	0.031707	-0.012437
1.840381	0.006100	0.031972	-0.012936
1.839484	0.005888	0.032595	-0.013353
1.838587	0.007060	0.032221	-0.012581
1.837691	0.005898	0.031287	-0.012695
1.836796	0.006284	0.031411	-0.012563
1.835902	0.007330	0.031694	-0.012182
1.835009	0.006618	0.032115	-0.012748
1.834118	0.006786	0.032250	-0.012732
1.833227	0.005701	0.031307	-0.012803
1.832337	0.005580	0.032351	-0.013385
1.831448	0.006992	0.031879	-0.012443
1.830560	0.006721	0.032352	-0.012816
1.829674	0.005845	0.032211	-0.013183
1.828788	0.005402	0.032090	-0.013344
1.827903	0.005385	0.031765	-0.013190
1.827019	0.005614	0.033876	-0.014131
1.826136	0.004953	0.033126	-0.014087
1.825255	0.006207	0.031334	-0.012563
1.824374	0.005864	0.032554	-0.013345
1.823494	0.006360	0.033748	-0.013694
1.822615	0.006947	0.031877	-0.012465
1.821737	0.005620	0.033811	-0.014095
1.820860	0.006930	0.032701	-0.012885
1.819984	0.007119	0.032254	-0.012568
1.819109	0.006078	0.033604	-0.013763
1.818235	0.006131	0.032398	-0.013134
1.817362	0.006261	0.032434	-0.013086
1.816490	0.005347	0.032645	-0.013649
1.815619	0.005898	0.033321	-0.013711
1.814749	0.005429	0.032098	-0.013335
1.813880	0.005617	0.031845	-0.013114
1.813012	0.004693	0.032630	-0.013968
1.812145	0.006219	0.033939	-0.013860
1.811279	0.006421	0.033091	-0.013335
1.810413	0.005650	0.033048	-0.013699
1.809549	0.005635	0.033106	-0.013735
1.808686	0.006768	0.032351	-0.012792
1.807824	0.005658	0.034191	-0.014267
1.806962	0.006374	0.034581	-0.014103
1.806102	0.006137	0.032729	-0.013296
1.805242	0.005487	0.034933	-0.014723
1.804384	0.006430	0.033709	-0.013639
1.803526	0.005615	0.033298	-0.013842
1.802670	0.005739	0.033838	-0.014049
1.801814	0.005601	0.033620	-0.014009
1.800959	0.005192	0.033658	-0.014233
1.800105	0.007017	0.033824	-0.013404
1.799252	0.006481	0.033185	-0.013352
1.798401	0.005480	0.034665	-0.014593
1.797550	0.005783	0.033073	-0.013645
1.796700	0.005217	0.034604	-0.014693
1.795851	0.005032	0.033933	-0.014451
1.795002	0.005077	0.034310	-0.014617
1.794155	0.005632	0.033978	-0.014173
1.793309	0.005384	0.033823	-0.014220
1.792464	0.006710	0.034166	-0.013728
1.791619	0.005248	0.033923	-0.014338
1.790776	0.004505	0.033012	-0.014254
1.789933	0.005546	0.034572	-0.014513
1.789092	0.004155	0.034568	-0.015206
1.788251	0.005111	0.034665	-0.014777
1.787411	0.004662	0.033849	-0.014593
1.786572	0.004437	0.034087	-0.014825
1.785734	0.005133	0.033739	-0.014303
1.784897	0.005562	0.033545	-0.013991
1.784061	0.005133	0.032518	-0.013693
1.783226	0.004086	0.033132	-0.014523
1.782392	0.004488	0.034226	-0.014869
1.781558	0.006224	0.032514	-0.013145
1.780726	0.004913	0.033375	-0.014231
1.779894	0.005167	0.033618	-0.014225
1.779064	0.004922	0.034721	-0.014900
1.778234	0.005632	0.033844	-0.014106
1.777405	0.006484	0.034730	-0.014123
1.776577	0.005274	0.033923	-0.014325
1.775750	0.004898	0.035207	-0.015155
1.774924	0.005327	0.035439	-0.015056
1.774099	0.004690	0.034182	-0.014746
1.773275	0.005362	0.034690	-0.014664
1.772451	0.005372	0.034474	-0.014551
1.771629	0.005092	0.035083	-0.014996
1.770807	0.005775	0.034610	-0.014418
1.769986	0.005242	0.034389	-0.014574
1.769167	0.005620	0.034748	-0.014564
1.768348	0.004506	0.034433	-0.014964
1.767530	0.004006	0.034327	-0.015161
1.766712	0.005145	0.035020	-0.014938
1.765896	0.005842	0.034255	-0.014207
1.765081	0.005454	0.035402	-0.014974
1.764266	0.005617	0.034021	-0.014202
1.763453	0.007005	0.035354	-0.014174
1.762640	0.005110	0.034267	-0.014578
1.761828	0.005417	0.033858	-0.014221
1.761017	0.005510	0.034384	-0.014437
1.760207	0.005845	0.033374	-0.013764
1.759398	0.005457	0.035096	-0.014819
1.758589	0.005441	0.034468	-0.014514
1.757782	0.003560	0.034191	-0.015316
1.756975	0.005066	0.033468	-0.014201
1.756169	0.004688	0.034029	-0.014671
1.755365	0.005950	0.035484	-0.014767
1.754560	0.004594	0.034301	-0.014853
1.753757	0.005750	0.034572	-0.014411
1.752955	0.005097	0.035181	-0.015042
1.752154	0.004604	0.034586	-0.014991
1.751353	0.004814	0.034130	-0.014658
1.750553	0.008012	0.035216	-0.013602
1.749755	0.007100	0.034878	-0.013889
1.748957	0.004430	0.033643	-0.014607
1.748159	0.005652	0.034642	-0.014495
1.747363	0.005518	0.033983	-0.014233
1.746568	0.006774	0.034941	-0.014083
1.745773	0.006648	0.034522	-0.013937
1.744979	0.006177	0.034113	-0.013968
1.744187	0.006561	0.035625	-0.014532
1.743395	0.005952	0.034215	-0.014131
1.742603	0.005907	0.034052	-0.014072
1.741813	0.006225	0.035042	-0.014409
1.741024	0.006234	0.035408	-0.014587
1.740235	0.006328	0.035532	-0.014602
1.739447	0.005797	0.034846	-0.014525
1.738660	0.005409	0.034695	-0.014643
1.737874	0.006444	0.034108	-0.013832
1.737089	0.006142	0.034255	-0.014056
1.736304	0.006367	0.034032	-0.013832
1.735521	0.005848	0.034230	-0.014191
1.734738	0.006407	0.033494	-0.013544
1.733956	0.005999	0.033638	-0.013819
1.733175	0.006788	0.034282	-0.013747
1.732395	0.006000	0.034225	-0.014113
1.731615	0.005505	0.034431	-0.014463
1.730837	0.007300	0.032411	-0.012556
1.730059	0.007182	0.034562	-0.013690
1.729282	0.006449	0.034692	-0.014121
1.728506	0.007281	0.033366	-0.013043
1.727730	0.005813	0.034269	-0.014228
1.726956	0.006489	0.033330	-0.013420
1.726182	0.006501	0.032130	-0.012815
1.725409	0.006939	0.032462	-0.012761
1.724637	0.007382	0.032680	-0.012649
1.723866	0.007224	0.032786	-0.012781
1.723096	0.006930	0.033975	-0.013523
1.722326	0.007794	0.032823	-0.012515
1.721557	0.006225	0.033816	-0.013795
1.720789	0.006776	0.032032	-0.012628
1.720022	0.006833	0.032071	-0.012619
1.719256	0.006313	0.033437	-0.013562
1.718490	0.009087	0.031958	-0.011435
1.717726	0.006398	0.031767	-0.012685
1.716962	0.007327	0.032530	-0.012601
1.716199	0.006964	0.031832	-0.012434
1.715436	0.006544	0.032311	-0.012884
1.714675	0.006265	0.033179	-0.013457
1.713914	0.007585	0.031709	-0.012062
1.713154	0.007165	0.031381	-0.012108
1.712395	0.007897	0.030641	-0.011372
1.711637	0.007883	0.031433	-0.011775
1.710879	0.008034	0.031182	-0.011574
1.710122	0.008203	0.030838	-0.011318
1.709366	0.006691	0.031412	-0.012360
1.708611	0.008378	0.031686	-0.011654
1.707857	0.008076	0.032218	-0.012071
1.707103	0.009202	0.032076	-0.011437
1.706351	0.008049	0.031251	-0.011601
1.705599	0.008670	0.031381	-0.011355
1.704847	0.008380	0.031344	-0.011482
1.704097	0.007748	0.032591	-0.012421
1.703347	0.008396	0.032589	-0.012096
1.702599	0.009081	0.030293	-0.010606
1.701850	0.010129	0.030276	-0.010074
1.701103	0.008525	0.031459	-0.011467
1.700357	0.007468	0.031020	-0.011776
1.699611	0.009434	0.029279	-0.009923
1.698866	0.008152	0.031687	-0.011767
1.698122	0.009078	0.030216	-0.010569
1.697378	0.008672	0.030705	-0.011017
1.696636	0.010560	0.030055	-0.009747
1.695894	0.009297	0.029766	-0.010234
1.695153	0.009621	0.029625	-0.010002
1.694412	0.009157	0.029455	-0.010149
1.693673	0.008541	0.027442	-0.009450
1.692934	0.008876	0.029504	-0.010314
1.692196	0.009410	0.028136	-0.009363
1.691459	0.008591	0.029851	-0.010630
1.690722	0.010422	0.028383	-0.008981
1.689987	0.009170	0.030431	-0.010630
1.689252	0.009748	0.032277	-0.011264
1.688518	0.010003	0.029265	-0.009631
1.687784	0.011166	0.028595	-0.008714
1.687051	0.010986	0.028475	-0.008744
1.686320	0.010722	0.028983	-0.009131
1.685588	0.008502	0.028139	-0.009819
1.684858	0.008877	0.028476	-0.009800
1.684128	0.009654	0.027102	-0.008724
1.683399	0.009724	0.028466	-0.009371
1.682671	0.008808	0.028993	-0.010092
1.681944	0.008908	0.027966	-0.009529
1.681217	0.008747	0.028838	-0.010046
1.680491	0.009550	0.026920	-0.008685
1.679766	0.009941	0.026361	-0.008210
1.679042	0.008931	0.027554	-0.009312
1.678318	0.011389	0.027352	-0.007981
1.677595	0.009818	0.026730	-0.008456
1.676873	0.011180	0.027554	-0.008187
1.676152	0.008446	0.026733	-0.009144
1.675431	0.011560	0.025543	-0.006991
1.674711	0.011227	0.028358	-0.008566
1.673992	0.010562	0.026675	-0.008057
1.673273	0.010798	0.025756	-0.007479
1.672556	0.011568	0.027385	-0.007909
1.671839	0.009533	0.026535	-0.008501
1.671122	0.010389	0.025901	-0.007756
1.670407	0.011125	0.024721	-0.006798
1.669692	0.009953	0.024789	-0.007418
1.668978	0.011247	0.026559	-0.007656
1.668265	0.010445	0.026911	-0.008233
1.667552	0.013336	0.025175	-0.005919
1.666840	0.010987	0.023380	-0.006197
1.666129	0.009353	0.026181	-0.008414
1.665418	0.008550	0.024754	-0.008102
1.664709	0.010772	0.024799	-0.007013
1.664000	0.012170	0.025490	-0.006660
1.663292	0.011020	0.023420	-0.006200
1.662584	0.012898	0.023499	-0.005301
1.661877	0.011792	0.025489	-0.006849
1.661171	0.009347	0.027084	-0.008868
1.660466	0.010862	0.024276	-0.006707
1.659761	0.011292	0.025428	-0.007068
1.659057	0.010308	0.024082	-0.006887
1.658354	0.010280	0.024367	-0.007044
1.657651	0.009295	0.025210	-0.007958
1.656950	0.010461	0.021482	-0.005510
1.656249	0.011606	0.023398	-0.005896
1.655548	0.012414	0.023558	-0.005572
1.654848	0.011075	0.023033	-0.005979
1.654150	0.011997	0.022114	-0.005059
1.653451	0.010623	0.024175	-0.006776
1.652754	0.011035	0.022589	-0.005777
1.652057	0.010417	0.021475	-0.005529
1.651361	0.010995	0.022049	-0.005527
1.650665	0.010537	0.023577	-0.006520
1.649971	0.010514	0.020566	-0.005026
1.649277	0.012425	0.023198	-0.005387
1.648583	0.011987	0.023767	-0.005890
1.647891	0.011666	0.022377	-0.005356
1.647199	0.011052	0.020261	-0.004604
1.646508	0.011589	0.022488	-0.005449
1.645817	0.011652	0.022629	-0.005489
1.645127	0.012498	0.023548	-0.005525
1.644438	0.013315	0.021392	-0.004039
1.643750	0.011638	0.022481	-0.005422
1.643062	0.012776	0.021238	-0.004231
1.642375	0.011531	0.023024	-0.005746
1.641689	0.013915	0.020095	-0.003090
1.641003	0.012111	0.020161	-0.004025
1.640318	0.012902	0.022270	-0.004684
1.639634	0.013226	0.018571	-0.002672
1.638950	0.013737	0.020940	-0.003602
1.638267	0.013147	0.020821	-0.003837
1.637585	0.012396	0.020787	-0.004196
1.636903	0.013534	0.019868	-0.003167
1.636222	0.011846	0.020884	-0.004519
1.635542	0.012175	0.022302	-0.005064
1.634863	0.012254	0.022966	-0.005356
1.634184	0.014060	0.019521	-0.002730
1.633506	0.012064	0.018346	-0.003141
1.632828	0.012979	0.021642	-0.004331
1.632151	0.013841	0.018857	-0.002508
1.631475	0.014143	0.019650	-0.002753
1.630800	0.011250	0.021146	-0.004948
1.630125	0.013466	0.021969	-0.004251
1.629451	0.016292	0.019651	-0.001680
1.628778	0.011636	0.019056	-0.003710
1.628105	0.012726	0.020825	-0.004050
1.627433	0.012606	0.018533	-0.002963
1.626761	0.013840	0.018921	-0.002540
1.626091	0.013039	0.018124	-0.002542
1.625421	0.014996	0.018406	-0.001705
1.624751	0.015283	0.018910	-0.001813
1.624083	0.013765	0.020364	-0.003299
1.623414	0.011738	0.017928	-0.003095
1.622747	0.014078	0.016905	-0.001414
1.622080	0.012905	0.021055	-0.004075
1.621414	0.016575	0.016686	-0.000055
1.620749	0.015021	0.018371	-0.001675
1.620084	0.011722	0.015309	-0.001794
1.619420	0.012347	0.019115	-0.003384
1.618757	0.013245	0.018753	-0.002754
1.618094	0.014928	0.019314	-0.002193
1.617432	0.013125	0.016485	-0.001680
1.616770	0.013751	0.016256	-0.001252
1.616109	0.012242	0.018597	-0.003178
1.615449	0.013279	0.015761	-0.001241
1.614790	0.012462	0.014289	-0.000913
1.614131	0.014380	0.017024	-0.001322
1.613473	0.017382	0.017660	-0.000139
1.612815	0.012796	0.015711	-0.001457
1.612158	0.014183	0.015372	-0.000595
1.611502	0.015563	0.014753	0.000405
1.610846	0.011665	0.018152	-0.003243
1.610191	0.013658	0.016230	-0.001286
1.609537	0.012021	0.014393	-0.001186
1.608883	0.014120	0.014219	-0.000049
1.608230	0.015110	0.015101	0.000005
1.607578	0.016568	0.014815	0.000877
1.606926	0.011670	0.014746	-0.001538
1.606275	0.015379	0.013852	0.000764
1.605625	0.012603	0.013516	-0.000456
1.604975	0.013719	0.014235	-0.000258
1.604326	0.014008	0.014680	-0.000336
1.603677	0.015724	0.011374	0.002175
1.603029	0.015018	0.013838	0.000590
1.602382	0.011149	0.011710	-0.000280
1.601735	0.011866	0.012110	-0.000122
1.601089	0.010122	0.013515	-0.001697
1.600444	0.014465	0.015210	-0.000373
1.599799	0.013220	0.014175	-0.000477
1.599155	0.013480	0.012561	0.000459
1.598512	0.012881	0.012487	0.000197
1.597869	0.010584	0.013862	-0.001639
1.597227	0.015047	0.011449	0.001799
1.596585	0.014419	0.010725	0.001847
1.595944	0.012876	0.011093	0.000891
1.595304	0.016134	0.008929	0.003602
1.594664	0.017346	0.011545	0.002900
1.594025	0.010933	0.011829	-0.000448
1.593386	0.011519	0.012432	-0.000457
1.592749	0.013739	0.011518	0.001110
1.592111	0.011694	0.012605	-0.000455
1.591475	0.013086	0.012768	0.000159
1.590839	0.011883	0.013870	-0.000994
1.590203	0.011459	0.011791	-0.000166
1.589569	0.013557	0.014923	-0.000683
1.588935	0.011264	0.010783	0.000240
1.588301	0.013479	0.008258	0.002610
1.587668	0.015064	0.009383	0.002841
1.587036	0.014021	0.008622	0.002700
1.586404	0.011714	0.009913	0.000901
1.585773	0.014583	0.011163	0.001710
1.585143	0.013565	0.010589	0.001488
1.584513	0.012326	0.014422	-0.001048
1.583884	0.009295	0.013098	-0.001902
1.583255	0.010368	0.010668	-0.000150
1.582627	0.013889	0.009102	0.002394
1.582000	0.010725	0.005970	0.002377
1.581373	0.010304	0.012133	-0.000915
1.580747	0.011497	0.010637	0.000430
1.580121	0.016037	0.009886	0.003076
1.579496	0.012750	0.009094	0.001828
1.578872	0.007718	0.008034	-0.000158
1.578248	0.016032	0.010835	0.002598
1.577625	0.013172	0.007054	0.003059
1.577002	0.011970	0.011253	0.000358
1.576380	0.012736	0.009288	0.001724
1.575759	0.006217	0.005584	0.000316
1.575138	0.013005	0.008556	0.002224
1.574518	0.009208	0.003642	0.002783
1.573899	0.011293	0.007554	0.001870
1.573280	0.009756	0.009087	0.000335
1.572661	0.012125	0.010949	0.000588
1.572044	0.011157	0.006438	0.002360
1.571426	0.014350	0.007650	0.003350
1.570810	0.013759	0.008396	0.002681
1.570194	0.012016	0.007531	0.002242
1.569578	0.013774	0.002553	0.005611
1.568964	0.012599	0.004453	0.004073
1.568349	0.011172	0.007516	0.001828
1.567736	0.009666	0.006786	0.001440
1.567123	0.012823	0.006648	0.003087
1.566510	0.012861	0.006272	0.003295
1.565899	0.007640	0.005062	0.001289
1.565287	0.007163	0.007282	-0.000059
1.564677	0.011292	0.002760	0.004266
1.564066	0.007159	0.006245	0.000457
1.563457	0.010433	0.002116	0.004158
1.562848	0.010486	0.003521	0.003483
1.562240	0.007944	0.001842	0.003051
1.561632	0.012228	0.006615	0.002806
1.561025	0.011743	0.004189	0.003777
1.560418	0.013543	0.006889	0.003327
1.559812	0.011442	0.004484	0.003479
1.559207	0.012946	0.004454	0.004246
1.558602	0.012159	0.009232	0.001463
1.557997	0.013127	-0.001868	0.007497
1.557394	0.017156	0.006415	0.005371
1.556791	0.007941	0.003001	0.002470
1.556188	0.012385	0.003737	0.004324
1.555586	0.014134	0.007246	0.003444
1.554985	0.010403	0.006047	0.002178
1.554384	0.010009	0.008326	0.000842
1.553783	0.011220	0.006618	0.002301
1.553184	0.008689	0.000089	0.004300
1.552585	0.010961	0.000678	0.005141
1.551986	0.014169	0.000010	0.007079
1.551388	0.008734	0.005212	0.001761
1.550791	0.010257	0.000782	0.004738
1.550194	0.011517	0.001333	0.005092
1.549597	0.010333	0.003720	0.003307
1.549002	0.013428	0.004590	0.004419
1.548406	0.006936	0.006220	0.000358
1.547812	0.010332	0.005875	0.002228
1.547218	0.008396	0.004004	0.002196
1.546624	0.010681	0.002192	0.004245
1.546031	0.009186	-0.001981	0.005583
1.545439	0.015092	0.006948	0.004072
1.544847	0.007278	0.006342	0.000468
1.544256	0.007663	0.008009	-0.000173
1.543665	0.010243	-0.003352	0.006798
1.543075	0.007193	-0.001513	0.004353
1.542486	0.005621	0.000089	0.002766
1.541897	0.011193	0.000521	0.005336
1.541308	0.010724	0.005604	0.002560
1.540720	0.010683	0.001235	0.004724
1.540133	0.009523	-0.000653	0.005088
1.539546	0.009284	0.004775	0.002254
1.538960	0.013724	0.003242	0.005241
1.538374	0.012678	-0.001832	0.007255
1.537789	0.007175	-0.000083	0.003629
1.537204	0.005661	0.001487	0.002087
1.536620	0.006351	0.001933	0.002209
1.536037	0.006401	-0.001724	0.004062
1.535454	0.011544	0.003048	0.004248
1.534872	0.005540	0.000652	0.002444
1.534290	0.010785	-0.000328	0.005557
1.533708	0.003946	0.001249	0.001349
1.533128	0.008121	-0.003275	0.005698
1.532548	0.006435	0.002529	0.001953
1.531968	0.005586	-0.003654	0.004620
1.531389	0.006664	0.001484	0.002590
1.530810	0.005260	0.003291	0.000985
1.530232	0.008207	0.004893	0.001657
1.529655	0.006650	-0.001986	0.004318
1.529078	0.007709	-0.004066	0.005888
1.528501	0.009724	-0.001920	0.005822
1.527925	0.005013	-0.000029	0.002521
1.527350	0.008705	-0.004361	0.006533
1.526775	0.010898	-0.002144	0.006521
1.526201	0.009121	-0.004350	0.006735
1.525627	0.008738	-0.002079	0.005408
1.525054	0.010893	-0.001660	0.006277
1.524481	0.007514	0.006587	0.000463
1.523909	-0.001528	-0.001577	0.000024
1.523338	0.006811	-0.000506	0.003658
1.522767	0.006018	-0.000894	0.003456
1.522196	0.009822	0.002537	0.003642
1.521626	0.010068	0.001402	0.004333
1.521057	0.010268	-0.004398	0.007333
1.520488	0.007680	-0.002216	0.004948
1.519919	0.008098	-0.007171	0.007635
1.519351	0.013639	-0.004354	0.008997
1.518784	0.001543	0.000725	0.000409
1.518217	0.004160	0.001346	0.001407
1.517651	0.000941	-0.000811	0.000876
1.517085	0.012266	0.002891	0.004687
1.516520	0.004322	0.005255	-0.000466
1.515955	0.010361	0.000209	0.005076
1.515391	0.000910	-0.003715	0.002313
1.514827	0.000340	-0.001221	0.000781
1.514264	0.013398	-0.000679	0.007039
1.513702	0.004498	0.000956	0.001771
1.513139	0.008118	-0.004183	0.006151
1.512578	0.001558	-0.001842	0.001700
1.512017	0.010541	-0.008896	0.009718
1.511456	0.011961	-0.007361	0.009661
1.510896	0.003205	-0.006859	0.005032
1.510337	0.011277	-0.010751	0.011014
1.509778	0.007324	-0.009434	0.008379
1.509219	0.001769	-0.001587	0.001678
1.508661	0.001096	0.000139	0.000479
1.508104	0.003621	-0.005493	0.004557
1.507547	0.006815	0.001609	0.002603
1.506990	0.005496	-0.004111	0.004803
1.506435	0.002483	-0.006366	0.004425
1.505879	0.001132	-0.008102	0.004617
1.505324	0.003388	0.001933	0.000727
1.504770	0.005200	-0.002787	0.003993
1.504216	0.005740	-0.002875	0.004308
1.503663	0.011874	-0.007631	0.009752
1.503110	0.002266	-0.004198	0.003232
1.502558	0.003656	-0.006467	0.005062
1.502006	0.004413	-0.010101	0.007257
1.501454	0.002679	-0.001769	0.002224
1.500904	0.011578	-0.001594	0.006586
1.500353	0.008402	-0.007522	0.007962
1.499803	0.002916	-0.014275	0.008596
1.499254	0.000015	-0.005284	0.002650
1.498705	0.007405	-0.000842	0.004124
1.498157	0.003358	0.000742	0.001308
1.497609	0.008312	-0.003246	0.005779
1.497062	0.015341	-0.000848	0.008094
1.496515	0.001046	-0.008161	0.004603
1.495969	0.007277	-0.005202	0.006240
1.495423	0.008486	-0.007656	0.008071
1.494878	0.010719	-0.001017	0.005868
1.494333	0.005952	0.004200	0.000876
1.493789	0.007708	-0.009542	0.008625
1.493245	0.006641	-0.003604	0.005122
1.492702	0.005991	-0.008120	0.007055
1.492159	0.004581	-0.013427	0.009004
1.491617	0.004772	-0.003185	0.003979
1.491075	0.000091	-0.000493	0.000292
1.490533	0.000554	0.002778	-0.001112
1.489993	0.000254	-0.000547	0.000401
1.489452	0.007615	-0.008921	0.008268
1.488912	0.005127	-0.008646	0.006886
1.488373	-0.001388	-0.007183	0.002897
1.487834	-0.000811	-0.007115	0.003152
1.487296	-0.001430	0.006824	-0.004127
1.486758	0.007532	-0.011943	0.009737
1.486221	0.000927	-0.011245	0.006086
1.485684	-0.001032	-0.003831	0.001399
1.485147	0.009005	-0.002010	0.005507
1.484611	-0.000183	0.001790	-0.000987
1.484076	0.006867	-0.003717	0.005292
1.483541	0.004956	-0.002919	0.003938
1.483007	0.002006	-0.010291	0.006149
1.482473	-0.002722	-0.009259	0.003269
1.481939	0.007846	-0.016482	0.012164
1.481406	-0.002291	-0.005636	0.001672
1.480874	-0.004777	0.001520	-0.003148
1.480341	0.008344	-0.008863	0.008604
1.479810	0.000576	-0.008922	0.004749
1.479279	0.000654	-0.010454	0.005554
1.478748	-0.007013	-0.002756	-0.002128
1.478218	-0.008473	-0.008818	0.000173
1.477688	-0.011985	-0.016695	0.002355
1.477159	-0.004435	-0.005576	0.000570
1.476631	-0.005276	-0.015949	0.005337
1.476102	0.000592	-0.003293	0.001943
1.475575	-0.007610	-0.011362	0.001876
1.475047	0.004682	-0.012992	0.008837
1.474521	-0.002856	-0.001621	-0.000618
1.473994	-0.009483	-0.009501	0.000009
1.473469	-0.002722	-0.015650	0.006464
1.472943	0.000530	-0.024034	0.012282
1.472418	-0.003676	-0.016923	0.006623
1.471894	-0.003943	-0.001672	-0.001135
1.471370	-0.002043	-0.010066	0.004011
1.470846	-0.008044	-0.011310	0.001633
1.470323	-0.010647	-0.013543	0.001448
1.469801	0.002258	-0.013437	0.007847
1.469279	-0.009463	-0.000032	-0.004715
1.468757	-0.003451	-0.013480	0.005014
1.468236	-0.003857	-0.009885	0.003014
1.467716	0.000087	-0.019548	0.009818
1.467195	-0.003873	-0.004227	0.000177
1.466676	-0.000095	-0.010443	0.005174
1.466156	-0.007797	-0.016216	0.004209
1.465638	-0.011357	-0.006264	-0.002546
1.465119	-0.006087	-0.009304	0.001609
1.464601	0.002993	-0.008560	0.005777
1.464084	-0.012099	-0.017185	0.002543
1.463567	-0.002560	-0.015847	0.006643
1.463051	-0.006082	-0.015483	0.004701
1.462535	-0.008875	-0.012995	0.002060
1.462019	0.007689	-0.018969	0.013329
1.461504	-0.004153	-0.010052	0.002950
1.460989	-0.008724	-0.012584	0.001930
1.460475	-0.007755	-0.035223	0.013734
1.459962	-0.007326	-0.014371	0.003523
1.459448	0.000474	-0.017068	0.008771
1.458936	-0.007809	-0.019443	0.005817
1.458423	-0.004439	-0.006125	0.000843
1.457911	-0.004376	0.002970	-0.003673
1.457400	-0.010714	-0.017338	0.003312
1.456889	-0.012533	-0.013107	0.000287
1.456379	0.001312	-0.013421	0.007367
1.455869	-0.007071	-0.021406	0.007168
1.455359	0.002684	-0.010740	0.006712
1.454850	-0.008303	-0.017826	0.004761
1.454341	-0.010702	-0.024662	0.006980
1.453833	0.001642	-0.005227	0.003434
1.453325	-0.007962	-0.014748	0.003393
1.452818	-0.026525	-0.014183	-0.006171
1.452311	-0.008713	-0.024961	0.008124
1.451805	-0.019677	-0.012440	-0.003619
1.451299	-0.012542	-0.011578	-0.000482
1.450793	-0.009265	-0.016247	0.003491
1.450288	-0.011116	-0.018183	0.003534
1.449783	-0.010210	-0.013755	0.001773
1.449279	-0.012582	-0.024144	0.005781
1.448775	-0.008330	-0.021339	0.006504
1.448272	-0.007166	-0.007485	0.000159
1.447769	0.006221	-0.020505	0.013363
1.447267	-0.018814	-0.026843	0.004015
1.446765	-0.007407	-0.021985	0.007289
1.446263	-0.016531	-0.023693	0.003581
1.445762	-0.014820	-0.022996	0.004088
1.445262	-0.006706	-0.026627	0.009960
1.444762	-0.009665	-0.016606	0.003471
1.444262	-0.012494	-0.018786	0.003146
1.443763	-0.008266	-0.024530	0.008132
1.443264	-0.024150	-0.020267	-0.001942
1.442765	-0.000516	-0.015858	0.007671
1.442267	-0.023917	-0.017364	-0.003276
1.441770	-0.021283	-0.026106	0.002411
1.441273	-0.018556	-0.015918	-0.001319
1.440776	0.001400	-0.009530	0.005465
1.440280	-0.011531	-0.016728	0.002598
1.439784	-0.016979	-0.012181	-0.002399
1.439289	-0.016967	-0.017173	0.000103
1.438794	-0.023715	-0.012971	-0.005372
1.438299	-0.018050	-0.015788	-0.001131
1.437805	-0.021670	-0.023644	0.000987
1.437312	-0.015739	-0.018378	0.001320
1.436819	-0.006644	-0.017507	0.005432
1.436326	-0.012198	-0.007979	-0.002109
1.435834	-0.017950	-0.023280	0.002665
1.435342	-0.021070	-0.020107	-0.000481
1.434850	-0.008915	-0.015620	0.003352
1.434359	-0.011306	-0.023365	0.006030
1.433869	-0.023992	-0.026002	0.001005
1.433379	-0.021434	-0.024472	0.001519
1.432889	-0.028523	-0.031831	0.001654
1.432400	-0.009631	-0.022940	0.006655
1.431911	-0.010355	-0.031606	0.010626
1.431422	-0.026586	-0.021041	-0.002772
1.430934	-0.011523	-0.030336	0.009407
1.430447	-0.013672	-0.025923	0.006126
1.429960	-0.019033	-0.026972	0.003969
1.429473	-0.020376	-0.029116	0.004370
1.428987	-0.020932	-0.019976	-0.000478
1.428501	-0.010219	-0.021119	0.005450
1.428015	-0.025851	-0.027403	0.000776
1.427530	-0.028106	-0.023001	-0.002553
1.427046	-0.027314	-0.030025	0.001356
1.426561	-0.032381	-0.020700	-0.005841
1.426078	-0.017274	-0.018565	0.000646
1.425594	-0.017050	-0.032508	0.007729
1.425111	-0.023441	-0.034667	0.005613
1.424629	-0.026811	-0.014292	-0.006260
1.424147	-0.018548	-0.030970	0.006211
1.423665	-0.026037	-0.014241	-0.005898
1.423184	-0.028519	-0.024768	-0.001875
1.422703	-0.025993	-0.029145	0.001576
1.422223	-0.009067	-0.040440	0.015687
1.421743	-0.031158	-0.026842	-0.002158
1.421263	-0.017155	-0.026960	0.004902
1.420784	-0.017502	-0.033692	0.008095
1.420306	-0.013307	-0.046026	0.016359
1.419827	-0.011431	-0.020277	0.004423
1.419349	-0.031141	-0.030288	-0.000426
1.418872	-0.027449	-0.025401	-0.001024
1.418395	-0.013003	-0.038390	0.012694
1.417918	-0.022219	-0.030636	0.004208
1.417442	-0.030854	-0.004257	-0.013299
1.416966	-0.018796	-0.017950	-0.000423
1.416491	-0.016959	-0.034940	0.008991
1.416016	-0.022060	-0.039201	0.008570
1.415541	-0.031851	-0.037090	0.002620
1.415067	-0.019738	-0.042737	0.011500
1.414593	-0.015084	-0.037333	0.011124
1.414120	-0.028076	-0.032396	0.002160
1.413647	-0.027728	-0.039333	0.005803
1.413174	-0.050088	-0.019159	-0.015464
1.412702	-0.021926	-0.039255	0.008664
1.412231	-0.025588	-0.040974	0.007693
1.411759	-0.024045	-0.050665	0.013310
1.411288	-0.025424	-0.031800	0.003188
1.410818	-0.030556	-0.025475	-0.002541
1.410348	-0.012775	-0.023817	0.005521
1.409878	-0.023956	-0.025375	0.000709
1.409409	-0.029833	-0.028582	-0.000625
1.408940	-0.029766	-0.034709	0.002472
1.408472	-0.042857	-0.031920	-0.005469
1.408004	-0.010676	-0.039553	0.014438
1.407536	-0.038078	-0.052331	0.007127
1.407069	-0.035444	-0.037350	0.000953
1.406602	-0.020916	-0.009379	-0.005769
1.406135	-0.044621	-0.034202	-0.005210
1.405669	-0.046009	-0.027156	-0.009427
1.405204	-0.036380	-0.034491	-0.000945
1.404738	-0.032404	-0.025441	-0.003482
1.404274	-0.032197	-0.047282	0.007542
1.403809	-0.032165	-0.026305	-0.002930
1.403345	-0.030919	-0.018868	-0.006026
1.402882	-0.031674	-0.040758	0.004542
1.402418	-0.017328	-0.022620	0.002646
1.401955	-0.029296	-0.030966	0.000835
1.401493	-0.034529	-0.046629	0.006050
1.401031	-0.028608	-0.026987	-0.000811
1.400569	-0.045283	-0.035913	-0.004685
1.400108	-0.033733	-0.043680	0.004973
1.399647	-0.036464	-0.024298	-0.006083
1.399187	-0.023336	-0.025738	0.001201
1.398727	-0.030571	-0.035447	0.002438
1.398267	-0.037790	-0.044683	0.003447
1.397808	-0.023067	-0.024542	0.000737
1.397349	-0.038578	-0.036241	-0.001168
1.396890	-0.042666	-0.053340	0.005337
1.396432	-0.043492	-0.038567	-0.002462
1.395974	-0.021926	-0.028516	0.003295
1.395517	-0.028610	-0.036142	0.003766
1.395060	-0.036436	-0.049091	0.006327
1.394604	-0.035957	-0.038701	0.001372
1.394147	-0.039748	-0.030004	-0.004872
1.393692	-0.045178	-0.039884	-0.002647
1.393236	-0.017089	-0.024228	0.003570
1.392781	-0.033968	-0.037734	0.001883
1.392327	-0.043680	-0.037867	-0.002907
1.391873	-0.056325	-0.032518	-0.011904
1.391419	-0.041292	-0.045055	0.001881
1.390965	-0.040607	-0.041664	0.000529
1.390512	-0.017549	-0.026569	0.004510
