6.542578	-0.014563	-0.014563	0.000000
6.529189	-0.002238	-0.002238	0.000000
6.515856	-4.130817	-3.781733	-0.174542
6.502578	-3.754277	-3.847468	0.046595
6.489355	-4.061468	-3.862048	-0.099710
6.476188	-3.925044	-4.153644	0.114300
6.463075	-3.392316	-3.200041	-0.096137
6.450016	-3.810077	-3.474073	-0.168002
6.437011	-3.255753	-3.806337	0.275292
6.424060	-4.152074	-4.309159	0.078542
6.411162	-3.709172	-3.955211	0.123020
6.398317	-3.727665	-3.998249	0.135292
6.385525	-3.452072	-3.914712	0.231320
6.372785	-3.297935	-3.283304	-0.007316
6.360096	-3.375611	-3.082979	-0.146316
6.347460	-3.640649	-4.315126	0.337238
6.334875	-3.451048	-3.254828	-0.098110
6.322341	-3.893343	-2.682180	-0.605581
6.309857	-3.354347	-3.367815	0.006734
6.297424	-4.468707	-3.857304	-0.305701
6.285042	-3.383150	-3.263451	-0.059849
6.272709	-4.087003	-3.958278	-0.064362
6.260425	-3.800337	-3.629240	-0.085549
6.248191	-3.282080	-3.410490	0.064205
6.236005	-2.623870	-2.727636	0.051883
6.223868	-1.452204	-1.432333	-0.009935
6.211780	-1.435187	-1.402987	-0.016100
6.199740	-1.524889	-1.516629	-0.004130
6.187747	-1.407135	-1.467025	0.029945
6.175802	-1.397175	-1.422736	0.012780
6.163904	-1.416745	-1.357117	-0.029814
6.152053	-1.439885	-1.470627	0.015371
6.140248	-1.434142	-1.359634	-0.037254
6.128490	-1.462956	-1.491458	0.014251
6.116778	-1.413969	-1.453250	0.019640
6.105112	-1.375640	-1.439316	0.031838
6.093492	-1.429405	-1.483070	0.026833
6.081916	-1.329261	-1.315641	-0.006810
6.070386	-1.425550	-1.354372	-0.035589
6.058901	-1.364868	-1.541231	0.088182
6.047460	-1.413851	-1.403163	-0.005344
6.036063	-1.408632	-1.311066	-0.048783
6.024710	-1.363379	-1.374342	0.005481
6.013401	-1.424752	-1.416350	-0.004201
6.002135	-1.458205	-1.383772	-0.037216
5.990913	-1.419507	-1.274785	-0.072361
5.979734	-1.348547	-1.332772	-0.007887
5.968597	-1.413637	-1.395605	-0.009016
5.957503	-1.501158	-1.413820	-0.043669
5.946451	-1.338754	-1.363327	0.012287
5.935442	-1.457137	-1.286919	-0.085109
5.924474	-1.415197	-1.308082	-0.053558
5.913547	-1.452090	-1.460351	0.004131
5.902662	-1.442783	-1.397667	-0.022558
5.891818	-1.407526	-1.282542	-0.062492
5.881015	-1.405367	-1.312990	-0.046188
5.870252	-1.429536	-1.285510	-0.072013
5.859530	-1.328427	-1.386153	0.028863
5.848848	-1.321920	-1.442039	0.060060
5.838205	-1.499740	-1.348142	-0.075799
5.827603	-1.316949	-1.420839	0.051945
5.817040	-1.306563	-1.344823	0.019130
5.806516	-1.448177	-1.270892	-0.088643
5.796031	-1.313525	-1.330689	0.008582
5.785586	-1.296441	-1.308016	0.005787
5.775178	-1.351013	-1.261649	-0.044682
5.764810	-1.314161	-1.230315	-0.041923
5.754479	-1.269477	-1.338314	0.034419
5.744186	-1.295324	-1.309444	0.007060
5.733931	-1.328393	-1.298517	-0.014938
5.723714	-1.352946	-1.292830	-0.030058
5.713534	-1.279050	-1.297402	0.009176
5.703391	-1.341313	-1.306318	-0.017498
5.693285	-1.318806	-1.193730	-0.062538
5.683216	-1.293183	-1.228227	-0.032478
5.673184	-1.319861	-1.236834	-0.041513
5.663188	-1.255601	-1.282566	0.013482
5.653228	-1.274653	-1.191011	-0.041821
5.643304	-1.230976	-1.156989	-0.036993
5.633415	-1.272209	-1.183100	-0.044554
5.623562	-1.182821	-1.138308	-0.022257
5.613745	-1.077681	-1.180373	0.051346
5.603963	-1.174096	-1.102819	-0.035638
5.594216	-1.142661	-1.074013	-0.034324
5.584504	-1.081958	-0.988790	-0.046584
5.574826	-0.950252	-0.984696	0.017222
5.565183	-0.925535	-0.892692	-0.016421
5.555574	-0.925670	-0.868014	-0.028828
5.545999	-0.806351	-0.833109	0.013379
5.536458	-0.860887	-0.797122	-0.031882
5.526950	-0.764641	-0.775735	0.005547
5.517477	-0.761495	-0.773179	0.005842
5.508036	-0.739134	-0.714171	-0.012482
5.498629	-0.726634	-0.697103	-0.014765
5.489255	-0.670756	-0.672938	0.001091
5.479914	-0.696502	-0.651988	-0.022257
5.470605	-0.617057	-0.624790	0.003867
5.461329	-0.627518	-0.617385	-0.005067
5.452085	-0.636975	-0.580877	-0.028049
5.442874	-0.584741	-0.566327	-0.009207
5.433694	-0.578563	-0.575882	-0.001341
5.424546	-0.565259	-0.522216	-0.021521
5.415430	-0.525443	-0.546710	0.010634
5.406345	-0.524170	-0.518492	-0.002839
5.397292	-0.536039	-0.497600	-0.019219
5.388270	-0.514167	-0.481783	-0.016192
5.379279	-0.481979	-0.493501	0.005761
5.370319	-0.472949	-0.464637	-0.004156
5.361389	-0.467945	-0.458182	-0.004881
5.352490	-0.443037	-0.467276	0.012120
5.343621	-0.442558	-0.433010	-0.004774
5.334783	-0.426104	-0.437998	0.005947
5.325975	-0.416529	-0.429722	0.006596
5.317196	-0.413580	-0.398389	-0.007595
5.308448	-0.402793	-0.403468	0.000338
5.299729	-0.403570	-0.391277	-0.006147
5.291039	-0.379021	-0.381054	0.001016
5.282379	-0.358277	-0.370512	0.006117
5.273748	-0.364769	-0.343101	-0.010834
5.265146	-0.353531	-0.339270	-0.007131
5.256573	-0.349469	-0.344139	-0.002665
5.248029	-0.333857	-0.326494	-0.003681
5.239513	-0.321033	-0.324440	0.001703
5.231026	-0.324028	-0.312247	-0.005891
5.222567	-0.310730	-0.298923	-0.005904
5.214136	-0.304215	-0.299601	-0.002307
5.205733	-0.302532	-0.291802	-0.005365
5.197358	-0.280510	-0.284516	0.002003
5.189011	-0.275547	-0.273221	-0.001163
5.180691	-0.265028	-0.267529	0.001251
5.172399	-0.273457	-0.264685	-0.004386
5.164135	-0.270123	-0.256793	-0.006665
5.155897	-0.248642	-0.247871	-0.000386
5.147687	-0.257162	-0.249688	-0.003737
5.139503	-0.245453	-0.240657	-0.002398
5.131346	-0.238674	-0.230630	-0.004022
5.123216	-0.228104	-0.227951	-0.000077
5.115113	-0.227066	-0.225777	-0.000644
5.107036	-0.223812	-0.224109	0.000149
5.098985	-0.218948	-0.219378	0.000215
5.090960	-0.217236	-0.208931	-0.004153
5.082962	-0.208673	-0.200776	-0.003948
5.074989	-0.206268	-0.199295	-0.003487
5.067042	-0.197673	-0.194280	-0.001697
5.059121	-0.201830	-0.192599	-0.004616
5.051225	-0.194347	-0.189582	-0.002383
5.043355	-0.192106	-0.184293	-0.003907
5.035510	-0.188814	-0.179491	-0.004662
5.027690	-0.176649	-0.175942	-0.000353
5.019895	-0.177195	-0.174301	-0.001447
5.012126	-0.174321	-0.176657	0.001168
5.004381	-0.176316	-0.169809	-0.003254
4.996660	-0.166794	-0.162913	-0.001941
4.988964	-0.167163	-0.162296	-0.002434
4.981293	-0.161431	-0.159925	-0.000753
4.973646	-0.164405	-0.162239	-0.001083
4.966023	-0.155368	-0.155446	0.000039
4.958425	-0.156714	-0.148789	-0.003962
4.950850	-0.153813	-0.146918	-0.003447
4.943299	-0.150391	-0.151476	0.000542
4.935772	-0.144806	-0.144317	-0.000245
4.928269	-0.144531	-0.138945	-0.002793
4.920789	-0.139457	-0.140933	0.000738
4.913333	-0.142054	-0.140161	-0.000946
4.905900	-0.139966	-0.134136	-0.002915
4.898490	-0.134892	-0.130929	-0.001981
4.891103	-0.133010	-0.128749	-0.002131
4.883739	-0.129294	-0.126972	-0.001161
4.876399	-0.127505	-0.125296	-0.001105
4.869081	-0.127764	-0.123006	-0.002379
4.861785	-0.128127	-0.123796	-0.002165
4.854512	-0.125865	-0.121228	-0.002318
4.847262	-0.124211	-0.122311	-0.000950
4.840034	-0.119830	-0.120311	0.000241
4.832829	-0.121864	-0.124468	0.001302
4.825645	-0.118637	-0.117784	-0.000426
4.818484	-0.120160	-0.114629	-0.002765
4.811344	-0.119813	-0.114928	-0.002443
4.804227	-0.118964	-0.113289	-0.002838
4.797131	-0.117975	-0.113261	-0.002357
4.790057	-0.116588	-0.111954	-0.002317
4.783004	-0.114852	-0.112076	-0.001388
4.775973	-0.113985	-0.114268	0.000142
4.768963	-0.112654	-0.111650	-0.000502
4.761974	-0.111615	-0.106253	-0.002681
4.755007	-0.110837	-0.109573	-0.000632
4.748061	-0.110110	-0.104906	-0.002602
4.741136	-0.111545	-0.105262	-0.003142
4.734231	-0.110022	-0.105687	-0.002168
4.727348	-0.106657	-0.102727	-0.001965
4.720485	-0.105277	-0.102490	-0.001393
4.713642	-0.106665	-0.102455	-0.002105
4.706821	-0.103088	-0.099805	-0.001641
4.700019	-0.104200	-0.103519	-0.000341
4.693238	-0.103822	-0.102066	-0.000878
4.686478	-0.101008	-0.099061	-0.000974
4.679737	-0.102344	-0.098265	-0.002039
4.673016	-0.099952	-0.099437	-0.000258
4.666316	-0.100976	-0.096691	-0.002143
4.659635	-0.097005	-0.094336	-0.001334
4.652974	-0.098967	-0.092634	-0.003166
4.646333	-0.095961	-0.093403	-0.001279
4.639711	-0.098176	-0.090619	-0.003779
4.633109	-0.096190	-0.091111	-0.002540
4.626527	-0.094793	-0.091449	-0.001672
4.619963	-0.095284	-0.090025	-0.002630
4.613420	-0.092493	-0.086359	-0.003067
4.606895	-0.094161	-0.087508	-0.003326
4.600389	-0.091054	-0.086523	-0.002266
4.593902	-0.089662	-0.087707	-0.000977
4.587435	-0.093536	-0.087062	-0.003237
4.580986	-0.090413	-0.083124	-0.003645
4.574556	-0.087342	-0.082913	-0.002214
4.568145	-0.086774	-0.081341	-0.002717
4.561752	-0.085380	-0.080873	-0.002253
4.555378	-0.086208	-0.078606	-0.003801
4.549022	-0.084637	-0.077679	-0.003479
4.542685	-0.084875	-0.076194	-0.004340
4.536365	-0.083812	-0.075580	-0.004116
4.530065	-0.081137	-0.073489	-0.003824
4.523782	-0.079176	-0.073879	-0.002648
4.517517	-0.080299	-0.072617	-0.003841
4.511271	-0.078458	-0.072482	-0.002988
4.505042	-0.079930	-0.070967	-0.004481
4.498831	-0.079860	-0.071057	-0.004401
4.492638	-0.078216	-0.071242	-0.003487
4.486462	-0.077457	-0.071901	-0.002778
4.480304	-0.077233	-0.070180	-0.003527
4.474164	-0.077700	-0.071037	-0.003331
4.468041	-0.079318	-0.070169	-0.004574
4.461935	-0.078178	-0.069628	-0.004275
4.455847	-0.078888	-0.072147	-0.003370
4.449776	-0.079276	-0.069457	-0.004910
4.443722	-0.079398	-0.070274	-0.004562
4.437686	-0.079393	-0.071826	-0.003783
4.431666	-0.079964	-0.071335	-0.004315
4.425663	-0.078306	-0.072071	-0.003118
4.419677	-0.078993	-0.069257	-0.004868
4.413708	-0.079481	-0.072254	-0.003613
4.407755	-0.078597	-0.071399	-0.003599
4.401820	-0.075576	-0.070519	-0.002529
4.395901	-0.078142	-0.070931	-0.003606
4.389998	-0.079605	-0.068649	-0.005478
4.384112	-0.077267	-0.069511	-0.003878
4.378242	-0.077721	-0.069185	-0.004268
4.372389	-0.077848	-0.067468	-0.005190
4.366551	-0.075887	-0.067793	-0.004047
4.360730	-0.076510	-0.067167	-0.004672
4.354925	-0.077514	-0.068353	-0.004581
4.349136	-0.075304	-0.067639	-0.003832
4.343364	-0.076075	-0.067416	-0.004330
4.337607	-0.075510	-0.068816	-0.003347
4.331865	-0.076637	-0.067456	-0.004591
4.326140	-0.075994	-0.065879	-0.005058
4.320430	-0.075932	-0.066732	-0.004600
4.314736	-0.074287	-0.065258	-0.004515
4.309058	-0.072646	-0.064478	-0.004084
4.303395	-0.071041	-0.062072	-0.004485
4.297748	-0.070256	-0.060459	-0.004898
4.292116	-0.069831	-0.059532	-0.005150
4.286499	-0.069512	-0.058906	-0.005303
4.280898	-0.065820	-0.057901	-0.003960
4.275312	-0.066043	-0.056110	-0.004966
4.269741	-0.065642	-0.056494	-0.004574
4.264185	-0.063792	-0.054275	-0.004759
4.258644	-0.062081	-0.053871	-0.004105
4.253118	-0.062584	-0.053383	-0.004601
4.247607	-0.061021	-0.052394	-0.004314
4.242111	-0.060513	-0.050687	-0.004913
4.236629	-0.059169	-0.050601	-0.004284
4.231163	-0.060328	-0.051371	-0.004479
4.225711	-0.059406	-0.049807	-0.004800
4.220274	-0.059389	-0.049510	-0.004939
4.214851	-0.059484	-0.049217	-0.005133
4.209442	-0.058277	-0.050472	-0.003902
4.204049	-0.058025	-0.049447	-0.004289
4.198669	-0.059087	-0.050024	-0.004532
4.193304	-0.059280	-0.048764	-0.005258
4.187953	-0.056351	-0.048517	-0.003917
4.182616	-0.057799	-0.048308	-0.004745
4.177294	-0.056749	-0.048012	-0.004369
4.171985	-0.058042	-0.047848	-0.005097
4.166691	-0.056164	-0.047711	-0.004226
4.161411	-0.056351	-0.048344	-0.004004
4.156144	-0.057032	-0.046781	-0.005125
4.150892	-0.057534	-0.046061	-0.005736
4.145653	-0.056106	-0.047053	-0.004527
4.140428	-0.055730	-0.047441	-0.004145
4.135217	-0.056893	-0.046630	-0.005131
4.130019	-0.056846	-0.046546	-0.005150
4.124835	-0.055886	-0.047598	-0.004144
4.119665	-0.057384	-0.046431	-0.005477
4.114508	-0.055951	-0.047404	-0.004274
4.109364	-0.055284	-0.046051	-0.004616
4.104234	-0.056712	-0.046084	-0.005314
4.099117	-0.057366	-0.046020	-0.005673
4.094014	-0.057977	-0.046597	-0.005690
4.088924	-0.057660	-0.047810	-0.004925
4.083846	-0.056745	-0.046789	-0.004978
4.078783	-0.057262	-0.047870	-0.004696
4.073732	-0.057849	-0.047444	-0.005202
4.068694	-0.056825	-0.047100	-0.004863
4.063669	-0.057266	-0.046373	-0.005446
4.058657	-0.055910	-0.046545	-0.004682
4.053658	-0.055681	-0.045914	-0.004883
4.048672	-0.054766	-0.045759	-0.004504
4.043699	-0.055455	-0.045234	-0.005111
4.038738	-0.053891	-0.043942	-0.004975
4.033790	-0.053102	-0.044077	-0.004512
4.028855	-0.052854	-0.043327	-0.004764
4.023933	-0.052682	-0.043928	-0.004377
4.019022	-0.053090	-0.042864	-0.005113
4.014125	-0.051800	-0.042889	-0.004455
4.009240	-0.050660	-0.041295	-0.004682
4.004367	-0.052343	-0.041647	-0.005348
3.999506	-0.051763	-0.041976	-0.004893
3.994658	-0.051282	-0.042058	-0.004612
3.989823	-0.051705	-0.042031	-0.004837
3.984999	-0.052156	-0.042528	-0.004814
3.980187	-0.050833	-0.041158	-0.004837
3.975388	-0.051931	-0.041746	-0.005093
3.970601	-0.052370	-0.042406	-0.004982
3.965826	-0.051509	-0.042422	-0.004544
3.961063	-0.050929	-0.042042	-0.004444
3.956311	-0.050942	-0.040914	-0.005014
3.951572	-0.050936	-0.041657	-0.004640
3.946844	-0.050395	-0.039464	-0.005465
3.942129	-0.049437	-0.039119	-0.005159
3.937425	-0.049219	-0.040063	-0.004578
3.932733	-0.048881	-0.038779	-0.005051
3.928052	-0.049289	-0.038159	-0.005565
3.923383	-0.047679	-0.037972	-0.004854
3.918726	-0.047261	-0.038648	-0.004306
3.914080	-0.047544	-0.038197	-0.004674
3.909446	-0.047763	-0.037564	-0.005099
3.904823	-0.047098	-0.037316	-0.004891
3.900212	-0.046739	-0.037376	-0.004682
3.895612	-0.047026	-0.037502	-0.004762
3.891023	-0.046913	-0.037686	-0.004614
3.886446	-0.046382	-0.037652	-0.004365
3.881880	-0.047356	-0.037196	-0.005080
3.877325	-0.046469	-0.036305	-0.005082
3.872781	-0.045670	-0.037839	-0.003915
3.868249	-0.048605	-0.037801	-0.005402
3.863727	-0.046486	-0.037001	-0.004742
3.859217	-0.046769	-0.036441	-0.005164
3.854718	-0.046005	-0.036647	-0.004679
3.850229	-0.046452	-0.037295	-0.004578
3.845752	-0.046371	-0.037752	-0.004310
3.841285	-0.046914	-0.037337	-0.004788
3.836829	-0.046528	-0.037097	-0.004716
3.832384	-0.046133	-0.035829	-0.005152
3.827950	-0.046810	-0.036318	-0.005246
3.823527	-0.045318	-0.035987	-0.004666
3.819114	-0.045474	-0.036607	-0.004433
3.814712	-0.045446	-0.036180	-0.004633
3.810321	-0.044962	-0.035272	-0.004845
3.805940	-0.045658	-0.035498	-0.005080
3.801570	-0.045876	-0.035991	-0.004942
3.797210	-0.045440	-0.035734	-0.004853
3.792860	-0.044868	-0.035489	-0.004689
3.788522	-0.044676	-0.034547	-0.005065
3.784193	-0.044724	-0.035014	-0.004855
3.779875	-0.045154	-0.034390	-0.005382
3.775567	-0.043711	-0.034649	-0.004531
3.771269	-0.043938	-0.034457	-0.004740
3.766982	-0.044359	-0.034760	-0.004799
3.762705	-0.043831	-0.034421	-0.004705
3.758438	-0.044084	-0.033219	-0.005433
3.754181	-0.043194	-0.033244	-0.004975
3.749935	-0.043316	-0.033206	-0.005055
3.745698	-0.043206	-0.033702	-0.004752
3.741472	-0.042135	-0.032506	-0.004815
3.737255	-0.042807	-0.032837	-0.004985
3.733048	-0.042306	-0.032241	-0.005032
3.728852	-0.042792	-0.032322	-0.005235
3.724665	-0.042355	-0.032811	-0.004772
3.720488	-0.042209	-0.032344	-0.004933
3.716321	-0.041676	-0.031349	-0.005163
3.712163	-0.041421	-0.032169	-0.004626
3.708016	-0.042306	-0.031502	-0.005402
3.703878	-0.042562	-0.032682	-0.004940
3.699750	-0.041597	-0.032522	-0.004537
3.695631	-0.042783	-0.032336	-0.005224
3.691522	-0.041932	-0.032359	-0.004786
3.687423	-0.041671	-0.033006	-0.004333
3.683333	-0.041742	-0.031909	-0.004917
3.679253	-0.042252	-0.032372	-0.004940
3.675182	-0.042654	-0.032719	-0.004967
3.671120	-0.042034	-0.033365	-0.004335
3.667069	-0.043004	-0.032849	-0.005078
3.663026	-0.042383	-0.032348	-0.005018
3.658993	-0.042621	-0.032716	-0.004952
3.654969	-0.042224	-0.032179	-0.005022
3.650954	-0.041660	-0.032078	-0.004791
3.646949	-0.041067	-0.031186	-0.004941
3.642953	-0.041271	-0.030752	-0.005260
3.638966	-0.041419	-0.031170	-0.005125
3.634988	-0.041384	-0.031162	-0.005111
3.631020	-0.040406	-0.031513	-0.004447
3.627060	-0.041010	-0.030919	-0.005046
3.623110	-0.040833	-0.031572	-0.004631
3.619168	-0.040362	-0.029986	-0.005188
3.615236	-0.040430	-0.030277	-0.005076
3.611312	-0.039593	-0.030926	-0.004334
3.607398	-0.039492	-0.029600	-0.004946
3.603492	-0.039061	-0.029934	-0.004563
3.599596	-0.039968	-0.029252	-0.005358
3.595708	-0.039754	-0.029546	-0.005104
3.591829	-0.039043	-0.030067	-0.004488
3.587959	-0.039578	-0.030096	-0.004741
3.584097	-0.039011	-0.029966	-0.004523
3.580244	-0.039637	-0.030098	-0.004769
3.576400	-0.039146	-0.030392	-0.004377
3.572565	-0.039659	-0.029327	-0.005166
3.568738	-0.039054	-0.029321	-0.004867
3.564920	-0.037949	-0.029249	-0.004350
3.561111	-0.038265	-0.028567	-0.004849
3.557310	-0.037704	-0.028902	-0.004401
3.553517	-0.037312	-0.028512	-0.004400
3.549734	-0.038099	-0.028688	-0.004705
3.545958	-0.037107	-0.028509	-0.004299
3.542191	-0.038466	-0.028440	-0.005013
3.538433	-0.037734	-0.027553	-0.005090
3.534683	-0.037488	-0.027887	-0.004800
3.530941	-0.037248	-0.028955	-0.004147
3.527207	-0.037004	-0.028426	-0.004289
3.523482	-0.037393	-0.027341	-0.005026
3.519765	-0.036432	-0.028127	-0.004153
3.516057	-0.037591	-0.028380	-0.004605
3.512356	-0.037075	-0.029054	-0.004010
3.508664	-0.037827	-0.029222	-0.004303
3.504980	-0.038440	-0.028728	-0.004856
3.501304	-0.037934	-0.029018	-0.004458
3.497636	-0.037993	-0.028261	-0.004866
3.493977	-0.038340	-0.029219	-0.004561
3.490325	-0.037820	-0.028582	-0.004619
3.486682	-0.037848	-0.029028	-0.004410
3.483046	-0.036875	-0.029197	-0.003839
3.479419	-0.037222	-0.028734	-0.004244
3.475799	-0.037122	-0.028859	-0.004131
3.472187	-0.037285	-0.027612	-0.004837
3.468583	-0.036952	-0.028074	-0.004439
3.464988	-0.036727	-0.027211	-0.004758
3.461400	-0.035570	-0.026382	-0.004594
3.457819	-0.035131	-0.027010	-0.004060
3.454247	-0.035745	-0.027106	-0.004319
3.450682	-0.036026	-0.027017	-0.004504
3.447125	-0.036165	-0.026476	-0.004844
3.443576	-0.035551	-0.025598	-0.004977
3.440035	-0.034117	-0.026350	-0.003884
3.436501	-0.034964	-0.026982	-0.003991
3.432975	-0.034838	-0.026261	-0.004288
3.429457	-0.035296	-0.026023	-0.004637
3.425946	-0.034824	-0.026236	-0.004294
3.422442	-0.034937	-0.026715	-0.004111
3.418947	-0.035822	-0.026886	-0.004468
3.415459	-0.035552	-0.026872	-0.004340
3.411978	-0.035340	-0.026616	-0.004362
3.408505	-0.035001	-0.027148	-0.003927
3.405039	-0.035213	-0.026676	-0.004269
3.401581	-0.034843	-0.026876	-0.003984
3.398130	-0.034642	-0.026338	-0.004152
3.394686	-0.034781	-0.026251	-0.004265
3.391250	-0.033628	-0.026288	-0.003670
3.387821	-0.032837	-0.025610	-0.003614
3.384400	-0.033181	-0.024917	-0.004132
3.380986	-0.032445	-0.025439	-0.003503
3.377579	-0.032939	-0.024439	-0.004250
3.374179	-0.032225	-0.024168	-0.004028
3.370787	-0.033039	-0.024784	-0.004128
3.367401	-0.031812	-0.024517	-0.003647
3.364023	-0.032058	-0.024397	-0.003830
3.360652	-0.032314	-0.024708	-0.003803
3.357289	-0.032927	-0.025063	-0.003932
3.353932	-0.033293	-0.026445	-0.003424
3.350582	-0.032969	-0.025269	-0.003850
3.347240	-0.034634	-0.026545	-0.004044
3.343904	-0.034423	-0.026512	-0.003956
3.340576	-0.034837	-0.026978	-0.003929
3.337255	-0.033835	-0.026436	-0.003699
3.333940	-0.034131	-0.026370	-0.003880
3.330633	-0.033641	-0.026731	-0.003455
3.327332	-0.034778	-0.027078	-0.003850
3.324038	-0.034590	-0.027163	-0.003714
3.320752	-0.035000	-0.026548	-0.004226
3.317472	-0.034244	-0.026866	-0.003689
3.314199	-0.034358	-0.027136	-0.003611
3.310933	-0.034005	-0.026182	-0.003912
3.307673	-0.034639	-0.025798	-0.004420
3.304421	-0.032433	-0.025333	-0.003550
3.301175	-0.033387	-0.026327	-0.003530
3.297936	-0.033336	-0.025308	-0.004014
3.294703	-0.032620	-0.025378	-0.003621
3.291478	-0.032954	-0.025705	-0.003624
3.288259	-0.032967	-0.025677	-0.003645
3.285046	-0.032183	-0.025295	-0.003444
3.281841	-0.031571	-0.025798	-0.002886
3.278642	-0.031787	-0.025483	-0.003152
3.275449	-0.032561	-0.025703	-0.003429
3.272263	-0.032680	-0.025299	-0.003691
3.269084	-0.032653	-0.025096	-0.003778
3.265911	-0.033979	-0.026126	-0.003926
3.262745	-0.032790	-0.025068	-0.003861
3.259585	-0.033024	-0.026121	-0.003452
3.256432	-0.032643	-0.025896	-0.003373
3.253285	-0.032553	-0.025066	-0.003743
3.250145	-0.032859	-0.025838	-0.003510
3.247011	-0.032776	-0.024933	-0.003922
3.243883	-0.032931	-0.025600	-0.003666
3.240762	-0.031704	-0.024809	-0.003448
3.237647	-0.031268	-0.024996	-0.003136
3.234539	-0.030894	-0.024627	-0.003133
3.231437	-0.031050	-0.024559	-0.003245
3.228341	-0.030416	-0.024684	-0.002866
3.225251	-0.031023	-0.023230	-0.003896
3.222168	-0.030642	-0.023524	-0.003559
3.219091	-0.029125	-0.023491	-0.002817
3.216020	-0.029768	-0.023590	-0.003089
3.212956	-0.029367	-0.023179	-0.003094
3.209897	-0.029897	-0.023188	-0.003354
3.206845	-0.028824	-0.022920	-0.002952
3.203799	-0.030231	-0.022756	-0.003738
3.200759	-0.029310	-0.022417	-0.003447
3.197725	-0.030021	-0.023408	-0.003306
3.194697	-0.029607	-0.023966	-0.002821
3.191676	-0.029668	-0.022582	-0.003543
3.188660	-0.030344	-0.022830	-0.003757
3.185651	-0.030581	-0.023426	-0.003578
3.182647	-0.031149	-0.023595	-0.003777
3.179650	-0.030421	-0.024359	-0.003031
3.176658	-0.030866	-0.024806	-0.003030
3.173673	-0.030437	-0.023460	-0.003488
3.170693	-0.030291	-0.023518	-0.003386
3.167720	-0.030010	-0.023642	-0.003184
3.164752	-0.029692	-0.023075	-0.003309
3.161790	-0.029612	-0.022687	-0.003462
3.158834	-0.028600	-0.023337	-0.002631
3.155884	-0.028858	-0.021645	-0.003607
3.152940	-0.028789	-0.021567	-0.003611
3.150001	-0.028809	-0.022034	-0.003388
3.147069	-0.028713	-0.022093	-0.003310
3.144142	-0.027759	-0.022313	-0.002723
3.141221	-0.028962	-0.022913	-0.003024
3.138306	-0.027821	-0.022397	-0.002712
3.135396	-0.029298	-0.022459	-0.003420
3.132493	-0.028808	-0.023300	-0.002754
3.129595	-0.029496	-0.022480	-0.003508
3.126702	-0.029425	-0.024148	-0.002638
3.123816	-0.028703	-0.022403	-0.003150
3.120935	-0.028852	-0.021699	-0.003576
3.118059	-0.028037	-0.021357	-0.003340
3.115190	-0.027357	-0.022414	-0.002471
3.112326	-0.027458	-0.020762	-0.003348
3.109467	-0.027398	-0.020822	-0.003288
3.106614	-0.027078	-0.020644	-0.003217
3.103767	-0.027572	-0.020323	-0.003624
3.100925	-0.025969	-0.020206	-0.002881
3.098089	-0.027498	-0.020929	-0.003285
3.095258	-0.027681	-0.020560	-0.003561
3.092433	-0.027433	-0.020698	-0.003367
3.089613	-0.026274	-0.021335	-0.002469
3.086799	-0.027208	-0.019928	-0.003640
3.083990	-0.026288	-0.019558	-0.003365
3.081187	-0.025788	-0.020083	-0.002852
3.078389	-0.026156	-0.020751	-0.002702
3.075596	-0.026605	-0.019778	-0.003413
3.072809	-0.026039	-0.019744	-0.003147
3.070027	-0.025586	-0.019114	-0.003236
3.067251	-0.025549	-0.018760	-0.003395
3.064480	-0.025339	-0.018674	-0.003333
3.061714	-0.025393	-0.018783	-0.003305
3.058954	-0.025118	-0.017839	-0.003640
3.056199	-0.024071	-0.018193	-0.002939
3.053449	-0.024912	-0.018056	-0.003428
3.050704	-0.024502	-0.018843	-0.002830
3.047965	-0.024843	-0.018910	-0.002967
3.045231	-0.025258	-0.019251	-0.003004
3.042502	-0.026181	-0.018997	-0.003592
3.039779	-0.025656	-0.019299	-0.003179
3.037060	-0.025153	-0.018472	-0.003341
3.034347	-0.024382	-0.018212	-0.003085
3.031639	-0.024786	-0.018044	-0.003371
3.028936	-0.024852	-0.017717	-0.003567
3.026238	-0.024202	-0.017758	-0.003222
3.023545	-0.024481	-0.018249	-0.003116
3.020858	-0.024059	-0.017881	-0.003089
3.018175	-0.024617	-0.018880	-0.002868
3.015498	-0.024991	-0.018648	-0.003172
3.012826	-0.026016	-0.017950	-0.004033
3.010158	-0.025028	-0.019055	-0.002987
3.007496	-0.025839	-0.018517	-0.003661
3.004839	-0.024677	-0.018177	-0.003250
3.002187	-0.024525	-0.017720	-0.003402
2.999540	-0.026047	-0.017298	-0.004375
2.996897	-0.025810	-0.017612	-0.004099
2.994260	-0.025424	-0.018583	-0.003421
2.991628	-0.025580	-0.018546	-0.003517
2.989000	-0.025815	-0.018722	-0.003547
2.986378	-0.025875	-0.018498	-0.003688
2.983760	-0.026338	-0.018957	-0.003690
2.981148	-0.025720	-0.018876	-0.003422
2.978540	-0.025905	-0.018624	-0.003640
2.975937	-0.026239	-0.018744	-0.003748
2.973339	-0.025705	-0.018736	-0.003484
2.970746	-0.026588	-0.019852	-0.003368
2.968158	-0.025992	-0.019041	-0.003475
2.965574	-0.026029	-0.018172	-0.003928
2.962995	-0.024843	-0.018107	-0.003368
2.960421	-0.025103	-0.017891	-0.003606
2.957852	-0.025287	-0.017581	-0.003853
2.955288	-0.024720	-0.016873	-0.003924
2.952728	-0.024392	-0.018295	-0.003049
2.950173	-0.024919	-0.016512	-0.004203
2.947623	-0.023849	-0.016188	-0.003831
2.945078	-0.023555	-0.016358	-0.003599
2.942537	-0.023824	-0.016563	-0.003631
2.940001	-0.022410	-0.013816	-0.004297
2.937469	-0.022825	-0.014008	-0.004408
2.934943	-0.021954	-0.015113	-0.003421
2.932421	-0.021454	-0.014407	-0.003524
2.929903	-0.022484	-0.015130	-0.003677
2.927390	-0.022579	-0.014065	-0.004257
2.924882	-0.023122	-0.014678	-0.004222
2.922378	-0.023022	-0.015806	-0.003608
2.919879	-0.022819	-0.015133	-0.003843
2.917385	-0.022573	-0.014259	-0.004157
2.914895	-0.021760	-0.013918	-0.003921
2.912410	-0.021724	-0.015215	-0.003255
2.909929	-0.022079	-0.013987	-0.004046
2.907453	-0.022545	-0.013889	-0.004328
2.904981	-0.022106	-0.014720	-0.003693
2.902513	-0.021734	-0.013412	-0.004161
2.900051	-0.020075	-0.013193	-0.003441
2.897592	-0.020751	-0.012316	-0.004217
2.895138	-0.020268	-0.012946	-0.003661
2.892689	-0.019662	-0.012010	-0.003826
2.890244	-0.018568	-0.010805	-0.003882
2.887803	-0.017926	-0.009720	-0.004103
2.885367	-0.017981	-0.009018	-0.004481
2.882936	-0.016238	-0.008217	-0.004011
2.880508	-0.016255	-0.007328	-0.004464
2.878085	-0.016444	-0.007023	-0.004711
2.875667	-0.015182	-0.006978	-0.004102
2.873252	-0.015837	-0.006872	-0.004482
2.870842	-0.014365	-0.006680	-0.003842
2.868437	-0.014368	-0.006075	-0.004147
2.866036	-0.014170	-0.005571	-0.004300
2.863639	-0.013452	-0.004678	-0.004387
2.861246	-0.013011	-0.004338	-0.004336
2.858858	-0.012213	-0.002791	-0.004711
2.856474	-0.011708	-0.002767	-0.004470
2.854094	-0.010188	-0.002222	-0.003983
2.851718	-0.010543	-0.001777	-0.004383
2.849347	-0.010177	-0.001011	-0.004583
2.846980	-0.010140	-0.000928	-0.004606
2.844617	-0.009407	-0.000820	-0.004293
2.842258	-0.009119	-0.000155	-0.004482
2.839904	-0.008747	0.000466	-0.004606
2.837553	-0.008133	0.000626	-0.004380
2.835207	-0.008471	0.000689	-0.004580
2.832865	-0.008270	0.000988	-0.004629
2.830528	-0.007487	0.001247	-0.004367
2.828194	-0.007317	0.001257	-0.004287
2.825864	-0.007345	0.002022	-0.004683
2.823539	-0.006800	0.002246	-0.004523
2.821218	-0.006924	0.002095	-0.004510
2.818901	-0.006526	0.002295	-0.004410
2.816587	-0.006818	0.002674	-0.004746
2.814278	-0.006514	0.002791	-0.004652
2.811973	-0.006232	0.002638	-0.004435
2.809673	-0.006056	0.003180	-0.004618
2.807376	-0.006217	0.003120	-0.004668
2.805083	-0.006489	0.003186	-0.004838
2.802794	-0.006002	0.003134	-0.004568
2.800509	-0.006070	0.003302	-0.004686
2.798228	-0.005936	0.003452	-0.004694
2.795952	-0.005996	0.003219	-0.004608
2.793679	-0.005971	0.003273	-0.004622
2.791410	-0.005870	0.003265	-0.004568
2.789145	-0.006108	0.003582	-0.004845
2.786884	-0.005668	0.003396	-0.004532
2.784627	-0.005394	0.003701	-0.004547
2.782374	-0.004954	0.003707	-0.004330
2.780125	-0.005426	0.003750	-0.004588
2.777880	-0.005340	0.004121	-0.004730
2.775638	-0.005126	0.003917	-0.004521
2.773401	-0.005031	0.004725	-0.004878
2.771167	-0.004955	0.004530	-0.004743
2.768938	-0.004290	0.005127	-0.004709
2.766712	-0.004256	0.005095	-0.004676
2.764490	-0.004170	0.005243	-0.004706
2.762272	-0.003675	0.005469	-0.004572
2.760058	-0.003690	0.005644	-0.004667
2.757847	-0.003292	0.006043	-0.004668
2.755640	-0.003511	0.006020	-0.004766
2.753437	-0.003315	0.005911	-0.004613
2.751238	-0.003271	0.006162	-0.004717
2.749043	-0.003104	0.006395	-0.004750
2.746852	-0.002942	0.006517	-0.004730
2.744664	-0.002986	0.006590	-0.004788
2.742480	-0.002648	0.006288	-0.004468
2.740300	-0.002828	0.006554	-0.004691
2.738123	-0.002724	0.006664	-0.004694
2.735950	-0.002795	0.006483	-0.004639
2.733781	-0.002828	0.006408	-0.004618
2.731616	-0.002513	0.006586	-0.004549
2.729454	-0.002868	0.006481	-0.004674
2.727296	-0.002696	0.006733	-0.004715
2.725142	-0.002528	0.006526	-0.004527
2.722991	-0.002214	0.006625	-0.004420
2.720844	-0.002609	0.006786	-0.004697
2.718701	-0.002748	0.006725	-0.004736
2.716561	-0.002619	0.006917	-0.004768
2.714425	-0.002392	0.006657	-0.004524
2.712293	-0.002285	0.006700	-0.004492
2.710164	-0.002375	0.006830	-0.004603
2.708039	-0.002191	0.006973	-0.004582
2.705917	-0.002376	0.006679	-0.004528
2.703799	-0.002034	0.006956	-0.004495
2.701685	-0.002321	0.006951	-0.004636
2.699574	-0.001977	0.007113	-0.004545
2.697466	-0.001768	0.007169	-0.004468
2.695363	-0.001795	0.007233	-0.004514
2.693262	-0.001605	0.007217	-0.004411
2.691166	-0.001789	0.007137	-0.004463
2.689072	-0.001866	0.007269	-0.004567
2.686983	-0.001720	0.007172	-0.004446
2.684897	-0.001699	0.007105	-0.004402
2.682814	-0.001623	0.007111	-0.004367
2.680735	-0.001828	0.007178	-0.004503
2.678659	-0.001538	0.007093	-0.004315
2.676587	-0.001596	0.007330	-0.004463
2.674518	-0.001526	0.007141	-0.004333
2.672453	-0.001589	0.007147	-0.004368
2.670391	-0.001395	0.007219	-0.004307
2.668333	-0.001552	0.007155	-0.004354
2.666278	-0.001462	0.007138	-0.004300
2.664226	-0.001339	0.007010	-0.004175
2.662178	-0.001311	0.006888	-0.004100
2.660133	-0.001322	0.007152	-0.004237
2.658092	-0.001170	0.007220	-0.004195
2.656054	-0.001141	0.007350	-0.004246
2.654019	-0.001044	0.007195	-0.004119
2.651988	-0.001182	0.007281	-0.004231
2.649960	-0.000918	0.007317	-0.004118
2.647936	-0.000855	0.007347	-0.004101
2.645915	-0.000951	0.007268	-0.004109
2.643897	-0.000864	0.007308	-0.004086
2.641882	-0.000857	0.007377	-0.004117
2.639871	-0.001030	0.007380	-0.004205
2.637863	-0.000722	0.007115	-0.003918
2.635859	-0.000651	0.007378	-0.004014
2.633857	-0.000365	0.007476	-0.003920
2.631859	-0.000398	0.007523	-0.003960
2.629865	-0.000157	0.007655	-0.003906
2.627873	-0.000189	0.007300	-0.003744
2.625885	-0.000330	0.007589	-0.003959
2.623900	-0.000076	0.007403	-0.003739
2.621919	-0.000159	0.007541	-0.003850
2.619940	0.000025	0.007817	-0.003896
2.617965	0.000129	0.007862	-0.003867
2.615993	0.000096	0.007886	-0.003895
2.614025	0.000169	0.007717	-0.003774
2.612059	0.000142	0.007775	-0.003817
2.610097	0.000262	0.007926	-0.003832
2.608138	0.000234	0.007776	-0.003771
2.606182	0.000239	0.007660	-0.003710
2.604229	0.000307	0.007674	-0.003684
2.602280	0.000518	0.007750	-0.003616
2.600333	0.000505	0.007786	-0.003640
2.598390	0.000546	0.007923	-0.003688
2.596450	0.000601	0.007832	-0.003615
2.594513	0.000996	0.008045	-0.003525
2.592579	0.000895	0.008048	-0.003577
2.590648	0.001124	0.008143	-0.003510
2.588721	0.000962	0.007993	-0.003516
2.586796	0.001085	0.008191	-0.003553
2.584875	0.001168	0.008172	-0.003502
2.582957	0.001407	0.008115	-0.003354
2.581042	0.001317	0.008040	-0.003362
2.579130	0.001324	0.008119	-0.003398
2.577221	0.001538	0.008265	-0.003363
2.575315	0.001655	0.008277	-0.003311
2.573412	0.001560	0.008227	-0.003334
2.571512	0.001679	0.008116	-0.003218
2.569615	0.001655	0.008046	-0.003196
2.567722	0.001655	0.008234	-0.003289
2.565831	0.001577	0.008242	-0.003332
2.563943	0.001703	0.008218	-0.003257
2.562058	0.001866	0.008354	-0.003244
2.560177	0.001756	0.008281	-0.003263
2.558298	0.001958	0.008192	-0.003117
2.556423	0.001784	0.008059	-0.003138
2.554550	0.001773	0.007899	-0.003063
2.552680	0.001875	0.008026	-0.003076
2.550813	0.001870	0.008024	-0.003077
2.548950	0.001968	0.008081	-0.003057
2.547089	0.002024	0.008011	-0.002994
2.545231	0.001914	0.007780	-0.002933
2.543376	0.002036	0.007877	-0.002920
2.541524	0.002143	0.007929	-0.002893
2.539675	0.002051	0.008046	-0.002998
2.537829	0.002272	0.008047	-0.002887
2.535986	0.002220	0.007901	-0.002840
2.534146	0.002296	0.008001	-0.002853
2.532308	0.002328	0.008017	-0.002844
2.530474	0.002342	0.008069	-0.002864
2.528642	0.002508	0.008046	-0.002769
2.526814	0.002401	0.008014	-0.002806
2.524988	0.002545	0.007996	-0.002725
2.523165	0.002714	0.008063	-0.002675
2.521345	0.002790	0.008159	-0.002685
2.519528	0.002895	0.008189	-0.002647
2.517714	0.002937	0.008210	-0.002637
2.515902	0.002939	0.008008	-0.002534
2.514093	0.002963	0.008207	-0.002622
2.512288	0.002866	0.008188	-0.002661
2.510485	0.002926	0.008068	-0.002571
2.508684	0.003126	0.008082	-0.002478
2.506887	0.003109	0.008131	-0.002511
2.505092	0.003182	0.007924	-0.002371
2.503301	0.003129	0.007977	-0.002424
2.501512	0.003075	0.007878	-0.002402
2.499726	0.003088	0.007903	-0.002407
2.497942	0.003037	0.007772	-0.002367
2.496162	0.003241	0.007785	-0.002272
2.494384	0.002994	0.007649	-0.002327
2.492609	0.003140	0.007591	-0.002225
2.490836	0.003060	0.007519	-0.002229
2.489067	0.002857	0.007418	-0.002281
2.487300	0.002748	0.007363	-0.002307
2.485536	0.002838	0.007210	-0.002186
2.483774	0.002865	0.007217	-0.002176
2.482016	0.002755	0.007159	-0.002202
2.480260	0.002925	0.007179	-0.002127
2.478507	0.002989	0.007138	-0.002074
2.476756	0.002865	0.007113	-0.002124
2.475008	0.002862	0.007056	-0.002097
2.473263	0.002957	0.007149	-0.002096
2.471521	0.002986	0.006904	-0.001959
2.469781	0.002759	0.007000	-0.002121
2.468044	0.002891	0.007114	-0.002111
2.466309	0.002727	0.007061	-0.002167
2.464578	0.002764	0.006737	-0.001986
2.462848	0.002804	0.006667	-0.001932
2.461122	0.003001	0.006864	-0.001932
2.459398	0.003125	0.006801	-0.001838
2.457677	0.003111	0.006782	-0.001836
2.455958	0.002981	0.006725	-0.001872
2.454243	0.003026	0.006712	-0.001843
2.452529	0.003181	0.006770	-0.001794
2.450819	0.003065	0.006727	-0.001831
2.449111	0.003278	0.006863	-0.001793
2.447405	0.003306	0.006922	-0.001808
2.445702	0.003145	0.006808	-0.001831
2.444002	0.003326	0.006749	-0.001712
2.442304	0.003285	0.006767	-0.001741
2.440609	0.003397	0.006771	-0.001687
2.438917	0.003454	0.006881	-0.001713
2.437227	0.003524	0.006826	-0.001651
2.435539	0.003502	0.006877	-0.001687
2.433854	0.003554	0.006748	-0.001597
2.432172	0.003538	0.006953	-0.001707
2.430492	0.003679	0.006828	-0.001575
2.428815	0.003845	0.006731	-0.001443
2.427140	0.003599	0.006938	-0.001669
2.425468	0.003955	0.006957	-0.001501
2.423799	0.003916	0.006931	-0.001508
2.422131	0.004073	0.007187	-0.001557
2.420467	0.003821	0.006855	-0.001517
2.418805	0.003765	0.006940	-0.001588
2.417145	0.003830	0.006817	-0.001493
2.415488	0.003895	0.006791	-0.001448
2.413833	0.003819	0.006845	-0.001513
2.412181	0.004020	0.006881	-0.001431
2.410532	0.003981	0.006773	-0.001396
2.408884	0.003979	0.006946	-0.001484
2.407240	0.003994	0.006980	-0.001493
2.405598	0.004001	0.006736	-0.001368
2.403958	0.004088	0.006621	-0.001266
2.402320	0.003926	0.006785	-0.001429
2.400685	0.004232	0.006712	-0.001240
2.399053	0.003867	0.007013	-0.001573
2.397423	0.004398	0.006915	-0.001259
2.395795	0.004283	0.006814	-0.001266
2.394170	0.004134	0.007017	-0.001442
2.392547	0.004270	0.006934	-0.001332
2.390927	0.004327	0.006989	-0.001331
2.389309	0.004227	0.007028	-0.001401
2.387694	0.004414	0.006925	-0.001256
2.386081	0.004356	0.006845	-0.001244
2.384470	0.004455	0.007014	-0.001279
2.382861	0.004337	0.006845	-0.001254
2.381255	0.004334	0.006933	-0.001299
2.379652	0.004452	0.007167	-0.001358
2.378051	0.004494	0.007100	-0.001303
2.376452	0.004316	0.006960	-0.001322
2.374855	0.004482	0.007087	-0.001302
2.373261	0.004399	0.006897	-0.001249
2.371669	0.004272	0.006996	-0.001362
2.370080	0.004327	0.006887	-0.001280
2.368493	0.004513	0.006937	-0.001212
2.366908	0.004563	0.007087	-0.001262
2.365326	0.004554	0.007144	-0.001295
2.363745	0.004567	0.007072	-0.001252
2.362168	0.004431	0.007113	-0.001341
2.360592	0.004635	0.007135	-0.001250
2.359019	0.004529	0.007056	-0.001264
2.357448	0.004415	0.007019	-0.001302
2.355880	0.004431	0.007060	-0.001315
2.354313	0.004512	0.007070	-0.001279
2.352749	0.004691	0.007085	-0.001197
2.351188	0.004512	0.007160	-0.001324
2.349628	0.004407	0.007120	-0.001357
2.348071	0.004489	0.006978	-0.001244
2.346516	0.004424	0.007131	-0.001354
2.344964	0.004266	0.007108	-0.001421
2.343413	0.004569	0.007077	-0.001254
2.341865	0.004478	0.007063	-0.001292
2.340319	0.004546	0.007013	-0.001234
2.338776	0.004348	0.007132	-0.001392
2.337235	0.004444	0.007089	-0.001323
2.335695	0.004497	0.007046	-0.001274
2.334159	0.004480	0.007193	-0.001357
2.332624	0.004493	0.007162	-0.001334
2.331091	0.004503	0.007205	-0.001351
2.329561	0.004684	0.007482	-0.001399
2.328033	0.004712	0.007454	-0.001371
2.326508	0.004809	0.007356	-0.001274
2.324984	0.004618	0.007381	-0.001382
2.323463	0.004698	0.007488	-0.001395
2.321943	0.004690	0.007527	-0.001419
2.320426	0.004659	0.007596	-0.001468
2.318912	0.004780	0.007677	-0.001448
2.317399	0.004851	0.007564	-0.001356
2.315888	0.004835	0.007655	-0.001410
2.314380	0.004731	0.007541	-0.001405
2.312874	0.004915	0.007720	-0.001403
2.311370	0.004877	0.007988	-0.001556
2.309868	0.005061	0.008071	-0.001505
2.308369	0.005189	0.008074	-0.001443
2.306871	0.005006	0.008128	-0.001561
2.305376	0.005128	0.008041	-0.001457
2.303883	0.005140	0.008070	-0.001465
2.302392	0.004928	0.008152	-0.001612
2.300903	0.005014	0.008063	-0.001525
2.299416	0.004924	0.008036	-0.001556
2.297931	0.004890	0.008070	-0.001590
2.296449	0.005044	0.008212	-0.001584
2.294968	0.004963	0.008418	-0.001727
2.293490	0.004885	0.008380	-0.001747
2.292013	0.005100	0.008298	-0.001599
2.290539	0.004609	0.007994	-0.001693
2.289067	0.004719	0.008071	-0.001676
2.287597	0.004783	0.007934	-0.001575
2.286129	0.004708	0.007822	-0.001557
2.284664	0.004390	0.008087	-0.001849
2.283200	0.004604	0.008022	-0.001709
2.281738	0.004596	0.008184	-0.001794
2.280279	0.004645	0.008307	-0.001831
2.278821	0.004528	0.008229	-0.001851
2.277366	0.004517	0.008240	-0.001861
2.275912	0.004542	0.008059	-0.001758
2.274461	0.004264	0.008082	-0.001909
2.273012	0.004300	0.007984	-0.001842
2.271564	0.004343	0.008254	-0.001956
2.270119	0.004284	0.008377	-0.002046
2.268676	0.004478	0.008157	-0.001839
2.267235	0.004390	0.008304	-0.001957
2.265796	0.004468	0.008521	-0.002027
2.264359	0.004328	0.008506	-0.002089
2.262923	0.004689	0.008542	-0.001927
2.261490	0.004351	0.008320	-0.001985
2.260059	0.004629	0.008457	-0.001914
2.258630	0.004254	0.008415	-0.002080
2.257203	0.003980	0.008515	-0.002268
2.255778	0.004334	0.008527	-0.002096
2.254355	0.004312	0.008393	-0.002040
2.252934	0.004439	0.008672	-0.002116
2.251515	0.004716	0.008752	-0.002018
2.250098	0.004646	0.009243	-0.002298
2.248683	0.005041	0.009498	-0.002229
2.247269	0.005007	0.009656	-0.002325
2.245858	0.005119	0.009565	-0.002223
2.244449	0.005339	0.009991	-0.002326
2.243042	0.005423	0.010062	-0.002320
2.241636	0.005262	0.010012	-0.002375
2.240233	0.004941	0.009931	-0.002495
2.238832	0.005118	0.009866	-0.002374
2.237432	0.004894	0.009802	-0.002454
2.236035	0.004653	0.009602	-0.002474
2.234639	0.004437	0.009474	-0.002518
2.233245	0.004436	0.009285	-0.002424
2.231854	0.004246	0.009273	-0.002514
2.230464	0.004470	0.009170	-0.002350
2.229076	0.004156	0.009397	-0.002621
2.227690	0.004295	0.009340	-0.002523
2.226306	0.004278	0.009657	-0.002689
2.224924	0.004412	0.009570	-0.002579
2.223544	0.004307	0.009674	-0.002683
2.222165	0.004307	0.009816	-0.002754
2.220789	0.004178	0.009703	-0.002763
2.219414	0.004155	0.009503	-0.002674
2.218042	0.004084	0.009578	-0.002747
2.216671	0.004059	0.009744	-0.002842
2.215302	0.003999	0.009740	-0.002871
2.213935	0.003949	0.009817	-0.002934
2.212570	0.004082	0.009962	-0.002940
2.211207	0.004060	0.009936	-0.002938
2.209845	0.004081	0.010263	-0.003091
2.208486	0.003941	0.010067	-0.003063
2.207128	0.004052	0.010182	-0.003065
2.205772	0.004112	0.010172	-0.003030
2.204418	0.004209	0.010333	-0.003062
2.203066	0.004081	0.010391	-0.003155
2.201716	0.003974	0.010324	-0.003175
2.200367	0.004219	0.010538	-0.003159
2.199021	0.003895	0.010350	-0.003227
2.197676	0.004207	0.010497	-0.003145
2.196333	0.003961	0.010483	-0.003261
2.194992	0.003955	0.010658	-0.003351
2.193653	0.003995	0.010803	-0.003404
2.192315	0.004339	0.010979	-0.003320
2.190980	0.004082	0.010721	-0.003319
2.189646	0.004049	0.010816	-0.003383
2.188314	0.003909	0.011013	-0.003552
2.186984	0.004027	0.011044	-0.003509
2.185655	0.004098	0.010872	-0.003387
2.184328	0.004076	0.011142	-0.003533
2.183004	0.004014	0.011247	-0.003617
2.181681	0.003864	0.011172	-0.003654
2.180359	0.004039	0.011276	-0.003619
2.179040	0.004007	0.011445	-0.003719
2.177722	0.004028	0.011529	-0.003750
2.176406	0.004055	0.011503	-0.003724
2.175092	0.003801	0.011428	-0.003814
2.173780	0.003939	0.011514	-0.003787
2.172469	0.003802	0.011628	-0.003913
2.171160	0.003803	0.011424	-0.003811
2.169853	0.003852	0.011693	-0.003920
2.168548	0.003881	0.011841	-0.003980
2.167244	0.003796	0.011934	-0.004069
2.165943	0.003911	0.011864	-0.003976
2.164643	0.003760	0.012019	-0.004130
2.163344	0.003888	0.011853	-0.003982
2.162048	0.003794	0.012035	-0.004120
2.160753	0.004083	0.012238	-0.004078
2.159460	0.003836	0.012378	-0.004271
2.158168	0.004011	0.012300	-0.004145
2.156879	0.003816	0.012186	-0.004185
2.155591	0.003788	0.012496	-0.004354
2.154304	0.003947	0.012495	-0.004274
2.153020	0.003839	0.012394	-0.004277
2.151737	0.003961	0.012562	-0.004301
2.150456	0.003856	0.012726	-0.004435
2.149177	0.003970	0.012682	-0.004356
2.147899	0.003862	0.013040	-0.004589
2.146623	0.003985	0.012959	-0.004487
2.145349	0.003933	0.012899	-0.004483
2.144076	0.003785	0.012903	-0.004559
2.142805	0.003730	0.012838	-0.004554
2.141536	0.003549	0.013080	-0.004766
2.140268	0.003725	0.012818	-0.004546
2.139002	0.003776	0.013046	-0.004635
2.137738	0.003845	0.013263	-0.004709
2.136476	0.003914	0.013145	-0.004616
2.135215	0.003758	0.013351	-0.004797
2.133956	0.003842	0.013201	-0.004679
2.132698	0.003666	0.013311	-0.004823
2.131442	0.003797	0.013282	-0.004742
2.130188	0.003824	0.013363	-0.004770
2.128935	0.003595	0.013658	-0.005031
2.127684	0.003732	0.013473	-0.004871
2.126435	0.003678	0.013456	-0.004889
2.125187	0.003510	0.013578	-0.005034
2.123941	0.003803	0.013493	-0.004845
2.122697	0.003804	0.013668	-0.004932
2.121454	0.003978	0.013792	-0.004907
2.120213	0.003785	0.014035	-0.005125
2.118974	0.003931	0.014028	-0.005048
2.117736	0.003771	0.013954	-0.005092
2.116500	0.003719	0.013957	-0.005119
2.115265	0.003747	0.013780	-0.005016
2.114032	0.003596	0.014023	-0.005213
2.112801	0.003807	0.014081	-0.005137
2.111571	0.003462	0.014185	-0.005361
2.110343	0.003478	0.014106	-0.005314
2.109116	0.003232	0.014104	-0.005436
2.107891	0.003501	0.014064	-0.005281
2.106668	0.003618	0.014259	-0.005321
2.105446	0.003712	0.014150	-0.005219
2.104226	0.003665	0.014246	-0.005290
2.103007	0.003680	0.014258	-0.005289
2.101790	0.003771	0.014348	-0.005288
2.100575	0.003636	0.014291	-0.005328
2.099361	0.003366	0.014408	-0.005521
2.098149	0.003405	0.014319	-0.005457
2.096938	0.003604	0.014431	-0.005414
2.095729	0.003514	0.014482	-0.005484
2.094521	0.003493	0.014640	-0.005574
2.093315	0.003628	0.014536	-0.005454
2.092111	0.003730	0.014963	-0.005616
2.090908	0.003840	0.015003	-0.005582
2.089707	0.004025	0.014898	-0.005436
2.088507	0.003874	0.014843	-0.005484
2.087309	0.003753	0.014877	-0.005562
2.086112	0.003754	0.014974	-0.005610
2.084917	0.003523	0.014897	-0.005687
2.083723	0.003534	0.014971	-0.005718
2.082531	0.003757	0.014983	-0.005613
2.081341	0.003669	0.015167	-0.005749
2.080152	0.003665	0.015164	-0.005750
2.078964	0.003944	0.015221	-0.005638
2.077778	0.003820	0.015127	-0.005654
2.076594	0.003794	0.015341	-0.005774
2.075411	0.003578	0.015162	-0.005792
2.074230	0.003731	0.015235	-0.005752
2.073050	0.003827	0.015433	-0.005803
2.071871	0.003832	0.015551	-0.005860
2.070694	0.003558	0.015566	-0.006004
2.069519	0.003618	0.015424	-0.005903
2.068345	0.003437	0.015355	-0.005959
2.067173	0.003529	0.015424	-0.005948
2.066002	0.003465	0.015336	-0.005935
2.064833	0.003539	0.015629	-0.006045
2.063665	0.003761	0.015531	-0.005885
2.062498	0.003836	0.015662	-0.005913
2.061333	0.003747	0.015792	-0.006022
2.060170	0.003796	0.015567	-0.005885
2.059008	0.003913	0.015927	-0.006007
2.057848	0.003731	0.015766	-0.006017
2.056689	0.003521	0.015759	-0.006119
2.055531	0.003384	0.015797	-0.006207
2.054375	0.003727	0.015884	-0.006078
2.053221	0.003860	0.015960	-0.006050
2.052067	0.003695	0.015910	-0.006108
2.050916	0.003599	0.016094	-0.006247
2.049766	0.003630	0.016213	-0.006292
2.048617	0.003687	0.016268	-0.006290
2.047470	0.003749	0.016287	-0.006269
2.046324	0.003685	0.016262	-0.006289
2.045179	0.003679	0.016359	-0.006340
2.044036	0.003610	0.016094	-0.006242
2.042895	0.003762	0.016487	-0.006363
2.041755	0.003378	0.016283	-0.006452
2.040616	0.003358	0.016096	-0.006369
2.039479	0.003372	0.016402	-0.006515
2.038343	0.003284	0.016250	-0.006483
2.037209	0.003429	0.016231	-0.006401
2.036076	0.003326	0.016570	-0.006622
2.034945	0.003474	0.016580	-0.006553
2.033815	0.003430	0.016709	-0.006640
2.032686	0.003266	0.016684	-0.006709
2.031559	0.003532	0.016620	-0.006544
2.030433	0.003443	0.016761	-0.006659
2.029309	0.003204	0.016799	-0.006797
2.028186	0.003471	0.016651	-0.006590
2.027064	0.003711	0.016750	-0.006519
2.025944	0.003283	0.016882	-0.006800
2.024825	0.003059	0.016817	-0.006879
2.023708	0.003362	0.016683	-0.006660
2.022592	0.003260	0.017091	-0.006916
2.021477	0.003210	0.016808	-0.006799
2.020364	0.003073	0.016768	-0.006848
2.019252	0.003387	0.017157	-0.006885
2.018142	0.003164	0.017386	-0.007111
2.017033	0.003222	0.017342	-0.007060
2.015925	0.003020	0.017313	-0.007146
2.014819	0.003360	0.017437	-0.007038
2.013714	0.003073	0.017239	-0.007083
2.012610	0.003063	0.017429	-0.007183
2.011508	0.003022	0.017341	-0.007159
2.010407	0.002865	0.017535	-0.007335
2.009308	0.002859	0.017553	-0.007347
2.008210	0.002701	0.017662	-0.007480
2.007113	0.003179	0.017663	-0.007242
2.006018	0.002872	0.017622	-0.007375
2.004924	0.002818	0.017898	-0.007540
2.003831	0.002998	0.018072	-0.007537
2.002740	0.003100	0.018242	-0.007571
2.001650	0.003148	0.018407	-0.007630
2.000561	0.002959	0.018153	-0.007597
1.999474	0.003002	0.018447	-0.007723
1.998388	0.002797	0.018073	-0.007638
1.997303	0.002816	0.018174	-0.007679
1.996220	0.002550	0.018224	-0.007837
1.995138	0.002856	0.018338	-0.007741
1.994058	0.002646	0.018590	-0.007972
1.992978	0.002453	0.018539	-0.008043
1.991901	0.002493	0.018603	-0.008055
1.990824	0.002915	0.018647	-0.007866
1.989749	0.002713	0.018785	-0.008036
1.988675	0.002719	0.018922	-0.008102
1.987602	0.002659	0.019070	-0.008205
1.986531	0.002609	0.019007	-0.008199
1.985461	0.002610	0.019230	-0.008310
1.984392	0.002768	0.019378	-0.008305
1.983325	0.002466	0.019158	-0.008346
1.982259	0.002318	0.019107	-0.008394
1.981194	0.002238	0.019295	-0.008529
1.980130	0.002328	0.019287	-0.008479
1.979068	0.002448	0.019587	-0.008569
1.978007	0.002330	0.019746	-0.008708
1.976948	0.002258	0.019610	-0.008676
1.975889	0.002235	0.019672	-0.008718
1.974832	0.002319	0.019740	-0.008710
1.973777	0.002435	0.019747	-0.008656
1.972722	0.002509	0.020371	-0.008931
1.971669	0.002525	0.020254	-0.008865
1.970617	0.002384	0.020159	-0.008887
1.969566	0.002098	0.019940	-0.008921
1.968517	0.002000	0.020573	-0.009286
1.967469	0.002121	0.020233	-0.009056
1.966422	0.001813	0.020305	-0.009246
1.965377	0.002068	0.020154	-0.009043
1.964333	0.001936	0.020381	-0.009223
1.963290	0.002102	0.020514	-0.009206
1.962248	0.002185	0.020586	-0.009201
1.961207	0.001932	0.020602	-0.009335
1.960168	0.001873	0.020950	-0.009538
1.959130	0.002178	0.021029	-0.009426
1.958094	0.002135	0.020938	-0.009401
1.957058	0.002004	0.020906	-0.009451
1.956024	0.001870	0.021174	-0.009652
1.954991	0.001794	0.021011	-0.009608
1.953959	0.001606	0.021000	-0.009697
1.952929	0.001298	0.020953	-0.009827
1.951900	0.001061	0.021143	-0.010041
1.950872	0.001343	0.021013	-0.009835
1.949845	0.001235	0.021115	-0.009940
1.948819	0.001111	0.021333	-0.010111
1.947795	0.001210	0.021626	-0.010208
1.946772	0.001553	0.021409	-0.009928
1.945750	0.001432	0.021565	-0.010066
1.944729	0.001223	0.021717	-0.010247
1.943710	0.001115	0.021628	-0.010257
1.942692	0.001238	0.021749	-0.010256
1.941675	0.001292	0.021834	-0.010271
1.940659	0.001147	0.021877	-0.010365
1.939645	0.000833	0.021895	-0.010531
1.938631	0.000632	0.021914	-0.010641
1.937619	0.000566	0.021819	-0.010626
1.936608	0.000643	0.021886	-0.010621
1.935599	0.000970	0.022075	-0.010552
1.934590	0.000678	0.022149	-0.010736
1.933583	0.000689	0.022084	-0.010698
1.932577	0.000762	0.022137	-0.010687
1.931572	0.000692	0.022222	-0.010765
1.930568	0.000669	0.022323	-0.010827
1.929566	0.000715	0.022300	-0.010793
1.928565	0.000799	0.022382	-0.010792
1.927565	0.000640	0.022797	-0.011078
1.926566	0.000457	0.022566	-0.011055
1.925568	0.000371	0.022496	-0.011062
1.924571	0.000472	0.022629	-0.011078
1.923576	0.000264	0.022503	-0.011119
1.922582	0.000233	0.022517	-0.011142
1.921589	0.000420	0.022792	-0.011186
1.920597	0.000273	0.022933	-0.011330
1.919606	0.000306	0.023044	-0.011369
1.918617	0.000122	0.023134	-0.011506
1.917629	0.000405	0.023069	-0.011332
1.916641	0.000133	0.023427	-0.011647
1.915655	-0.000021	0.023307	-0.011664
1.914671	-0.000222	0.023292	-0.011757
1.913687	0.000027	0.023099	-0.011536
1.912704	0.000107	0.023445	-0.011669
1.911723	-0.000225	0.023244	-0.011734
1.910743	-0.000053	0.023549	-0.011801
1.909764	-0.000234	0.023515	-0.011874
1.908786	-0.000281	0.023499	-0.011890
1.907809	-0.000334	0.023429	-0.011882
1.906834	-0.000401	0.023547	-0.011974
1.905859	-0.000441	0.023674	-0.012057
1.904886	-0.000492	0.023344	-0.011918
1.903914	-0.000535	0.023488	-0.012011
1.902943	-0.000455	0.023574	-0.012015
1.901973	-0.000375	0.023991	-0.012183
1.901004	-0.000527	0.023827	-0.012177
1.900036	-0.000536	0.023942	-0.012239
1.899070	-0.000564	0.024006	-0.012285
1.898105	-0.000472	0.024094	-0.012283
1.897140	-0.000729	0.023882	-0.012306
1.896177	-0.000677	0.024096	-0.012387
1.895215	-0.000783	0.024122	-0.012452
1.894254	-0.001045	0.023893	-0.012469
1.893295	-0.000956	0.023866	-0.012411
1.892336	-0.001131	0.023951	-0.012541
1.891378	-0.001211	0.024027	-0.012619
1.890422	-0.001021	0.023753	-0.012387
1.889467	-0.001013	0.024075	-0.012544
1.888513	-0.000978	0.024454	-0.012716
1.887560	-0.000981	0.024578	-0.012779
1.886608	-0.000966	0.024419	-0.012693
1.885657	-0.001025	0.024771	-0.012898
1.884707	-0.000682	0.025004	-0.012843
1.883758	-0.000883	0.024805	-0.012844
1.882811	-0.000872	0.025138	-0.013005
1.881864	-0.001099	0.024795	-0.012947
1.880919	-0.001138	0.024985	-0.013062
1.879975	-0.001033	0.025117	-0.013075
1.879032	-0.001079	0.025178	-0.013128
1.878090	-0.001039	0.025150	-0.013094
1.877149	-0.001556	0.025146	-0.013351
1.876209	-0.001522	0.025218	-0.013370
1.875270	-0.001566	0.025267	-0.013416
1.874332	-0.001687	0.025255	-0.013471
1.873396	-0.001709	0.025287	-0.013498
1.872460	-0.001618	0.025129	-0.013373
1.871525	-0.001500	0.024941	-0.013220
1.870592	-0.001783	0.025594	-0.013689
1.869660	-0.001319	0.026029	-0.013674
1.868728	-0.001112	0.025433	-0.013272
1.867798	-0.001652	0.025454	-0.013553
1.866869	-0.001615	0.025482	-0.013548
1.865941	-0.001876	0.025721	-0.013799
1.865014	-0.001855	0.025416	-0.013636
1.864088	-0.001871	0.025604	-0.013737
1.863163	-0.001811	0.025896	-0.013853
1.862239	-0.002089	0.025716	-0.013903
1.861317	-0.001972	0.025921	-0.013947
1.860395	-0.001813	0.025954	-0.013883
1.859474	-0.002126	0.026170	-0.014148
1.858555	-0.002163	0.025951	-0.014057
1.857636	-0.001898	0.026333	-0.014116
1.856719	-0.002123	0.026535	-0.014329
1.855802	-0.001980	0.026202	-0.014091
1.854887	-0.002020	0.026625	-0.014323
1.853973	-0.002104	0.026382	-0.014243
1.853059	-0.001954	0.026944	-0.014449
1.852147	-0.002213	0.026515	-0.014364
1.851236	-0.001898	0.026407	-0.014153
1.850326	-0.002368	0.026520	-0.014444
1.849416	-0.002494	0.026279	-0.014387
1.848508	-0.002534	0.026629	-0.014581
1.847601	-0.002550	0.026612	-0.014581
1.846695	-0.002544	0.026650	-0.014597
1.845790	-0.002680	0.026772	-0.014726
1.844886	-0.002543	0.026817	-0.014680
1.843983	-0.002402	0.026862	-0.014632
1.843081	-0.002488	0.026794	-0.014641
1.842180	-0.002456	0.026949	-0.014703
1.841280	-0.002595	0.027336	-0.014966
1.840381	-0.002521	0.027073	-0.014797
1.839484	-0.002228	0.027198	-0.014713
1.838587	-0.002578	0.027391	-0.014985
1.837691	-0.002445	0.027706	-0.015076
1.836796	-0.002592	0.027740	-0.015166
1.835902	-0.002621	0.027873	-0.015247
1.835009	-0.002366	0.027631	-0.014998
1.834118	-0.002518	0.027402	-0.014960
1.833227	-0.002623	0.027584	-0.015104
1.832337	-0.002785	0.027519	-0.015152
1.831448	-0.002739	0.027534	-0.015136
1.830560	-0.002782	0.027639	-0.015211
1.829674	-0.002994	0.027594	-0.015294
1.828788	-0.003163	0.027608	-0.015386
1.827903	-0.003122	0.028132	-0.015627
1.827019	-0.003273	0.027804	-0.015538
1.826136	-0.003325	0.027631	-0.015478
1.825255	-0.003153	0.027863	-0.015508
1.824374	-0.003167	0.027996	-0.015582
1.823494	-0.003116	0.028026	-0.015571
1.822615	-0.003356	0.027870	-0.015613
1.821737	-0.003238	0.027898	-0.015568
1.820860	-0.003388	0.028285	-0.015836
1.819984	-0.003269	0.028210	-0.015739
1.819109	-0.003239	0.028279	-0.015759
1.818235	-0.003266	0.028263	-0.015764
1.817362	-0.003847	0.028162	-0.016005
1.816490	-0.003819	0.028070	-0.015944
1.815619	-0.003857	0.028304	-0.016081
1.814749	-0.003611	0.028056	-0.015834
1.813880	-0.003972	0.028218	-0.016095
1.813012	-0.003783	0.028234	-0.016009
1.812145	-0.004276	0.028311	-0.016293
1.811279	-0.003741	0.028096	-0.015918
1.810413	-0.003439	0.028692	-0.016066
1.809549	-0.003957	0.028879	-0.016418
1.808686	-0.003914	0.028732	-0.016323
1.807824	-0.004006	0.029053	-0.016529
1.806962	-0.003996	0.029147	-0.016571
1.806102	-0.003845	0.029206	-0.016525
1.805242	-0.004000	0.029018	-0.016509
1.804384	-0.004379	0.028841	-0.016610
1.803526	-0.004116	0.028896	-0.016506
1.802670	-0.004027	0.029039	-0.016533
1.801814	-0.004183	0.028637	-0.016410
1.800959	-0.004561	0.028658	-0.016609
1.800105	-0.004846	0.028624	-0.016735
1.799252	-0.004932	0.028615	-0.016774
1.798401	-0.004723	0.028672	-0.016697
1.797550	-0.004988	0.028642	-0.016815
1.796700	-0.004906	0.028473	-0.016690
1.795851	-0.004656	0.028486	-0.016571
1.795002	-0.005141	0.028372	-0.016756
1.794155	-0.004754	0.028764	-0.016759
1.793309	-0.004756	0.029319	-0.017037
1.792464	-0.004737	0.028665	-0.016701
1.791619	-0.004886	0.029138	-0.017012
1.790776	-0.004852	0.029174	-0.017013
1.789933	-0.004893	0.028930	-0.016911
1.789092	-0.005134	0.028620	-0.016877
1.788251	-0.005393	0.028666	-0.017030
1.787411	-0.005179	0.028653	-0.016916
1.786572	-0.005906	0.028643	-0.017274
1.785734	-0.005577	0.028554	-0.017066
1.784897	-0.005577	0.028711	-0.017144
1.784061	-0.005512	0.028784	-0.017148
1.783226	-0.005751	0.028573	-0.017162
1.782392	-0.005775	0.028671	-0.017223
1.781558	-0.005575	0.028867	-0.017221
1.780726	-0.005236	0.028682	-0.016959
1.779894	-0.005678	0.028801	-0.017240
1.779064	-0.005424	0.028835	-0.017130
1.778234	-0.005414	0.028983	-0.017198
1.777405	-0.005621	0.029079	-0.017350
1.776577	-0.005526	0.028742	-0.017134
1.775750	-0.005497	0.029038	-0.017267
1.774924	-0.005662	0.028741	-0.017201
1.774099	-0.005500	0.028737	-0.017118
1.773275	-0.005833	0.028798	-0.017315
1.772451	-0.005822	0.029011	-0.017416
1.771629	-0.006318	0.028624	-0.017471
1.770807	-0.005945	0.028891	-0.017418
1.769986	-0.005502	0.028869	-0.017185
1.769167	-0.005300	0.028912	-0.017106
1.768348	-0.005569	0.029167	-0.017368
1.767530	-0.005647	0.028917	-0.017282
1.766712	-0.005960	0.029004	-0.017482
1.765896	-0.005549	0.028752	-0.017151
1.765081	-0.005877	0.029353	-0.017615
1.764266	-0.005632	0.028858	-0.017245
1.763453	-0.005949	0.028925	-0.017437
1.762640	-0.006075	0.028415	-0.017245
1.761828	-0.005989	0.028442	-0.017215
1.761017	-0.006042	0.028898	-0.017470
1.760207	-0.005972	0.028920	-0.017446
1.759398	-0.005784	0.028694	-0.017239
1.758589	-0.005934	0.028648	-0.017291
1.757782	-0.006031	0.028017	-0.017024
1.756975	-0.006002	0.028191	-0.017097
1.756169	-0.006217	0.028193	-0.017205
1.755365	-0.005870	0.028277	-0.017074
1.754560	-0.005828	0.028290	-0.017059
1.753757	-0.006193	0.028254	-0.017223
1.752955	-0.006117	0.028236	-0.017176
1.752154	-0.006091	0.028245	-0.017168
1.751353	-0.006046	0.028204	-0.017125
1.750553	-0.005270	0.028603	-0.016937
1.749755	-0.005626	0.028234	-0.016930
1.748957	-0.005306	0.028853	-0.017080
1.748159	-0.005859	0.028179	-0.017019
1.747363	-0.005988	0.028078	-0.017033
1.746568	-0.006089	0.028059	-0.017074
1.745773	-0.005747	0.027699	-0.016723
1.744979	-0.006280	0.027718	-0.016999
1.744187	-0.005983	0.027673	-0.016828
1.743395	-0.006100	0.027505	-0.016802
1.742603	-0.006512	0.027681	-0.017097
1.741813	-0.006112	0.027317	-0.016714
1.741024	-0.006145	0.027207	-0.016676
1.740235	-0.006008	0.026983	-0.016496
1.739447	-0.006146	0.027482	-0.016814
1.738660	-0.005964	0.027429	-0.016697
1.737874	-0.006235	0.027203	-0.016719
1.737089	-0.005845	0.027028	-0.016437
1.736304	-0.005705	0.027157	-0.016431
1.735521	-0.005423	0.026846	-0.016135
1.734738	-0.005837	0.026598	-0.016218
1.733956	-0.005720	0.026687	-0.016203
1.733175	-0.005544	0.026762	-0.016153
1.732395	-0.005481	0.026896	-0.016188
1.731615	-0.005511	0.026765	-0.016138
1.730837	-0.005757	0.026963	-0.016360
1.730059	-0.005692	0.026937	-0.016315
1.729282	-0.006109	0.026549	-0.016329
1.728506	-0.005379	0.026502	-0.015940
1.727730	-0.005254	0.026097	-0.015675
1.726956	-0.005833	0.026361	-0.016097
1.726182	-0.006078	0.025878	-0.015978
1.725409	-0.005683	0.026008	-0.015846
1.724637	-0.005817	0.025278	-0.015547
1.723866	-0.006026	0.025323	-0.015674
1.723096	-0.005730	0.025335	-0.015533
1.722326	-0.005667	0.025390	-0.015529
1.721557	-0.005689	0.024982	-0.015335
1.720789	-0.005650	0.025403	-0.015526
1.720022	-0.005709	0.025112	-0.015411
1.719256	-0.005802	0.025014	-0.015408
1.718490	-0.005816	0.024838	-0.015327
1.717726	-0.005271	0.024361	-0.014816
1.716962	-0.005632	0.024269	-0.014951
1.716199	-0.005856	0.024442	-0.015149
1.715436	-0.005750	0.024159	-0.014954
1.714675	-0.005538	0.023878	-0.014708
1.713914	-0.005354	0.024125	-0.014740
1.713154	-0.005914	0.023629	-0.014772
1.712395	-0.005808	0.023372	-0.014590
1.711637	-0.005366	0.023077	-0.014221
1.710879	-0.005118	0.023416	-0.014267
1.710122	-0.005642	0.023331	-0.014487
1.709366	-0.005394	0.023181	-0.014288
1.708611	-0.005581	0.022861	-0.014221
1.707857	-0.005650	0.022425	-0.014038
1.707103	-0.005652	0.022521	-0.014086
1.706351	-0.005192	0.022395	-0.013793
1.705599	-0.005437	0.022299	-0.013868
1.704847	-0.005494	0.022288	-0.013891
1.704097	-0.005133	0.022468	-0.013800
1.703347	-0.005016	0.022062	-0.013539
1.702599	-0.004811	0.022312	-0.013561
1.701850	-0.004920	0.022296	-0.013608
1.701103	-0.004469	0.022529	-0.013499
1.700357	-0.004398	0.023044	-0.013721
1.699611	-0.004293	0.022127	-0.013210
1.698866	-0.004573	0.022229	-0.013401
1.698122	-0.004240	0.021767	-0.013003
1.697378	-0.004544	0.021590	-0.013067
1.696636	-0.004573	0.021027	-0.012800
1.695894	-0.004656	0.020962	-0.012809
1.695153	-0.004886	0.020699	-0.012793
1.694412	-0.004934	0.020660	-0.012797
1.693673	-0.005002	0.020164	-0.012583
1.692934	-0.004385	0.019924	-0.012155
1.692196	-0.004684	0.019748	-0.012216
1.691459	-0.004412	0.020200	-0.012306
1.690722	-0.004422	0.019837	-0.012129
1.689987	-0.004125	0.019417	-0.011771
1.689252	-0.004424	0.019284	-0.011854
1.688518	-0.004738	0.019364	-0.012051
1.687784	-0.004706	0.019377	-0.012041
1.687051	-0.004396	0.019145	-0.011771
1.686320	-0.004253	0.018613	-0.011433
1.685588	-0.004764	0.018066	-0.011415
1.684858	-0.004077	0.017871	-0.010974
1.684128	-0.004177	0.018430	-0.011304
1.683399	-0.004091	0.018400	-0.011245
1.682671	-0.004845	0.017893	-0.011369
1.681944	-0.004659	0.017436	-0.011047
1.681217	-0.004694	0.017860	-0.011277
1.680491	-0.003702	0.016974	-0.010338
1.679766	-0.004279	0.017191	-0.010735
1.679042	-0.004994	0.016937	-0.010966
1.678318	-0.004443	0.016766	-0.010604
1.677595	-0.004593	0.016999	-0.010796
1.676873	-0.004367	0.016513	-0.010440
1.676152	-0.004248	0.016297	-0.010273
1.675431	-0.003937	0.016015	-0.009976
1.674711	-0.004634	0.015998	-0.010316
1.673992	-0.004020	0.015662	-0.009841
1.673273	-0.004044	0.015961	-0.010003
1.672556	-0.004300	0.015356	-0.009828
1.671839	-0.004148	0.015669	-0.009909
1.671122	-0.003947	0.015105	-0.009526
1.670407	-0.004258	0.015157	-0.009707
1.669692	-0.004169	0.014984	-0.009577
1.668978	-0.004418	0.015096	-0.009757
1.668265	-0.003984	0.014441	-0.009212
1.667552	-0.003893	0.014123	-0.009008
1.666840	-0.003955	0.013932	-0.008943
1.666129	-0.004133	0.013869	-0.009001
1.665418	-0.003681	0.013673	-0.008677
1.664709	-0.004038	0.013990	-0.009014
1.664000	-0.004141	0.013384	-0.008763
1.663292	-0.005352	0.013388	-0.009370
1.662584	-0.004128	0.012982	-0.008555
1.661877	-0.004332	0.012954	-0.008643
1.661171	-0.004284	0.013353	-0.008818
1.660466	-0.004819	0.012453	-0.008636
1.659761	-0.004351	0.012324	-0.008338
1.659057	-0.004481	0.011920	-0.008200
1.658354	-0.003987	0.012756	-0.008371
1.657651	-0.003685	0.012531	-0.008108
1.656950	-0.003118	0.012139	-0.007628
1.656249	-0.003883	0.012202	-0.008042
1.655548	-0.003496	0.011981	-0.007739
1.654848	-0.003529	0.011377	-0.007453
1.654150	-0.004345	0.011309	-0.007827
1.653451	-0.003487	0.011035	-0.007261
1.652754	-0.004174	0.011105	-0.007639
1.652057	-0.003628	0.010592	-0.007110
1.651361	-0.003485	0.010455	-0.006970
1.650665	-0.003574	0.011007	-0.007290
1.649971	-0.003155	0.010448	-0.006802
1.649277	-0.003650	0.010473	-0.007062
1.648583	-0.003540	0.010075	-0.006808
1.647891	-0.003082	0.010452	-0.006767
1.647199	-0.003033	0.009552	-0.006292
1.646508	-0.003240	0.009895	-0.006568
1.645817	-0.002845	0.009534	-0.006190
1.645127	-0.002605	0.009887	-0.006246
1.644438	-0.002813	0.009430	-0.006122
1.643750	-0.002747	0.008996	-0.005872
1.643062	-0.002384	0.009898	-0.006141
1.642375	-0.002370	0.009790	-0.006080
1.641689	-0.002827	0.009582	-0.006205
1.641003	-0.002955	0.009777	-0.006366
1.640318	-0.002105	0.009403	-0.005754
1.639634	-0.001415	0.009341	-0.005378
1.638950	-0.002180	0.008827	-0.005503
1.638267	-0.002109	0.008518	-0.005314
1.637585	-0.002251	0.008246	-0.005249
1.636903	-0.001695	0.008550	-0.005122
1.636222	-0.002011	0.008725	-0.005368
1.635542	-0.002060	0.008093	-0.005076
1.634863	-0.002304	0.007687	-0.004995
1.634184	-0.002401	0.007961	-0.005181
1.633506	-0.002449	0.007455	-0.004952
1.632828	-0.002127	0.007223	-0.004675
1.632151	-0.002344	0.007602	-0.004973
1.631475	-0.002262	0.006918	-0.004590
1.630800	-0.002265	0.007367	-0.004816
1.630125	-0.001925	0.006575	-0.004250
1.629451	-0.002198	0.006827	-0.004512
1.628778	-0.002209	0.006517	-0.004363
1.628105	-0.002186	0.006404	-0.004295
1.627433	-0.001771	0.006272	-0.004022
1.626761	-0.002509	0.005619	-0.004064
1.626091	-0.002856	0.004480	-0.003668
1.625421	-0.002587	0.005189	-0.003888
1.624751	-0.003057	0.005185	-0.004121
1.624083	-0.002729	0.005200	-0.003964
1.623414	-0.002670	0.004107	-0.003388
1.622747	-0.003304	0.004295	-0.003800
1.622080	-0.003254	0.004133	-0.003694
1.621414	-0.003275	0.003980	-0.003627
1.620749	-0.003512	0.003368	-0.003440
1.620084	-0.003937	0.003212	-0.003574
1.619420	-0.003697	0.002908	-0.003303
1.618757	-0.003747	0.002412	-0.003079
1.618094	-0.003672	0.002957	-0.003314
1.617432	-0.003848	0.002092	-0.002970
1.616770	-0.004725	0.001376	-0.003050
1.616109	-0.004706	0.000854	-0.002780
1.615449	-0.004467	0.000410	-0.002439
1.614790	-0.003831	0.000308	-0.002070
1.614131	-0.004866	0.000641	-0.002754
1.613473	-0.004767	0.000373	-0.002570
1.612815	-0.005400	-0.000551	-0.002424
1.612158	-0.004994	-0.000858	-0.002068
1.611502	-0.006202	-0.001484	-0.002359
1.610846	-0.005432	-0.000336	-0.002548
1.610191	-0.005904	-0.001139	-0.002383
1.609537	-0.005861	-0.002289	-0.001786
1.608883	-0.005917	-0.002005	-0.001956
1.608230	-0.005675	-0.002438	-0.001618
1.607578	-0.006164	-0.002459	-0.001852
1.606926	-0.006909	-0.002918	-0.001995
1.606275	-0.006264	-0.003303	-0.001480
1.605625	-0.006675	-0.004062	-0.001306
1.604975	-0.007440	-0.004045	-0.001698
1.604326	-0.006764	-0.004188	-0.001288
1.603677	-0.007470	-0.005482	-0.000994
1.603029	-0.007846	-0.005646	-0.001100
1.602382	-0.007671	-0.005390	-0.001141
1.601735	-0.008541	-0.005684	-0.001429
1.601089	-0.008255	-0.005552	-0.001352
1.600444	-0.008287	-0.005714	-0.001287
1.599799	-0.009165	-0.007120	-0.001022
1.599155	-0.008837	-0.006436	-0.001200
1.598512	-0.009195	-0.006417	-0.001389
1.597869	-0.008598	-0.007086	-0.000756
1.597227	-0.008071	-0.008822	0.000375
1.596585	-0.008714	-0.008364	-0.000175
1.595944	-0.009782	-0.007032	-0.001375
1.595304	-0.008645	-0.008926	0.000140
1.594664	-0.008273	-0.007349	-0.000462
1.594025	-0.008388	-0.009209	0.000411
1.593386	-0.008936	-0.007390	-0.000773
1.592749	-0.009276	-0.008006	-0.000635
1.592111	-0.008575	-0.008967	0.000196
1.591475	-0.009199	-0.009609	0.000205
1.590839	-0.009304	-0.008211	-0.000546
1.590203	-0.009482	-0.008956	-0.000263
1.589569	-0.010133	-0.009389	-0.000372
1.588935	-0.009503	-0.010611	0.000554
1.588301	-0.010030	-0.009818	-0.000106
1.587668	-0.009934	-0.009868	-0.000033
1.587036	-0.010544	-0.010206	-0.000169
1.586404	-0.010718	-0.011949	0.000615
1.585773	-0.011841	-0.010528	-0.000657
1.585143	-0.010614	-0.012341	0.000864
1.584513	-0.010750	-0.011747	0.000498
1.583884	-0.010935	-0.012435	0.000750
1.583255	-0.011387	-0.012785	0.000699
1.582627	-0.011814	-0.012364	0.000275
1.582000	-0.012144	-0.012876	0.000366
1.581373	-0.011603	-0.012542	0.000470
1.580747	-0.012198	-0.013800	0.000801
1.580121	-0.011556	-0.013874	0.001159
1.579496	-0.011471	-0.014091	0.001310
1.578872	-0.013053	-0.014289	0.000618
1.578248	-0.012874	-0.014658	0.000892
1.577625	-0.014200	-0.015210	0.000505
1.577002	-0.014770	-0.016580	0.000905
1.576380	-0.013707	-0.016427	0.001360
1.575759	-0.013885	-0.017025	0.001570
1.575138	-0.014014	-0.016604	0.001295
1.574518	-0.013871	-0.016516	0.001323
1.573899	-0.013886	-0.017393	0.001754
1.573280	-0.013539	-0.017872	0.002166
1.572661	-0.014326	-0.017324	0.001499
1.572044	-0.013869	-0.017379	0.001755
1.571426	-0.015468	-0.018232	0.001382
1.570810	-0.015150	-0.019112	0.001981
1.570194	-0.015692	-0.019143	0.001726
1.569578	-0.015657	-0.019686	0.002014
1.568964	-0.016363	-0.019582	0.001610
1.568349	-0.016405	-0.019628	0.001611
1.567736	-0.015488	-0.020859	0.002685
1.567123	-0.016754	-0.021785	0.002516
1.566510	-0.016887	-0.021236	0.002175
1.565899	-0.016480	-0.020740	0.002130
1.565287	-0.016889	-0.021047	0.002079
1.564677	-0.017853	-0.021453	0.001800
1.564066	-0.018843	-0.022018	0.001588
1.563457	-0.018410	-0.022392	0.001991
1.562848	-0.017858	-0.022119	0.002130
1.562240	-0.018956	-0.023080	0.002062
1.561632	-0.018209	-0.022556	0.002174
1.561025	-0.019163	-0.023705	0.002271
1.560418	-0.019928	-0.023741	0.001906
1.559812	-0.018611	-0.022968	0.002178
1.559207	-0.020208	-0.023430	0.001611
1.558602	-0.019223	-0.025017	0.002897
1.557997	-0.019400	-0.024115	0.002358
1.557394	-0.020017	-0.025801	0.002892
1.556791	-0.021178	-0.025428	0.002125
1.556188	-0.021274	-0.025301	0.002014
1.555586	-0.019938	-0.025375	0.002719
1.554985	-0.021537	-0.027070	0.002766
1.554384	-0.021039	-0.026971	0.002966
1.553783	-0.021186	-0.027306	0.003060
1.553184	-0.020875	-0.027034	0.003080
1.552585	-0.023117	-0.026107	0.001495
1.551986	-0.021910	-0.028899	0.003494
1.551388	-0.022321	-0.026520	0.002100
1.550791	-0.021562	-0.027978	0.003208
1.550194	-0.021778	-0.028718	0.003470
1.549597	-0.020989	-0.026467	0.002739
1.549002	-0.022561	-0.028877	0.003158
1.548406	-0.022954	-0.028058	0.002552
1.547812	-0.021284	-0.027250	0.002983
1.547218	-0.024769	-0.030601	0.002916
1.546624	-0.022845	-0.028657	0.002906
1.546031	-0.023783	-0.029232	0.002724
1.545439	-0.023402	-0.030798	0.003698
1.544847	-0.024080	-0.029555	0.002737
1.544256	-0.025108	-0.031401	0.003146
1.543665	-0.025645	-0.031536	0.002946
1.543075	-0.025135	-0.032155	0.003510
1.542486	-0.025567	-0.032456	0.003445
1.541897	-0.026599	-0.032010	0.002705
1.541308	-0.027088	-0.030462	0.001687
1.540720	-0.025280	-0.035006	0.004863
1.540133	-0.027525	-0.033459	0.002967
1.539546	-0.025894	-0.032751	0.003429
1.538960	-0.026307	-0.033748	0.003720
1.538374	-0.028904	-0.033112	0.002104
1.537789	-0.025630	-0.033514	0.003942
1.537204	-0.027635	-0.034925	0.003645
1.536620	-0.028236	-0.033990	0.002877
1.536037	-0.029568	-0.034412	0.002422
1.535454	-0.028775	-0.034722	0.002973
1.534872	-0.027910	-0.033804	0.002947
1.534290	-0.029397	-0.035119	0.002861
1.533708	-0.027041	-0.035779	0.004369
1.533128	-0.028994	-0.037095	0.004051
1.532548	-0.029380	-0.035040	0.002830
1.531968	-0.029391	-0.036372	0.003491
1.531389	-0.030983	-0.036681	0.002849
1.530810	-0.029811	-0.035710	0.002950
1.530232	-0.033061	-0.037880	0.002409
1.529655	-0.031907	-0.039497	0.003795
1.529078	-0.032122	-0.039181	0.003530
1.528501	-0.032324	-0.038118	0.002897
1.527925	-0.032823	-0.038927	0.003052
1.527350	-0.034034	-0.040755	0.003361
1.526775	-0.032598	-0.039195	0.003298
1.526201	-0.032425	-0.039289	0.003432
1.525627	-0.033072	-0.039529	0.003228
1.525054	-0.033833	-0.038805	0.002486
1.524481	-0.035593	-0.040758	0.002583
1.523909	-0.033988	-0.041264	0.003638
1.523338	-0.034314	-0.041049	0.003367
1.522767	-0.033645	-0.043063	0.004709
1.522196	-0.033096	-0.043974	0.005439
1.521626	-0.035567	-0.041678	0.003056
1.521057	-0.035681	-0.043825	0.004072
1.520488	-0.036262	-0.041205	0.002471
1.519919	-0.038710	-0.042651	0.001971
1.519351	-0.035559	-0.042807	0.003624
1.518784	-0.034813	-0.042779	0.003983
1.518217	-0.035896	-0.042410	0.003257
1.517651	-0.036699	-0.044956	0.004128
1.517085	-0.038821	-0.044109	0.002644
1.516520	-0.037226	-0.045060	0.003917
1.515955	-0.036194	-0.044278	0.004042
1.515391	-0.037784	-0.045541	0.003878
1.514827	-0.038525	-0.045402	0.003438
1.514264	-0.039216	-0.045269	0.003026
1.513702	-0.041036	-0.045938	0.002451
1.513139	-0.037860	-0.046710	0.004425
1.512578	-0.038440	-0.046850	0.004205
1.512017	-0.040247	-0.049369	0.004561
1.511456	-0.039367	-0.046345	0.003489
1.510896	-0.039273	-0.047642	0.004185
1.510337	-0.043183	-0.049110	0.002963
1.509778	-0.041989	-0.047278	0.002644
1.509219	-0.040986	-0.049954	0.004484
1.508661	-0.042010	-0.048048	0.003019
1.508104	-0.040767	-0.048709	0.003971
1.507547	-0.044050	-0.051214	0.003582
1.506990	-0.041369	-0.050215	0.004423
1.506435	-0.044879	-0.050605	0.002863
1.505879	-0.043986	-0.051893	0.003954
1.505324	-0.043726	-0.050772	0.003523
1.504770	-0.042427	-0.050865	0.004219
1.504216	-0.043920	-0.050932	0.003506
1.503663	-0.044250	-0.051578	0.003664
1.503110	-0.044275	-0.052627	0.004176
1.502558	-0.043656	-0.050558	0.003451
1.502006	-0.046271	-0.051851	0.002790
1.501454	-0.044902	-0.052270	0.003684
1.500904	-0.047625	-0.053882	0.003128
1.500353	-0.046662	-0.051683	0.002511
1.499803	-0.047544	-0.053036	0.002746
1.499254	-0.047365	-0.053250	0.002943
1.498705	-0.046692	-0.054514	0.003911
1.498157	-0.047380	-0.053978	0.003299
1.497609	-0.048824	-0.054483	0.002830
1.497062	-0.047720	-0.052011	0.002145
1.496515	-0.048937	-0.056132	0.003598
1.495969	-0.047552	-0.057556	0.005002
1.495423	-0.050183	-0.058004	0.003910
1.494878	-0.050732	-0.057068	0.003168
1.494333	-0.048542	-0.057267	0.004363
1.493789	-0.050919	-0.054672	0.001877
1.493245	-0.051730	-0.059417	0.003843
1.492702	-0.052307	-0.058590	0.003141
1.492159	-0.051624	-0.055158	0.001767
1.491617	-0.049411	-0.058716	0.004653
1.491075	-0.053900	-0.063542	0.004821
1.490533	-0.050061	-0.061807	0.005873
1.489993	-0.051170	-0.058473	0.003652
1.489452	-0.053480	-0.059768	0.003144
1.488912	-0.055248	-0.062743	0.003747
1.488373	-0.054796	-0.061164	0.003184
1.487834	-0.054818	-0.060723	0.002953
1.487296	-0.056776	-0.062260	0.002742
1.486758	-0.054444	-0.062511	0.004033
1.486221	-0.055667	-0.061152	0.002743
1.485684	-0.057198	-0.061122	0.001962
1.485147	-0.055664	-0.063647	0.003992
1.484611	-0.055506	-0.059531	0.002013
1.484076	-0.056944	-0.065026	0.004041
1.483541	-0.057209	-0.063062	0.002927
1.483007	-0.057742	-0.064504	0.003381
1.482473	-0.056545	-0.063220	0.003337
1.481939	-0.058625	-0.067894	0.004634
1.481406	-0.059251	-0.066507	0.003628
1.480874	-0.059811	-0.065226	0.002708
1.480341	-0.058059	-0.068960	0.005451
1.479810	-0.060769	-0.066996	0.003113
1.479279	-0.061768	-0.067758	0.002995
1.478748	-0.062455	-0.068105	0.002825
1.478218	-0.061095	-0.068959	0.003932
1.477688	-0.060427	-0.068701	0.004137
1.477159	-0.061971	-0.067814	0.002922
1.476631	-0.064294	-0.071186	0.003446
1.476102	-0.060827	-0.069673	0.004423
1.475575	-0.062252	-0.070209	0.003979
1.475047	-0.063775	-0.070999	0.003612
1.474521	-0.063753	-0.069776	0.003011
1.473994	-0.060918	-0.071063	0.005072
1.473469	-0.066161	-0.072458	0.003148
1.472943	-0.067440	-0.071276	0.001918
1.472418	-0.066142	-0.072212	0.003035
1.471894	-0.065263	-0.069710	0.002223
1.471370	-0.066868	-0.075427	0.004280
1.470846	-0.069530	-0.071931	0.001201
1.470323	-0.068556	-0.074508	0.002976
1.469801	-0.069774	-0.075473	0.002850
1.469279	-0.070943	-0.075289	0.002173
1.468757	-0.070018	-0.076359	0.003171
1.468236	-0.069184	-0.077896	0.004356
1.467716	-0.072718	-0.074383	0.000832
1.467195	-0.071593	-0.077098	0.002753
1.466676	-0.071290	-0.077503	0.003107
1.466156	-0.074692	-0.078376	0.001842
1.465638	-0.073053	-0.077065	0.002006
1.465119	-0.071489	-0.077552	0.003032
1.464601	-0.072261	-0.080149	0.003944
1.464084	-0.075000	-0.079314	0.002157
1.463567	-0.073000	-0.079034	0.003017
1.463051	-0.074005	-0.077952	0.001973
1.462535	-0.072711	-0.079173	0.003231
1.462019	-0.076864	-0.077855	0.000495
1.461504	-0.078098	-0.077406	-0.000346
1.460989	-0.074840	-0.080117	0.002639
1.460475	-0.076471	-0.080289	0.001909
1.459962	-0.077877	-0.081998	0.002061
1.459448	-0.078598	-0.082695	0.002049
1.458936	-0.077909	-0.083880	0.002986
1.458423	-0.074097	-0.084512	0.005207
1.457911	-0.077534	-0.081510	0.001988
1.457400	-0.078633	-0.081959	0.001663
1.456889	-0.079237	-0.086865	0.003814
1.456379	-0.079109	-0.086230	0.003561
1.455869	-0.077183	-0.083372	0.003094
1.455359	-0.082008	-0.085945	0.001968
1.454850	-0.080008	-0.086940	0.003466
1.454341	-0.079622	-0.085550	0.002964
1.453833	-0.083622	-0.088863	0.002620
1.453325	-0.080048	-0.092840	0.006396
1.452818	-0.084420	-0.091392	0.003486
1.452311	-0.082372	-0.089267	0.003448
1.451805	-0.084295	-0.088179	0.001942
1.451299	-0.085881	-0.090628	0.002373
1.450793	-0.082984	-0.088042	0.002529
1.450288	-0.088706	-0.091484	0.001389
1.449783	-0.086271	-0.090490	0.002110
1.449279	-0.086821	-0.094155	0.003667
1.448775	-0.090049	-0.090482	0.000217
1.448272	-0.089809	-0.091488	0.000840
1.447769	-0.086995	-0.091001	0.002003
1.447267	-0.090402	-0.094435	0.002016
1.446765	-0.090898	-0.095168	0.002135
1.446263	-0.090715	-0.092476	0.000881
1.445762	-0.089466	-0.094387	0.002460
1.445262	-0.092176	-0.094394	0.001109
1.444762	-0.091235	-0.093788	0.001277
1.444262	-0.094121	-0.097301	0.001590
1.443763	-0.094231	-0.099133	0.002451
1.443264	-0.089988	-0.094415	0.002214
1.442765	-0.093798	-0.100793	0.003497
1.442267	-0.095986	-0.100430	0.002222
1.441770	-0.096808	-0.097260	0.000226
1.441273	-0.093619	-0.098442	0.002411
1.440776	-0.095284	-0.095132	-0.000076
1.440280	-0.095084	-0.100207	0.002562
1.439784	-0.095789	-0.103049	0.003630
1.439289	-0.095526	-0.101348	0.002911
1.438794	-0.098425	-0.099724	0.000649
1.438299	-0.101439	-0.101702	0.000132
1.437805	-0.096709	-0.099042	0.001167
1.437312	-0.099685	-0.103339	0.001827
1.436819	-0.102287	-0.102049	-0.000119
1.436326	-0.102661	-0.103250	0.000295
1.435834	-0.103526	-0.108589	0.002532
1.435342	-0.100290	-0.105809	0.002760
1.434850	-0.101193	-0.108723	0.003765
1.434359	-0.102379	-0.108831	0.003226
1.433869	-0.101904	-0.105326	0.001711
1.433379	-0.103417	-0.108174	0.002378
1.432889	-0.103934	-0.107528	0.001797
1.432400	-0.105681	-0.105248	-0.000216
1.431911	-0.105642	-0.108562	0.001460
1.431422	-0.105810	-0.110144	0.002167
1.430934	-0.105511	-0.110763	0.002626
1.430447	-0.110004	-0.105996	-0.002004
1.429960	-0.105243	-0.108896	0.001827
1.429473	-0.104781	-0.111170	0.003195
1.428987	-0.104208	-0.113901	0.004847
1.428501	-0.107481	-0.110897	0.001708
1.428015	-0.108161	-0.112408	0.002123
1.427530	-0.109171	-0.112602	0.001716
1.427046	-0.106811	-0.116108	0.004648
1.426561	-0.113070	-0.114866	0.000898
1.426078	-0.115848	-0.109596	-0.003126
1.425594	-0.111082	-0.113247	0.001083
1.425111	-0.112693	-0.117771	0.002539
1.424629	-0.112245	-0.119214	0.003484
1.424147	-0.115763	-0.117437	0.000837
1.423665	-0.116243	-0.116404	0.000080
1.423184	-0.118013	-0.118751	0.000369
1.422703	-0.116115	-0.122525	0.003205
1.422223	-0.113469	-0.120557	0.003544
1.421743	-0.120915	-0.122397	0.000741
1.421263	-0.120869	-0.119770	-0.000550
1.420784	-0.121093	-0.122078	0.000492
1.420306	-0.121948	-0.121769	-0.000090
1.419827	-0.122362	-0.124270	0.000954
1.419349	-0.122707	-0.126997	0.002145
1.418872	-0.125895	-0.121203	-0.002346
1.418395	-0.119913	-0.125816	0.002952
1.417918	-0.124379	-0.127376	0.001499
1.417442	-0.124824	-0.126303	0.000740
1.416966	-0.128015	-0.124711	-0.001652
1.416491	-0.124675	-0.128909	0.002117
1.416016	-0.125939	-0.130377	0.002219
1.415541	-0.128510	-0.132770	0.002130
1.415067	-0.122136	-0.128019	0.002942
1.414593	-0.129289	-0.130238	0.000474
1.414120	-0.131112	-0.130716	-0.000198
1.413647	-0.129062	-0.130546	0.000742
1.413174	-0.131232	-0.137543	0.003156
1.412702	-0.131930	-0.137566	0.002818
1.412231	-0.132945	-0.134792	0.000923
1.411759	-0.133691	-0.136066	0.001188
1.411288	-0.136834	-0.137848	0.000507
1.410818	-0.138598	-0.138259	-0.000170
1.410348	-0.130425	-0.140123	0.004849
1.409878	-0.136490	-0.135756	-0.000367
1.409409	-0.140597	-0.139974	-0.000311
1.408940	-0.140712	-0.136140	-0.002286
1.408472	-0.142591	-0.143115	0.000262
1.408004	-0.140118	-0.148253	0.004068
1.407536	-0.139695	-0.139403	-0.000146
1.407069	-0.136508	-0.144216	0.003854
1.406602	-0.137779	-0.144001	0.003111
1.406135	-0.144424	-0.145372	0.000474
1.405669	-0.146966	-0.142044	-0.002461
1.405204	-0.140191	-0.141999	0.000904
1.404738	-0.139347	-0.148009	0.004331
1.404274	-0.142893	-0.141935	-0.000479
1.403809	-0.147368	-0.143113	-0.002128
1.403345	-0.143104	-0.144539	0.000717
1.402882	-0.146922	-0.143739	-0.001591
1.402418	-0.141742	-0.149283	0.003770
1.401955	-0.143811	-0.143460	-0.000176
1.401493	-0.143934	-0.141521	-0.001207
1.401031	-0.149585	-0.149736	0.000075
1.400569	-0.142611	-0.152202	0.004796
1.400108	-0.143644	-0.148590	0.002473
1.399647	-0.147097	-0.146942	-0.000078
1.399187	-0.146943	-0.149048	0.001052
1.398727	-0.149915	-0.151961	0.001023
1.398267	-0.144432	-0.147403	0.001485
1.397808	-0.144098	-0.151499	0.003701
1.397349	-0.152348	-0.149631	-0.001358
1.396890	-0.148935	-0.151781	0.001423
1.396432	-0.149166	-0.149577	0.000206
1.395974	-0.147222	-0.149315	0.001047
1.395517	-0.148235	-0.155006	0.003385
1.395060	-0.144447	-0.153772	0.004662
1.394604	-0.148322	-0.148657	0.000168
1.394147	-0.148128	-0.163026	0.007449
1.393692	-0.148947	-0.154502	0.002777
1.393236	-0.151680	-0.150385	-0.000647
1.392781	-0.151373	-0.151810	0.000219
1.392327	-0.151817	-0.151540	-0.000138
1.391873	-0.152089	-0.157595	0.002753
1.391419	-0.153832	-0.154201	0.000184
1.390965	-0.156439	-0.156101	-0.000169
1.390512	-0.154229	-0.155609	0.000690
