6.542578	0.056011	0.056011	0.000000
6.529189	-0.009057	-0.009057	0.000000
6.515856	-6.890197	-8.326187	0.717995
6.502578	-8.874039	-8.917235	0.021598
6.489355	-6.926703	-7.461825	0.267561
6.476188	-6.499485	-8.357348	0.928932
6.463075	-7.785872	-7.294136	-0.245868
6.450016	-6.180933	-6.771372	0.295219
6.437011	-5.726894	-5.731825	0.002465
6.424060	-6.308735	-5.073975	-0.617380
6.411162	-4.951621	-6.209564	0.628972
6.398317	-4.645102	-5.618419	0.486658
6.385525	-4.486249	-5.567036	0.540393
6.372785	-4.870857	-5.748162	0.438652
6.360096	-5.727103	-5.836757	0.054827
6.347460	-5.203410	-5.506278	0.151434
6.334875	-5.578291	-6.329650	0.375679
6.322341	-5.763042	-5.746781	-0.008131
6.309857	-6.278858	-7.990285	0.855714
6.297424	-6.251969	-7.910539	0.829285
6.285042	-6.249824	-5.752260	-0.248782
6.272709	-7.641044	-8.812939	0.585948
6.260425	-7.593270	-7.421321	-0.085974
6.248191	-7.643019	-6.875923	-0.383548
6.236005	-4.257287	-5.117484	0.430099
6.223868	-2.282057	-2.459238	0.088590
6.211780	-2.318122	-2.348237	0.015057
6.199740	-2.111997	-2.218195	0.053099
6.187747	-2.163316	-2.372866	0.104775
6.175802	-2.259802	-2.559753	0.149975
6.163904	-2.245401	-2.271931	0.013265
6.152053	-2.414862	-2.306408	-0.054227
6.140248	-2.285691	-2.277857	-0.003917
6.128490	-2.192464	-2.317369	0.062452
6.116778	-2.297328	-2.123517	-0.086906
6.105112	-2.241905	-2.475042	0.116568
6.093492	-2.356486	-2.339291	-0.008598
6.081916	-2.296221	-2.315816	0.009798
6.070386	-2.229448	-2.240474	0.005513
6.058901	-2.208072	-2.324050	0.057989
6.047460	-2.328731	-2.447867	0.059568
6.036063	-2.397321	-2.395002	-0.001159
6.024710	-2.271357	-2.224866	-0.023246
6.013401	-2.239849	-2.297167	0.028659
6.002135	-2.334405	-2.508453	0.087024
5.990913	-2.376246	-2.281287	-0.047480
5.979734	-2.301703	-2.210963	-0.045370
5.968597	-2.239975	-2.407347	0.083686
5.957503	-2.175854	-2.320266	0.072206
5.946451	-2.331474	-2.149316	-0.091079
5.935442	-2.412213	-2.401954	-0.005130
5.924474	-2.211905	-2.284304	0.036200
5.913547	-2.391290	-2.321260	-0.035015
5.902662	-2.289394	-2.290030	0.000318
5.891818	-2.333534	-2.140676	-0.096429
5.881015	-2.185905	-2.279506	0.046800
5.870252	-2.222882	-2.284656	0.030887
5.859530	-2.295441	-2.260277	-0.017582
5.848848	-2.215557	-2.383997	0.084220
5.838205	-2.419074	-2.326348	-0.046363
5.827603	-2.397505	-2.430507	0.016501
5.817040	-2.219095	-2.386885	0.083895
5.806516	-2.208949	-2.308074	0.049562
5.796031	-2.266703	-2.345315	0.039306
5.785586	-2.257167	-2.254220	-0.001474
5.775178	-2.201976	-2.260590	0.029307
5.764810	-2.255213	-2.323063	0.033925
5.754479	-2.275430	-2.228622	-0.023404
5.744186	-2.135015	-2.255010	0.059997
5.733931	-2.207944	-2.180420	-0.013762
5.723714	-2.197472	-2.489995	0.146261
5.713534	-2.239370	-2.346043	0.053337
5.703391	-2.249007	-2.487616	0.119305
5.693285	-2.236029	-2.280021	0.021996
5.683216	-2.310729	-2.181571	-0.064579
5.673184	-2.323013	-2.287063	-0.017975
5.663188	-2.233081	-2.378961	0.072940
5.653228	-2.318076	-2.383918	0.032921
5.643304	-2.247184	-2.463104	0.107960
5.633415	-2.279723	-2.243948	-0.017888
5.623562	-2.124185	-2.380981	0.128398
5.613745	-2.142802	-2.229493	0.043345
5.603963	-2.263205	-2.110633	-0.076286
5.594216	-2.097551	-2.296398	0.099424
5.584504	-2.230380	-2.249834	0.009727
5.574826	-2.167392	-2.303570	0.068089
5.565183	-2.071563	-2.254877	0.091657
5.555574	-2.190959	-2.311010	0.060025
5.545999	-2.326158	-2.271015	-0.027571
5.536458	-2.134916	-2.253329	0.059206
5.526950	-2.074878	-2.265021	0.095072
5.517477	-2.153746	-2.188977	0.017615
5.508036	-2.178181	-2.111506	-0.033337
5.498629	-2.099742	-2.307226	0.103742
5.489255	-2.121782	-2.327308	0.102763
5.479914	-2.277375	-2.213217	-0.032079
5.470605	-2.151566	-2.320120	0.084277
5.461329	-1.995882	-2.272213	0.138166
5.452085	-2.047305	-2.353267	0.152981
5.442874	-2.200250	-2.087317	-0.056467
5.433694	-2.116208	-2.245876	0.064834
5.424546	-2.077765	-2.241194	0.081715
5.415430	-2.140439	-2.109092	-0.015673
5.406345	-2.008557	-2.018485	0.004964
5.397292	-2.018838	-2.077274	0.029218
5.388270	-2.109980	-2.149961	0.019991
5.379279	-1.948997	-2.015274	0.033138
5.370319	-1.969293	-2.183562	0.107134
5.361389	-1.956304	-2.049001	0.046349
5.352490	-1.917089	-2.062050	0.072480
5.343621	-2.007204	-1.946825	-0.030190
5.334783	-2.074836	-2.104693	0.014928
5.325975	-2.048011	-2.009501	-0.019255
5.317196	-2.071435	-2.218635	0.073600
5.308448	-2.084025	-2.115457	0.015716
5.299729	-2.213063	-2.030230	-0.091416
5.291039	-2.029303	-1.976147	-0.026578
5.282379	-2.120503	-2.032486	-0.044008
5.273748	-1.861279	-1.974814	0.056767
5.265146	-2.047983	-2.010250	-0.018866
5.256573	-2.067722	-2.012629	-0.027547
5.248029	-1.908662	-1.973429	0.032383
5.239513	-1.920129	-1.999581	0.039726
5.231026	-1.882357	-1.939264	0.028454
5.222567	-1.883926	-1.929469	0.022772
5.214136	-1.980618	-1.978295	-0.001162
5.205733	-1.873102	-2.009879	0.068388
5.197358	-1.975219	-1.954237	-0.010491
5.189011	-2.014898	-1.946223	-0.034337
5.180691	-1.854167	-1.895627	0.020730
5.172399	-1.866524	-1.863249	-0.001638
5.164135	-1.962436	-1.970972	0.004268
5.155897	-1.883115	-1.977845	0.047365
5.147687	-1.853064	-1.822611	-0.015226
5.139503	-1.700059	-1.921708	0.110824
5.131346	-1.705289	-1.894298	0.094504
5.123216	-1.799669	-1.806487	0.003409
5.115113	-1.768314	-1.786714	0.009200
5.107036	-1.712056	-1.934876	0.111410
5.098985	-1.818079	-1.870837	0.026379
5.090960	-1.748194	-1.830826	0.041316
5.082962	-1.826562	-1.763326	-0.031618
5.074989	-1.804473	-1.824311	0.009919
5.067042	-1.712647	-1.737891	0.012622
5.059121	-1.749010	-1.760579	0.005785
5.051225	-1.771579	-1.705888	-0.032846
5.043355	-1.781964	-1.748375	-0.016795
5.035510	-1.767047	-1.731681	-0.017683
5.027690	-1.642512	-1.767782	0.062635
5.019895	-1.711426	-1.725409	0.006991
5.012126	-1.697308	-1.666212	-0.015548
5.004381	-1.710903	-1.750495	0.019796
4.996660	-1.735243	-1.700273	-0.017485
4.988964	-1.649811	-1.771691	0.060940
4.981293	-1.635483	-1.695576	0.030046
4.973646	-1.642956	-1.603775	-0.019590
4.966023	-1.573152	-1.621581	0.024215
4.958425	-1.561577	-1.564758	0.001590
4.950850	-1.590483	-1.647496	0.028507
4.943299	-1.603264	-1.644976	0.020856
4.935772	-1.541156	-1.609464	0.034154
4.928269	-1.575972	-1.472760	-0.051606
4.920789	-1.566825	-1.534115	-0.016355
4.913333	-1.585412	-1.575978	-0.004717
4.905900	-1.551610	-1.611433	0.029912
4.898490	-1.543721	-1.552675	0.004477
4.891103	-1.493870	-1.485657	-0.004107
4.883739	-1.512988	-1.544549	0.015781
4.876399	-1.495705	-1.537727	0.021011
4.869081	-1.491748	-1.528585	0.018419
4.861785	-1.531531	-1.493012	-0.019260
4.854512	-1.463330	-1.421498	-0.020916
4.847262	-1.411668	-1.440700	0.014516
4.840034	-1.357934	-1.456609	0.049338
4.832829	-1.413213	-1.422517	0.004652
4.825645	-1.377410	-1.401228	0.011909
4.818484	-1.452025	-1.471581	0.009778
4.811344	-1.383450	-1.394695	0.005622
4.804227	-1.397575	-1.417324	0.009874
4.797131	-1.409874	-1.395284	-0.007295
4.790057	-1.365245	-1.403245	0.019000
4.783004	-1.367699	-1.404923	0.018612
4.775973	-1.374679	-1.361846	-0.006416
4.768963	-1.328738	-1.398709	0.034986
4.761974	-1.315830	-1.401232	0.042701
4.755007	-1.364498	-1.401521	0.018511
4.748061	-1.342396	-1.352727	0.005165
4.741136	-1.287631	-1.358783	0.035576
4.734231	-1.303386	-1.288966	-0.007210
4.727348	-1.263832	-1.323992	0.030080
4.720485	-1.257122	-1.310626	0.026752
4.713642	-1.275644	-1.273396	-0.001124
4.706821	-1.218973	-1.288197	0.034612
4.700019	-1.246667	-1.304899	0.029116
4.693238	-1.304893	-1.240293	-0.032300
4.686478	-1.246587	-1.260131	0.006772
4.679737	-1.246890	-1.184630	-0.031130
4.673016	-1.220346	-1.236486	0.008070
4.666316	-1.222766	-1.203675	-0.009545
4.659635	-1.183852	-1.211895	0.014022
4.652974	-1.238294	-1.236165	-0.001064
4.646333	-1.185830	-1.142558	-0.021636
4.639711	-1.181433	-1.228587	0.023577
4.633109	-1.179213	-1.165193	-0.007010
4.626527	-1.155042	-1.137297	-0.008872
4.619963	-1.101590	-1.130151	0.014281
4.613420	-1.105302	-1.142114	0.018406
4.606895	-1.108784	-1.105769	-0.001507
4.600389	-1.152313	-1.090963	-0.030675
4.593902	-1.140025	-1.101207	-0.019409
4.587435	-1.074432	-1.097750	0.011659
4.580986	-1.054296	-1.061234	0.003469
4.574556	-1.024541	-1.039490	0.007475
4.568145	-1.045866	-1.074350	0.014242
4.561752	-1.032805	-1.046254	0.006725
4.555378	-1.016426	-1.028263	0.005919
4.549022	-1.003828	-0.995689	-0.004069
4.542685	-0.987455	-1.009826	0.011186
4.536365	-0.995675	-0.998540	0.001433
4.530065	-0.974690	-0.974048	-0.000321
4.523782	-0.978033	-0.978816	0.000391
4.517517	-0.938965	-0.967925	0.014480
4.511271	-0.948205	-0.927497	-0.010354
4.505042	-0.929193	-0.919089	-0.005052
4.498831	-0.918089	-0.930603	0.006257
4.492638	-0.898427	-0.929427	0.015500
4.486462	-0.907468	-0.925752	0.009142
4.480304	-0.893206	-0.926336	0.016565
4.474164	-0.901984	-0.919073	0.008544
4.468041	-0.900931	-0.887893	-0.006519
4.461935	-0.875976	-0.899183	0.011603
4.455847	-0.893977	-0.894081	0.000052
4.449776	-0.897825	-0.881429	-0.008198
4.443722	-0.886510	-0.918282	0.015886
4.437686	-0.895799	-0.886529	-0.004635
4.431666	-0.874607	-0.880178	0.002785
4.425663	-0.891057	-0.873372	-0.008842
4.419677	-0.873251	-0.847539	-0.012856
4.413708	-0.861355	-0.848214	-0.006571
4.407755	-0.844975	-0.850301	0.002663
4.401820	-0.846082	-0.861221	0.007569
4.395901	-0.848712	-0.846190	-0.001261
4.389998	-0.830158	-0.847386	0.008614
4.384112	-0.835421	-0.831503	-0.001959
4.378242	-0.813410	-0.824987	0.005789
4.372389	-0.819927	-0.799791	-0.010068
4.366551	-0.802759	-0.822028	0.009635
4.360730	-0.810358	-0.801252	-0.004553
4.354925	-0.798887	-0.792682	-0.003103
4.349136	-0.793134	-0.789907	-0.001613
4.343364	-0.789411	-0.801541	0.006065
4.337607	-0.800037	-0.791652	-0.004192
4.331865	-0.787979	-0.789328	0.000675
4.326140	-0.768320	-0.783134	0.007407
4.320430	-0.762869	-0.763796	0.000464
4.314736	-0.755745	-0.755799	0.000027
4.309058	-0.739560	-0.734701	-0.002430
4.303395	-0.744276	-0.731516	-0.006380
4.297748	-0.716843	-0.714779	-0.001032
4.292116	-0.717012	-0.708204	-0.004404
4.286499	-0.696398	-0.696107	-0.000146
4.280898	-0.688291	-0.679254	-0.004518
4.275312	-0.670300	-0.666535	-0.001883
4.269741	-0.669952	-0.657486	-0.006233
4.264185	-0.662609	-0.652207	-0.005201
4.258644	-0.647818	-0.647131	-0.000344
4.253118	-0.644139	-0.630857	-0.006641
4.247607	-0.631256	-0.618942	-0.006157
4.242111	-0.631377	-0.617981	-0.006698
4.236629	-0.624112	-0.611443	-0.006335
4.231163	-0.612017	-0.613476	0.000729
4.225711	-0.601547	-0.605170	0.001811
4.220274	-0.602923	-0.600937	-0.000993
4.214851	-0.596843	-0.598189	0.000673
4.209442	-0.593099	-0.586999	-0.003050
4.204049	-0.585245	-0.587748	0.001251
4.198669	-0.587953	-0.585530	-0.001212
4.193304	-0.581495	-0.578762	-0.001367
4.187953	-0.571262	-0.571118	-0.000072
4.182616	-0.575282	-0.567415	-0.003933
4.177294	-0.567312	-0.561800	-0.002756
4.171985	-0.570025	-0.561719	-0.004153
4.166691	-0.560225	-0.549931	-0.005147
4.161411	-0.559577	-0.543788	-0.007894
4.156144	-0.550278	-0.546332	-0.001973
4.150892	-0.549088	-0.542936	-0.003076
4.145653	-0.544214	-0.537502	-0.003356
4.140428	-0.540520	-0.531756	-0.004382
4.135217	-0.535749	-0.533457	-0.001146
4.130019	-0.533209	-0.524489	-0.004360
4.124835	-0.526097	-0.524504	-0.000796
4.119665	-0.528535	-0.516900	-0.005818
4.114508	-0.523522	-0.517828	-0.002847
4.109364	-0.521392	-0.511539	-0.004926
4.104234	-0.519529	-0.506543	-0.006493
4.099117	-0.515192	-0.505013	-0.005089
4.094014	-0.512187	-0.510366	-0.000911
4.088924	-0.506331	-0.503606	-0.001363
4.083846	-0.504585	-0.496781	-0.003902
4.078783	-0.502566	-0.492893	-0.004837
4.073732	-0.497459	-0.492945	-0.002257
4.068694	-0.493070	-0.486451	-0.003309
4.063669	-0.489690	-0.480022	-0.004834
4.058657	-0.484451	-0.477400	-0.003526
4.053658	-0.478172	-0.471598	-0.003287
4.048672	-0.473712	-0.467301	-0.003205
4.043699	-0.468150	-0.463115	-0.002518
4.038738	-0.456263	-0.456431	0.000084
4.033790	-0.454978	-0.450210	-0.002384
4.028855	-0.452962	-0.443034	-0.004964
4.023933	-0.448550	-0.440854	-0.003848
4.019022	-0.446682	-0.435373	-0.005654
4.014125	-0.437535	-0.432108	-0.002713
4.009240	-0.435825	-0.424759	-0.005533
4.004367	-0.428861	-0.423662	-0.002600
3.999506	-0.426531	-0.419940	-0.003296
3.994658	-0.424274	-0.420727	-0.001773
3.989823	-0.426208	-0.417869	-0.004170
3.984999	-0.420452	-0.414067	-0.003193
3.980187	-0.418457	-0.413153	-0.002652
3.975388	-0.414376	-0.408977	-0.002699
3.970601	-0.411109	-0.406001	-0.002554
3.965826	-0.409794	-0.403953	-0.002921
3.961063	-0.404814	-0.398405	-0.003204
3.956311	-0.400026	-0.393767	-0.003129
3.951572	-0.399396	-0.389354	-0.005021
3.946844	-0.394062	-0.384310	-0.004876
3.942129	-0.388162	-0.383005	-0.002578
3.937425	-0.383983	-0.376325	-0.003829
3.932733	-0.380253	-0.372102	-0.004075
3.928052	-0.374218	-0.369284	-0.002467
3.923383	-0.374501	-0.365970	-0.004265
3.918726	-0.370801	-0.361697	-0.004552
3.914080	-0.368233	-0.360517	-0.003858
3.909446	-0.366110	-0.356253	-0.004928
3.904823	-0.362161	-0.354866	-0.003648
3.900212	-0.359727	-0.353697	-0.003015
3.895612	-0.360071	-0.350174	-0.004949
3.891023	-0.356784	-0.348693	-0.004046
3.886446	-0.353314	-0.347484	-0.002915
3.881880	-0.350978	-0.341136	-0.004921
3.877325	-0.350887	-0.341142	-0.004872
3.872781	-0.347874	-0.339555	-0.004159
3.868249	-0.344731	-0.337691	-0.003520
3.863727	-0.342524	-0.333971	-0.004277
3.859217	-0.338856	-0.332251	-0.003302
3.854718	-0.340150	-0.331930	-0.004110
3.850229	-0.335436	-0.328942	-0.003247
3.845752	-0.332102	-0.325808	-0.003147
3.841285	-0.330285	-0.323676	-0.003304
3.836829	-0.328566	-0.321610	-0.003478
3.832384	-0.328146	-0.318412	-0.004867
3.827950	-0.324063	-0.316440	-0.003812
3.823527	-0.320371	-0.313450	-0.003460
3.819114	-0.318687	-0.310755	-0.003966
3.814712	-0.315636	-0.310227	-0.002704
3.810321	-0.314505	-0.306528	-0.003988
3.805940	-0.313011	-0.305053	-0.003979
3.801570	-0.310694	-0.302648	-0.004023
3.797210	-0.309589	-0.300569	-0.004510
3.792860	-0.308376	-0.299346	-0.004515
3.788522	-0.305053	-0.296285	-0.004384
3.784193	-0.302322	-0.296446	-0.002938
3.779875	-0.302262	-0.292107	-0.005077
3.775567	-0.298946	-0.291105	-0.003921
3.771269	-0.298146	-0.288877	-0.004635
3.766982	-0.295821	-0.286262	-0.004780
3.762705	-0.293592	-0.284159	-0.004716
3.758438	-0.292139	-0.281675	-0.005232
3.754181	-0.289135	-0.281460	-0.003837
3.749935	-0.286931	-0.279344	-0.003794
3.745698	-0.285413	-0.276823	-0.004295
3.741472	-0.282991	-0.273547	-0.004722
3.737255	-0.281350	-0.272953	-0.004199
3.733048	-0.280551	-0.270440	-0.005055
3.728852	-0.278699	-0.270681	-0.004009
3.724665	-0.278248	-0.268511	-0.004869
3.720488	-0.276966	-0.265325	-0.005821
3.716321	-0.275594	-0.266650	-0.004472
3.712163	-0.273388	-0.264706	-0.004341
3.708016	-0.272314	-0.263828	-0.004243
3.703878	-0.271530	-0.261158	-0.005186
3.699750	-0.269703	-0.261634	-0.004034
3.695631	-0.270704	-0.262370	-0.004167
3.691522	-0.268300	-0.260061	-0.004120
3.687423	-0.267467	-0.259065	-0.004201
3.683333	-0.265210	-0.258558	-0.003326
3.679253	-0.264289	-0.255652	-0.004319
3.675182	-0.263526	-0.255548	-0.003989
3.671120	-0.262969	-0.253616	-0.004677
3.667069	-0.260351	-0.252218	-0.004066
3.663026	-0.259318	-0.249729	-0.004794
3.658993	-0.257227	-0.247107	-0.005060
3.654969	-0.254615	-0.245392	-0.004612
3.650954	-0.254118	-0.244472	-0.004823
3.646949	-0.253846	-0.245140	-0.004353
3.642953	-0.254329	-0.245802	-0.004264
3.638966	-0.254153	-0.246487	-0.003833
3.634988	-0.255094	-0.247024	-0.004035
3.631020	-0.254181	-0.246311	-0.003935
3.627060	-0.254282	-0.246041	-0.004121
3.623110	-0.253001	-0.244936	-0.004032
3.619168	-0.250544	-0.241795	-0.004375
3.615236	-0.249583	-0.240280	-0.004652
3.611312	-0.245857	-0.237891	-0.003983
3.607398	-0.243912	-0.235043	-0.004435
3.603492	-0.240893	-0.231976	-0.004459
3.599596	-0.238804	-0.230686	-0.004059
3.595708	-0.237771	-0.228902	-0.004435
3.591829	-0.236536	-0.227797	-0.004369
3.587959	-0.235713	-0.227602	-0.004056
3.584097	-0.235492	-0.226539	-0.004477
3.580244	-0.236691	-0.227017	-0.004837
3.576400	-0.236003	-0.226436	-0.004784
3.572565	-0.234098	-0.224626	-0.004736
3.568738	-0.232255	-0.223672	-0.004291
3.564920	-0.231079	-0.221747	-0.004666
3.561111	-0.229029	-0.219857	-0.004586
3.557310	-0.228550	-0.219110	-0.004720
3.553517	-0.226862	-0.219065	-0.003898
3.549734	-0.226670	-0.218843	-0.003913
3.545958	-0.224744	-0.216543	-0.004100
3.542191	-0.224410	-0.215316	-0.004547
3.538433	-0.223023	-0.215700	-0.003662
3.534683	-0.223341	-0.214633	-0.004354
3.530941	-0.221855	-0.212692	-0.004581
3.527207	-0.221512	-0.212430	-0.004541
3.523482	-0.220549	-0.212000	-0.004275
3.519765	-0.220525	-0.211658	-0.004433
3.516057	-0.219593	-0.211446	-0.004073
3.512356	-0.218471	-0.210209	-0.004131
3.508664	-0.217221	-0.210770	-0.003225
3.504980	-0.217206	-0.209196	-0.004005
3.501304	-0.216513	-0.208739	-0.003887
3.497636	-0.215895	-0.207332	-0.004281
3.493977	-0.215298	-0.206359	-0.004470
3.490325	-0.214253	-0.206421	-0.003916
3.486682	-0.212871	-0.205821	-0.003525
3.483046	-0.212102	-0.205405	-0.003349
3.479419	-0.211157	-0.202178	-0.004490
3.475799	-0.209333	-0.202363	-0.003485
3.472187	-0.209233	-0.201553	-0.003840
3.468583	-0.207507	-0.199428	-0.004039
3.464988	-0.206100	-0.198653	-0.003724
3.461400	-0.206106	-0.196774	-0.004666
3.457819	-0.204664	-0.195678	-0.004493
3.454247	-0.203378	-0.195706	-0.003836
3.450682	-0.203072	-0.194580	-0.004246
3.447125	-0.201014	-0.193405	-0.003805
3.443576	-0.200809	-0.192904	-0.003953
3.440035	-0.200404	-0.192049	-0.004178
3.436501	-0.199635	-0.191042	-0.004297
3.432975	-0.198687	-0.190896	-0.003896
3.429457	-0.198652	-0.190827	-0.003912
3.425946	-0.197401	-0.189647	-0.003877
3.422442	-0.198344	-0.189947	-0.004199
3.418947	-0.196705	-0.189801	-0.003452
3.415459	-0.197063	-0.188300	-0.004381
3.411978	-0.196146	-0.187842	-0.004152
3.408505	-0.195112	-0.187302	-0.003905
3.405039	-0.193763	-0.185876	-0.003943
3.401581	-0.192452	-0.185460	-0.003496
3.398130	-0.192385	-0.184922	-0.003731
3.394686	-0.191568	-0.182703	-0.004433
3.391250	-0.189090	-0.182148	-0.003471
3.387821	-0.188395	-0.180752	-0.003821
3.384400	-0.186326	-0.179705	-0.003310
3.380986	-0.185763	-0.178560	-0.003601
3.377579	-0.184426	-0.177172	-0.003627
3.374179	-0.183283	-0.177000	-0.003142
3.370787	-0.183254	-0.176287	-0.003484
3.367401	-0.183166	-0.175416	-0.003875
3.364023	-0.183050	-0.174698	-0.004176
3.360652	-0.181131	-0.174651	-0.003240
3.357289	-0.181468	-0.175304	-0.003082
3.353932	-0.181594	-0.174602	-0.003496
3.350582	-0.181603	-0.174292	-0.003656
3.347240	-0.181713	-0.173808	-0.003953
3.343904	-0.181255	-0.174302	-0.003477
3.340576	-0.180548	-0.173624	-0.003462
3.337255	-0.180664	-0.173196	-0.003734
3.333940	-0.180138	-0.173391	-0.003373
3.330633	-0.179477	-0.173975	-0.002751
3.327332	-0.180054	-0.173304	-0.003375
3.324038	-0.179747	-0.171993	-0.003877
3.320752	-0.178948	-0.172058	-0.003445
3.317472	-0.177608	-0.170397	-0.003606
3.314199	-0.176768	-0.170040	-0.003364
3.310933	-0.175405	-0.169082	-0.003162
3.307673	-0.175230	-0.168472	-0.003379
3.304421	-0.173208	-0.167258	-0.002975
3.301175	-0.172042	-0.166902	-0.002570
3.297936	-0.172258	-0.166094	-0.003082
3.294703	-0.172469	-0.165397	-0.003536
3.291478	-0.171864	-0.164087	-0.003888
3.288259	-0.170558	-0.163706	-0.003426
3.285046	-0.170426	-0.164109	-0.003159
3.281841	-0.168686	-0.162759	-0.002963
3.278642	-0.169618	-0.162592	-0.003513
3.275449	-0.169100	-0.162619	-0.003240
3.272263	-0.168167	-0.161882	-0.003143
3.269084	-0.167699	-0.161450	-0.003125
3.265911	-0.167656	-0.161255	-0.003200
3.262745	-0.167888	-0.160478	-0.003705
3.259585	-0.167626	-0.160615	-0.003505
3.256432	-0.166647	-0.159927	-0.003360
3.253285	-0.167043	-0.160209	-0.003417
3.250145	-0.166425	-0.158437	-0.003994
3.247011	-0.164675	-0.157733	-0.003471
3.243883	-0.163714	-0.157333	-0.003191
3.240762	-0.162781	-0.156962	-0.002909
3.237647	-0.161639	-0.155926	-0.002857
3.234539	-0.160847	-0.154254	-0.003297
3.231437	-0.160716	-0.154436	-0.003140
3.228341	-0.160048	-0.153368	-0.003340
3.225251	-0.159504	-0.152356	-0.003574
3.222168	-0.158663	-0.152135	-0.003264
3.219091	-0.158288	-0.151536	-0.003376
3.216020	-0.157196	-0.150881	-0.003158
3.212956	-0.156690	-0.150151	-0.003270
3.209897	-0.155766	-0.149948	-0.002909
3.206845	-0.155661	-0.149580	-0.003040
3.203799	-0.154642	-0.149388	-0.002627
3.200759	-0.154532	-0.148689	-0.002921
3.197725	-0.153827	-0.148958	-0.002434
3.194697	-0.153175	-0.147436	-0.002870
3.191676	-0.153263	-0.146911	-0.003176
3.188660	-0.152481	-0.147057	-0.002712
3.185651	-0.153266	-0.147209	-0.003028
3.182647	-0.152931	-0.147394	-0.002768
3.179650	-0.152902	-0.147433	-0.002735
3.176658	-0.152492	-0.146762	-0.002865
3.173673	-0.152462	-0.146566	-0.002948
3.170693	-0.151764	-0.145906	-0.002929
3.167720	-0.152264	-0.145424	-0.003420
3.164752	-0.150650	-0.145074	-0.002788
3.161790	-0.149422	-0.143534	-0.002944
3.158834	-0.148041	-0.142663	-0.002689
3.155884	-0.147862	-0.142159	-0.002852
3.152940	-0.146330	-0.140150	-0.003090
3.150001	-0.146274	-0.140761	-0.002756
3.147069	-0.147509	-0.140386	-0.003562
3.144142	-0.146100	-0.140548	-0.002776
3.141221	-0.146192	-0.140770	-0.002711
3.138306	-0.146948	-0.139543	-0.003702
3.135396	-0.145887	-0.139995	-0.002946
3.132493	-0.147461	-0.140398	-0.003531
3.129595	-0.146285	-0.140814	-0.002735
3.126702	-0.145523	-0.140417	-0.002553
3.123816	-0.145684	-0.139273	-0.003206
3.120935	-0.144494	-0.138374	-0.003060
3.118059	-0.143469	-0.137599	-0.002935
3.115190	-0.141870	-0.136349	-0.002760
3.112326	-0.140572	-0.134732	-0.002920
3.109467	-0.140814	-0.134686	-0.003064
3.106614	-0.140163	-0.134242	-0.002960
3.103767	-0.140322	-0.134116	-0.003103
3.100925	-0.139774	-0.134798	-0.002488
3.098089	-0.139345	-0.133816	-0.002765
3.095258	-0.138778	-0.133287	-0.002746
3.092433	-0.138856	-0.132981	-0.002938
3.089613	-0.138077	-0.132952	-0.002562
3.086799	-0.138070	-0.131807	-0.003131
3.083990	-0.137359	-0.131727	-0.002816
3.081187	-0.136691	-0.131653	-0.002519
3.078389	-0.136190	-0.130284	-0.002953
3.075596	-0.135470	-0.130454	-0.002508
3.072809	-0.135321	-0.129286	-0.003017
3.070027	-0.134315	-0.128799	-0.002758
3.067251	-0.133620	-0.127067	-0.003277
3.064480	-0.133013	-0.127647	-0.002683
3.061714	-0.132648	-0.127117	-0.002766
3.058954	-0.131842	-0.125560	-0.003141
3.056199	-0.130667	-0.125130	-0.002768
3.053449	-0.130743	-0.125343	-0.002700
3.050704	-0.131477	-0.125883	-0.002797
3.047965	-0.131274	-0.125859	-0.002708
3.045231	-0.132104	-0.125849	-0.003128
3.042502	-0.131664	-0.125477	-0.003093
3.039779	-0.131402	-0.124749	-0.003327
3.037060	-0.130852	-0.124244	-0.003304
3.034347	-0.129463	-0.123347	-0.003058
3.031639	-0.129884	-0.123418	-0.003233
3.028936	-0.129278	-0.123053	-0.003112
3.026238	-0.128172	-0.122022	-0.003075
3.023545	-0.128020	-0.121958	-0.003031
3.020858	-0.128262	-0.121701	-0.003280
3.018175	-0.128819	-0.122470	-0.003175
3.015498	-0.128483	-0.122032	-0.003225
3.012826	-0.129234	-0.123771	-0.002731
3.010158	-0.128736	-0.122796	-0.002970
3.007496	-0.128979	-0.122125	-0.003427
3.004839	-0.128912	-0.121794	-0.003559
3.002187	-0.128278	-0.123447	-0.002416
2.999540	-0.128555	-0.121343	-0.003606
2.996897	-0.128366	-0.122137	-0.003114
2.994260	-0.128524	-0.122101	-0.003212
2.991628	-0.127349	-0.120408	-0.003471
2.989000	-0.127557	-0.120875	-0.003341
2.986378	-0.127729	-0.120997	-0.003366
2.983760	-0.127566	-0.121175	-0.003195
2.981148	-0.127760	-0.121402	-0.003179
2.978540	-0.127391	-0.121640	-0.002876
2.975937	-0.127001	-0.120741	-0.003130
2.973339	-0.126740	-0.120429	-0.003156
2.970746	-0.127182	-0.120231	-0.003475
2.968158	-0.126280	-0.120713	-0.002783
2.965574	-0.126969	-0.120049	-0.003460
2.962995	-0.125906	-0.119565	-0.003170
2.960421	-0.125942	-0.118828	-0.003557
2.957852	-0.125463	-0.118301	-0.003581
2.955288	-0.124458	-0.117915	-0.003271
2.952728	-0.123447	-0.118246	-0.002600
2.950173	-0.123084	-0.116771	-0.003156
2.947623	-0.122515	-0.115558	-0.003479
2.945078	-0.121681	-0.113785	-0.003948
2.942537	-0.121130	-0.112643	-0.004243
2.940001	-0.119650	-0.112492	-0.003579
2.937469	-0.118953	-0.111952	-0.003501
2.934943	-0.118975	-0.111738	-0.003619
2.932421	-0.119365	-0.111996	-0.003684
2.929903	-0.119499	-0.111447	-0.004026
2.927390	-0.119176	-0.111952	-0.003612
2.924882	-0.118644	-0.111188	-0.003728
2.922378	-0.118865	-0.110536	-0.004165
2.919879	-0.118176	-0.110391	-0.003892
2.917385	-0.117235	-0.110220	-0.003508
2.914895	-0.117359	-0.110315	-0.003522
2.912410	-0.117255	-0.108767	-0.004244
2.909929	-0.117083	-0.109257	-0.003913
2.907453	-0.116963	-0.109519	-0.003722
2.904981	-0.116219	-0.108375	-0.003922
2.902513	-0.115203	-0.107314	-0.003945
2.900051	-0.113964	-0.105910	-0.004027
2.897592	-0.113171	-0.105468	-0.003852
2.895138	-0.112151	-0.104866	-0.003642
2.892689	-0.111366	-0.103458	-0.003954
2.890244	-0.110187	-0.102468	-0.003860
2.887803	-0.108410	-0.101003	-0.003703
2.885367	-0.107556	-0.099405	-0.004076
2.882936	-0.106404	-0.098075	-0.004165
2.880508	-0.105638	-0.096914	-0.004362
2.878085	-0.104213	-0.096134	-0.004039
2.875667	-0.103542	-0.095567	-0.003987
2.873252	-0.102804	-0.094816	-0.003994
2.870842	-0.102119	-0.093843	-0.004138
2.868437	-0.101286	-0.093377	-0.003954
2.866036	-0.100237	-0.091867	-0.004185
2.863639	-0.099311	-0.091362	-0.003974
2.861246	-0.098456	-0.090285	-0.004085
2.858858	-0.097243	-0.088953	-0.004145
2.856474	-0.096931	-0.088267	-0.004332
2.854094	-0.096086	-0.087654	-0.004216
2.851718	-0.095204	-0.087305	-0.003950
2.849347	-0.094840	-0.086738	-0.004051
2.846980	-0.094414	-0.086110	-0.004152
2.844617	-0.093638	-0.085479	-0.004080
2.842258	-0.093145	-0.084635	-0.004255
2.839904	-0.092855	-0.084486	-0.004184
2.837553	-0.092183	-0.083945	-0.004119
2.835207	-0.091829	-0.083475	-0.004177
2.832865	-0.091550	-0.083259	-0.004145
2.830528	-0.091400	-0.082670	-0.004365
2.828194	-0.090737	-0.082422	-0.004157
2.825864	-0.090746	-0.082409	-0.004168
2.823539	-0.090542	-0.082210	-0.004166
2.821218	-0.090169	-0.081511	-0.004329
2.818901	-0.090135	-0.081316	-0.004410
2.816587	-0.089932	-0.081048	-0.004442
2.814278	-0.089291	-0.080963	-0.004164
2.811973	-0.089365	-0.080781	-0.004292
2.809673	-0.088797	-0.080380	-0.004209
2.807376	-0.088587	-0.080085	-0.004251
2.805083	-0.088397	-0.079674	-0.004362
2.802794	-0.088294	-0.079588	-0.004353
2.800509	-0.088279	-0.079594	-0.004342
2.798228	-0.087931	-0.079404	-0.004263
2.795952	-0.087667	-0.079346	-0.004161
2.793679	-0.087561	-0.078930	-0.004315
2.791410	-0.087391	-0.078603	-0.004394
2.789145	-0.087364	-0.078626	-0.004369
2.786884	-0.087254	-0.078546	-0.004354
2.784627	-0.087132	-0.078236	-0.004448
2.782374	-0.087075	-0.078051	-0.004512
2.780125	-0.086467	-0.077783	-0.004342
2.777880	-0.086232	-0.077669	-0.004281
2.775638	-0.086162	-0.077401	-0.004381
2.773401	-0.085923	-0.077139	-0.004392
2.771167	-0.085885	-0.077087	-0.004399
2.768938	-0.085809	-0.076713	-0.004548
2.766712	-0.085535	-0.076636	-0.004450
2.764490	-0.085409	-0.076604	-0.004403
2.762272	-0.085357	-0.076478	-0.004440
2.760058	-0.085238	-0.076132	-0.004553
2.757847	-0.085164	-0.076202	-0.004481
2.755640	-0.084896	-0.076035	-0.004431
2.753437	-0.084946	-0.075814	-0.004566
2.751238	-0.084731	-0.075716	-0.004507
2.749043	-0.084496	-0.075755	-0.004371
2.746852	-0.084474	-0.075413	-0.004531
2.744664	-0.084334	-0.075438	-0.004448
2.742480	-0.084164	-0.075056	-0.004554
2.740300	-0.083961	-0.074949	-0.004506
2.738123	-0.083790	-0.074765	-0.004512
2.735950	-0.083451	-0.074638	-0.004406
2.733781	-0.083400	-0.074275	-0.004563
2.731616	-0.083271	-0.074169	-0.004551
2.729454	-0.083127	-0.074176	-0.004476
2.727296	-0.082939	-0.073915	-0.004512
2.725142	-0.082886	-0.074060	-0.004413
2.722991	-0.082649	-0.073714	-0.004467
2.720844	-0.082527	-0.073590	-0.004468
2.718701	-0.082677	-0.073726	-0.004476
2.716561	-0.082716	-0.073785	-0.004466
2.714425	-0.082599	-0.073730	-0.004435
2.712293	-0.082466	-0.073435	-0.004516
2.710164	-0.082461	-0.073604	-0.004428
2.708039	-0.082289	-0.073429	-0.004430
2.705917	-0.082268	-0.073246	-0.004511
2.703799	-0.082330	-0.073265	-0.004532
2.701685	-0.082039	-0.073094	-0.004473
2.699574	-0.081872	-0.073099	-0.004387
2.697466	-0.081886	-0.072990	-0.004448
2.695363	-0.081905	-0.073078	-0.004413
2.693262	-0.081710	-0.073030	-0.004340
2.691166	-0.081444	-0.072730	-0.004357
2.689072	-0.081464	-0.072791	-0.004337
2.686983	-0.081191	-0.072503	-0.004344
2.684897	-0.081266	-0.072285	-0.004490
2.682814	-0.081273	-0.072486	-0.004394
2.680735	-0.081276	-0.072502	-0.004387
2.678659	-0.081126	-0.072535	-0.004296
2.676587	-0.081140	-0.072623	-0.004258
2.674518	-0.080970	-0.072271	-0.004349
2.672453	-0.080850	-0.072190	-0.004330
2.670391	-0.080727	-0.072134	-0.004296
2.668333	-0.080711	-0.072211	-0.004250
2.666278	-0.080682	-0.072140	-0.004271
2.664226	-0.080764	-0.072062	-0.004351
2.662178	-0.080557	-0.071955	-0.004301
2.660133	-0.080333	-0.071850	-0.004242
2.658092	-0.080081	-0.071553	-0.004264
2.656054	-0.079974	-0.071573	-0.004200
2.654019	-0.080030	-0.071565	-0.004232
2.651988	-0.079994	-0.071529	-0.004233
2.649960	-0.080088	-0.071570	-0.004259
2.647936	-0.079929	-0.071602	-0.004163
2.645915	-0.079803	-0.071397	-0.004203
2.643897	-0.079590	-0.071240	-0.004175
2.641882	-0.079307	-0.071132	-0.004087
2.639871	-0.079058	-0.070883	-0.004087
2.637863	-0.079078	-0.070974	-0.004052
2.635859	-0.079137	-0.070818	-0.004159
2.633857	-0.078772	-0.070622	-0.004075
2.631859	-0.078630	-0.070574	-0.004028
2.629865	-0.078656	-0.070628	-0.004014
2.627873	-0.078637	-0.070654	-0.003991
2.625885	-0.078360	-0.070365	-0.003998
2.623900	-0.078515	-0.070489	-0.004013
2.621919	-0.078488	-0.070478	-0.004005
2.619940	-0.078282	-0.070327	-0.003978
2.617965	-0.078255	-0.070180	-0.004038
2.615993	-0.078201	-0.070350	-0.003926
2.614025	-0.077984	-0.070201	-0.003891
2.612059	-0.078034	-0.070164	-0.003935
2.610097	-0.077823	-0.069986	-0.003918
2.608138	-0.077673	-0.069847	-0.003913
2.606182	-0.077567	-0.069756	-0.003906
2.604229	-0.077143	-0.069461	-0.003841
2.602280	-0.077140	-0.069453	-0.003843
2.600333	-0.076971	-0.069384	-0.003793
2.598390	-0.077142	-0.069490	-0.003826
2.596450	-0.077135	-0.069488	-0.003824
2.594513	-0.076946	-0.069461	-0.003742
2.592579	-0.076757	-0.069268	-0.003745
2.590648	-0.076477	-0.068978	-0.003750
2.588721	-0.076352	-0.068928	-0.003712
2.586796	-0.076370	-0.068979	-0.003695
2.584875	-0.076293	-0.068885	-0.003704
2.582957	-0.076288	-0.068881	-0.003704
2.581042	-0.076074	-0.068723	-0.003676
2.579130	-0.076079	-0.068832	-0.003624
2.577221	-0.076257	-0.068904	-0.003676
2.575315	-0.076209	-0.069001	-0.003604
2.573412	-0.075988	-0.068818	-0.003585
2.571512	-0.075853	-0.068630	-0.003611
2.569615	-0.075471	-0.068476	-0.003497
2.567722	-0.075257	-0.068281	-0.003488
2.565831	-0.075140	-0.068095	-0.003522
2.563943	-0.075077	-0.068045	-0.003516
2.562058	-0.075028	-0.068083	-0.003472
2.560177	-0.075005	-0.068133	-0.003436
2.558298	-0.074947	-0.068073	-0.003437
2.556423	-0.074752	-0.067898	-0.003427
2.554550	-0.074806	-0.067938	-0.003434
2.552680	-0.074859	-0.068096	-0.003381
2.550813	-0.074671	-0.067936	-0.003367
2.548950	-0.074473	-0.067743	-0.003365
2.547089	-0.074102	-0.067491	-0.003305
2.545231	-0.074003	-0.067441	-0.003281
2.543376	-0.073873	-0.067335	-0.003269
2.541524	-0.073949	-0.067420	-0.003265
2.539675	-0.074189	-0.067630	-0.003279
2.537829	-0.074042	-0.067598	-0.003222
2.535986	-0.073905	-0.067535	-0.003185
2.534146	-0.073778	-0.067379	-0.003199
2.532308	-0.073520	-0.067206	-0.003157
2.530474	-0.073247	-0.066891	-0.003178
2.528642	-0.073016	-0.066852	-0.003082
2.526814	-0.073028	-0.066806	-0.003111
2.524988	-0.072797	-0.066602	-0.003098
2.523165	-0.072950	-0.066746	-0.003102
2.521345	-0.072827	-0.066612	-0.003108
2.519528	-0.072693	-0.066649	-0.003022
2.517714	-0.072423	-0.066396	-0.003014
2.515902	-0.072254	-0.066257	-0.002998
2.514093	-0.072198	-0.066169	-0.003014
2.512288	-0.072023	-0.066106	-0.002959
2.510485	-0.071943	-0.066135	-0.002904
2.508684	-0.071911	-0.066097	-0.002907
2.506887	-0.071876	-0.066132	-0.002872
2.505092	-0.071870	-0.066039	-0.002916
2.503301	-0.071779	-0.066133	-0.002823
2.501512	-0.071902	-0.066245	-0.002829
2.499726	-0.071838	-0.066184	-0.002827
2.497942	-0.071533	-0.065859	-0.002837
2.496162	-0.071217	-0.065601	-0.002808
2.494384	-0.070985	-0.065309	-0.002838
2.492609	-0.070750	-0.065306	-0.002722
2.490836	-0.070573	-0.065110	-0.002732
2.489067	-0.070652	-0.065134	-0.002759
2.487300	-0.070488	-0.065253	-0.002618
2.485536	-0.070499	-0.065038	-0.002731
2.483774	-0.070472	-0.065052	-0.002710
2.482016	-0.070469	-0.065158	-0.002656
2.480260	-0.070267	-0.065075	-0.002596
2.478507	-0.070152	-0.064959	-0.002596
2.476756	-0.069951	-0.064797	-0.002577
2.475008	-0.069864	-0.064709	-0.002578
2.473263	-0.069767	-0.064711	-0.002528
2.471521	-0.069656	-0.064496	-0.002580
2.469781	-0.069696	-0.064586	-0.002555
2.468044	-0.069556	-0.064513	-0.002522
2.466309	-0.069433	-0.064443	-0.002495
2.464578	-0.069299	-0.064371	-0.002464
2.462848	-0.069131	-0.064167	-0.002482
2.461122	-0.068994	-0.064121	-0.002436
2.459398	-0.068883	-0.064093	-0.002395
2.457677	-0.069052	-0.064111	-0.002471
2.455958	-0.068634	-0.063927	-0.002354
2.454243	-0.068571	-0.063713	-0.002429
2.452529	-0.068455	-0.063784	-0.002335
2.450819	-0.068216	-0.063532	-0.002342
2.449111	-0.068056	-0.063467	-0.002295
2.447405	-0.067928	-0.063369	-0.002280
2.445702	-0.067735	-0.063216	-0.002260
2.444002	-0.067648	-0.063171	-0.002239
2.442304	-0.067542	-0.063059	-0.002241
2.440609	-0.067602	-0.063103	-0.002249
2.438917	-0.067442	-0.063109	-0.002166
2.437227	-0.067197	-0.062810	-0.002193
2.435539	-0.066989	-0.062531	-0.002229
2.433854	-0.066745	-0.062494	-0.002126
2.432172	-0.066470	-0.062203	-0.002134
2.430492	-0.066689	-0.062354	-0.002167
2.428815	-0.066772	-0.062600	-0.002086
2.427140	-0.067045	-0.062793	-0.002126
2.425468	-0.066687	-0.062505	-0.002091
2.423799	-0.066379	-0.062155	-0.002112
2.422131	-0.066019	-0.061872	-0.002074
2.420467	-0.065852	-0.061777	-0.002038
2.418805	-0.065807	-0.061729	-0.002039
2.417145	-0.065663	-0.061609	-0.002027
2.415488	-0.065496	-0.061442	-0.002027
2.413833	-0.065415	-0.061446	-0.001984
2.412181	-0.065198	-0.061195	-0.002002
2.410532	-0.065171	-0.061228	-0.001971
2.408884	-0.065069	-0.061026	-0.002021
2.407240	-0.065109	-0.061231	-0.001939
2.405598	-0.065101	-0.061223	-0.001939
2.403958	-0.065039	-0.061125	-0.001957
2.402320	-0.064981	-0.061096	-0.001942
2.400685	-0.064809	-0.060975	-0.001917
2.399053	-0.064724	-0.060877	-0.001924
2.397423	-0.064626	-0.060848	-0.001889
2.395795	-0.064548	-0.060872	-0.001838
2.394170	-0.064302	-0.060540	-0.001881
2.392547	-0.064125	-0.060366	-0.001880
2.390927	-0.064050	-0.060364	-0.001843
2.389309	-0.064058	-0.060283	-0.001888
2.387694	-0.063824	-0.060186	-0.001819
2.386081	-0.063744	-0.060012	-0.001866
2.384470	-0.063675	-0.059983	-0.001846
2.382861	-0.063621	-0.060043	-0.001789
2.381255	-0.063580	-0.059910	-0.001835
2.379652	-0.063416	-0.059887	-0.001764
2.378051	-0.063219	-0.059599	-0.001810
2.376452	-0.062985	-0.059365	-0.001810
2.374855	-0.062653	-0.059151	-0.001751
2.373261	-0.062466	-0.058946	-0.001760
2.371669	-0.062414	-0.058906	-0.001754
2.370080	-0.062407	-0.058929	-0.001739
2.368493	-0.062323	-0.058983	-0.001670
2.366908	-0.062365	-0.058786	-0.001790
2.365326	-0.062196	-0.058707	-0.001745
2.363745	-0.062137	-0.058540	-0.001799
2.362168	-0.062194	-0.058643	-0.001775
2.360592	-0.061898	-0.058370	-0.001764
2.359019	-0.061854	-0.058250	-0.001802
2.357448	-0.061714	-0.058168	-0.001773
2.355880	-0.061604	-0.058170	-0.001717
2.354313	-0.061484	-0.057947	-0.001768
2.352749	-0.061446	-0.058010	-0.001718
2.351188	-0.061534	-0.058079	-0.001727
2.349628	-0.061297	-0.057886	-0.001705
2.348071	-0.061312	-0.057765	-0.001773
2.346516	-0.061233	-0.057770	-0.001732
2.344964	-0.060837	-0.057348	-0.001744
2.343413	-0.060492	-0.057097	-0.001698
2.341865	-0.060389	-0.056962	-0.001713
2.340319	-0.060271	-0.056784	-0.001744
2.338776	-0.060482	-0.056871	-0.001805
2.337235	-0.060501	-0.057069	-0.001716
2.335695	-0.060429	-0.056939	-0.001745
2.334159	-0.060236	-0.056668	-0.001784
2.332624	-0.060031	-0.056516	-0.001757
2.331091	-0.059979	-0.056552	-0.001713
2.329561	-0.060222	-0.056691	-0.001765
2.328033	-0.059875	-0.056410	-0.001732
2.326508	-0.059945	-0.056325	-0.001810
2.324984	-0.059782	-0.056187	-0.001798
2.323463	-0.059592	-0.055969	-0.001812
2.321943	-0.059631	-0.056076	-0.001777
2.320426	-0.059651	-0.056072	-0.001789
2.318912	-0.059523	-0.055856	-0.001834
2.317399	-0.059176	-0.055534	-0.001821
2.315888	-0.059167	-0.055474	-0.001846
2.314380	-0.058998	-0.055229	-0.001884
2.312874	-0.059064	-0.055363	-0.001851
2.311370	-0.058710	-0.054996	-0.001857
2.309868	-0.058494	-0.054855	-0.001819
2.308369	-0.058349	-0.054630	-0.001859
2.306871	-0.058176	-0.054415	-0.001880
2.305376	-0.058081	-0.054312	-0.001884
2.303883	-0.057883	-0.054087	-0.001898
2.302392	-0.057908	-0.054091	-0.001909
2.300903	-0.057904	-0.054100	-0.001902
2.299416	-0.057681	-0.053851	-0.001915
2.297931	-0.057515	-0.053684	-0.001916
2.296449	-0.057550	-0.053646	-0.001952
2.294968	-0.057315	-0.053437	-0.001939
2.293490	-0.057504	-0.053553	-0.001976
2.292013	-0.057330	-0.053443	-0.001944
2.290539	-0.057161	-0.053177	-0.001992
2.289067	-0.057331	-0.053302	-0.002014
2.287597	-0.057455	-0.053514	-0.001970
2.286129	-0.057431	-0.053161	-0.002135
2.284664	-0.056933	-0.052872	-0.002030
2.283200	-0.056715	-0.052481	-0.002117
2.281738	-0.056649	-0.052564	-0.002043
2.280279	-0.056535	-0.052534	-0.002000
2.278821	-0.056590	-0.052563	-0.002013
2.277366	-0.056504	-0.052220	-0.002142
2.275912	-0.056323	-0.052034	-0.002144
2.274461	-0.056133	-0.051877	-0.002128
2.273012	-0.056008	-0.051825	-0.002092
2.271564	-0.055985	-0.051570	-0.002208
2.270119	-0.055893	-0.051554	-0.002170
2.268676	-0.056016	-0.051660	-0.002178
2.267235	-0.056014	-0.051557	-0.002229
2.265796	-0.055592	-0.051239	-0.002177
2.264359	-0.055534	-0.051079	-0.002227
2.262923	-0.055379	-0.050884	-0.002248
2.261490	-0.055338	-0.050694	-0.002322
2.260059	-0.055160	-0.050699	-0.002231
2.258630	-0.055132	-0.050572	-0.002280
2.257203	-0.055216	-0.050529	-0.002343
2.255778	-0.054924	-0.050290	-0.002317
2.254355	-0.054923	-0.050189	-0.002367
2.252934	-0.054798	-0.050134	-0.002332
2.251515	-0.054900	-0.050001	-0.002450
2.250098	-0.054716	-0.049831	-0.002443
2.248683	-0.054540	-0.049745	-0.002398
2.247269	-0.054348	-0.049486	-0.002431
2.245858	-0.054185	-0.049266	-0.002459
2.244449	-0.053875	-0.048978	-0.002449
2.243042	-0.053657	-0.048583	-0.002537
2.241636	-0.053397	-0.048372	-0.002512
2.240233	-0.053103	-0.048094	-0.002505
2.238832	-0.053022	-0.047967	-0.002528
2.237432	-0.052970	-0.047815	-0.002578
2.236035	-0.052949	-0.047770	-0.002590
2.234639	-0.052917	-0.047716	-0.002601
2.233245	-0.052754	-0.047556	-0.002599
2.231854	-0.052890	-0.047462	-0.002714
2.230464	-0.052707	-0.047440	-0.002633
2.229076	-0.052631	-0.047184	-0.002723
2.227690	-0.052640	-0.047180	-0.002730
2.226306	-0.052603	-0.047080	-0.002761
2.224924	-0.052677	-0.047086	-0.002795
2.223544	-0.052726	-0.047068	-0.002829
2.222165	-0.052396	-0.046961	-0.002718
2.220789	-0.052350	-0.046655	-0.002847
2.219414	-0.052233	-0.046689	-0.002772
2.218042	-0.052498	-0.046736	-0.002881
2.216671	-0.052397	-0.046550	-0.002923
2.215302	-0.052346	-0.046486	-0.002930
2.213935	-0.052257	-0.046335	-0.002961
2.212570	-0.052179	-0.046283	-0.002948
2.211207	-0.052259	-0.046177	-0.003041
2.209845	-0.052046	-0.045961	-0.003043
2.208486	-0.051964	-0.045904	-0.003030
2.207128	-0.051859	-0.045749	-0.003055
2.205772	-0.051813	-0.045565	-0.003124
2.204418	-0.051719	-0.045459	-0.003130
2.203066	-0.051585	-0.045365	-0.003110
2.201716	-0.051468	-0.045187	-0.003141
2.200367	-0.051282	-0.044897	-0.003192
2.199021	-0.051057	-0.044641	-0.003208
2.197676	-0.050958	-0.044567	-0.003195
2.196333	-0.050743	-0.044311	-0.003216
2.194992	-0.050780	-0.044341	-0.003219
2.193653	-0.050681	-0.044202	-0.003239
2.192315	-0.050632	-0.044023	-0.003304
2.190980	-0.050577	-0.043976	-0.003300
2.189646	-0.050564	-0.043815	-0.003374
2.188314	-0.050498	-0.043768	-0.003365
2.186984	-0.050289	-0.043410	-0.003439
2.185655	-0.050029	-0.043086	-0.003472
2.184328	-0.049947	-0.042846	-0.003550
2.183004	-0.050044	-0.043026	-0.003509
2.181681	-0.049992	-0.042808	-0.003592
2.180359	-0.049718	-0.042661	-0.003529
2.179040	-0.049793	-0.042774	-0.003509
2.177722	-0.049438	-0.042369	-0.003535
2.176406	-0.049593	-0.042196	-0.003699
2.175092	-0.049632	-0.042190	-0.003721
2.173780	-0.049478	-0.042183	-0.003648
2.172469	-0.049664	-0.042095	-0.003784
2.171160	-0.049381	-0.041813	-0.003784
2.169853	-0.049327	-0.041580	-0.003874
2.168548	-0.049156	-0.041429	-0.003863
2.167244	-0.049063	-0.041364	-0.003850
2.165943	-0.049020	-0.041242	-0.003889
2.164643	-0.049218	-0.041284	-0.003967
2.163344	-0.049017	-0.041154	-0.003932
2.162048	-0.048841	-0.040872	-0.003984
2.160753	-0.048758	-0.040610	-0.004074
2.159460	-0.048533	-0.040364	-0.004085
2.158168	-0.048617	-0.040484	-0.004066
2.156879	-0.048399	-0.040177	-0.004111
2.155591	-0.048363	-0.040070	-0.004147
2.154304	-0.048343	-0.040054	-0.004144
2.153020	-0.048292	-0.039871	-0.004210
2.151737	-0.048221	-0.039909	-0.004156
2.150456	-0.047856	-0.039522	-0.004167
2.149177	-0.047703	-0.039317	-0.004193
2.147899	-0.047833	-0.039166	-0.004334
2.146623	-0.047634	-0.039061	-0.004286
2.145349	-0.047457	-0.038673	-0.004392
2.144076	-0.047138	-0.038605	-0.004267
2.142805	-0.047073	-0.038349	-0.004362
2.141536	-0.046920	-0.038260	-0.004330
2.140268	-0.047021	-0.038273	-0.004374
2.139002	-0.046908	-0.038038	-0.004435
2.137738	-0.047120	-0.038161	-0.004480
2.136476	-0.047143	-0.038166	-0.004488
2.135215	-0.046993	-0.037881	-0.004556
2.133956	-0.046849	-0.037682	-0.004583
2.132698	-0.046811	-0.037778	-0.004517
2.131442	-0.046621	-0.037426	-0.004597
2.130188	-0.046570	-0.037310	-0.004630
2.128935	-0.046490	-0.037171	-0.004659
2.127684	-0.046421	-0.037104	-0.004658
2.126435	-0.046378	-0.037138	-0.004620
2.125187	-0.046151	-0.036879	-0.004636
2.123941	-0.045911	-0.036462	-0.004724
2.122697	-0.045795	-0.036308	-0.004743
2.121454	-0.045314	-0.035956	-0.004679
2.120213	-0.045311	-0.035843	-0.004734
2.118974	-0.045316	-0.035849	-0.004734
2.117736	-0.045385	-0.035745	-0.004820
2.116500	-0.045362	-0.035783	-0.004789
2.115265	-0.045253	-0.035456	-0.004899
2.114032	-0.044884	-0.035142	-0.004871
2.112801	-0.044995	-0.035325	-0.004835
2.111571	-0.044964	-0.035180	-0.004892
2.110343	-0.045024	-0.035291	-0.004866
2.109116	-0.045002	-0.035283	-0.004859
2.107891	-0.044944	-0.035063	-0.004941
2.106668	-0.044783	-0.034809	-0.004987
2.105446	-0.044823	-0.034915	-0.004954
2.104226	-0.044883	-0.034997	-0.004943
2.103007	-0.044794	-0.034726	-0.005034
2.101790	-0.044834	-0.034595	-0.005119
2.100575	-0.044680	-0.034638	-0.005021
2.099361	-0.044599	-0.034471	-0.005064
2.098149	-0.044160	-0.034052	-0.005054
2.096938	-0.043928	-0.033698	-0.005115
2.095729	-0.044011	-0.033829	-0.005091
2.094521	-0.043991	-0.033712	-0.005140
2.093315	-0.043933	-0.033566	-0.005183
2.092111	-0.043646	-0.033322	-0.005162
2.090908	-0.043485	-0.033066	-0.005209
2.089707	-0.043663	-0.033190	-0.005236
2.088507	-0.043465	-0.033093	-0.005186
2.087309	-0.043408	-0.032921	-0.005244
2.086112	-0.043719	-0.033028	-0.005345
2.084917	-0.043419	-0.032871	-0.005274
2.083723	-0.043360	-0.032744	-0.005308
2.082531	-0.043355	-0.032658	-0.005348
2.081341	-0.043030	-0.032445	-0.005292
2.080152	-0.042794	-0.032095	-0.005349
2.078964	-0.042411	-0.031741	-0.005335
2.077778	-0.042216	-0.031561	-0.005327
2.076594	-0.042335	-0.031549	-0.005393
2.075411	-0.042474	-0.031846	-0.005314
2.074230	-0.042682	-0.031958	-0.005362
2.073050	-0.042676	-0.031923	-0.005377
2.071871	-0.042770	-0.032029	-0.005371
2.070694	-0.042777	-0.031761	-0.005508
2.069519	-0.042625	-0.031668	-0.005479
2.068345	-0.042266	-0.031389	-0.005439
2.067173	-0.042523	-0.031415	-0.005554
2.066002	-0.042302	-0.031159	-0.005572
2.064833	-0.042090	-0.031013	-0.005538
2.063665	-0.041796	-0.030750	-0.005523
2.062498	-0.041598	-0.030420	-0.005589
2.061333	-0.041545	-0.030340	-0.005603
2.060170	-0.041312	-0.029975	-0.005668
2.059008	-0.041344	-0.030026	-0.005659
2.057848	-0.041130	-0.029803	-0.005663
2.056689	-0.040698	-0.029413	-0.005643
2.055531	-0.040579	-0.029302	-0.005638
2.054375	-0.040804	-0.029275	-0.005764
2.053221	-0.040634	-0.029106	-0.005764
2.052067	-0.040658	-0.029172	-0.005743
2.050916	-0.040351	-0.028763	-0.005794
2.049766	-0.040324	-0.028895	-0.005715
2.048617	-0.040551	-0.028950	-0.005800
2.047470	-0.040685	-0.029114	-0.005786
2.046324	-0.040811	-0.029192	-0.005810
2.045179	-0.040965	-0.029192	-0.005887
2.044036	-0.040897	-0.029193	-0.005852
2.042895	-0.040721	-0.028959	-0.005881
2.041755	-0.040523	-0.028750	-0.005887
2.040616	-0.040275	-0.028485	-0.005895
2.039479	-0.040359	-0.028619	-0.005870
2.038343	-0.040380	-0.028290	-0.006045
2.037209	-0.040218	-0.028111	-0.006053
2.036076	-0.040247	-0.028109	-0.006069
2.034945	-0.040248	-0.028137	-0.006055
2.033815	-0.040265	-0.028016	-0.006125
2.032686	-0.040181	-0.027964	-0.006108
2.031559	-0.040009	-0.027772	-0.006119
2.030433	-0.040015	-0.027690	-0.006163
2.029309	-0.039908	-0.027691	-0.006109
2.028186	-0.039844	-0.027494	-0.006175
2.027064	-0.039647	-0.027346	-0.006150
2.025944	-0.039626	-0.027174	-0.006226
2.024825	-0.039401	-0.026855	-0.006273
2.023708	-0.039315	-0.026628	-0.006344
2.022592	-0.039102	-0.026583	-0.006259
2.021477	-0.039175	-0.026426	-0.006375
2.020364	-0.038959	-0.026108	-0.006425
2.019252	-0.038685	-0.025950	-0.006367
2.018142	-0.038746	-0.025813	-0.006466
2.017033	-0.038644	-0.025654	-0.006495
2.015925	-0.038711	-0.025787	-0.006462
2.014819	-0.038804	-0.025629	-0.006587
2.013714	-0.038673	-0.025474	-0.006600
2.012610	-0.038706	-0.025335	-0.006685
2.011508	-0.038341	-0.025051	-0.006645
2.010407	-0.038292	-0.024994	-0.006649
2.009308	-0.038377	-0.024952	-0.006713
2.008210	-0.038352	-0.024971	-0.006690
2.007113	-0.038414	-0.024666	-0.006874
2.006018	-0.038231	-0.024574	-0.006829
2.004924	-0.037728	-0.024103	-0.006813
2.003831	-0.037850	-0.024020	-0.006915
2.002740	-0.037905	-0.023968	-0.006969
2.001650	-0.037879	-0.023925	-0.006977
2.000561	-0.037993	-0.023999	-0.006997
1.999474	-0.038167	-0.024111	-0.007028
1.998388	-0.038208	-0.023978	-0.007115
1.997303	-0.038194	-0.023714	-0.007240
1.996220	-0.038256	-0.023638	-0.007309
1.995138	-0.038380	-0.023888	-0.007246
1.994058	-0.038244	-0.023655	-0.007294
1.992978	-0.037971	-0.023244	-0.007363
1.991901	-0.037696	-0.023077	-0.007310
1.990824	-0.037834	-0.023115	-0.007360
1.989749	-0.037689	-0.022842	-0.007424
1.988675	-0.037606	-0.022700	-0.007453
1.987602	-0.037503	-0.022434	-0.007535
1.986531	-0.037540	-0.022325	-0.007608
1.985461	-0.037377	-0.022147	-0.007615
1.984392	-0.037414	-0.022016	-0.007699
1.983325	-0.037428	-0.022055	-0.007686
1.982259	-0.037364	-0.021772	-0.007796
1.981194	-0.037246	-0.021608	-0.007819
1.980130	-0.037359	-0.021764	-0.007797
1.979068	-0.037625	-0.021852	-0.007886
1.978007	-0.037562	-0.021839	-0.007862
1.976948	-0.037666	-0.021746	-0.007960
1.975889	-0.037712	-0.021643	-0.008034
1.974832	-0.037396	-0.021454	-0.007971
1.973777	-0.037311	-0.021121	-0.008095
1.972722	-0.036979	-0.020725	-0.008127
1.971669	-0.036814	-0.020500	-0.008157
1.970617	-0.036628	-0.020178	-0.008225
1.969566	-0.036363	-0.019838	-0.008263
1.968517	-0.035803	-0.019335	-0.008234
1.967469	-0.035695	-0.019046	-0.008324
1.966422	-0.035480	-0.018621	-0.008430
1.965377	-0.035298	-0.018366	-0.008466
1.964333	-0.035226	-0.018346	-0.008440
1.963290	-0.035363	-0.018372	-0.008495
1.962248	-0.035338	-0.018098	-0.008620
1.961207	-0.035243	-0.018023	-0.008610
1.960168	-0.035483	-0.018168	-0.008657
1.959130	-0.035412	-0.018080	-0.008666
1.958094	-0.035551	-0.018192	-0.008680
1.957058	-0.035758	-0.018167	-0.008796
1.956024	-0.035724	-0.018026	-0.008849
1.954991	-0.035760	-0.018070	-0.008845
1.953959	-0.035750	-0.018051	-0.008849
1.952929	-0.035650	-0.017889	-0.008880
1.951900	-0.035701	-0.017749	-0.008976
1.950872	-0.035766	-0.017534	-0.009116
1.949845	-0.035646	-0.017475	-0.009085
1.948819	-0.035680	-0.017603	-0.009039
1.947795	-0.035456	-0.017237	-0.009110
1.946772	-0.035278	-0.016989	-0.009144
1.945750	-0.035126	-0.016544	-0.009291
1.944729	-0.034645	-0.016009	-0.009318
1.943710	-0.034654	-0.016093	-0.009280
1.942692	-0.034636	-0.016063	-0.009287
1.941675	-0.034641	-0.015837	-0.009402
1.940659	-0.034765	-0.015893	-0.009436
1.939645	-0.034688	-0.015689	-0.009499
1.938631	-0.034662	-0.015587	-0.009538
1.937619	-0.034743	-0.015575	-0.009584
1.936608	-0.034576	-0.015420	-0.009578
1.935599	-0.034640	-0.015295	-0.009672
1.934590	-0.035001	-0.015314	-0.009843
1.933583	-0.034801	-0.015405	-0.009698
1.932577	-0.034550	-0.015076	-0.009737
1.931572	-0.034605	-0.014938	-0.009833
1.930568	-0.034661	-0.014957	-0.009852
1.929566	-0.034651	-0.014885	-0.009883
1.928565	-0.034966	-0.015107	-0.009930
1.927565	-0.034984	-0.014809	-0.010087
1.926566	-0.034535	-0.014393	-0.010071
1.925568	-0.034258	-0.014232	-0.010013
1.924571	-0.034009	-0.013850	-0.010079
1.923576	-0.033866	-0.013642	-0.010112
1.922582	-0.033707	-0.013324	-0.010191
1.921589	-0.033646	-0.013258	-0.010194
1.920597	-0.033582	-0.013135	-0.010223
1.919606	-0.033710	-0.013155	-0.010278
1.918617	-0.033608	-0.012914	-0.010347
1.917629	-0.033846	-0.012951	-0.010447
1.916641	-0.033894	-0.013040	-0.010427
1.915655	-0.033914	-0.012913	-0.010500
1.914671	-0.033695	-0.012631	-0.010532
1.913687	-0.033667	-0.012472	-0.010598
1.912704	-0.033314	-0.012131	-0.010592
1.911723	-0.033185	-0.011843	-0.010671
1.910743	-0.033200	-0.011908	-0.010646
1.909764	-0.033153	-0.011573	-0.010790
1.908786	-0.033141	-0.011750	-0.010696
1.907809	-0.033359	-0.011835	-0.010762
1.906834	-0.033465	-0.011726	-0.010870
1.905859	-0.033392	-0.011669	-0.010862
1.904886	-0.033383	-0.011666	-0.010859
1.903914	-0.033345	-0.011505	-0.010920
1.902943	-0.033290	-0.011431	-0.010929
1.901973	-0.033288	-0.011195	-0.011046
1.901004	-0.032903	-0.010693	-0.011105
1.900036	-0.032713	-0.010542	-0.011086
1.899070	-0.032921	-0.010634	-0.011143
1.898105	-0.032827	-0.010577	-0.011125
1.897140	-0.033012	-0.010699	-0.011157
1.896177	-0.033252	-0.010599	-0.011326
1.895215	-0.033256	-0.010721	-0.011268
1.894254	-0.033330	-0.010474	-0.011428
1.893295	-0.033077	-0.010430	-0.011323
1.892336	-0.033132	-0.010228	-0.011452
1.891378	-0.032912	-0.010127	-0.011392
1.890422	-0.033017	-0.010011	-0.011503
1.889467	-0.032720	-0.009861	-0.011429
1.888513	-0.032661	-0.009536	-0.011562
1.887560	-0.032342	-0.009298	-0.011522
1.886608	-0.032244	-0.008821	-0.011711
1.885657	-0.031984	-0.008606	-0.011689
1.884707	-0.032131	-0.008744	-0.011693
1.883758	-0.032004	-0.008589	-0.011708
1.882811	-0.032067	-0.008463	-0.011802
1.881864	-0.032066	-0.008650	-0.011708
1.880919	-0.032091	-0.008388	-0.011852
1.879975	-0.031879	-0.008237	-0.011821
1.879032	-0.031981	-0.008068	-0.011956
1.878090	-0.032015	-0.008126	-0.011945
1.877149	-0.031958	-0.008198	-0.011880
1.876209	-0.032132	-0.008159	-0.011987
1.875270	-0.031932	-0.007943	-0.011995
1.874332	-0.031927	-0.007875	-0.012026
1.873396	-0.032083	-0.007611	-0.012236
1.872460	-0.031916	-0.007710	-0.012103
1.871525	-0.031926	-0.007536	-0.012195
1.870592	-0.031626	-0.007228	-0.012199
1.869660	-0.031856	-0.007183	-0.012336
1.868728	-0.031932	-0.007289	-0.012322
1.867798	-0.031957	-0.007311	-0.012323
1.866869	-0.032018	-0.007319	-0.012349
1.865941	-0.032146	-0.007260	-0.012443
1.865014	-0.032073	-0.007299	-0.012387
1.864088	-0.032273	-0.007220	-0.012526
1.863163	-0.032045	-0.007028	-0.012508
1.862239	-0.031732	-0.006764	-0.012484
1.861317	-0.031645	-0.006577	-0.012534
1.860395	-0.031568	-0.006302	-0.012633
1.859474	-0.031310	-0.005993	-0.012658
1.858555	-0.030971	-0.005607	-0.012682
1.857636	-0.030803	-0.005428	-0.012687
1.856719	-0.031059	-0.005584	-0.012738
1.855802	-0.031329	-0.005706	-0.012812
1.854887	-0.031403	-0.005778	-0.012812
1.853973	-0.031275	-0.005680	-0.012797
1.853059	-0.031308	-0.005571	-0.012868
1.852147	-0.031119	-0.005426	-0.012847
1.851236	-0.031084	-0.005172	-0.012956
1.850326	-0.030857	-0.004886	-0.012985
1.849416	-0.031147	-0.004987	-0.013080
1.848508	-0.031532	-0.005324	-0.013104
1.847601	-0.031615	-0.005408	-0.013104
1.846695	-0.031354	-0.005038	-0.013158
1.845790	-0.031200	-0.004737	-0.013232
1.844886	-0.030784	-0.004356	-0.013214
1.843983	-0.030579	-0.004011	-0.013284
1.843081	-0.030493	-0.003844	-0.013325
1.842180	-0.030528	-0.003857	-0.013335
1.841280	-0.030654	-0.003933	-0.013360
1.840381	-0.030703	-0.003882	-0.013411
1.839484	-0.030284	-0.003521	-0.013381
1.838587	-0.030351	-0.003461	-0.013445
1.837691	-0.030396	-0.003330	-0.013533
1.836796	-0.030500	-0.003241	-0.013630
1.835902	-0.030586	-0.003306	-0.013640
1.835009	-0.030959	-0.003497	-0.013731
1.834118	-0.031211	-0.003744	-0.013734
1.833227	-0.031550	-0.004023	-0.013763
1.832337	-0.031139	-0.003667	-0.013736
1.831448	-0.031006	-0.003397	-0.013804
1.830560	-0.030859	-0.003056	-0.013902
1.829674	-0.030587	-0.002887	-0.013850
1.828788	-0.030375	-0.002504	-0.013936
1.827903	-0.030074	-0.002235	-0.013919
1.827019	-0.029883	-0.002068	-0.013908
1.826136	-0.029735	-0.001905	-0.013915
1.825255	-0.029910	-0.001976	-0.013967
1.824374	-0.029820	-0.001687	-0.014066
1.823494	-0.029710	-0.001408	-0.014151
1.822615	-0.029571	-0.001218	-0.014177
1.821737	-0.029430	-0.001076	-0.014177
1.820860	-0.029213	-0.000710	-0.014251
1.819984	-0.029346	-0.000876	-0.014235
1.819109	-0.029488	-0.000896	-0.014296
1.818235	-0.029686	-0.000950	-0.014368
1.817362	-0.029353	-0.000474	-0.014440
1.816490	-0.029455	-0.000615	-0.014420
1.815619	-0.029668	-0.000799	-0.014435
1.814749	-0.029671	-0.000761	-0.014455
1.813880	-0.029712	-0.000772	-0.014470
1.813012	-0.029655	-0.000645	-0.014505
1.812145	-0.029647	-0.000821	-0.014413
1.811279	-0.029703	-0.000643	-0.014530
1.810413	-0.029657	-0.000462	-0.014597
1.809549	-0.030271	-0.000611	-0.014830
1.808686	-0.030283	-0.000807	-0.014738
1.807824	-0.030016	-0.000577	-0.014720
1.806962	-0.029814	-0.000178	-0.014818
1.806102	-0.029853	-0.000212	-0.014820
1.805242	-0.030206	-0.000525	-0.014840
1.804384	-0.030312	-0.000572	-0.014870
1.803526	-0.030424	-0.000642	-0.014891
1.802670	-0.030656	-0.000716	-0.014970
1.801814	-0.030778	-0.000682	-0.015048
1.800959	-0.030612	-0.000594	-0.015009
1.800105	-0.030616	-0.000492	-0.015062
1.799252	-0.030668	-0.000543	-0.015063
1.798401	-0.030320	-0.000190	-0.015065
1.797550	-0.029957	0.000054	-0.015006
1.796700	-0.029966	0.000383	-0.015174
1.795851	-0.029689	0.000841	-0.015265
1.795002	-0.029642	0.000816	-0.015229
1.794155	-0.029536	0.000880	-0.015208
1.793309	-0.029714	0.000713	-0.015214
1.792464	-0.029867	0.000500	-0.015183
1.791619	-0.029897	0.000528	-0.015212
1.790776	-0.029945	0.000717	-0.015331
1.789933	-0.029736	0.001027	-0.015382
1.789092	-0.029862	0.000844	-0.015353
1.788251	-0.029911	0.000886	-0.015399
1.787411	-0.029789	0.000942	-0.015366
1.786572	-0.029859	0.000979	-0.015419
1.785734	-0.029867	0.000971	-0.015419
1.784897	-0.029588	0.001063	-0.015326
1.784061	-0.029655	0.001339	-0.015497
1.783226	-0.030049	0.001011	-0.015530
1.782392	-0.030502	0.000544	-0.015523
1.781558	-0.030463	0.000495	-0.015479
1.780726	-0.030190	0.001122	-0.015656
1.779894	-0.029907	0.001494	-0.015701
1.779064	-0.029714	0.001346	-0.015530
1.778234	-0.029555	0.001563	-0.015559
1.777405	-0.029773	0.001587	-0.015680
1.776577	-0.029683	0.001514	-0.015598
1.775750	-0.029683	0.001368	-0.015525
1.774924	-0.029654	0.001593	-0.015623
1.774099	-0.029915	0.001175	-0.015545
1.773275	-0.029798	0.001594	-0.015696
1.772451	-0.030019	0.001326	-0.015673
1.771629	-0.029989	0.001256	-0.015622
1.770807	-0.029983	0.001471	-0.015727
1.769986	-0.030005	0.001419	-0.015712
1.769167	-0.029759	0.001714	-0.015737
1.768348	-0.029752	0.001646	-0.015699
1.767530	-0.029647	0.001623	-0.015635
1.766712	-0.029632	0.001743	-0.015688
1.765896	-0.030143	0.001149	-0.015646
1.765081	-0.029908	0.001217	-0.015563
1.764266	-0.030024	0.001380	-0.015702
1.763453	-0.029671	0.001479	-0.015575
1.762640	-0.029652	0.001730	-0.015691
1.761828	-0.029428	0.001794	-0.015611
1.761017	-0.029137	0.001924	-0.015530
1.760207	-0.028733	0.002254	-0.015493
1.759398	-0.028603	0.002578	-0.015591
1.758589	-0.028831	0.002264	-0.015547
1.757782	-0.028772	0.002513	-0.015643
1.756975	-0.028534	0.002678	-0.015606
1.756169	-0.028744	0.002515	-0.015629
1.755365	-0.028566	0.002396	-0.015481
1.754560	-0.028683	0.002291	-0.015487
1.753757	-0.028299	0.002737	-0.015518
1.752955	-0.028351	0.002658	-0.015505
1.752154	-0.028819	0.002007	-0.015413
1.751353	-0.028678	0.002326	-0.015502
1.750553	-0.028329	0.002441	-0.015385
1.749755	-0.028330	0.002485	-0.015408
1.748957	-0.028443	0.002295	-0.015369
1.748159	-0.028696	0.001993	-0.015345
1.747363	-0.028573	0.002096	-0.015334
1.746568	-0.028579	0.002109	-0.015344
1.745773	-0.028439	0.002337	-0.015388
1.744979	-0.027954	0.002415	-0.015185
1.744187	-0.027825	0.002756	-0.015290
1.743395	-0.027626	0.002577	-0.015101
1.742603	-0.027702	0.002733	-0.015218
1.741813	-0.027968	0.002616	-0.015292
1.741024	-0.027752	0.002547	-0.015150
1.740235	-0.027449	0.002545	-0.014997
1.739447	-0.027553	0.002583	-0.015068
1.738660	-0.027580	0.002407	-0.014994
1.737874	-0.027430	0.002670	-0.015050
1.737089	-0.027068	0.002857	-0.014963
1.736304	-0.026918	0.002805	-0.014861
1.735521	-0.027102	0.002776	-0.014939
1.734738	-0.027135	0.002633	-0.014884
1.733956	-0.026900	0.002569	-0.014734
1.733175	-0.026788	0.002634	-0.014711
1.732395	-0.026814	0.002867	-0.014841
1.731615	-0.026643	0.002880	-0.014761
1.730837	-0.026614	0.002800	-0.014707
1.730059	-0.026359	0.002940	-0.014649
1.729282	-0.026289	0.002608	-0.014448
1.728506	-0.026431	0.002272	-0.014351
1.727730	-0.026695	0.001754	-0.014225
1.726956	-0.027361	0.001700	-0.014530
1.726182	-0.026949	0.001663	-0.014306
1.725409	-0.027007	0.001806	-0.014406
1.724637	-0.026785	0.001888	-0.014336
1.723866	-0.026841	0.001791	-0.014316
1.723096	-0.026869	0.001204	-0.014036
1.722326	-0.026659	0.001361	-0.014010
1.721557	-0.026502	0.001831	-0.014167
1.720789	-0.026146	0.001618	-0.013882
1.720022	-0.026023	0.001713	-0.013868
1.719256	-0.025691	0.001870	-0.013781
1.718490	-0.025408	0.002063	-0.013735
1.717726	-0.025522	0.001868	-0.013695
1.716962	-0.025944	0.001581	-0.013762
1.716199	-0.025815	0.001317	-0.013566
1.715436	-0.025840	0.001195	-0.013517
1.714675	-0.025743	0.001365	-0.013554
1.713914	-0.025783	0.001258	-0.013520
1.713154	-0.025320	0.001148	-0.013234
1.712395	-0.025692	0.001063	-0.013378
1.711637	-0.025415	0.000834	-0.013125
1.710879	-0.025230	0.001252	-0.013241
1.710122	-0.025422	0.001027	-0.013224
1.709366	-0.025100	0.000853	-0.012977
1.708611	-0.025160	0.000626	-0.012893
1.707857	-0.025454	0.000492	-0.012973
1.707103	-0.025299	0.000186	-0.012742
1.706351	-0.025306	0.000207	-0.012757
1.705599	-0.024837	0.000472	-0.012655
1.704847	-0.024715	0.000445	-0.012580
1.704097	-0.024964	0.000519	-0.012742
1.703347	-0.025225	-0.000374	-0.012425
1.702599	-0.024957	-0.000093	-0.012432
1.701850	-0.024831	-0.000188	-0.012321
1.701103	-0.024478	-0.000029	-0.012225
1.700357	-0.024805	-0.000424	-0.012191
1.699611	-0.024629	-0.000407	-0.012111
1.698866	-0.024341	-0.000392	-0.011975
1.698122	-0.024698	-0.000792	-0.011953
1.697378	-0.024838	-0.001147	-0.011845
1.696636	-0.024837	-0.001387	-0.011725
1.695894	-0.024827	-0.001254	-0.011787
1.695153	-0.024654	-0.001553	-0.011550
1.694412	-0.024538	-0.001589	-0.011475
1.693673	-0.024476	-0.001382	-0.011547
1.692934	-0.024383	-0.001331	-0.011526
1.692196	-0.024212	-0.001654	-0.011279
1.691459	-0.023998	-0.000919	-0.011540
1.690722	-0.023554	-0.001020	-0.011267
1.689987	-0.023313	-0.000801	-0.011256
1.689252	-0.023049	-0.000970	-0.011040
1.688518	-0.022713	-0.001079	-0.010817
1.687784	-0.022753	-0.000830	-0.010962
1.687051	-0.022347	-0.000945	-0.010701
1.686320	-0.022568	-0.001339	-0.010615
1.685588	-0.022688	-0.001437	-0.010626
1.684858	-0.022803	-0.001543	-0.010630
1.684128	-0.022731	-0.001512	-0.010610
1.683399	-0.022861	-0.002148	-0.010357
1.682671	-0.022608	-0.001913	-0.010348
1.681944	-0.022949	-0.002018	-0.010466
1.681217	-0.022693	-0.002327	-0.010183
1.680491	-0.022328	-0.002218	-0.010055
1.679766	-0.022339	-0.002414	-0.009962
1.679042	-0.022215	-0.002646	-0.009784
1.678318	-0.021862	-0.002504	-0.009679
1.677595	-0.021951	-0.002163	-0.009894
1.676873	-0.021775	-0.002635	-0.009570
1.676152	-0.022229	-0.002937	-0.009646
1.675431	-0.022693	-0.003471	-0.009611
1.674711	-0.022663	-0.004112	-0.009276
1.673992	-0.022945	-0.003925	-0.009510
1.673273	-0.022530	-0.004018	-0.009256
1.672556	-0.022863	-0.004496	-0.009184
1.671839	-0.023403	-0.005133	-0.009135
1.671122	-0.023304	-0.005040	-0.009132
1.670407	-0.023189	-0.005483	-0.008853
1.669692	-0.022948	-0.005442	-0.008753
1.668978	-0.022866	-0.005025	-0.008920
1.668265	-0.022644	-0.005526	-0.008559
1.667552	-0.022526	-0.005436	-0.008545
1.666840	-0.022760	-0.005953	-0.008403
1.666129	-0.022396	-0.005641	-0.008377
1.665418	-0.022155	-0.005823	-0.008166
1.664709	-0.022059	-0.006008	-0.008026
1.664000	-0.022441	-0.005659	-0.008391
1.663292	-0.022528	-0.006567	-0.007981
1.662584	-0.022564	-0.006319	-0.008122
1.661877	-0.021937	-0.006034	-0.007951
1.661171	-0.022066	-0.006183	-0.007942
1.660466	-0.021969	-0.006622	-0.007673
1.659761	-0.021849	-0.006906	-0.007472
1.659057	-0.021673	-0.006815	-0.007429
1.658354	-0.021417	-0.006563	-0.007427
1.657651	-0.021356	-0.006417	-0.007470
1.656950	-0.020897	-0.006285	-0.007306
1.656249	-0.020671	-0.006260	-0.007206
1.655548	-0.020412	-0.006057	-0.007177
1.654848	-0.019986	-0.006035	-0.006976
1.654150	-0.019851	-0.006179	-0.006836
1.653451	-0.019740	-0.005972	-0.006884
1.652754	-0.019450	-0.005954	-0.006748
1.652057	-0.019405	-0.005880	-0.006762
1.651361	-0.019001	-0.006190	-0.006405
1.650665	-0.019960	-0.006507	-0.006726
1.649971	-0.019323	-0.006564	-0.006380
1.649277	-0.019502	-0.006711	-0.006396
1.648583	-0.019076	-0.006809	-0.006133
1.647891	-0.018563	-0.006583	-0.005990
1.647199	-0.018401	-0.006202	-0.006100
1.646508	-0.018445	-0.006445	-0.006000
1.645817	-0.018146	-0.006409	-0.005868
1.645127	-0.018117	-0.006480	-0.005819
1.644438	-0.018665	-0.007302	-0.005681
1.643750	-0.019041	-0.007645	-0.005698
1.643062	-0.019219	-0.007642	-0.005789
1.642375	-0.019019	-0.007817	-0.005601
1.641689	-0.018859	-0.008124	-0.005367
1.641003	-0.018895	-0.007944	-0.005476
1.640318	-0.019259	-0.008419	-0.005420
1.639634	-0.018841	-0.008469	-0.005186
1.638950	-0.018655	-0.008485	-0.005085
1.638267	-0.018786	-0.008681	-0.005052
1.637585	-0.018645	-0.009108	-0.004769
1.636903	-0.018459	-0.009001	-0.004729
1.636222	-0.018717	-0.009107	-0.004805
1.635542	-0.018970	-0.009525	-0.004722
1.634863	-0.018786	-0.009527	-0.004629
1.634184	-0.018860	-0.009658	-0.004601
1.633506	-0.018752	-0.009997	-0.004378
1.632828	-0.018453	-0.009865	-0.004294
1.632151	-0.018650	-0.009781	-0.004434
1.631475	-0.018106	-0.009978	-0.004064
1.630800	-0.018451	-0.009949	-0.004251
1.630125	-0.018680	-0.010259	-0.004210
1.629451	-0.018041	-0.010448	-0.003797
1.628778	-0.017672	-0.010017	-0.003828
1.628105	-0.017779	-0.010130	-0.003824
1.627433	-0.017799	-0.010315	-0.003742
1.626761	-0.018552	-0.011242	-0.003655
1.626091	-0.018223	-0.011410	-0.003407
1.625421	-0.018787	-0.011397	-0.003695
1.624751	-0.018330	-0.011702	-0.003314
1.624083	-0.018316	-0.012058	-0.003129
1.623414	-0.018700	-0.012265	-0.003218
1.622747	-0.019106	-0.012879	-0.003113
1.622080	-0.020034	-0.013392	-0.003321
1.621414	-0.019772	-0.013742	-0.003015
1.620749	-0.019401	-0.013762	-0.002820
1.620084	-0.019568	-0.013520	-0.003024
1.619420	-0.019944	-0.014422	-0.002761
1.618757	-0.019646	-0.013988	-0.002829
1.618094	-0.019518	-0.013804	-0.002857
1.617432	-0.019062	-0.013637	-0.002712
1.616770	-0.019703	-0.014062	-0.002821
1.616109	-0.019192	-0.014357	-0.002418
1.615449	-0.019299	-0.014444	-0.002428
1.614790	-0.018792	-0.013993	-0.002400
1.614131	-0.018281	-0.014090	-0.002096
1.613473	-0.018419	-0.014280	-0.002070
1.612815	-0.018329	-0.014807	-0.001761
1.612158	-0.018895	-0.014769	-0.002063
1.611502	-0.019648	-0.015355	-0.002147
1.610846	-0.020026	-0.015744	-0.002141
1.610191	-0.020976	-0.017068	-0.001954
1.609537	-0.020787	-0.017189	-0.001799
1.608883	-0.021459	-0.017821	-0.001819
1.608230	-0.021270	-0.017984	-0.001643
1.607578	-0.021372	-0.018476	-0.001448
1.606926	-0.021213	-0.018684	-0.001264
1.606275	-0.021455	-0.018647	-0.001404
1.605625	-0.021778	-0.018961	-0.001408
1.604975	-0.021481	-0.018899	-0.001291
1.604326	-0.021340	-0.019200	-0.001070
1.603677	-0.022151	-0.019697	-0.001227
1.603029	-0.022628	-0.020241	-0.001194
1.602382	-0.023116	-0.020872	-0.001122
1.601735	-0.022776	-0.021160	-0.000808
1.601089	-0.023156	-0.021091	-0.001032
1.600444	-0.022776	-0.020701	-0.001037
1.599799	-0.023402	-0.021543	-0.000930
1.599155	-0.023633	-0.021908	-0.000862
1.598512	-0.023844	-0.022041	-0.000901
1.597869	-0.023296	-0.022009	-0.000644
1.597227	-0.022969	-0.021758	-0.000605
1.596585	-0.022433	-0.021388	-0.000523
1.595944	-0.022385	-0.021094	-0.000645
1.595304	-0.022386	-0.022083	-0.000151
1.594664	-0.022528	-0.022541	0.000007
1.594025	-0.023023	-0.022156	-0.000434
1.593386	-0.022432	-0.021977	-0.000227
1.592749	-0.022874	-0.022071	-0.000402
1.592111	-0.022981	-0.022359	-0.000311
1.591475	-0.022987	-0.022655	-0.000166
1.590839	-0.022428	-0.023037	0.000304
1.590203	-0.022805	-0.023370	0.000282
1.589569	-0.022606	-0.023444	0.000419
1.588935	-0.022892	-0.023725	0.000416
1.588301	-0.023322	-0.023740	0.000209
1.587668	-0.023295	-0.023728	0.000216
1.587036	-0.023584	-0.024567	0.000492
1.586404	-0.023393	-0.025469	0.001038
1.585773	-0.023670	-0.024778	0.000554
1.585143	-0.023606	-0.025116	0.000755
1.584513	-0.023939	-0.024638	0.000349
1.583884	-0.023745	-0.024657	0.000456
1.583255	-0.024092	-0.025898	0.000903
1.582627	-0.023780	-0.026182	0.001201
1.582000	-0.024345	-0.025948	0.000802
1.581373	-0.024587	-0.026253	0.000833
1.580747	-0.024797	-0.026437	0.000820
1.580121	-0.024832	-0.026189	0.000679
1.579496	-0.024857	-0.026927	0.001035
1.578872	-0.025462	-0.027436	0.000987
1.578248	-0.025640	-0.028417	0.001388
1.577625	-0.026277	-0.028195	0.000959
1.577002	-0.026159	-0.028192	0.001016
1.576380	-0.025899	-0.028924	0.001513
1.575759	-0.026946	-0.029419	0.001237
1.575138	-0.026785	-0.028953	0.001084
1.574518	-0.026763	-0.029205	0.001221
1.573899	-0.026495	-0.028424	0.000964
1.573280	-0.025274	-0.028859	0.001793
1.572661	-0.026905	-0.028755	0.000925
1.572044	-0.026098	-0.029449	0.001676
1.571426	-0.026296	-0.030128	0.001916
1.570810	-0.025896	-0.029368	0.001736
1.570194	-0.026168	-0.028687	0.001260
1.569578	-0.026823	-0.030075	0.001626
1.568964	-0.026942	-0.029385	0.001222
1.568349	-0.027010	-0.030472	0.001731
1.567736	-0.026438	-0.030517	0.002040
1.567123	-0.027131	-0.031078	0.001973
1.566510	-0.026883	-0.030745	0.001931
1.565899	-0.027356	-0.031298	0.001971
1.565287	-0.027437	-0.031672	0.002117
1.564677	-0.027002	-0.031654	0.002326
1.564066	-0.027164	-0.031067	0.001952
1.563457	-0.027545	-0.031880	0.002167
1.562848	-0.028290	-0.031850	0.001780
1.562240	-0.028337	-0.032549	0.002106
1.561632	-0.027347	-0.031769	0.002211
1.561025	-0.028532	-0.033363	0.002415
1.560418	-0.028632	-0.033413	0.002390
1.559812	-0.029079	-0.033551	0.002236
1.559207	-0.028635	-0.033403	0.002384
1.558602	-0.029042	-0.033742	0.002350
1.557997	-0.028544	-0.033950	0.002703
1.557394	-0.029616	-0.034415	0.002399
1.556791	-0.030057	-0.034383	0.002163
1.556188	-0.029040	-0.034534	0.002747
1.555586	-0.029671	-0.034340	0.002335
1.554985	-0.029643	-0.034738	0.002547
1.554384	-0.029873	-0.034296	0.002211
1.553783	-0.030034	-0.033819	0.001893
1.553184	-0.029498	-0.034968	0.002735
1.552585	-0.029587	-0.035413	0.002913
1.551986	-0.030358	-0.035298	0.002470
1.551388	-0.029526	-0.034784	0.002629
1.550791	-0.029382	-0.035489	0.003054
1.550194	-0.030125	-0.035722	0.002798
1.549597	-0.029935	-0.036066	0.003065
1.549002	-0.029924	-0.036637	0.003356
1.548406	-0.030234	-0.037037	0.003401
1.547812	-0.031927	-0.038146	0.003110
1.547218	-0.032301	-0.038127	0.002913
1.546624	-0.032010	-0.037708	0.002849
1.546031	-0.032143	-0.038508	0.003182
1.545439	-0.032449	-0.038395	0.002973
1.544847	-0.032636	-0.039035	0.003200
1.544256	-0.034517	-0.040281	0.002882
1.543665	-0.033589	-0.040187	0.003299
1.543075	-0.034343	-0.040195	0.002926
1.542486	-0.033720	-0.040903	0.003591
1.541897	-0.034933	-0.041425	0.003246
1.541308	-0.034121	-0.041040	0.003460
1.540720	-0.035541	-0.042511	0.003485
1.540133	-0.035130	-0.042421	0.003646
1.539546	-0.035724	-0.043262	0.003769
1.538960	-0.036986	-0.042480	0.002747
1.538374	-0.035358	-0.042773	0.003707
1.537789	-0.034923	-0.042190	0.003633
1.537204	-0.036434	-0.043353	0.003460
1.536620	-0.035621	-0.043429	0.003904
1.536037	-0.035950	-0.043733	0.003891
1.535454	-0.036674	-0.043627	0.003477
1.534872	-0.037192	-0.043989	0.003399
1.534290	-0.037909	-0.044854	0.003473
1.533708	-0.038658	-0.044835	0.003088
1.533128	-0.038040	-0.044479	0.003220
1.532548	-0.037107	-0.045904	0.004399
1.531968	-0.038479	-0.045717	0.003619
1.531389	-0.037742	-0.045078	0.003668
1.530810	-0.036949	-0.045788	0.004420
1.530232	-0.038096	-0.045277	0.003590
1.529655	-0.038080	-0.045337	0.003629
1.529078	-0.038280	-0.045943	0.003831
1.528501	-0.038756	-0.046402	0.003823
1.527925	-0.039612	-0.046057	0.003222
1.527350	-0.039512	-0.046295	0.003391
1.526775	-0.040469	-0.046750	0.003141
1.526201	-0.039611	-0.048073	0.004231
1.525627	-0.039754	-0.047963	0.004105
1.525054	-0.040364	-0.048982	0.004309
1.524481	-0.041101	-0.049818	0.004359
1.523909	-0.041802	-0.048155	0.003177
1.523338	-0.042055	-0.050157	0.004051
1.522767	-0.043025	-0.050227	0.003601
1.522196	-0.042619	-0.050166	0.003774
1.521626	-0.042381	-0.050819	0.004219
1.521057	-0.043893	-0.051101	0.003604
1.520488	-0.044024	-0.052053	0.004014
1.519919	-0.043719	-0.051311	0.003796
1.519351	-0.045505	-0.052737	0.003616
1.518784	-0.044266	-0.053123	0.004429
1.518217	-0.044805	-0.051959	0.003577
1.517651	-0.044201	-0.052481	0.004140
1.517085	-0.044376	-0.052553	0.004088
1.516520	-0.044323	-0.054310	0.004994
1.515955	-0.045720	-0.054762	0.004521
1.515391	-0.046406	-0.054600	0.004097
1.514827	-0.046956	-0.055249	0.004147
1.514264	-0.047105	-0.054575	0.003735
1.513702	-0.047684	-0.055681	0.003999
1.513139	-0.047525	-0.056633	0.004554
1.512578	-0.049021	-0.055293	0.003136
1.512017	-0.049020	-0.056485	0.003732
1.511456	-0.048998	-0.056120	0.003561
1.510896	-0.048818	-0.056413	0.003797
1.510337	-0.048746	-0.056611	0.003933
1.509778	-0.050169	-0.056954	0.003392
1.509219	-0.049522	-0.056932	0.003705
1.508661	-0.050530	-0.057772	0.003621
1.508104	-0.049900	-0.057809	0.003955
1.507547	-0.049787	-0.058358	0.004286
1.506990	-0.049637	-0.057516	0.003940
1.506435	-0.052710	-0.058252	0.002771
1.505879	-0.051750	-0.059023	0.003636
1.505324	-0.051278	-0.059574	0.004148
1.504770	-0.051231	-0.059824	0.004296
1.504216	-0.049826	-0.058580	0.004377
1.503663	-0.051774	-0.059523	0.003875
1.503110	-0.051582	-0.060533	0.004475
1.502558	-0.051348	-0.059692	0.004172
1.502006	-0.050493	-0.059697	0.004602
1.501454	-0.051784	-0.060110	0.004163
1.500904	-0.052732	-0.061678	0.004473
1.500353	-0.053251	-0.061314	0.004032
1.499803	-0.053372	-0.061791	0.004209
1.499254	-0.051798	-0.060234	0.004218
1.498705	-0.054174	-0.059661	0.002743
1.498157	-0.052974	-0.061779	0.004403
1.497609	-0.053869	-0.061731	0.003931
1.497062	-0.055230	-0.063287	0.004028
1.496515	-0.054155	-0.062625	0.004235
1.495969	-0.053958	-0.063635	0.004839
1.495423	-0.056865	-0.063411	0.003273
1.494878	-0.056291	-0.064711	0.004210
1.494333	-0.057451	-0.064577	0.003563
1.493789	-0.055579	-0.065189	0.004805
1.493245	-0.055830	-0.062821	0.003495
1.492702	-0.057451	-0.065874	0.004212
1.492159	-0.059107	-0.065051	0.002972
1.491617	-0.058544	-0.066441	0.003949
1.491075	-0.059366	-0.067360	0.003997
1.490533	-0.059086	-0.067058	0.003986
1.489993	-0.058660	-0.067668	0.004504
1.489452	-0.059567	-0.067578	0.004006
1.488912	-0.061241	-0.066947	0.002853
1.488373	-0.059540	-0.064904	0.002682
1.487834	-0.059572	-0.065346	0.002887
1.487296	-0.060556	-0.066576	0.003010
1.486758	-0.058917	-0.067655	0.004369
1.486221	-0.061137	-0.067648	0.003255
1.485684	-0.062008	-0.068297	0.003144
1.485147	-0.062532	-0.070372	0.003920
1.484611	-0.062558	-0.068521	0.002982
1.484076	-0.063939	-0.070435	0.003248
1.483541	-0.063080	-0.070290	0.003605
1.483007	-0.062622	-0.071133	0.004255
1.482473	-0.063041	-0.070912	0.003936
1.481939	-0.064494	-0.071134	0.003320
1.481406	-0.063661	-0.070906	0.003622
1.480874	-0.064379	-0.071627	0.003624
1.480341	-0.064570	-0.071981	0.003706
1.479810	-0.066874	-0.072923	0.003025
1.479279	-0.068252	-0.074721	0.003234
1.478748	-0.067904	-0.075219	0.003658
1.478218	-0.069163	-0.075970	0.003403
1.477688	-0.069437	-0.076469	0.003516
1.477159	-0.068411	-0.077742	0.004665
1.476631	-0.070304	-0.076630	0.003163
1.476102	-0.070106	-0.077371	0.003633
1.475575	-0.071290	-0.078553	0.003631
1.475047	-0.071526	-0.078330	0.003402
1.474521	-0.072651	-0.080035	0.003692
1.473994	-0.070212	-0.080818	0.005303
1.473469	-0.070957	-0.076772	0.002908
1.472943	-0.072835	-0.079240	0.003202
1.472418	-0.074097	-0.080878	0.003391
1.471894	-0.073505	-0.079215	0.002855
1.471370	-0.074323	-0.081967	0.003822
1.470846	-0.071714	-0.082032	0.005159
1.470323	-0.074916	-0.081305	0.003194
1.469801	-0.075042	-0.081428	0.003193
1.469279	-0.078925	-0.083796	0.002436
1.468757	-0.078086	-0.083980	0.002947
1.468236	-0.077844	-0.084684	0.003420
1.467716	-0.078897	-0.085114	0.003108
1.467195	-0.077894	-0.083848	0.002977
1.466676	-0.078806	-0.086034	0.003614
1.466156	-0.080080	-0.085075	0.002498
1.465638	-0.081328	-0.087596	0.003134
1.465119	-0.080548	-0.087560	0.003506
1.464601	-0.080428	-0.087491	0.003531
1.464084	-0.082944	-0.090751	0.003903
1.463567	-0.083001	-0.089463	0.003231
1.463051	-0.081428	-0.090724	0.004648
1.462535	-0.084541	-0.089812	0.002636
1.462019	-0.082255	-0.091542	0.004644
1.461504	-0.083368	-0.089898	0.003265
1.460989	-0.084034	-0.091978	0.003972
1.460475	-0.083600	-0.091743	0.004072
1.459962	-0.084727	-0.092050	0.003661
1.459448	-0.088624	-0.093736	0.002556
1.458936	-0.086685	-0.091214	0.002264
1.458423	-0.087358	-0.094247	0.003444
1.457911	-0.087487	-0.092126	0.002320
1.457400	-0.088115	-0.093034	0.002460
1.456889	-0.087942	-0.096128	0.004093
1.456379	-0.090127	-0.095716	0.002794
1.455869	-0.090292	-0.095690	0.002699
1.455359	-0.089337	-0.098278	0.004471
1.454850	-0.089673	-0.095672	0.003000
1.454341	-0.091568	-0.097546	0.002989
1.453833	-0.091011	-0.097567	0.003278
1.453325	-0.093062	-0.098244	0.002591
1.452818	-0.092180	-0.096889	0.002355
1.452311	-0.092770	-0.100746	0.003988
1.451805	-0.094086	-0.099626	0.002770
1.451299	-0.095432	-0.101628	0.003098
1.450793	-0.093968	-0.101508	0.003770
1.450288	-0.095522	-0.101889	0.003183
1.449783	-0.094639	-0.101111	0.003236
1.449279	-0.097565	-0.104532	0.003483
1.448775	-0.097606	-0.102444	0.002419
1.448272	-0.096941	-0.104538	0.003799
1.447769	-0.101008	-0.104671	0.001831
1.447267	-0.100001	-0.107282	0.003641
1.446765	-0.099732	-0.105398	0.002833
1.446263	-0.101704	-0.103949	0.001123
1.445762	-0.105560	-0.108565	0.001503
1.445262	-0.102083	-0.109628	0.003772
1.444762	-0.103027	-0.108534	0.002754
1.444262	-0.104065	-0.111829	0.003882
1.443763	-0.104557	-0.111383	0.003413
1.443264	-0.107543	-0.109087	0.000772
1.442765	-0.105373	-0.111345	0.002986
1.442267	-0.106364	-0.113245	0.003440
1.441770	-0.109951	-0.113169	0.001609
1.441273	-0.109897	-0.114083	0.002093
1.440776	-0.110319	-0.115797	0.002739
1.440280	-0.109530	-0.115677	0.003074
1.439784	-0.108555	-0.114399	0.002922
1.439289	-0.112631	-0.114532	0.000951
1.438794	-0.110930	-0.119224	0.004147
1.438299	-0.111295	-0.116652	0.002678
1.437805	-0.112185	-0.118453	0.003134
1.437312	-0.113575	-0.118127	0.002276
1.436819	-0.114311	-0.118611	0.002150
1.436326	-0.115119	-0.118907	0.001894
1.435834	-0.116751	-0.121834	0.002541
1.435342	-0.116492	-0.122966	0.003237
1.434850	-0.121164	-0.123623	0.001230
1.434359	-0.119967	-0.123549	0.001791
1.433869	-0.122521	-0.126287	0.001883
1.433379	-0.121438	-0.124661	0.001612
1.432889	-0.122231	-0.125413	0.001591
1.432400	-0.122486	-0.127920	0.002717
1.431911	-0.122392	-0.129649	0.003628
1.431422	-0.122682	-0.127713	0.002516
1.430934	-0.124723	-0.130558	0.002918
1.430447	-0.125400	-0.130220	0.002410
1.429960	-0.127013	-0.133569	0.003278
1.429473	-0.126731	-0.130705	0.001987
1.428987	-0.128954	-0.131505	0.001276
1.428501	-0.127017	-0.133787	0.003385
1.428015	-0.130779	-0.134823	0.002022
1.427530	-0.132515	-0.133308	0.000397
1.427046	-0.133252	-0.137375	0.002062
1.426561	-0.135620	-0.134838	-0.000391
1.426078	-0.135499	-0.138727	0.001614
1.425594	-0.134003	-0.136784	0.001390
1.425111	-0.133373	-0.140017	0.003322
1.424629	-0.134911	-0.139647	0.002368
1.424147	-0.136104	-0.139787	0.001841
1.423665	-0.138307	-0.143256	0.002474
1.423184	-0.140536	-0.144765	0.002114
1.422703	-0.141213	-0.145233	0.002010
1.422223	-0.136289	-0.144983	0.004347
1.421743	-0.145126	-0.144299	-0.000414
1.421263	-0.146526	-0.147565	0.000520
1.420784	-0.146756	-0.146627	-0.000065
1.420306	-0.148805	-0.150236	0.000715
1.419827	-0.148797	-0.151604	0.001403
1.419349	-0.147717	-0.152605	0.002444
1.418872	-0.144903	-0.153265	0.004181
1.418395	-0.149794	-0.154913	0.002559
1.417918	-0.154325	-0.154887	0.000281
1.417442	-0.153800	-0.157850	0.002025
1.416966	-0.156938	-0.160437	0.001750
1.416491	-0.156429	-0.157155	0.000363
1.416016	-0.156207	-0.160940	0.002367
1.415541	-0.158434	-0.165010	0.003288
1.415067	-0.160688	-0.162461	0.000887
1.414593	-0.161419	-0.167429	0.003005
1.414120	-0.159798	-0.164031	0.002116
1.413647	-0.163694	-0.164926	0.000616
1.413174	-0.163276	-0.165023	0.000874
1.412702	-0.167107	-0.168313	0.000603
1.412231	-0.168073	-0.174326	0.003127
1.411759	-0.166382	-0.172466	0.003042
1.411288	-0.166836	-0.171161	0.002163
1.410818	-0.169455	-0.174186	0.002366
1.410348	-0.167532	-0.171452	0.001960
1.409878	-0.172005	-0.175145	0.001570
1.409409	-0.171893	-0.175853	0.001980
1.408940	-0.174327	-0.174600	0.000137
1.408472	-0.176952	-0.176963	0.000006
1.408004	-0.175031	-0.178309	0.001639
1.407536	-0.177586	-0.178705	0.000560
1.407069	-0.176032	-0.180819	0.002393
1.406602	-0.181042	-0.182182	0.000570
1.406135	-0.177957	-0.182929	0.002486
1.405669	-0.178866	-0.183884	0.002509
1.405204	-0.182323	-0.182809	0.000243
1.404738	-0.181233	-0.185282	0.002024
1.404274	-0.180936	-0.187107	0.003086
1.403809	-0.179111	-0.180840	0.000865
1.403345	-0.183407	-0.186850	0.001722
1.402882	-0.177697	-0.185943	0.004123
1.402418	-0.183365	-0.186430	0.001533
1.401955	-0.184629	-0.187566	0.001469
1.401493	-0.185427	-0.191699	0.003136
1.401031	-0.188155	-0.190367	0.001106
1.400569	-0.187134	-0.190609	0.001738
1.400108	-0.187628	-0.189825	0.001098
1.399647	-0.184676	-0.188757	0.002041
1.399187	-0.191934	-0.193735	0.000901
1.398727	-0.189090	-0.190565	0.000737
1.398267	-0.189420	-0.192556	0.001568
1.397808	-0.191637	-0.195430	0.001896
1.397349	-0.194122	-0.194674	0.000276
1.396890	-0.195394	-0.196731	0.000668
1.396432	-0.197352	-0.193653	-0.001849
1.395974	-0.198647	-0.199605	0.000479
1.395517	-0.194335	-0.193528	-0.000403
1.395060	-0.194856	-0.194793	-0.000031
1.394604	-0.196445	-0.200746	0.002150
1.394147	-0.196933	-0.203075	0.003071
1.393692	-0.199540	-0.206332	0.003396
1.393236	-0.203953	-0.204065	0.000056
1.392781	-0.201952	-0.206322	0.002185
1.392327	-0.203298	-0.207584	0.002143
1.391873	-0.205530	-0.205804	0.000137
1.391419	-0.211413	-0.208352	-0.001530
1.390965	-0.205909	-0.206901	0.000496
1.390512	-0.209726	-0.206908	-0.001409
