6.542578	0.043138	0.043138	0.000000
6.529189	1043520046308321.625000	1043520046308321.625000	0.000000
6.515856	0.021692	-0.075657	0.048674
6.502578	0.002264	0.083273	-0.040504
6.489355	-0.030192	-0.220604	0.095206
6.476188	-0.047235	-0.026034	-0.010600
6.463075	-0.087487	0.001081	-0.044284
6.450016	-0.029045	0.028851	-0.028948
6.437011	-0.070506	-0.078824	0.004159
6.424060	-0.143829	-0.013324	-0.065253
6.411162	-0.006724	-0.097727	0.045501
6.398317	-0.115545	-0.152223	0.018339
6.385525	-0.125623	-0.058363	-0.033630
6.372785	-0.066644	-0.067659	0.000507
6.360096	-0.014119	-0.057209	0.021545
6.347460	-0.070260	-0.044034	-0.013113
6.334875	-0.046250	0.115613	-0.080931
6.322341	-0.007607	-0.118269	0.055331
6.309857	-0.023795	0.010851	-0.017323
6.297424	-0.143949	-0.013639	-0.065155
6.285042	-0.022606	-0.088117	0.032756
6.272709	-0.054394	-0.032303	-0.011045
6.260425	0.041970	-0.065199	0.053585
6.248191	0.026269	-0.007559	0.016914
6.236005	-0.001430	0.006372	-0.003901
6.223868	-0.004715	0.013205	-0.008960
6.211780	0.002807	0.014826	-0.006009
6.199740	0.010345	0.014744	-0.002200
6.187747	0.004541	0.012654	-0.004056
6.175802	0.003237	0.008459	-0.002611
6.163904	-0.000158	0.019479	-0.009818
6.152053	0.006954	0.012120	-0.002583
6.140248	-0.003093	0.010548	-0.006821
6.128490	0.000452	0.012113	-0.005831
6.116778	-0.003230	0.015977	-0.009604
6.105112	0.003525	0.011617	-0.004046
6.093492	0.002570	0.003171	-0.000300
6.081916	0.001027	0.005449	-0.002211
6.070386	0.008084	0.014188	-0.003052
6.058901	0.016152	0.012104	0.002024
6.047460	0.003730	0.017776	-0.007023
6.036063	0.004088	0.005668	-0.000790
6.024710	-0.002149	0.016433	-0.009291
6.013401	0.000314	0.015226	-0.007456
6.002135	-0.004329	0.005267	-0.004798
5.990913	0.003699	0.008249	-0.002275
5.979734	0.001071	0.014381	-0.006655
5.968597	-0.011352	0.015309	-0.013331
5.957503	0.003258	0.011785	-0.004263
5.946451	-0.000298	0.015066	-0.007682
5.935442	0.002646	0.010597	-0.003976
5.924474	-0.004221	0.015743	-0.009982
5.913547	-0.000745	0.022089	-0.011417
5.902662	-0.006402	0.010407	-0.008405
5.891818	0.000470	0.008477	-0.004004
5.881015	-0.004545	0.019279	-0.011912
5.870252	0.006721	0.010184	-0.001731
5.859530	-0.006791	0.009599	-0.008195
5.848848	-0.000724	0.009712	-0.005218
5.838205	0.001595	0.013997	-0.006201
5.827603	0.006758	0.017567	-0.005404
5.817040	0.005423	0.012714	-0.003645
5.806516	0.001554	0.026332	-0.012389
5.796031	-0.003975	0.013696	-0.008836
5.785586	-0.005645	0.008884	-0.007265
5.775178	0.004387	0.017263	-0.006438
5.764810	0.007546	0.010738	-0.001596
5.754479	0.005162	0.008860	-0.001849
5.744186	0.002453	0.005495	-0.001521
5.733931	0.000424	0.008308	-0.003942
5.723714	-0.002269	0.007686	-0.004977
5.713534	0.000091	0.006581	-0.003245
5.703391	-0.003963	0.019049	-0.011506
5.693285	0.009364	0.010392	-0.000514
5.683216	-0.002417	0.006236	-0.004326
5.673184	0.000773	0.019219	-0.009223
5.663188	0.002964	0.016491	-0.006763
5.653228	0.003085	0.017049	-0.006982
5.643304	-0.001511	0.012455	-0.006983
5.633415	0.008457	0.007227	0.000615
5.623562	0.014466	0.019242	-0.002388
5.613745	0.009317	0.013928	-0.002306
5.603963	0.011238	0.015607	-0.002185
5.594216	0.004055	0.016085	-0.006015
5.584504	0.011558	0.024459	-0.006451
5.574826	0.008020	0.021355	-0.006668
5.565183	0.011488	0.025992	-0.007252
5.555574	0.013404	0.031049	-0.008822
5.545999	0.020013	0.022560	-0.001273
5.536458	0.015057	0.033000	-0.008971
5.526950	0.017454	0.031242	-0.006894
5.517477	0.028193	0.033650	-0.002728
5.508036	0.032409	0.035945	-0.001768
5.498629	0.030320	0.038387	-0.004034
5.489255	0.027836	0.042041	-0.007102
5.479914	0.027141	0.038387	-0.005623
5.470605	0.035978	0.042897	-0.003460
5.461329	0.036462	0.048532	-0.006035
5.452085	0.041863	0.048905	-0.003521
5.442874	0.047190	0.053776	-0.003293
5.433694	0.047899	0.052174	-0.002137
5.424546	0.049266	0.062291	-0.006512
5.415430	0.052784	0.062522	-0.004869
5.406345	0.058986	0.064248	-0.002631
5.397292	0.062379	0.066314	-0.001967
5.388270	0.063945	0.067750	-0.001903
5.379279	0.060486	0.068496	-0.004005
5.370319	0.065631	0.068570	-0.001469
5.361389	0.065703	0.068346	-0.001322
5.352490	0.068418	0.074235	-0.002909
5.343621	0.076694	0.074187	0.001254
5.334783	0.074230	0.076421	-0.001095
5.325975	0.074921	0.072451	0.001235
5.317196	0.076651	0.077767	-0.000558
5.308448	0.078533	0.082698	-0.002082
5.299729	0.090305	0.091859	-0.000777
5.291039	0.094171	0.088134	0.003018
5.282379	0.092013	0.104887	-0.006437
5.273748	0.093021	0.097135	-0.002057
5.265146	0.103941	0.104294	-0.000176
5.256573	0.110908	0.112345	-0.000719
5.248029	0.117266	0.112009	0.002629
5.239513	0.117384	0.114787	0.001299
5.231026	0.116676	0.120064	-0.001694
5.222567	0.120111	0.120601	-0.000245
5.214136	0.130196	0.124473	0.002861
5.205733	0.123367	0.125005	-0.000819
5.197358	0.128472	0.125517	0.001478
5.189011	0.126391	0.131442	-0.002526
5.180691	0.130888	0.133407	-0.001260
5.172399	0.130980	0.129003	0.000989
5.164135	0.137526	0.130290	0.003618
5.155897	0.133853	0.134439	-0.000293
5.147687	0.134055	0.136906	-0.001426
5.139503	0.136221	0.136380	-0.000079
5.131346	0.143519	0.136034	0.003743
5.123216	0.145195	0.139432	0.002882
5.115113	0.147914	0.143139	0.002388
5.107036	0.152430	0.146914	0.002758
5.098985	0.152844	0.150820	0.001012
5.090960	0.153459	0.147877	0.002791
5.082962	0.158199	0.152798	0.002700
5.074989	0.163270	0.153964	0.004653
5.067042	0.166198	0.160348	0.002925
5.059121	0.168621	0.158726	0.004948
5.051225	0.171722	0.161486	0.005118
5.043355	0.175219	0.167160	0.004029
5.035510	0.172895	0.163855	0.004520
5.027690	0.174261	0.164031	0.005115
5.019895	0.174153	0.165534	0.004309
5.012126	0.171829	0.168142	0.001844
5.004381	0.172846	0.165799	0.003524
4.996660	0.172793	0.164791	0.004001
4.988964	0.171841	0.160232	0.005804
4.981293	0.170673	0.158968	0.005853
4.973646	0.167725	0.159447	0.004139
4.966023	0.171669	0.159304	0.006182
4.958425	0.168239	0.156981	0.005629
4.950850	0.165737	0.156032	0.004853
4.943299	0.169345	0.158538	0.005404
4.935772	0.167747	0.158146	0.004801
4.928269	0.166694	0.159681	0.003506
4.920789	0.168327	0.160975	0.003676
4.913333	0.170580	0.161543	0.004518
4.905900	0.172381	0.162170	0.005106
4.898490	0.176382	0.161757	0.007313
4.891103	0.171171	0.163540	0.003816
4.883739	0.174832	0.166833	0.003999
4.876399	0.177107	0.166703	0.005202
4.869081	0.175370	0.168305	0.003533
4.861785	0.176096	0.165020	0.005538
4.854512	0.177863	0.168055	0.004904
4.847262	0.178285	0.164851	0.006717
4.840034	0.175451	0.164178	0.005637
4.832829	0.174201	0.162118	0.006042
4.825645	0.171937	0.160238	0.005850
4.818484	0.168178	0.158203	0.004988
4.811344	0.165792	0.153704	0.006044
4.804227	0.162249	0.151521	0.005364
4.797131	0.159083	0.147902	0.005590
4.790057	0.157028	0.144924	0.006052
4.783004	0.152498	0.141022	0.005738
4.775973	0.150798	0.140922	0.004938
4.768963	0.148050	0.137602	0.005224
4.761974	0.146299	0.133688	0.006306
4.755007	0.142372	0.132763	0.004804
4.748061	0.138414	0.129770	0.004322
4.741136	0.138073	0.127595	0.005239
4.734231	0.136278	0.126272	0.005003
4.727348	0.135933	0.126640	0.004646
4.720485	0.133089	0.124236	0.004426
4.713642	0.132468	0.122846	0.004811
4.706821	0.133279	0.121763	0.005758
4.700019	0.130568	0.121588	0.004490
4.693238	0.129685	0.119724	0.004981
4.686478	0.128496	0.119376	0.004560
4.679737	0.127340	0.117866	0.004737
4.673016	0.126237	0.116243	0.004997
4.666316	0.125795	0.115781	0.005007
4.659635	0.126462	0.115073	0.005695
4.652974	0.124114	0.116915	0.003599
4.646333	0.122033	0.113301	0.004366
4.639711	0.119761	0.110964	0.004398
4.633109	0.118299	0.108586	0.004857
4.626527	0.117206	0.106037	0.005584
4.619963	0.113305	0.103906	0.004700
4.613420	0.108854	0.100687	0.004084
4.606895	0.108041	0.098897	0.004572
4.600389	0.103456	0.095953	0.003751
4.593902	0.101714	0.092206	0.004754
4.587435	0.098062	0.088670	0.004696
4.580986	0.094540	0.085400	0.004570
4.574556	0.091722	0.083177	0.004272
4.568145	0.088705	0.079092	0.004806
4.561752	0.084083	0.076125	0.003979
4.555378	0.081268	0.072061	0.004604
4.549022	0.078172	0.066818	0.005677
4.542685	0.073508	0.064516	0.004496
4.536365	0.071147	0.061645	0.004751
4.530065	0.067422	0.059067	0.004178
4.523782	0.064977	0.053762	0.005608
4.517517	0.062632	0.053010	0.004811
4.511271	0.060704	0.051860	0.004422
4.505042	0.058317	0.048666	0.004825
4.498831	0.057171	0.047414	0.004878
4.492638	0.055119	0.044785	0.005167
4.486462	0.054701	0.045189	0.004756
4.480304	0.052693	0.044255	0.004219
4.474164	0.051155	0.043330	0.003913
4.468041	0.050172	0.041536	0.004318
4.461935	0.049179	0.040257	0.004461
4.455847	0.048838	0.039661	0.004589
4.449776	0.048875	0.040385	0.004245
4.443722	0.048482	0.039784	0.004349
4.437686	0.048644	0.039741	0.004451
4.431666	0.045937	0.039129	0.003404
4.425663	0.045244	0.037691	0.003776
4.419677	0.044903	0.037340	0.003782
4.413708	0.043056	0.034614	0.004221
4.407755	0.040333	0.034764	0.002785
4.401820	0.040832	0.033513	0.003659
4.395901	0.039045	0.031564	0.003740
4.389998	0.036697	0.030130	0.003284
4.384112	0.034860	0.027295	0.003782
4.378242	0.032049	0.025443	0.003303
4.372389	0.029547	0.022118	0.003715
4.366551	0.026677	0.019823	0.003427
4.360730	0.024092	0.017932	0.003080
4.354925	0.022324	0.016201	0.003061
4.349136	0.019480	0.012222	0.003629
4.343364	0.017944	0.011712	0.003116
4.337607	0.014789	0.007986	0.003402
4.331865	0.013464	0.006207	0.003629
4.326140	0.011549	0.004973	0.003288
4.320430	0.008633	0.003185	0.002724
4.314736	0.006122	0.000421	0.002851
4.309058	0.004738	-0.001245	0.002992
4.303395	0.002790	-0.004002	0.003396
4.297748	-0.000043	-0.005146	0.002552
4.292116	-0.001917	-0.007673	0.002878
4.286499	-0.003364	-0.008719	0.002677
4.280898	-0.004396	-0.010972	0.003288
4.275312	-0.005908	-0.012560	0.003326
4.269741	-0.006609	-0.013338	0.003365
4.264185	-0.008366	-0.013457	0.002545
4.258644	-0.008601	-0.014994	0.003196
4.253118	-0.008777	-0.015375	0.003299
4.247607	-0.010041	-0.015618	0.002788
4.242111	-0.010100	-0.015426	0.002663
4.236629	-0.010018	-0.015696	0.002839
4.231163	-0.010783	-0.016420	0.002819
4.225711	-0.011039	-0.015355	0.002158
4.220274	-0.010906	-0.016072	0.002583
4.214851	-0.010162	-0.016220	0.003029
4.209442	-0.011120	-0.015972	0.002426
4.204049	-0.011271	-0.016493	0.002611
4.198669	-0.011508	-0.016743	0.002617
4.193304	-0.011148	-0.016562	0.002707
4.187953	-0.011126	-0.016387	0.002631
4.182616	-0.011660	-0.017175	0.002757
4.177294	-0.012162	-0.017256	0.002547
4.171985	-0.012561	-0.017769	0.002604
4.166691	-0.013737	-0.018460	0.002362
4.161411	-0.013542	-0.017786	0.002122
4.156144	-0.014588	-0.019047	0.002230
4.150892	-0.015048	-0.020327	0.002639
4.145653	-0.016329	-0.021506	0.002588
4.140428	-0.017161	-0.023121	0.002980
4.135217	-0.019454	-0.023404	0.001975
4.130019	-0.020881	-0.024921	0.002020
4.124835	-0.022453	-0.026260	0.001904
4.119665	-0.023184	-0.027878	0.002347
4.114508	-0.025775	-0.029350	0.001788
4.109364	-0.026731	-0.030490	0.001880
4.104234	-0.028198	-0.032221	0.002011
4.099117	-0.029840	-0.033610	0.001885
4.094014	-0.031326	-0.034777	0.001725
4.088924	-0.032273	-0.037355	0.002541
4.083846	-0.034179	-0.038273	0.002047
4.078783	-0.036120	-0.040176	0.002028
4.073732	-0.036959	-0.041606	0.002323
4.068694	-0.038971	-0.042526	0.001777
4.063669	-0.040227	-0.043944	0.001858
4.058657	-0.041524	-0.045166	0.001821
4.053658	-0.042180	-0.046174	0.001997
4.048672	-0.043572	-0.047038	0.001733
4.043699	-0.044970	-0.048156	0.001593
4.038738	-0.046251	-0.049739	0.001744
4.033790	-0.046486	-0.050676	0.002095
4.028855	-0.046477	-0.050591	0.002057
4.023933	-0.048077	-0.051303	0.001613
4.019022	-0.048139	-0.051525	0.001693
4.014125	-0.048755	-0.051750	0.001498
4.009240	-0.049014	-0.052282	0.001634
4.004367	-0.048677	-0.051777	0.001550
3.999506	-0.048820	-0.052217	0.001698
3.994658	-0.048218	-0.050822	0.001302
3.989823	-0.047981	-0.050860	0.001440
3.984999	-0.047359	-0.049865	0.001253
3.980187	-0.046290	-0.049411	0.001561
3.975388	-0.046562	-0.049210	0.001324
3.970601	-0.045554	-0.048918	0.001682
3.965826	-0.045174	-0.048207	0.001516
3.961063	-0.044441	-0.047244	0.001402
3.956311	-0.044829	-0.047453	0.001312
3.951572	-0.044183	-0.046791	0.001304
3.946844	-0.043815	-0.047068	0.001627
3.942129	-0.044386	-0.046888	0.001251
3.937425	-0.043982	-0.046609	0.001314
3.932733	-0.043726	-0.046585	0.001430
3.928052	-0.043643	-0.046232	0.001295
3.923383	-0.043634	-0.046263	0.001315
3.918726	-0.043840	-0.046740	0.001450
3.914080	-0.043774	-0.047035	0.001631
3.909446	-0.044583	-0.046313	0.000865
3.904823	-0.044494	-0.047201	0.001353
3.900212	-0.044831	-0.047556	0.001362
3.895612	-0.045114	-0.047789	0.001337
3.891023	-0.045520	-0.048488	0.001484
3.886446	-0.046758	-0.048485	0.000863
3.881880	-0.047297	-0.049334	0.001018
3.877325	-0.047491	-0.050465	0.001487
3.872781	-0.048852	-0.050585	0.000866
3.868249	-0.049511	-0.051922	0.001205
3.863727	-0.050752	-0.052595	0.000921
3.859217	-0.051103	-0.053182	0.001040
3.854718	-0.052336	-0.054517	0.001091
3.850229	-0.053254	-0.055399	0.001072
3.845752	-0.054041	-0.056525	0.001242
3.841285	-0.055226	-0.057365	0.001069
3.836829	-0.056302	-0.058646	0.001172
3.832384	-0.057485	-0.059166	0.000841
3.827950	-0.058437	-0.060546	0.001055
3.823527	-0.059548	-0.061834	0.001143
3.819114	-0.060433	-0.062706	0.001137
3.814712	-0.061846	-0.063426	0.000790
3.810321	-0.062503	-0.065196	0.001347
3.805940	-0.064046	-0.065344	0.000649
3.801570	-0.064525	-0.066505	0.000990
3.797210	-0.064927	-0.067269	0.001171
3.792860	-0.065558	-0.067815	0.001129
3.788522	-0.066334	-0.068463	0.001065
3.784193	-0.066780	-0.068705	0.000963
3.779875	-0.067106	-0.069441	0.001167
3.775567	-0.068001	-0.069261	0.000630
3.771269	-0.068135	-0.070094	0.000979
3.766982	-0.068191	-0.070454	0.001132
3.762705	-0.068152	-0.070337	0.001092
3.758438	-0.068365	-0.070315	0.000975
3.754181	-0.068278	-0.069932	0.000827
3.749935	-0.068284	-0.069915	0.000816
3.745698	-0.068022	-0.069394	0.000686
3.741472	-0.067170	-0.069522	0.001176
3.737255	-0.067461	-0.069315	0.000927
3.733048	-0.066837	-0.068661	0.000912
3.728852	-0.066472	-0.068359	0.000944
3.724665	-0.066169	-0.067749	0.000790
3.720488	-0.065410	-0.066749	0.000670
3.716321	-0.064599	-0.066666	0.001034
3.712163	-0.064776	-0.065973	0.000598
3.708016	-0.064110	-0.065349	0.000620
3.703878	-0.063504	-0.065204	0.000850
3.699750	-0.063058	-0.064661	0.000801
3.695631	-0.062542	-0.063935	0.000696
3.691522	-0.061777	-0.063409	0.000816
3.687423	-0.060987	-0.062833	0.000923
3.683333	-0.060634	-0.061821	0.000593
3.679253	-0.059895	-0.061445	0.000775
3.675182	-0.059284	-0.060797	0.000756
3.671120	-0.058856	-0.060404	0.000774
3.667069	-0.058174	-0.059714	0.000770
3.663026	-0.057913	-0.059416	0.000751
3.658993	-0.057782	-0.058860	0.000539
3.654969	-0.056827	-0.058511	0.000842
3.650954	-0.056991	-0.058279	0.000644
3.646949	-0.056439	-0.057930	0.000746
3.642953	-0.056687	-0.058188	0.000751
3.638966	-0.057244	-0.059130	0.000943
3.634988	-0.057486	-0.059435	0.000974
3.631020	-0.057516	-0.059481	0.000982
3.627060	-0.058445	-0.059268	0.000411
3.623110	-0.058196	-0.059753	0.000778
3.619168	-0.058358	-0.059660	0.000651
3.615236	-0.058339	-0.059194	0.000427
3.611312	-0.058479	-0.059371	0.000446
3.607398	-0.058313	-0.059775	0.000731
3.603492	-0.058875	-0.060101	0.000613
3.599596	-0.059575	-0.060741	0.000583
3.595708	-0.060366	-0.061578	0.000606
3.591829	-0.060518	-0.062449	0.000966
3.587959	-0.061764	-0.063061	0.000649
3.584097	-0.062424	-0.063231	0.000403
3.580244	-0.062996	-0.064211	0.000608
3.576400	-0.063393	-0.064952	0.000780
3.572565	-0.064562	-0.065134	0.000286
3.568738	-0.064970	-0.065986	0.000508
3.564920	-0.065592	-0.067013	0.000711
3.561111	-0.066467	-0.067632	0.000582
3.557310	-0.066959	-0.068149	0.000595
3.553517	-0.067801	-0.068778	0.000488
3.549734	-0.068329	-0.069707	0.000689
3.545958	-0.069473	-0.070439	0.000483
3.542191	-0.069885	-0.070999	0.000557
3.538433	-0.070365	-0.071446	0.000540
3.534683	-0.070766	-0.071894	0.000564
3.530941	-0.071521	-0.072190	0.000334
3.527207	-0.071830	-0.072777	0.000474
3.523482	-0.072347	-0.073473	0.000563
3.519765	-0.072622	-0.073999	0.000688
3.516057	-0.073051	-0.074089	0.000519
3.512356	-0.073317	-0.074314	0.000499
3.508664	-0.073980	-0.074617	0.000318
3.504980	-0.073830	-0.074490	0.000330
3.501304	-0.073807	-0.074936	0.000564
3.497636	-0.073936	-0.074577	0.000321
3.493977	-0.073864	-0.074898	0.000517
3.490325	-0.073769	-0.074704	0.000468
3.486682	-0.073649	-0.074493	0.000422
3.483046	-0.073343	-0.074598	0.000627
3.479419	-0.073252	-0.074193	0.000471
3.475799	-0.073013	-0.074320	0.000654
3.472187	-0.072526	-0.073905	0.000690
3.468583	-0.072494	-0.073364	0.000435
3.464988	-0.071702	-0.072778	0.000538
3.461400	-0.071611	-0.072672	0.000530
3.457819	-0.071209	-0.071873	0.000332
3.454247	-0.070524	-0.071644	0.000560
3.450682	-0.070435	-0.070886	0.000226
3.447125	-0.069671	-0.070209	0.000269
3.443576	-0.069105	-0.070221	0.000558
3.440035	-0.068479	-0.069318	0.000420
3.436501	-0.067817	-0.068742	0.000462
3.432975	-0.066976	-0.068182	0.000603
3.429457	-0.066717	-0.067482	0.000383
3.425946	-0.065822	-0.066448	0.000313
3.422442	-0.065150	-0.065885	0.000368
3.418947	-0.064498	-0.065209	0.000355
3.415459	-0.063882	-0.064738	0.000428
3.411978	-0.062991	-0.063787	0.000398
3.408505	-0.062640	-0.063360	0.000360
3.405039	-0.061880	-0.062537	0.000329
3.401581	-0.061248	-0.061831	0.000292
3.398130	-0.060973	-0.061405	0.000216
3.394686	-0.060126	-0.060945	0.000409
3.391250	-0.060038	-0.060505	0.000233
3.387821	-0.059704	-0.060327	0.000312
3.384400	-0.058528	-0.059997	0.000734
3.380986	-0.058618	-0.058935	0.000158
3.377579	-0.058187	-0.058777	0.000295
3.374179	-0.057951	-0.058691	0.000370
3.370787	-0.057170	-0.058186	0.000508
3.367401	-0.057500	-0.057929	0.000215
3.364023	-0.056853	-0.057625	0.000386
3.360652	-0.056646	-0.057079	0.000216
3.357289	-0.056703	-0.057253	0.000275
3.353932	-0.056358	-0.056855	0.000249
3.350582	-0.056346	-0.056734	0.000194
3.347240	-0.056419	-0.056468	0.000025
3.343904	-0.056078	-0.056950	0.000436
3.340576	-0.056077	-0.056284	0.000103
3.337255	-0.055922	-0.056331	0.000205
3.333940	-0.055993	-0.056604	0.000305
3.330633	-0.056017	-0.056585	0.000284
3.327332	-0.056391	-0.056677	0.000143
3.324038	-0.056491	-0.056806	0.000157
3.320752	-0.056753	-0.056857	0.000052
3.317472	-0.057195	-0.057345	0.000075
3.314199	-0.057221	-0.057434	0.000106
3.310933	-0.057568	-0.057497	-0.000035
3.307673	-0.057836	-0.057872	0.000018
3.304421	-0.057962	-0.058338	0.000188
3.301175	-0.058394	-0.058731	0.000169
3.297936	-0.058810	-0.059170	0.000180
3.294703	-0.059604	-0.059534	-0.000035
3.291478	-0.059644	-0.059633	-0.000006
3.288259	-0.060291	-0.059960	-0.000165
3.285046	-0.060677	-0.060284	-0.000196
3.281841	-0.060668	-0.060761	0.000046
3.278642	-0.061150	-0.061072	-0.000039
3.275449	-0.061767	-0.061291	-0.000238
3.272263	-0.062061	-0.061769	-0.000146
3.269084	-0.062451	-0.062694	0.000121
3.265911	-0.063000	-0.063026	0.000013
3.262745	-0.063663	-0.063377	-0.000143
3.259585	-0.064014	-0.063804	-0.000105
3.256432	-0.064201	-0.064545	0.000172
3.253285	-0.064748	-0.064512	-0.000118
3.250145	-0.065397	-0.065506	0.000055
3.247011	-0.065564	-0.065471	-0.000046
3.243883	-0.066163	-0.066041	-0.000061
3.240762	-0.066672	-0.066493	-0.000090
3.237647	-0.066998	-0.066226	-0.000386
3.234539	-0.067134	-0.066862	-0.000136
3.231437	-0.067405	-0.067252	-0.000077
3.228341	-0.067779	-0.067412	-0.000184
3.225251	-0.068102	-0.067470	-0.000316
3.222168	-0.068074	-0.067608	-0.000233
3.219091	-0.068136	-0.067828	-0.000154
3.216020	-0.068152	-0.067658	-0.000247
3.212956	-0.068218	-0.067999	-0.000110
3.209897	-0.068462	-0.067748	-0.000357
3.206845	-0.068201	-0.067815	-0.000193
3.203799	-0.068359	-0.067353	-0.000503
3.200759	-0.068157	-0.067681	-0.000238
3.197725	-0.068043	-0.067530	-0.000256
3.194697	-0.067530	-0.067045	-0.000242
3.191676	-0.067546	-0.066865	-0.000340
3.188660	-0.067099	-0.066514	-0.000293
3.185651	-0.066681	-0.066065	-0.000308
3.182647	-0.066609	-0.066071	-0.000269
3.179650	-0.066363	-0.065517	-0.000423
3.176658	-0.065909	-0.064991	-0.000459
3.173673	-0.065509	-0.064772	-0.000368
3.170693	-0.065191	-0.064112	-0.000539
3.167720	-0.064777	-0.063553	-0.000612
3.164752	-0.064386	-0.063296	-0.000545
3.161790	-0.063658	-0.062732	-0.000463
3.158834	-0.062877	-0.062065	-0.000406
3.155884	-0.062522	-0.061241	-0.000641
3.152940	-0.061970	-0.061060	-0.000455
3.150001	-0.061477	-0.060462	-0.000508
3.147069	-0.060956	-0.059886	-0.000535
3.144142	-0.060458	-0.059338	-0.000560
3.141221	-0.059821	-0.058580	-0.000620
3.138306	-0.059137	-0.058240	-0.000449
3.135396	-0.058622	-0.057323	-0.000650
3.132493	-0.058308	-0.056538	-0.000885
3.129595	-0.057685	-0.056299	-0.000693
3.126702	-0.056972	-0.055702	-0.000635
3.123816	-0.056323	-0.054962	-0.000681
3.120935	-0.055774	-0.054323	-0.000726
3.118059	-0.055144	-0.053815	-0.000665
3.115190	-0.054637	-0.053283	-0.000677
3.112326	-0.054149	-0.052863	-0.000643
3.109467	-0.053589	-0.052184	-0.000702
3.106614	-0.053341	-0.051628	-0.000857
3.103767	-0.052546	-0.051334	-0.000606
3.100925	-0.052085	-0.050652	-0.000717
3.098089	-0.051391	-0.049854	-0.000769
3.095258	-0.051107	-0.049700	-0.000704
3.092433	-0.050520	-0.048868	-0.000826
3.089613	-0.049868	-0.048363	-0.000752
3.086799	-0.049970	-0.047958	-0.001006
3.083990	-0.049172	-0.047630	-0.000771
3.081187	-0.049001	-0.047255	-0.000873
3.078389	-0.048644	-0.046863	-0.000891
3.075596	-0.048267	-0.046431	-0.000918
3.072809	-0.047524	-0.045927	-0.000798
3.070027	-0.047629	-0.045754	-0.000937
3.067251	-0.047274	-0.045364	-0.000955
3.064480	-0.046878	-0.044963	-0.000958
3.061714	-0.046855	-0.044677	-0.001089
3.058954	-0.046324	-0.044586	-0.000869
3.056199	-0.046653	-0.044395	-0.001129
3.053449	-0.046202	-0.044331	-0.000935
3.050704	-0.045994	-0.044093	-0.000951
3.047965	-0.046147	-0.044133	-0.001007
3.045231	-0.046071	-0.043877	-0.001097
3.042502	-0.046049	-0.043982	-0.001034
3.039779	-0.045622	-0.043737	-0.000942
3.037060	-0.045560	-0.043692	-0.000934
3.034347	-0.045759	-0.043417	-0.001171
3.031639	-0.045703	-0.043262	-0.001221
3.028936	-0.045941	-0.043346	-0.001297
3.026238	-0.045645	-0.043370	-0.001138
3.023545	-0.046048	-0.043398	-0.001325
3.020858	-0.046162	-0.043404	-0.001379
3.018175	-0.046035	-0.043577	-0.001229
3.015498	-0.046198	-0.043585	-0.001307
3.012826	-0.046194	-0.043659	-0.001267
3.010158	-0.046247	-0.043703	-0.001272
3.007496	-0.046448	-0.043958	-0.001245
3.004839	-0.046939	-0.044015	-0.001462
3.002187	-0.046943	-0.044061	-0.001441
2.999540	-0.047119	-0.044218	-0.001451
2.996897	-0.047340	-0.044354	-0.001493
2.994260	-0.047842	-0.044880	-0.001481
2.991628	-0.047682	-0.044861	-0.001410
2.989000	-0.048198	-0.045262	-0.001468
2.986378	-0.048422	-0.045629	-0.001396
2.983760	-0.048925	-0.046139	-0.001393
2.981148	-0.048978	-0.046117	-0.001431
2.978540	-0.049574	-0.046391	-0.001591
2.975937	-0.049598	-0.046728	-0.001435
2.973339	-0.050072	-0.047007	-0.001533
2.970746	-0.050458	-0.047377	-0.001540
2.968158	-0.050648	-0.047479	-0.001584
2.965574	-0.050865	-0.047822	-0.001522
2.962995	-0.051297	-0.048044	-0.001626
2.960421	-0.051549	-0.048423	-0.001563
2.957852	-0.051757	-0.048547	-0.001605
2.955288	-0.052125	-0.048899	-0.001613
2.952728	-0.052371	-0.048895	-0.001738
2.950173	-0.052548	-0.049282	-0.001633
2.947623	-0.053022	-0.049640	-0.001691
2.945078	-0.053328	-0.049835	-0.001746
2.942537	-0.053426	-0.049960	-0.001733
2.940001	-0.053553	-0.050345	-0.001604
2.937469	-0.053861	-0.050531	-0.001665
2.934943	-0.053933	-0.050429	-0.001752
2.932421	-0.054258	-0.050779	-0.001739
2.929903	-0.054289	-0.050881	-0.001704
2.927390	-0.054467	-0.051100	-0.001684
2.924882	-0.054870	-0.051149	-0.001861
2.922378	-0.054912	-0.051371	-0.001770
2.919879	-0.055084	-0.051377	-0.001853
2.917385	-0.055268	-0.051356	-0.001956
2.914895	-0.055387	-0.051451	-0.001968
2.912410	-0.055380	-0.051765	-0.001807
2.909929	-0.055689	-0.051797	-0.001946
2.907453	-0.055501	-0.051750	-0.001876
2.904981	-0.055686	-0.051762	-0.001962
2.902513	-0.055697	-0.051920	-0.001888
2.900051	-0.055839	-0.052013	-0.001913
2.897592	-0.055612	-0.051945	-0.001833
2.895138	-0.055956	-0.051839	-0.002058
2.892689	-0.055821	-0.052107	-0.001857
2.890244	-0.055973	-0.051923	-0.002025
2.887803	-0.055577	-0.051670	-0.001954
2.885367	-0.055678	-0.051602	-0.002038
2.882936	-0.055547	-0.051406	-0.002070
2.880508	-0.055477	-0.051442	-0.002017
2.878085	-0.055587	-0.051336	-0.002126
2.875667	-0.055408	-0.051355	-0.002026
2.873252	-0.055431	-0.051406	-0.002013
2.870842	-0.055486	-0.051086	-0.002200
2.868437	-0.055040	-0.050977	-0.002031
2.866036	-0.054933	-0.050582	-0.002176
2.863639	-0.054452	-0.050309	-0.002071
2.861246	-0.054236	-0.049859	-0.002188
2.858858	-0.053831	-0.049462	-0.002184
2.856474	-0.053415	-0.049156	-0.002130
2.854094	-0.053029	-0.048566	-0.002231
2.851718	-0.052551	-0.048063	-0.002244
2.849347	-0.051830	-0.047597	-0.002116
2.846980	-0.051448	-0.047020	-0.002214
2.844617	-0.050895	-0.046590	-0.002153
2.842258	-0.050244	-0.045896	-0.002174
2.839904	-0.049747	-0.045192	-0.002278
2.837553	-0.049272	-0.044797	-0.002237
2.835207	-0.048665	-0.044061	-0.002302
2.832865	-0.048024	-0.043439	-0.002293
2.830528	-0.047550	-0.042810	-0.002370
2.828194	-0.046820	-0.042303	-0.002258
2.825864	-0.046187	-0.041531	-0.002328
2.823539	-0.045571	-0.040964	-0.002303
2.821218	-0.045065	-0.040343	-0.002361
2.818901	-0.044708	-0.039819	-0.002444
2.816587	-0.044076	-0.039298	-0.002389
2.814278	-0.043556	-0.038770	-0.002393
2.811973	-0.043000	-0.038372	-0.002314
2.809673	-0.042663	-0.037794	-0.002435
2.807376	-0.042235	-0.037402	-0.002417
2.805083	-0.041838	-0.036930	-0.002454
2.802794	-0.041533	-0.036640	-0.002447
2.800509	-0.041084	-0.036174	-0.002455
2.798228	-0.040907	-0.035942	-0.002483
2.795952	-0.040666	-0.035672	-0.002497
2.793679	-0.040531	-0.035471	-0.002530
2.791410	-0.040411	-0.035345	-0.002533
2.789145	-0.040247	-0.035385	-0.002431
2.786884	-0.040214	-0.035231	-0.002492
2.784627	-0.040228	-0.035150	-0.002539
2.782374	-0.040222	-0.035124	-0.002549
2.780125	-0.040362	-0.035198	-0.002582
2.777880	-0.040527	-0.035382	-0.002573
2.775638	-0.040442	-0.035300	-0.002571
2.773401	-0.040320	-0.035242	-0.002539
2.771167	-0.040024	-0.034895	-0.002564
2.768938	-0.039980	-0.034779	-0.002601
2.766712	-0.039791	-0.034539	-0.002626
2.764490	-0.039529	-0.034246	-0.002642
2.762272	-0.039230	-0.033924	-0.002653
2.760058	-0.038891	-0.033573	-0.002659
2.757847	-0.038420	-0.033103	-0.002659
2.755640	-0.037993	-0.032676	-0.002659
2.753437	-0.037708	-0.032304	-0.002702
2.751238	-0.037371	-0.031940	-0.002715
2.749043	-0.036917	-0.031533	-0.002692
2.746852	-0.036652	-0.031198	-0.002727
2.744664	-0.036255	-0.030800	-0.002728
2.742480	-0.035925	-0.030481	-0.002722
2.740300	-0.035669	-0.030304	-0.002682
2.738123	-0.035603	-0.030041	-0.002781
2.735950	-0.035347	-0.029801	-0.002773
2.733781	-0.035197	-0.029597	-0.002800
2.731616	-0.035140	-0.029500	-0.002820
2.729454	-0.034967	-0.029378	-0.002795
2.727296	-0.035019	-0.029365	-0.002827
2.725142	-0.035031	-0.029358	-0.002837
2.722991	-0.035025	-0.029277	-0.002874
2.720844	-0.035060	-0.029377	-0.002842
2.718701	-0.035073	-0.029444	-0.002815
2.716561	-0.035170	-0.029404	-0.002883
2.714425	-0.035216	-0.029484	-0.002866
2.712293	-0.035323	-0.029570	-0.002877
2.710164	-0.035462	-0.029689	-0.002886
2.708039	-0.035626	-0.029746	-0.002940
2.705917	-0.035728	-0.029822	-0.002953
2.703799	-0.035857	-0.029941	-0.002958
2.701685	-0.035966	-0.030097	-0.002935
2.699574	-0.036238	-0.030253	-0.002992
2.697466	-0.036365	-0.030495	-0.002935
2.695363	-0.036558	-0.030517	-0.003021
2.693262	-0.036658	-0.030678	-0.002990
2.691166	-0.036738	-0.030827	-0.002956
2.689072	-0.036938	-0.030919	-0.003009
2.686983	-0.037060	-0.031020	-0.003020
2.684897	-0.037248	-0.031168	-0.003040
2.682814	-0.037430	-0.031345	-0.003043
2.680735	-0.037641	-0.031576	-0.003033
2.678659	-0.037821	-0.031806	-0.003007
2.676587	-0.038046	-0.031843	-0.003102
2.674518	-0.038146	-0.032059	-0.003044
2.672453	-0.038336	-0.032174	-0.003081
2.670391	-0.038548	-0.032296	-0.003126
2.668333	-0.038796	-0.032606	-0.003095
2.666278	-0.039112	-0.032757	-0.003177
2.664226	-0.039143	-0.032953	-0.003095
2.662178	-0.039308	-0.033014	-0.003147
2.660133	-0.039402	-0.033135	-0.003133
2.658092	-0.039661	-0.033405	-0.003128
2.656054	-0.039976	-0.033694	-0.003141
2.654019	-0.040198	-0.033899	-0.003149
2.651988	-0.040341	-0.033918	-0.003212
2.649960	-0.040475	-0.034126	-0.003175
2.647936	-0.040700	-0.034320	-0.003190
2.645915	-0.040912	-0.034501	-0.003206
2.643897	-0.041089	-0.034675	-0.003207
2.641882	-0.041287	-0.034951	-0.003168
2.639871	-0.041497	-0.035031	-0.003233
2.637863	-0.041740	-0.035232	-0.003254
2.635859	-0.041914	-0.035403	-0.003256
2.633857	-0.041978	-0.035567	-0.003205
2.631859	-0.042140	-0.035657	-0.003242
2.629865	-0.042364	-0.035829	-0.003268
2.627873	-0.042511	-0.035973	-0.003269
2.625885	-0.042619	-0.036089	-0.003265
2.623900	-0.042812	-0.036230	-0.003291
2.621919	-0.042836	-0.036293	-0.003271
2.619940	-0.042892	-0.036337	-0.003278
2.617965	-0.042922	-0.036314	-0.003304
2.615993	-0.043090	-0.036489	-0.003300
2.614025	-0.043233	-0.036663	-0.003285
2.612059	-0.043366	-0.036679	-0.003343
2.610097	-0.043284	-0.036662	-0.003311
2.608138	-0.043252	-0.036634	-0.003309
2.606182	-0.043334	-0.036664	-0.003335
2.604229	-0.043273	-0.036603	-0.003335
2.602280	-0.043177	-0.036522	-0.003328
2.600333	-0.043109	-0.036424	-0.003342
2.598390	-0.042844	-0.036214	-0.003315
2.596450	-0.042730	-0.036049	-0.003340
2.594513	-0.042351	-0.035658	-0.003347
2.592579	-0.042100	-0.035417	-0.003341
2.590648	-0.041858	-0.035145	-0.003357
2.588721	-0.041483	-0.034838	-0.003323
2.586796	-0.041197	-0.034576	-0.003311
2.584875	-0.040718	-0.034047	-0.003335
2.582957	-0.040262	-0.033598	-0.003332
2.581042	-0.039948	-0.033281	-0.003333
2.579130	-0.039744	-0.033091	-0.003327
2.577221	-0.039335	-0.032728	-0.003303
2.575315	-0.039229	-0.032601	-0.003314
2.573412	-0.039207	-0.032570	-0.003319
2.571512	-0.038805	-0.032201	-0.003302
2.569615	-0.038700	-0.032053	-0.003324
2.567722	-0.038546	-0.031841	-0.003353
2.565831	-0.038583	-0.031817	-0.003383
2.563943	-0.038430	-0.031720	-0.003355
2.562058	-0.038003	-0.031322	-0.003340
2.560177	-0.038067	-0.031388	-0.003340
2.558298	-0.037927	-0.031161	-0.003383
2.556423	-0.037665	-0.030909	-0.003378
2.554550	-0.037546	-0.030769	-0.003389
2.552680	-0.037488	-0.030705	-0.003391
2.550813	-0.036988	-0.030182	-0.003403
2.548950	-0.036656	-0.029837	-0.003409
2.547089	-0.036436	-0.029622	-0.003407
2.545231	-0.035909	-0.029099	-0.003405
2.543376	-0.035507	-0.028710	-0.003398
2.541524	-0.035105	-0.028259	-0.003423
2.539675	-0.034538	-0.027740	-0.003399
2.537829	-0.034001	-0.027241	-0.003380
2.535986	-0.033489	-0.026732	-0.003379
2.534146	-0.033026	-0.026285	-0.003370
2.532308	-0.032462	-0.025726	-0.003368
2.530474	-0.031999	-0.025273	-0.003363
2.528642	-0.031604	-0.024863	-0.003371
2.526814	-0.031103	-0.024387	-0.003358
2.524988	-0.030747	-0.024022	-0.003362
2.523165	-0.030346	-0.023615	-0.003366
2.521345	-0.030072	-0.023285	-0.003394
2.519528	-0.029680	-0.022925	-0.003377
2.517714	-0.029586	-0.022766	-0.003410
2.515902	-0.029422	-0.022542	-0.003440
2.514093	-0.029305	-0.022405	-0.003450
2.512288	-0.029025	-0.022154	-0.003436
2.510485	-0.029104	-0.022153	-0.003475
2.508684	-0.029131	-0.022084	-0.003523
2.506887	-0.029122	-0.022039	-0.003542
2.505092	-0.029153	-0.022015	-0.003569
2.503301	-0.029183	-0.021962	-0.003611
2.501512	-0.029225	-0.021905	-0.003660
2.499726	-0.029113	-0.021840	-0.003637
2.497942	-0.029104	-0.021770	-0.003667
2.496162	-0.028938	-0.021607	-0.003665
2.494384	-0.028713	-0.021312	-0.003700
2.492609	-0.028522	-0.021155	-0.003683
2.490836	-0.028299	-0.020864	-0.003718
2.489067	-0.028039	-0.020534	-0.003752
2.487300	-0.027749	-0.020211	-0.003769
2.485536	-0.027305	-0.019829	-0.003738
2.483774	-0.026989	-0.019416	-0.003787
2.482016	-0.026633	-0.019070	-0.003782
2.480260	-0.026306	-0.018755	-0.003775
2.478507	-0.026013	-0.018360	-0.003826
2.476756	-0.025632	-0.018013	-0.003810
2.475008	-0.025233	-0.017643	-0.003795
2.473263	-0.024891	-0.017203	-0.003844
2.471521	-0.024562	-0.016933	-0.003814
2.469781	-0.024190	-0.016537	-0.003826
2.468044	-0.023837	-0.016182	-0.003828
2.466309	-0.023452	-0.015802	-0.003825
2.464578	-0.023108	-0.015432	-0.003838
2.462848	-0.022730	-0.015009	-0.003860
2.461122	-0.022432	-0.014694	-0.003869
2.459398	-0.022168	-0.014427	-0.003871
2.457677	-0.021852	-0.014120	-0.003866
2.455958	-0.021596	-0.013931	-0.003832
2.454243	-0.021303	-0.013544	-0.003880
2.452529	-0.020980	-0.013179	-0.003900
2.450819	-0.020574	-0.012809	-0.003883
2.449111	-0.020241	-0.012472	-0.003885
2.447405	-0.020025	-0.012187	-0.003919
2.445702	-0.019771	-0.011949	-0.003911
2.444002	-0.019383	-0.011502	-0.003941
2.442304	-0.019027	-0.011160	-0.003934
2.440609	-0.018756	-0.010966	-0.003895
2.438917	-0.018487	-0.010706	-0.003891
2.437227	-0.018267	-0.010435	-0.003916
2.435539	-0.018017	-0.010177	-0.003920
2.433854	-0.017833	-0.009978	-0.003927
2.432172	-0.017712	-0.009863	-0.003925
2.430492	-0.017480	-0.009609	-0.003936
2.428815	-0.017306	-0.009404	-0.003951
2.427140	-0.017018	-0.009126	-0.003946
2.425468	-0.016885	-0.008933	-0.003976
2.423799	-0.016717	-0.008763	-0.003977
2.422131	-0.016546	-0.008610	-0.003968
2.420467	-0.016481	-0.008470	-0.004006
2.418805	-0.016344	-0.008347	-0.003999
2.417145	-0.016252	-0.008234	-0.004009
2.415488	-0.016256	-0.008209	-0.004024
2.413833	-0.016123	-0.008087	-0.004018
2.412181	-0.015954	-0.007887	-0.004033
2.410532	-0.015833	-0.007817	-0.004008
2.408884	-0.015739	-0.007636	-0.004051
2.407240	-0.015679	-0.007663	-0.004008
2.405598	-0.015651	-0.007567	-0.004042
2.403958	-0.015557	-0.007459	-0.004049
2.402320	-0.015541	-0.007460	-0.004041
2.400685	-0.015501	-0.007385	-0.004058
2.399053	-0.015431	-0.007354	-0.004039
2.397423	-0.015422	-0.007278	-0.004072
2.395795	-0.015310	-0.007160	-0.004075
2.394170	-0.015288	-0.007102	-0.004093
2.392547	-0.015286	-0.007063	-0.004112
2.390927	-0.015291	-0.007130	-0.004081
2.389309	-0.015317	-0.007099	-0.004109
2.387694	-0.015329	-0.007062	-0.004133
2.386081	-0.015360	-0.007147	-0.004107
2.384470	-0.015369	-0.007108	-0.004130
2.382861	-0.015398	-0.007152	-0.004123
2.381255	-0.015419	-0.007128	-0.004145
2.379652	-0.015474	-0.007178	-0.004148
2.378051	-0.015453	-0.007212	-0.004120
2.376452	-0.015548	-0.007334	-0.004107
2.374855	-0.015689	-0.007420	-0.004135
2.373261	-0.015847	-0.007503	-0.004172
2.371669	-0.015840	-0.007532	-0.004154
2.370080	-0.015884	-0.007587	-0.004149
2.368493	-0.015906	-0.007588	-0.004159
2.366908	-0.016004	-0.007643	-0.004180
2.365326	-0.016052	-0.007736	-0.004158
2.363745	-0.016205	-0.007786	-0.004210
2.362168	-0.016285	-0.007931	-0.004177
2.360592	-0.016414	-0.007982	-0.004216
2.359019	-0.016453	-0.008040	-0.004207
2.357448	-0.016501	-0.008134	-0.004184
2.355880	-0.016676	-0.008290	-0.004193
2.354313	-0.016852	-0.008383	-0.004235
2.352749	-0.016964	-0.008555	-0.004204
2.351188	-0.017196	-0.008744	-0.004226
2.349628	-0.017368	-0.008855	-0.004256
2.348071	-0.017533	-0.009064	-0.004235
2.346516	-0.017660	-0.009175	-0.004242
2.344964	-0.017799	-0.009330	-0.004235
2.343413	-0.017963	-0.009442	-0.004261
2.341865	-0.018149	-0.009600	-0.004274
2.340319	-0.018187	-0.009652	-0.004268
2.338776	-0.018325	-0.009785	-0.004270
2.337235	-0.018434	-0.009914	-0.004260
2.335695	-0.018595	-0.010107	-0.004244
2.334159	-0.018861	-0.010275	-0.004293
2.332624	-0.018963	-0.010444	-0.004259
2.331091	-0.019146	-0.010552	-0.004297
2.329561	-0.019336	-0.010737	-0.004299
2.328033	-0.019532	-0.010851	-0.004341
2.326508	-0.019662	-0.011001	-0.004331
2.324984	-0.019823	-0.011158	-0.004332
2.323463	-0.019878	-0.011337	-0.004271
2.321943	-0.020096	-0.011400	-0.004348
2.320426	-0.020282	-0.011618	-0.004332
2.318912	-0.020452	-0.011711	-0.004371
2.317399	-0.020512	-0.011867	-0.004323
2.315888	-0.020599	-0.011906	-0.004346
2.314380	-0.020655	-0.011992	-0.004331
2.312874	-0.020735	-0.012004	-0.004366
2.311370	-0.020781	-0.012015	-0.004383
2.309868	-0.020847	-0.012126	-0.004361
2.308369	-0.020958	-0.012204	-0.004377
2.306871	-0.021012	-0.012221	-0.004395
2.305376	-0.021228	-0.012401	-0.004414
2.303883	-0.021346	-0.012549	-0.004398
2.302392	-0.021435	-0.012651	-0.004392
2.300903	-0.021574	-0.012617	-0.004479
2.299416	-0.021672	-0.012867	-0.004403
2.297931	-0.021854	-0.012985	-0.004434
2.296449	-0.021964	-0.013069	-0.004447
2.294968	-0.022064	-0.013233	-0.004416
2.293490	-0.022216	-0.013291	-0.004463
2.292013	-0.022370	-0.013456	-0.004457
2.290539	-0.022517	-0.013571	-0.004473
2.289067	-0.022760	-0.013841	-0.004460
2.287597	-0.022883	-0.013954	-0.004465
2.286129	-0.022944	-0.014082	-0.004431
2.284664	-0.023135	-0.014140	-0.004497
2.283200	-0.023164	-0.014295	-0.004434
2.281738	-0.023224	-0.014263	-0.004481
2.280279	-0.023243	-0.014333	-0.004455
2.278821	-0.023475	-0.014400	-0.004538
2.277366	-0.023570	-0.014511	-0.004530
2.275912	-0.023570	-0.014556	-0.004507
2.274461	-0.023742	-0.014653	-0.004545
2.273012	-0.023777	-0.014697	-0.004540
2.271564	-0.023753	-0.014657	-0.004548
2.270119	-0.023826	-0.014706	-0.004560
2.268676	-0.023834	-0.014770	-0.004532
2.267235	-0.023905	-0.014819	-0.004543
2.265796	-0.024028	-0.014889	-0.004569
2.264359	-0.024129	-0.015001	-0.004564
2.262923	-0.024258	-0.015045	-0.004607
2.261490	-0.024223	-0.015060	-0.004582
2.260059	-0.024248	-0.015068	-0.004590
2.258630	-0.024347	-0.015098	-0.004625
2.257203	-0.024458	-0.015222	-0.004618
2.255778	-0.024465	-0.015231	-0.004617
2.254355	-0.024364	-0.015114	-0.004625
2.252934	-0.024345	-0.015125	-0.004610
2.251515	-0.024322	-0.015054	-0.004634
2.250098	-0.024208	-0.014976	-0.004616
2.248683	-0.024057	-0.014741	-0.004658
2.247269	-0.023802	-0.014570	-0.004616
2.245858	-0.023595	-0.014267	-0.004664
2.244449	-0.023351	-0.014018	-0.004667
2.243042	-0.023157	-0.013830	-0.004663
2.241636	-0.022961	-0.013603	-0.004679
2.240233	-0.022848	-0.013501	-0.004674
2.238832	-0.022821	-0.013438	-0.004691
2.237432	-0.022908	-0.013543	-0.004682
2.236035	-0.022882	-0.013547	-0.004667
2.234639	-0.023085	-0.013643	-0.004721
2.233245	-0.023042	-0.013624	-0.004709
2.231854	-0.023037	-0.013583	-0.004727
2.230464	-0.022861	-0.013505	-0.004678
2.229076	-0.022778	-0.013309	-0.004735
2.227690	-0.022528	-0.013176	-0.004676
2.226306	-0.022538	-0.013012	-0.004763
2.224924	-0.022304	-0.012760	-0.004772
2.223544	-0.022138	-0.012612	-0.004763
2.222165	-0.021998	-0.012536	-0.004731
2.220789	-0.021884	-0.012335	-0.004775
2.219414	-0.021757	-0.012204	-0.004776
2.218042	-0.021609	-0.012059	-0.004775
2.216671	-0.021480	-0.011943	-0.004768
2.215302	-0.021443	-0.011884	-0.004779
2.213935	-0.021287	-0.011743	-0.004772
2.212570	-0.021061	-0.011430	-0.004816
2.211207	-0.020834	-0.011211	-0.004811
2.209845	-0.020616	-0.010964	-0.004826
2.208486	-0.020396	-0.010747	-0.004824
2.207128	-0.020111	-0.010521	-0.004795
2.205772	-0.020006	-0.010368	-0.004819
2.204418	-0.019910	-0.010197	-0.004857
2.203066	-0.019769	-0.010119	-0.004825
2.201716	-0.019619	-0.009921	-0.004849
2.200367	-0.019414	-0.009687	-0.004864
2.199021	-0.019204	-0.009362	-0.004921
2.197676	-0.018907	-0.009192	-0.004857
2.196333	-0.018717	-0.008935	-0.004891
2.194992	-0.018554	-0.008702	-0.004926
2.193653	-0.018297	-0.008545	-0.004876
2.192315	-0.018008	-0.008288	-0.004860
2.190980	-0.017773	-0.008010	-0.004881
2.189646	-0.017475	-0.007695	-0.004890
2.188314	-0.017295	-0.007463	-0.004916
2.186984	-0.017026	-0.007136	-0.004945
2.185655	-0.016751	-0.006809	-0.004971
2.184328	-0.016457	-0.006671	-0.004893
2.183004	-0.016157	-0.006324	-0.004917
2.181681	-0.015843	-0.006059	-0.004892
2.180359	-0.015655	-0.005693	-0.004981
2.179040	-0.015380	-0.005513	-0.004934
2.177722	-0.015172	-0.005238	-0.004967
2.176406	-0.014951	-0.004948	-0.005002
2.175092	-0.014597	-0.004651	-0.004973
2.173780	-0.014353	-0.004423	-0.004965
2.172469	-0.014092	-0.004118	-0.004987
2.171160	-0.013864	-0.003903	-0.004981
2.169853	-0.013590	-0.003584	-0.005003
2.168548	-0.013279	-0.003302	-0.004988
2.167244	-0.013018	-0.003004	-0.005007
2.165943	-0.012675	-0.002640	-0.005017
2.164643	-0.012383	-0.002289	-0.005047
2.163344	-0.012120	-0.002018	-0.005051
2.162048	-0.011926	-0.001882	-0.005022
2.160753	-0.011676	-0.001540	-0.005068
2.159460	-0.011502	-0.001405	-0.005049
2.158168	-0.011215	-0.001145	-0.005035
2.156879	-0.010962	-0.000826	-0.005068
2.155591	-0.010655	-0.000550	-0.005052
2.154304	-0.010403	-0.000238	-0.005083
2.153020	-0.009975	0.000108	-0.005042
2.151737	-0.009668	0.000479	-0.005073
2.150456	-0.009360	0.000831	-0.005095
2.149177	-0.009089	0.001056	-0.005072
2.147899	-0.008866	0.001343	-0.005105
2.146623	-0.008617	0.001656	-0.005136
2.145349	-0.008385	0.001836	-0.005111
2.144076	-0.008115	0.002142	-0.005128
2.142805	-0.007856	0.002415	-0.005136
2.141536	-0.007636	0.002776	-0.005206
2.140268	-0.007235	0.003069	-0.005152
2.139002	-0.006920	0.003374	-0.005147
2.137738	-0.006679	0.003705	-0.005192
2.136476	-0.006432	0.003956	-0.005194
2.135215	-0.006176	0.004235	-0.005206
2.133956	-0.005888	0.004464	-0.005176
2.132698	-0.005674	0.004762	-0.005218
2.131442	-0.005485	0.004860	-0.005172
2.130188	-0.005258	0.005139	-0.005199
2.128935	-0.005026	0.005345	-0.005185
2.127684	-0.004810	0.005583	-0.005196
2.126435	-0.004602	0.005915	-0.005259
2.125187	-0.004234	0.006242	-0.005238
2.123941	-0.003832	0.006584	-0.005208
2.122697	-0.003508	0.006998	-0.005253
2.121454	-0.003168	0.007317	-0.005243
2.120213	-0.002927	0.007519	-0.005223
2.118974	-0.002788	0.007735	-0.005261
2.117736	-0.002599	0.007934	-0.005266
2.116500	-0.002456	0.008116	-0.005286
2.115265	-0.002350	0.008227	-0.005289
2.114032	-0.002109	0.008510	-0.005310
2.112801	-0.001933	0.008711	-0.005322
2.111571	-0.001650	0.008953	-0.005301
2.110343	-0.001291	0.009300	-0.005296
2.109116	-0.001098	0.009544	-0.005321
2.107891	-0.000787	0.009863	-0.005325
2.106668	-0.000563	0.010097	-0.005330
2.105446	-0.000403	0.010204	-0.005303
2.104226	-0.000245	0.010420	-0.005332
2.103007	-0.000096	0.010561	-0.005329
2.101790	-0.000037	0.010651	-0.005344
2.100575	0.000137	0.010790	-0.005326
2.099361	0.000322	0.011015	-0.005346
2.098149	0.000473	0.011224	-0.005375
2.096938	0.000724	0.011510	-0.005393
2.095729	0.001042	0.011710	-0.005334
2.094521	0.001183	0.011961	-0.005389
2.093315	0.001418	0.012144	-0.005363
2.092111	0.001544	0.012314	-0.005385
2.090908	0.001781	0.012566	-0.005393
2.089707	0.001877	0.012657	-0.005390
2.088507	0.001949	0.012778	-0.005414
2.087309	0.001940	0.012871	-0.005465
2.086112	0.002033	0.012948	-0.005457
2.084917	0.002194	0.013007	-0.005407
2.083723	0.002281	0.013204	-0.005462
2.082531	0.002371	0.013305	-0.005467
2.081341	0.002510	0.013360	-0.005425
2.080152	0.002614	0.013598	-0.005492
2.078964	0.002851	0.013747	-0.005448
2.077778	0.002995	0.013919	-0.005462
2.076594	0.003042	0.014044	-0.005501
2.075411	0.003203	0.014173	-0.005485
2.074230	0.003248	0.014196	-0.005474
2.073050	0.003278	0.014166	-0.005444
2.071871	0.003175	0.014212	-0.005519
2.070694	0.003173	0.014173	-0.005500
2.069519	0.003289	0.014322	-0.005517
2.068345	0.003308	0.014324	-0.005508
2.067173	0.003297	0.014398	-0.005550
2.066002	0.003386	0.014441	-0.005528
2.064833	0.003434	0.014476	-0.005521
2.063665	0.003504	0.014572	-0.005534
2.062498	0.003574	0.014717	-0.005571
2.061333	0.003559	0.014678	-0.005559
2.060170	0.003624	0.014761	-0.005568
2.059008	0.003590	0.014731	-0.005571
2.057848	0.003635	0.014784	-0.005574
2.056689	0.003538	0.014687	-0.005575
2.055531	0.003478	0.014626	-0.005574
2.054375	0.003438	0.014623	-0.005593
2.053221	0.003443	0.014677	-0.005617
2.052067	0.003529	0.014733	-0.005602
2.050916	0.003537	0.014796	-0.005630
2.049766	0.003542	0.014873	-0.005666
2.048617	0.003605	0.014730	-0.005562
2.047470	0.003573	0.014802	-0.005615
2.046324	0.003442	0.014740	-0.005649
2.045179	0.003387	0.014657	-0.005635
2.044036	0.003371	0.014565	-0.005597
2.042895	0.003231	0.014577	-0.005673
2.041755	0.003233	0.014476	-0.005622
2.040616	0.003303	0.014483	-0.005590
2.039479	0.003259	0.014571	-0.005656
2.038343	0.003193	0.014535	-0.005671
2.037209	0.003133	0.014424	-0.005646
2.036076	0.003071	0.014422	-0.005675
2.034945	0.003032	0.014359	-0.005663
2.033815	0.002990	0.014399	-0.005704
2.032686	0.002980	0.014283	-0.005651
2.031559	0.002903	0.014281	-0.005689
2.030433	0.002817	0.014123	-0.005653
2.029309	0.002688	0.014108	-0.005710
2.028186	0.002631	0.013960	-0.005665
2.027064	0.002441	0.013878	-0.005718
2.025944	0.002327	0.013742	-0.005708
2.024825	0.002249	0.013696	-0.005724
2.023708	0.002138	0.013576	-0.005719
2.022592	0.002043	0.013504	-0.005730
2.021477	0.002093	0.013545	-0.005726
2.020364	0.002036	0.013553	-0.005758
2.019252	0.001954	0.013450	-0.005748
2.018142	0.001872	0.013346	-0.005737
2.017033	0.001732	0.013280	-0.005774
2.015925	0.001653	0.013137	-0.005742
2.014819	0.001465	0.012977	-0.005756
2.013714	0.001287	0.012786	-0.005749
2.012610	0.001122	0.012657	-0.005767
2.011508	0.001048	0.012642	-0.005797
2.010407	0.000952	0.012507	-0.005777
2.009308	0.000907	0.012508	-0.005801
2.008210	0.000720	0.012335	-0.005807
2.007113	0.000623	0.012237	-0.005807
2.006018	0.000557	0.012189	-0.005816
2.004924	0.000513	0.012187	-0.005837
2.003831	0.000589	0.012148	-0.005779
2.002740	0.000470	0.012162	-0.005846
2.001650	0.000315	0.011938	-0.005812
2.000561	0.000110	0.011784	-0.005837
1.999474	-0.000095	0.011535	-0.005815
1.998388	-0.000251	0.011398	-0.005824
1.997303	-0.000353	0.011324	-0.005838
1.996220	-0.000469	0.011199	-0.005834
1.995138	-0.000663	0.011007	-0.005835
1.994058	-0.000790	0.010858	-0.005824
1.992978	-0.000926	0.010704	-0.005815
1.991901	-0.001019	0.010739	-0.005879
1.990824	-0.001021	0.010700	-0.005861
1.989749	-0.001076	0.010596	-0.005836
1.988675	-0.001168	0.010526	-0.005847
1.987602	-0.001348	0.010432	-0.005890
1.986531	-0.001477	0.010301	-0.005889
1.985461	-0.001691	0.010031	-0.005861
1.984392	-0.001836	0.009981	-0.005908
1.983325	-0.001911	0.009850	-0.005881
1.982259	-0.002003	0.009825	-0.005914
1.981194	-0.002029	0.009733	-0.005881
1.980130	-0.002149	0.009677	-0.005913
1.979068	-0.002287	0.009568	-0.005927
1.978007	-0.002342	0.009475	-0.005909
1.976948	-0.002397	0.009470	-0.005933
1.975889	-0.002456	0.009369	-0.005913
1.974832	-0.002633	0.009257	-0.005945
1.973777	-0.002717	0.009181	-0.005949
1.972722	-0.002903	0.009002	-0.005953
1.971669	-0.003145	0.008804	-0.005975
1.970617	-0.003306	0.008622	-0.005964
1.969566	-0.003413	0.008554	-0.005984
1.968517	-0.003504	0.008470	-0.005987
1.967469	-0.003738	0.008297	-0.006018
1.966422	-0.003803	0.008214	-0.006009
1.965377	-0.003942	0.008049	-0.005995
1.964333	-0.003971	0.008020	-0.005996
1.963290	-0.004071	0.008030	-0.006051
1.962248	-0.004119	0.007891	-0.006005
1.961207	-0.004212	0.007808	-0.006010
1.960168	-0.004353	0.007739	-0.006046
1.959130	-0.004344	0.007729	-0.006037
1.958094	-0.004357	0.007706	-0.006031
1.957058	-0.004463	0.007620	-0.006042
1.956024	-0.004604	0.007559	-0.006081
1.954991	-0.004737	0.007447	-0.006092
1.953959	-0.004857	0.007263	-0.006060
1.952929	-0.005002	0.007172	-0.006087
1.951900	-0.005046	0.007092	-0.006069
1.950872	-0.004995	0.007056	-0.006026
1.949845	-0.005095	0.006999	-0.006047
1.948819	-0.005199	0.006997	-0.006098
1.947795	-0.005321	0.006860	-0.006091
1.946772	-0.005394	0.006792	-0.006093
1.945750	-0.005511	0.006773	-0.006142
1.944729	-0.005512	0.006699	-0.006105
1.943710	-0.005613	0.006546	-0.006080
1.942692	-0.005618	0.006599	-0.006109
1.941675	-0.005662	0.006530	-0.006096
1.940659	-0.005833	0.006375	-0.006104
1.939645	-0.005989	0.006408	-0.006198
1.938631	-0.005999	0.006281	-0.006140
1.937619	-0.006027	0.006244	-0.006136
1.936608	-0.006057	0.006285	-0.006171
1.935599	-0.006102	0.006231	-0.006167
1.934590	-0.006163	0.006256	-0.006210
1.933583	-0.006113	0.006166	-0.006140
1.932577	-0.006128	0.006263	-0.006195
1.931572	-0.006116	0.006315	-0.006216
1.930568	-0.006060	0.006297	-0.006179
1.929566	-0.006090	0.006383	-0.006236
1.928565	-0.006162	0.006278	-0.006220
1.927565	-0.006278	0.006202	-0.006240
1.926566	-0.006372	0.006039	-0.006206
1.925568	-0.006518	0.005978	-0.006248
1.924571	-0.006573	0.005868	-0.006220
1.923576	-0.006606	0.005813	-0.006210
1.922582	-0.006718	0.005801	-0.006260
1.921589	-0.006737	0.005781	-0.006259
1.920597	-0.006766	0.005752	-0.006259
1.919606	-0.006742	0.005641	-0.006191
1.918617	-0.006797	0.005745	-0.006271
1.917629	-0.006810	0.005766	-0.006288
1.916641	-0.006762	0.005812	-0.006287
1.915655	-0.006757	0.005847	-0.006302
1.914671	-0.006714	0.005866	-0.006290
1.913687	-0.006615	0.006014	-0.006314
1.912704	-0.006681	0.005921	-0.006301
1.911723	-0.006656	0.005890	-0.006273
1.910743	-0.006685	0.005970	-0.006328
1.909764	-0.006669	0.005857	-0.006263
1.908786	-0.006793	0.005859	-0.006326
1.907809	-0.006873	0.005807	-0.006340
1.906834	-0.006844	0.005823	-0.006334
1.905859	-0.006789	0.005888	-0.006339
1.904886	-0.006709	0.006062	-0.006385
1.903914	-0.006614	0.006101	-0.006358
1.902943	-0.006568	0.006117	-0.006343
1.901973	-0.006583	0.006195	-0.006389
1.901004	-0.006462	0.006244	-0.006353
1.900036	-0.006421	0.006319	-0.006370
1.899070	-0.006473	0.006297	-0.006385
1.898105	-0.006434	0.006287	-0.006361
1.897140	-0.006419	0.006336	-0.006377
1.896177	-0.006338	0.006387	-0.006362
1.895215	-0.006460	0.006384	-0.006422
1.894254	-0.006485	0.006377	-0.006431
1.893295	-0.006396	0.006486	-0.006441
1.892336	-0.006345	0.006499	-0.006422
1.891378	-0.006264	0.006570	-0.006417
1.890422	-0.006176	0.006719	-0.006448
1.889467	-0.006052	0.006798	-0.006425
1.888513	-0.006040	0.006894	-0.006467
1.887560	-0.005905	0.006913	-0.006409
1.886608	-0.005828	0.007094	-0.006461
1.885657	-0.005789	0.007120	-0.006454
1.884707	-0.005741	0.007143	-0.006442
1.883758	-0.005556	0.007299	-0.006427
1.882811	-0.005467	0.007396	-0.006431
1.881864	-0.005505	0.007425	-0.006465
1.880919	-0.005539	0.007369	-0.006454
1.879975	-0.005607	0.007358	-0.006483
1.879032	-0.005574	0.007409	-0.006492
1.878090	-0.005571	0.007442	-0.006506
1.877149	-0.005484	0.007511	-0.006497
1.876209	-0.005282	0.007597	-0.006440
1.875270	-0.005183	0.007893	-0.006538
1.874332	-0.005071	0.007898	-0.006484
1.873396	-0.004972	0.008057	-0.006514
1.872460	-0.004835	0.008208	-0.006521
1.871525	-0.004759	0.008336	-0.006547
1.870592	-0.004560	0.008601	-0.006580
1.869660	-0.004421	0.008669	-0.006545
1.868728	-0.004205	0.008842	-0.006523
1.867798	-0.004191	0.008984	-0.006587
1.866869	-0.004019	0.009071	-0.006545
1.865941	-0.003922	0.009206	-0.006564
1.865014	-0.003862	0.009271	-0.006567
1.864088	-0.003739	0.009478	-0.006609
1.863163	-0.003514	0.009556	-0.006535
1.862239	-0.003366	0.009814	-0.006590
1.861317	-0.003332	0.009774	-0.006553
1.860395	-0.003366	0.009868	-0.006617
1.859474	-0.003332	0.009945	-0.006639
1.858555	-0.003067	0.010141	-0.006604
1.857636	-0.002980	0.010235	-0.006607
1.856719	-0.002861	0.010398	-0.006629
1.855802	-0.002530	0.010674	-0.006602
1.854887	-0.002305	0.010906	-0.006606
1.853973	-0.002173	0.011076	-0.006625
1.853059	-0.002102	0.011166	-0.006634
1.852147	-0.001972	0.011300	-0.006636
1.851236	-0.001892	0.011434	-0.006663
1.850326	-0.001812	0.011422	-0.006617
1.849416	-0.001780	0.011548	-0.006664
1.848508	-0.001729	0.011596	-0.006663
1.847601	-0.001601	0.011738	-0.006669
1.846695	-0.001432	0.011819	-0.006626
1.845790	-0.001277	0.012128	-0.006703
1.844886	-0.001044	0.012288	-0.006666
1.843983	-0.001039	0.012361	-0.006700
1.843081	-0.000783	0.012561	-0.006672
1.842180	-0.000542	0.012800	-0.006671
1.841280	-0.000373	0.012994	-0.006684
1.840381	-0.000112	0.013219	-0.006665
1.839484	0.000064	0.013436	-0.006686
1.838587	0.000263	0.013669	-0.006703
1.837691	0.000412	0.013867	-0.006728
1.836796	0.000554	0.014002	-0.006724
1.835902	0.000541	0.014018	-0.006738
1.835009	0.000622	0.014122	-0.006750
1.834118	0.000740	0.014252	-0.006756
1.833227	0.000980	0.014503	-0.006761
1.832337	0.001143	0.014625	-0.006741
1.831448	0.001280	0.014781	-0.006750
1.830560	0.001492	0.014949	-0.006729
1.829674	0.001668	0.015169	-0.006751
1.828788	0.001889	0.015372	-0.006742
1.827903	0.002111	0.015565	-0.006727
1.827019	0.002235	0.015855	-0.006810
1.826136	0.002452	0.015976	-0.006762
1.825255	0.002659	0.016238	-0.006790
1.824374	0.002900	0.016422	-0.006761
1.823494	0.003041	0.016716	-0.006837
1.822615	0.003146	0.016818	-0.006836
1.821737	0.003266	0.016927	-0.006831
1.820860	0.003477	0.017112	-0.006817
1.819984	0.003614	0.017231	-0.006808
1.819109	0.003753	0.017440	-0.006843
1.818235	0.003903	0.017598	-0.006848
1.817362	0.004107	0.017737	-0.006815
1.816490	0.004279	0.017881	-0.006801
1.815619	0.004504	0.018190	-0.006843
1.814749	0.004661	0.018366	-0.006853
1.813880	0.004890	0.018723	-0.006917
1.813012	0.005105	0.018845	-0.006870
1.812145	0.005281	0.019079	-0.006899
1.811279	0.005566	0.019248	-0.006841
1.810413	0.005713	0.019495	-0.006891
1.809549	0.005936	0.019779	-0.006922
1.808686	0.006208	0.019987	-0.006890
1.807824	0.006351	0.020182	-0.006916
1.806962	0.006552	0.020378	-0.006913
1.806102	0.006662	0.020553	-0.006945
1.805242	0.006853	0.020697	-0.006922
1.804384	0.007045	0.020860	-0.006908
1.803526	0.007265	0.021186	-0.006961
1.802670	0.007446	0.021286	-0.006920
1.801814	0.007673	0.021611	-0.006969
1.800959	0.007839	0.021664	-0.006912
1.800105	0.008033	0.021795	-0.006881
1.799252	0.008097	0.022065	-0.006984
1.798401	0.008325	0.022258	-0.006966
1.797550	0.008484	0.022418	-0.006967
1.796700	0.008708	0.022658	-0.006975
1.795851	0.009034	0.022981	-0.006973
1.795002	0.009202	0.023323	-0.007061
1.794155	0.009473	0.023523	-0.007025
1.793309	0.009557	0.023611	-0.007027
1.792464	0.009824	0.023853	-0.007015
1.791619	0.010012	0.024017	-0.007002
1.790776	0.010227	0.024218	-0.006995
1.789933	0.010234	0.024327	-0.007047
1.789092	0.010390	0.024518	-0.007064
1.788251	0.010667	0.024760	-0.007047
1.787411	0.010774	0.024956	-0.007091
1.786572	0.010860	0.025041	-0.007090
1.785734	0.011088	0.025157	-0.007035
1.784897	0.011176	0.025345	-0.007084
1.784061	0.011377	0.025510	-0.007066
1.783226	0.011492	0.025621	-0.007064
1.782392	0.011657	0.025850	-0.007096
1.781558	0.011858	0.026043	-0.007093
1.780726	0.012008	0.026251	-0.007122
1.779894	0.012252	0.026461	-0.007105
1.779064	0.012415	0.026664	-0.007125
1.778234	0.012584	0.026840	-0.007128
1.777405	0.012723	0.027063	-0.007170
1.776577	0.012853	0.027216	-0.007182
1.775750	0.012999	0.027262	-0.007132
1.774924	0.013133	0.027425	-0.007146
1.774099	0.013222	0.027510	-0.007144
1.773275	0.013295	0.027708	-0.007206
1.772451	0.013538	0.027928	-0.007195
1.771629	0.013784	0.028085	-0.007150
1.770807	0.013879	0.028286	-0.007204
1.769986	0.013978	0.028386	-0.007204
1.769167	0.014238	0.028598	-0.007180
1.768348	0.014338	0.028701	-0.007182
1.767530	0.014559	0.028909	-0.007175
1.766712	0.014622	0.029063	-0.007220
1.765896	0.014715	0.029217	-0.007251
1.765081	0.014811	0.029309	-0.007249
1.764266	0.015006	0.029482	-0.007238
1.763453	0.015245	0.029678	-0.007216
1.762640	0.015184	0.029754	-0.007285
1.761828	0.015410	0.029875	-0.007232
1.761017	0.015505	0.030011	-0.007253
1.760207	0.015659	0.030081	-0.007211
1.759398	0.015770	0.030266	-0.007248
1.758589	0.015695	0.030366	-0.007336
1.757782	0.015849	0.030409	-0.007280
1.756975	0.016008	0.030552	-0.007272
1.756169	0.016027	0.030655	-0.007314
1.755365	0.016155	0.030703	-0.007274
1.754560	0.016310	0.030913	-0.007302
1.753757	0.016526	0.031100	-0.007287
1.752955	0.016626	0.031273	-0.007324
1.752154	0.016651	0.031306	-0.007328
1.751353	0.016711	0.031375	-0.007332
1.750553	0.016779	0.031538	-0.007380
1.749755	0.016926	0.031616	-0.007345
1.748957	0.016924	0.031608	-0.007342
1.748159	0.017054	0.031768	-0.007357
1.747363	0.017173	0.031979	-0.007403
1.746568	0.017343	0.032054	-0.007356
1.745773	0.017392	0.032095	-0.007351
1.744979	0.017380	0.032146	-0.007383
1.744187	0.017491	0.032179	-0.007344
1.743395	0.017530	0.032313	-0.007391
1.742603	0.017581	0.032364	-0.007391
1.741813	0.017626	0.032373	-0.007374
1.741024	0.017711	0.032484	-0.007386
1.740235	0.017804	0.032655	-0.007426
1.739447	0.017946	0.032801	-0.007428
1.738660	0.018068	0.032851	-0.007392
1.737874	0.018095	0.033033	-0.007469
1.737089	0.018166	0.032987	-0.007410
1.736304	0.018175	0.033046	-0.007436
1.735521	0.018237	0.033193	-0.007478
1.734738	0.018419	0.033388	-0.007485
1.733956	0.018525	0.033455	-0.007465
1.733175	0.018490	0.033533	-0.007521
1.732395	0.018698	0.033682	-0.007492
1.731615	0.018702	0.033730	-0.007514
1.730837	0.018860	0.033833	-0.007486
1.730059	0.018941	0.033921	-0.007490
1.729282	0.018900	0.033832	-0.007466
1.728506	0.018904	0.033895	-0.007495
1.727730	0.018914	0.033903	-0.007495
1.726956	0.018943	0.033941	-0.007499
1.726182	0.018973	0.034063	-0.007545
1.725409	0.019160	0.034211	-0.007526
1.724637	0.019187	0.034272	-0.007542
1.723866	0.019257	0.034344	-0.007544
1.723096	0.019380	0.034357	-0.007488
1.722326	0.019434	0.034435	-0.007500
1.721557	0.019425	0.034577	-0.007576
1.720789	0.019482	0.034577	-0.007548
1.720022	0.019447	0.034566	-0.007559
1.719256	0.019451	0.034607	-0.007578
1.718490	0.019511	0.034578	-0.007533
1.717726	0.019473	0.034525	-0.007526
1.716962	0.019438	0.034598	-0.007580
1.716199	0.019391	0.034685	-0.007647
1.715436	0.019468	0.034524	-0.007528
1.714675	0.019218	0.034581	-0.007682
1.713914	0.019268	0.034468	-0.007600
1.713154	0.019209	0.034417	-0.007604
1.712395	0.019244	0.034390	-0.007573
1.711637	0.019152	0.034416	-0.007632
1.710879	0.019186	0.034451	-0.007633
1.710122	0.019109	0.034325	-0.007608
1.709366	0.019134	0.034434	-0.007650
1.708611	0.019281	0.034586	-0.007652
1.707857	0.019292	0.034522	-0.007615
1.707103	0.019238	0.034566	-0.007664
1.706351	0.019323	0.034585	-0.007631
1.705599	0.019296	0.034592	-0.007648
1.704847	0.019227	0.034593	-0.007683
1.704097	0.019180	0.034566	-0.007693
1.703347	0.019140	0.034454	-0.007657
1.702599	0.019177	0.034514	-0.007669
1.701850	0.019222	0.034465	-0.007622
1.701103	0.019080	0.034472	-0.007696
1.700357	0.019172	0.034521	-0.007674
1.699611	0.019012	0.034364	-0.007676
1.698866	0.019019	0.034336	-0.007659
1.698122	0.018894	0.034263	-0.007684
1.697378	0.018898	0.034259	-0.007680
1.696636	0.018872	0.034260	-0.007694
1.695894	0.018737	0.034188	-0.007726
1.695153	0.018740	0.034151	-0.007706
1.694412	0.018795	0.034246	-0.007725
1.693673	0.018788	0.034215	-0.007713
1.692934	0.018810	0.034190	-0.007690
1.692196	0.018734	0.034259	-0.007762
1.691459	0.018718	0.034189	-0.007736
1.690722	0.018644	0.034194	-0.007775
1.689987	0.018725	0.034185	-0.007730
1.689252	0.018696	0.034196	-0.007750
1.688518	0.018724	0.034266	-0.007771
1.687784	0.018641	0.034196	-0.007778
1.687051	0.018599	0.034104	-0.007752
1.686320	0.018574	0.034113	-0.007769
1.685588	0.018530	0.034083	-0.007776
1.684858	0.018482	0.033971	-0.007745
1.684128	0.018429	0.034011	-0.007791
1.683399	0.018327	0.033950	-0.007811
1.682671	0.018222	0.033805	-0.007791
1.681944	0.018228	0.033791	-0.007781
1.681217	0.018236	0.033693	-0.007728
1.680491	0.018133	0.033722	-0.007795
1.679766	0.018143	0.033647	-0.007752
1.679042	0.018044	0.033611	-0.007783
1.678318	0.017996	0.033601	-0.007803
1.677595	0.017920	0.033547	-0.007814
1.676873	0.017895	0.033544	-0.007825
1.676152	0.017877	0.033534	-0.007828
1.675431	0.017861	0.033421	-0.007780
1.674711	0.017804	0.033402	-0.007799
1.673992	0.017810	0.033438	-0.007814
1.673273	0.017832	0.033453	-0.007810
1.672556	0.017711	0.033425	-0.007857
1.671839	0.017625	0.033453	-0.007914
1.671122	0.017708	0.033355	-0.007823
1.670407	0.017584	0.033300	-0.007858
1.669692	0.017536	0.033237	-0.007850
1.668978	0.017498	0.033206	-0.007854
1.668265	0.017406	0.033096	-0.007845
1.667552	0.017474	0.033131	-0.007828
1.666840	0.017381	0.033018	-0.007819
1.666129	0.017389	0.033008	-0.007809
1.665418	0.017242	0.033048	-0.007903
1.664709	0.017172	0.032892	-0.007860
1.664000	0.017143	0.032862	-0.007859
1.663292	0.017056	0.032807	-0.007875
1.662584	0.016982	0.032715	-0.007867
1.661877	0.016983	0.032717	-0.007867
1.661171	0.016959	0.032740	-0.007890
1.660466	0.016949	0.032849	-0.007950
1.659761	0.017102	0.032928	-0.007913
1.659057	0.017034	0.032896	-0.007931
1.658354	0.016970	0.032862	-0.007946
1.657651	0.016953	0.032790	-0.007918
1.656950	0.016782	0.032648	-0.007933
1.656249	0.016855	0.032631	-0.007888
1.655548	0.016799	0.032613	-0.007907
1.654848	0.016602	0.032498	-0.007948
1.654150	0.016648	0.032467	-0.007909
1.653451	0.016593	0.032433	-0.007920
1.652754	0.016516	0.032437	-0.007960
1.652057	0.016480	0.032409	-0.007965
1.651361	0.016428	0.032268	-0.007920
1.650665	0.016235	0.032190	-0.007978
1.649971	0.016267	0.032165	-0.007949
1.649277	0.016147	0.031968	-0.007911
1.648583	0.016021	0.031948	-0.007963
1.647891	0.016027	0.031980	-0.007976
1.647199	0.015957	0.031959	-0.008001
1.646508	0.015786	0.031868	-0.008041
1.645817	0.015732	0.031762	-0.008015
1.645127	0.015696	0.031643	-0.007973
1.644438	0.015710	0.031682	-0.007986
1.643750	0.015653	0.031641	-0.007994
1.643062	0.015534	0.031518	-0.007992
1.642375	0.015445	0.031549	-0.008052
1.641689	0.015396	0.031499	-0.008051
1.641003	0.015222	0.031420	-0.008099
1.640318	0.015160	0.031259	-0.008050
1.639634	0.015003	0.031157	-0.008077
1.638950	0.014830	0.030972	-0.008071
1.638267	0.014807	0.030832	-0.008012
1.637585	0.014605	0.030663	-0.008029
1.636903	0.014556	0.030587	-0.008015
1.636222	0.014523	0.030641	-0.008059
1.635542	0.014556	0.030609	-0.008027
1.634863	0.014469	0.030513	-0.008022
1.634184	0.014394	0.030536	-0.008071
1.633506	0.014228	0.030395	-0.008083
1.632828	0.014149	0.030246	-0.008049
1.632151	0.014072	0.030186	-0.008057
1.631475	0.013849	0.030165	-0.008158
1.630800	0.013840	0.029999	-0.008079
1.630125	0.013766	0.029973	-0.008103
1.629451	0.013653	0.029836	-0.008092
1.628778	0.013653	0.029773	-0.008060
1.628105	0.013492	0.029677	-0.008092
1.627433	0.013392	0.029558	-0.008083
1.626761	0.013364	0.029481	-0.008059
1.626091	0.013248	0.029353	-0.008053
1.625421	0.013142	0.029295	-0.008076
1.624751	0.013132	0.029334	-0.008101
1.624083	0.013073	0.029201	-0.008064
1.623414	0.012849	0.029030	-0.008091
1.622747	0.012715	0.028940	-0.008112
1.622080	0.012598	0.028978	-0.008190
1.621414	0.012625	0.028971	-0.008173
1.620749	0.012401	0.028730	-0.008164
1.620084	0.012235	0.028533	-0.008149
1.619420	0.012143	0.028291	-0.008074
1.618757	0.011906	0.028156	-0.008125
1.618094	0.011893	0.028118	-0.008113
1.617432	0.011777	0.027959	-0.008091
1.616770	0.011838	0.028051	-0.008107
1.616109	0.011805	0.028065	-0.008130
1.615449	0.011882	0.028060	-0.008089
1.614790	0.011849	0.028023	-0.008087
1.614131	0.011753	0.027945	-0.008096
1.613473	0.011666	0.027962	-0.008148
1.612815	0.011628	0.027897	-0.008135
1.612158	0.011493	0.027740	-0.008124
1.611502	0.011491	0.027853	-0.008181
1.610846	0.011428	0.027731	-0.008152
1.610191	0.011262	0.027662	-0.008200
1.609537	0.011129	0.027441	-0.008156
1.608883	0.011046	0.027404	-0.008179
1.608230	0.011016	0.027340	-0.008162
1.607578	0.010559	0.026975	-0.008208
1.606926	0.010613	0.027013	-0.008200
1.606275	0.010437	0.026791	-0.008177
1.605625	0.010301	0.026681	-0.008190
1.604975	0.010286	0.026547	-0.008131
1.604326	0.010473	0.026823	-0.008175
1.603677	0.010465	0.026647	-0.008091
1.603029	0.010305	0.026592	-0.008144
1.602382	0.010156	0.026542	-0.008193
1.601735	0.010279	0.026466	-0.008093
1.601089	0.010237	0.026481	-0.008122
1.600444	0.010082	0.026412	-0.008165
1.599799	0.009942	0.026362	-0.008210
1.599155	0.009927	0.026278	-0.008175
1.598512	0.009683	0.026073	-0.008195
1.597869	0.009663	0.025973	-0.008155
1.597227	0.009703	0.026120	-0.008209
1.596585	0.009756	0.026005	-0.008124
1.595944	0.009655	0.025989	-0.008167
1.595304	0.009642	0.026037	-0.008198
1.594664	0.009586	0.026006	-0.008210
1.594025	0.009483	0.025739	-0.008128
1.593386	0.009423	0.025750	-0.008163
1.592749	0.009308	0.025717	-0.008205
1.592111	0.009143	0.025584	-0.008221
1.591475	0.008947	0.025355	-0.008204
1.590839	0.008842	0.025195	-0.008176
1.590203	0.008709	0.025163	-0.008227
1.589569	0.008701	0.025078	-0.008189
1.588935	0.008564	0.024948	-0.008192
1.588301	0.008398	0.024802	-0.008202
1.587668	0.008502	0.024784	-0.008141
1.587036	0.008522	0.024970	-0.008224
1.586404	0.008485	0.024948	-0.008232
1.585773	0.008422	0.024867	-0.008223
1.585143	0.008452	0.024832	-0.008190
1.584513	0.008371	0.024823	-0.008226
1.583884	0.008241	0.024745	-0.008252
1.583255	0.008208	0.024615	-0.008203
1.582627	0.008212	0.024786	-0.008287
1.582000	0.008224	0.024694	-0.008235
1.581373	0.008130	0.024472	-0.008171
1.580747	0.007975	0.024430	-0.008227
1.580121	0.008048	0.024443	-0.008197
1.579496	0.007884	0.024279	-0.008198
1.578872	0.007869	0.024367	-0.008249
1.578248	0.008105	0.024464	-0.008180
1.577625	0.007912	0.024245	-0.008166
1.577002	0.007837	0.024077	-0.008120
1.576380	0.007810	0.024224	-0.008207
1.575759	0.007787	0.024103	-0.008158
1.575138	0.007761	0.024302	-0.008270
1.574518	0.007600	0.024075	-0.008238
1.573899	0.007596	0.024095	-0.008250
1.573280	0.007540	0.023964	-0.008212
1.572661	0.007651	0.023896	-0.008122
1.572044	0.007556	0.023981	-0.008213
1.571426	0.007340	0.023914	-0.008287
1.570810	0.007330	0.023860	-0.008265
1.570194	0.007192	0.023764	-0.008286
1.569578	0.007300	0.023698	-0.008199
1.568964	0.007436	0.023861	-0.008212
1.568349	0.007408	0.023777	-0.008184
1.567736	0.007379	0.023904	-0.008263
1.567123	0.007358	0.023914	-0.008278
1.566510	0.007456	0.023814	-0.008179
1.565899	0.007338	0.023844	-0.008253
1.565287	0.007399	0.023871	-0.008236
1.564677	0.007277	0.023779	-0.008251
1.564066	0.007311	0.023665	-0.008177
1.563457	0.007124	0.023587	-0.008231
1.562848	0.007221	0.023735	-0.008257
1.562240	0.007231	0.023844	-0.008306
1.561632	0.007182	0.023657	-0.008237
1.561025	0.007105	0.023518	-0.008206
1.560418	0.007072	0.023552	-0.008240
1.559812	0.007003	0.023394	-0.008195
1.559207	0.006982	0.023526	-0.008272
1.558602	0.007202	0.023525	-0.008161
1.557997	0.006981	0.023515	-0.008267
1.557394	0.007050	0.023529	-0.008239
1.556791	0.007139	0.023540	-0.008201
1.556188	0.007177	0.023686	-0.008254
1.555586	0.007243	0.023593	-0.008175
1.554985	0.007185	0.023490	-0.008152
1.554384	0.007011	0.023393	-0.008191
1.553783	0.007000	0.023408	-0.008204
1.553184	0.007181	0.023409	-0.008114
1.552585	0.007211	0.023663	-0.008226
1.551986	0.007260	0.023849	-0.008295
1.551388	0.007434	0.023755	-0.008161
1.550791	0.007471	0.023821	-0.008175
1.550194	0.007512	0.023773	-0.008131
1.549597	0.007610	0.023925	-0.008157
1.549002	0.007397	0.023796	-0.008200
1.548406	0.007335	0.023825	-0.008245
1.547812	0.007177	0.023718	-0.008271
1.547218	0.007409	0.023672	-0.008131
1.546624	0.007334	0.023503	-0.008085
1.546031	0.007146	0.023586	-0.008220
1.545439	0.007022	0.023474	-0.008226
1.544847	0.007130	0.023343	-0.008106
1.544256	0.007195	0.023553	-0.008179
1.543665	0.007233	0.023377	-0.008072
1.543075	0.007160	0.023598	-0.008219
1.542486	0.007158	0.023478	-0.008160
1.541897	0.007256	0.023471	-0.008108
1.541308	0.007191	0.023649	-0.008229
1.540720	0.007411	0.023787	-0.008188
1.540133	0.007696	0.023966	-0.008135
1.539546	0.007620	0.024012	-0.008196
1.538960	0.007612	0.023824	-0.008106
1.538374	0.007496	0.023987	-0.008245
1.537789	0.007578	0.023956	-0.008189
1.537204	0.008017	0.024206	-0.008094
1.536620	0.007819	0.024205	-0.008193
1.536037	0.007926	0.024264	-0.008169
1.535454	0.007885	0.024194	-0.008155
1.534872	0.008048	0.024337	-0.008144
1.534290	0.008156	0.024107	-0.007976
1.533708	0.007984	0.024406	-0.008211
1.533128	0.008036	0.024371	-0.008168
1.532548	0.008079	0.024347	-0.008134
1.531968	0.008117	0.024452	-0.008167
1.531389	0.007923	0.024144	-0.008110
1.530810	0.008065	0.024267	-0.008101
1.530232	0.008006	0.024192	-0.008093
1.529655	0.008158	0.024260	-0.008051
1.529078	0.008241	0.024467	-0.008113
1.528501	0.008200	0.024338	-0.008069
1.527925	0.008275	0.024415	-0.008070
1.527350	0.008148	0.024398	-0.008125
1.526775	0.008143	0.024466	-0.008161
1.526201	0.008389	0.024448	-0.008030
1.525627	0.008575	0.024909	-0.008167
1.525054	0.008701	0.025045	-0.008172
1.524481	0.008805	0.025053	-0.008124
1.523909	0.008936	0.025115	-0.008090
1.523338	0.008993	0.025035	-0.008021
1.522767	0.009165	0.025174	-0.008004
1.522196	0.008966	0.025002	-0.008018
1.521626	0.008971	0.025099	-0.008064
1.521057	0.009025	0.025369	-0.008172
1.520488	0.009154	0.025194	-0.008020
1.519919	0.009318	0.025320	-0.008001
1.519351	0.009419	0.025540	-0.008061
1.518784	0.009280	0.025463	-0.008092
1.518217	0.009298	0.025427	-0.008065
1.517651	0.009469	0.025674	-0.008102
1.517085	0.009560	0.025698	-0.008069
1.516520	0.009563	0.025680	-0.008058
1.515955	0.009442	0.025731	-0.008144
1.515391	0.009517	0.025623	-0.008053
1.514827	0.009670	0.025668	-0.007999
1.514264	0.009573	0.025609	-0.008018
1.513702	0.009683	0.025658	-0.007988
1.513139	0.009602	0.025686	-0.008042
1.512578	0.009613	0.025776	-0.008082
1.512017	0.009682	0.025687	-0.008002
1.511456	0.009937	0.025787	-0.007925
1.510896	0.010073	0.026042	-0.007984
1.510337	0.010152	0.025912	-0.007880
1.509778	0.010134	0.025969	-0.007918
1.509219	0.010154	0.026219	-0.008032
1.508661	0.010348	0.026176	-0.007914
1.508104	0.010456	0.026242	-0.007893
1.507547	0.010785	0.026422	-0.007818
1.506990	0.010555	0.026495	-0.007970
1.506435	0.010727	0.026615	-0.007944
1.505879	0.010772	0.026643	-0.007936
1.505324	0.010970	0.026741	-0.007886
1.504770	0.010894	0.026902	-0.008004
1.504216	0.010903	0.026900	-0.007999
1.503663	0.011063	0.026877	-0.007907
1.503110	0.011198	0.027101	-0.007951
1.502558	0.011343	0.027127	-0.007892
1.502006	0.011436	0.027246	-0.007905
1.501454	0.011292	0.027010	-0.007859
1.500904	0.011329	0.027107	-0.007889
1.500353	0.011494	0.027132	-0.007819
1.499803	0.011540	0.027252	-0.007856
1.499254	0.011579	0.027417	-0.007919
1.498705	0.011475	0.027250	-0.007888
1.498157	0.011534	0.027402	-0.007934
1.497609	0.011864	0.027335	-0.007736
1.497062	0.011835	0.027422	-0.007793
1.496515	0.012008	0.027651	-0.007821
1.495969	0.011743	0.027543	-0.007900
1.495423	0.011733	0.027806	-0.008036
1.494878	0.011968	0.027879	-0.007956
1.494333	0.011889	0.027901	-0.008006
1.493789	0.012292	0.027851	-0.007780
1.493245	0.012202	0.028103	-0.007951
1.492702	0.012457	0.028270	-0.007907
1.492159	0.012720	0.028319	-0.007799
1.491617	0.012629	0.028431	-0.007901
1.491075	0.012707	0.028492	-0.007893
1.490533	0.012921	0.028552	-0.007815
1.489993	0.013067	0.028755	-0.007844
1.489452	0.013250	0.028849	-0.007800
1.488912	0.013248	0.028833	-0.007792
1.488373	0.013177	0.028927	-0.007875
1.487834	0.013246	0.028866	-0.007810
1.487296	0.013093	0.028699	-0.007803
1.486758	0.013120	0.028798	-0.007839
1.486221	0.013302	0.028966	-0.007832
1.485684	0.013357	0.028970	-0.007807
1.485147	0.013405	0.029068	-0.007832
1.484611	0.013514	0.029001	-0.007743
1.484076	0.013504	0.029005	-0.007750
1.483541	0.013439	0.028878	-0.007719
1.483007	0.013768	0.029190	-0.007711
1.482473	0.013688	0.029154	-0.007733
1.481939	0.013814	0.029325	-0.007756
1.481406	0.013746	0.029484	-0.007869
1.480874	0.013990	0.029456	-0.007733
1.480341	0.014021	0.029546	-0.007762
1.479810	0.014076	0.029531	-0.007728
1.479279	0.014093	0.029677	-0.007792
1.478748	0.014326	0.029714	-0.007694
1.478218	0.014485	0.029781	-0.007648
1.477688	0.014708	0.030076	-0.007684
1.477159	0.014743	0.030376	-0.007817
1.476631	0.014937	0.030392	-0.007728
1.476102	0.014932	0.030508	-0.007788
1.475575	0.015077	0.030330	-0.007626
1.475047	0.015135	0.030320	-0.007592
1.474521	0.015165	0.030466	-0.007650
1.473994	0.015200	0.030395	-0.007598
1.473469	0.014988	0.030563	-0.007787
1.472943	0.015293	0.030528	-0.007618
1.472418	0.015250	0.030465	-0.007608
1.471894	0.015572	0.030869	-0.007649
1.471370	0.015339	0.030665	-0.007663
1.470846	0.015536	0.030704	-0.007584
1.470323	0.015622	0.030736	-0.007557
1.469801	0.015650	0.030979	-0.007665
1.469279	0.015731	0.030969	-0.007619
1.468757	0.015759	0.030947	-0.007594
1.468236	0.016088	0.031243	-0.007577
1.467716	0.016086	0.031451	-0.007682
1.467195	0.016365	0.031406	-0.007520
1.466676	0.016252	0.031345	-0.007546
1.466156	0.016190	0.031448	-0.007629
1.465638	0.016509	0.031215	-0.007353
1.465119	0.016612	0.031608	-0.007498
1.464601	0.016751	0.031833	-0.007541
1.464084	0.016349	0.031823	-0.007737
1.463567	0.016799	0.031886	-0.007544
1.463051	0.016877	0.031711	-0.007417
1.462535	0.017058	0.031809	-0.007376
1.462019	0.017159	0.032052	-0.007446
1.461504	0.017553	0.032397	-0.007422
1.460989	0.017197	0.032407	-0.007605
1.460475	0.017598	0.032452	-0.007427
1.459962	0.017791	0.033094	-0.007651
1.459448	0.017691	0.032962	-0.007636
1.458936	0.018096	0.033329	-0.007616
1.458423	0.018253	0.033196	-0.007471
1.457911	0.018016	0.033154	-0.007569
1.457400	0.018490	0.032887	-0.007199
1.456889	0.018407	0.033367	-0.007480
1.456379	0.018464	0.033274	-0.007405
1.455869	0.018225	0.033268	-0.007522
1.455359	0.018502	0.033567	-0.007533
1.454850	0.018247	0.033283	-0.007518
1.454341	0.018447	0.033433	-0.007493
1.453833	0.018835	0.033601	-0.007383
1.453325	0.018686	0.033639	-0.007476
1.452818	0.019044	0.034106	-0.007531
1.452311	0.019058	0.034095	-0.007519
1.451805	0.019113	0.033865	-0.007376
1.451299	0.019282	0.034008	-0.007363
1.450793	0.019285	0.034048	-0.007382
1.450288	0.018963	0.034050	-0.007544
1.449783	0.019352	0.034185	-0.007417
1.449279	0.019524	0.034087	-0.007282
1.448775	0.019321	0.033969	-0.007324
1.448272	0.019487	0.034331	-0.007422
1.447769	0.019759	0.034172	-0.007206
1.447267	0.019814	0.034686	-0.007436
1.446765	0.019801	0.034691	-0.007445
1.446263	0.020049	0.034566	-0.007258
1.445762	0.020057	0.034744	-0.007343
1.445262	0.020252	0.034843	-0.007295
1.444762	0.019992	0.035137	-0.007573
1.444262	0.020476	0.034998	-0.007261
1.443763	0.020545	0.035296	-0.007376
1.443264	0.020508	0.035236	-0.007364
1.442765	0.020838	0.035524	-0.007343
1.442267	0.020821	0.035551	-0.007365
1.441770	0.020685	0.035416	-0.007365
1.441273	0.021012	0.035790	-0.007389
1.440776	0.020689	0.035604	-0.007458
1.440280	0.020635	0.035446	-0.007405
1.439784	0.021181	0.035634	-0.007227
1.439289	0.021406	0.035764	-0.007179
1.438794	0.021182	0.035810	-0.007314
1.438299	0.021243	0.035809	-0.007283
1.437805	0.021208	0.035751	-0.007272
1.437312	0.021460	0.036024	-0.007282
1.436819	0.021552	0.036035	-0.007241
1.436326	0.021807	0.035939	-0.007066
1.435834	0.021768	0.036274	-0.007253
1.435342	0.022098	0.036364	-0.007133
1.434850	0.022184	0.036419	-0.007118
1.434359	0.022081	0.036509	-0.007214
1.433869	0.022074	0.036286	-0.007106
1.433379	0.022471	0.036773	-0.007151
1.432889	0.022285	0.036473	-0.007094
1.432400	0.022312	0.036557	-0.007123
1.431911	0.022350	0.037011	-0.007330
1.431422	0.022491	0.036744	-0.007127
1.430934	0.022966	0.036980	-0.007007
1.430447	0.022338	0.037125	-0.007394
1.429960	0.022681	0.037274	-0.007296
1.429473	0.022994	0.037044	-0.007025
1.428987	0.023285	0.037491	-0.007103
1.428501	0.023295	0.037688	-0.007196
1.428015	0.023518	0.037555	-0.007018
1.427530	0.023165	0.037642	-0.007238
1.427046	0.023892	0.037658	-0.006883
1.426561	0.023709	0.038038	-0.007165
1.426078	0.023867	0.037935	-0.007034
1.425594	0.023622	0.038214	-0.007296
1.425111	0.023612	0.038156	-0.007272
1.424629	0.023908	0.038231	-0.007161
1.424147	0.023917	0.038000	-0.007042
1.423665	0.024057	0.038181	-0.007062
1.423184	0.024189	0.038417	-0.007114
1.422703	0.024031	0.038334	-0.007151
1.422223	0.024640	0.038240	-0.006800
1.421743	0.024408	0.038813	-0.007203
1.421263	0.024245	0.038550	-0.007152
1.420784	0.024579	0.038592	-0.007006
1.420306	0.024767	0.038848	-0.007040
1.419827	0.024551	0.038818	-0.007134
1.419349	0.024678	0.038536	-0.006929
1.418872	0.024929	0.038772	-0.006921
1.418395	0.024791	0.039107	-0.007158
1.417918	0.024824	0.039269	-0.007223
1.417442	0.025379	0.039259	-0.006940
1.416966	0.025245	0.039353	-0.007054
1.416491	0.025460	0.039301	-0.006921
1.416016	0.025469	0.039571	-0.007051
1.415541	0.025270	0.039989	-0.007359
1.415067	0.025435	0.039746	-0.007156
1.414593	0.026271	0.039691	-0.006710
1.414120	0.026162	0.039888	-0.006863
1.413647	0.026038	0.040156	-0.007059
1.413174	0.026206	0.040365	-0.007079
1.412702	0.026251	0.040715	-0.007232
1.412231	0.026548	0.040329	-0.006890
1.411759	0.026489	0.040370	-0.006941
1.411288	0.026244	0.040523	-0.007139
1.410818	0.026619	0.040216	-0.006799
1.410348	0.026527	0.040707	-0.007090
1.409878	0.026603	0.040369	-0.006883
1.409409	0.027096	0.040943	-0.006923
1.408940	0.026749	0.041035	-0.007143
1.408472	0.026835	0.040813	-0.006989
1.408004	0.027106	0.041157	-0.007026
1.407536	0.027664	0.041036	-0.006686
1.407069	0.027478	0.041148	-0.006835
1.406602	0.027483	0.040825	-0.006671
1.406135	0.027356	0.041063	-0.006853
1.405669	0.027347	0.041210	-0.006931
1.405204	0.027496	0.041360	-0.006932
1.404738	0.027745	0.041495	-0.006875
1.404274	0.027953	0.041399	-0.006723
1.403809	0.027549	0.041809	-0.007130
1.403345	0.028093	0.041688	-0.006797
1.402882	0.027679	0.041407	-0.006864
1.402418	0.028026	0.041908	-0.006941
1.401955	0.028389	0.041602	-0.006606
1.401493	0.028218	0.041732	-0.006757
1.401031	0.027835	0.042090	-0.007127
1.400569	0.027919	0.042229	-0.007155
1.400108	0.028486	0.041765	-0.006639
1.399647	0.028653	0.042300	-0.006823
1.399187	0.028401	0.042485	-0.007042
1.398727	0.028350	0.042412	-0.007031
1.398267	0.028906	0.042068	-0.006581
1.397808	0.028331	0.042265	-0.006967
1.397349	0.028212	0.042394	-0.007091
1.396890	0.029207	0.042656	-0.006725
1.396432	0.028700	0.042701	-0.007000
1.395974	0.028975	0.042518	-0.006772
1.395517	0.028815	0.042425	-0.006805
1.395060	0.029028	0.042634	-0.006803
1.394604	0.029303	0.042473	-0.006585
1.394147	0.029280	0.042961	-0.006841
1.393692	0.029019	0.043047	-0.007014
1.393236	0.029074	0.042743	-0.006835
1.392781	0.029858	0.042800	-0.006471
1.392327	0.029416	0.043254	-0.006919
1.391873	0.029394	0.043321	-0.006964
1.391419	0.029839	0.043314	-0.006738
1.390965	0.029893	0.043405	-0.006756
1.390512	0.029458	0.042970	-0.006756
