6.542578	0.000000	0.000000	0.000000
6.529189	0.065490	0.065490	0.000000
6.515856	0.467317	2.903543	-1.218113
6.502578	-1.023087	-0.074915	-0.474086
6.489355	0.009758	0.078242	-0.034242
6.476188	0.066254	-0.214213	0.140233
6.463075	0.058663	0.116749	-0.029043
6.450016	-0.039030	0.161536	-0.100283
6.437011	-0.081509	0.099952	-0.090731
6.424060	0.174010	0.047087	0.063462
6.411162	-0.288411	-0.221214	-0.033598
6.398317	0.198314	-4.895149	2.546731
6.385525	-0.194657	-0.316850	0.061097
6.372785	-0.437796	0.132145	-0.284970
6.360096	-1.079265	0.017994	-0.548629
6.347460	-0.037422	0.045799	-0.041611
6.334875	0.224738	-0.936942	0.580840
6.322341	-0.150577	-0.451244	0.150333
6.309857	0.581870	0.131804	0.225033
6.297424	-0.182870	0.174471	-0.178670
6.285042	0.190463	-0.130882	0.160673
6.272709	0.046202	0.432240	-0.193019
6.260425	-0.516323	-0.507148	-0.004587
6.248191	0.286012	0.396275	-0.055132
6.236005	-0.208542	-0.198319	-0.005112
6.223868	-0.021000	0.015999	-0.018499
6.211780	-0.084737	0.000646	-0.042691
6.199740	-0.019354	-0.069861	0.025254
6.187747	-0.093137	-0.066999	-0.013069
6.175802	0.017388	-0.093103	0.055245
6.163904	-0.145267	-0.024469	-0.060399
6.152053	-0.022906	0.052847	-0.037876
6.140248	-0.041114	-0.184866	0.071876
6.128490	-0.131792	-0.065008	-0.033392
6.116778	-0.090606	-0.004420	-0.043093
6.105112	-0.114819	-0.060839	-0.026990
6.093492	-0.031103	0.068458	-0.049780
6.081916	0.037784	-0.064276	0.051030
6.070386	0.116711	-0.114535	0.115623
6.058901	-0.035686	-0.075381	0.019847
6.047460	-0.058820	-0.104764	0.022972
6.036063	-0.045064	0.000737	-0.022900
6.024710	-0.025332	-0.020775	-0.002279
6.013401	-0.092044	0.005786	-0.048915
6.002135	-0.110855	-0.041715	-0.034570
5.990913	-0.053971	0.002942	-0.028456
5.979734	-0.048692	0.004481	-0.026586
5.968597	-0.065332	0.006747	-0.036039
5.957503	-0.042911	-0.052292	0.004690
5.946451	-0.092044	-0.109397	0.008677
5.935442	-0.072609	-0.058806	-0.006902
5.924474	-0.004267	-0.033349	0.014541
5.913547	0.013722	0.068248	-0.027263
5.902662	-0.061132	-0.030259	-0.015436
5.891818	-0.065061	-0.056891	-0.004085
5.881015	-0.098488	-0.010446	-0.044021
5.870252	-0.001584	-0.094223	0.046320
5.859530	0.008541	-0.065090	0.036816
5.848848	-0.092381	-0.070796	-0.010792
5.838205	-0.024842	-0.069882	0.022520
5.827603	-0.006056	-0.014676	0.004310
5.817040	-0.064675	-0.033940	-0.015367
5.806516	0.010224	-0.045223	0.027723
5.796031	-0.072827	-0.029540	-0.021643
5.785586	-0.083026	0.013656	-0.048341
5.775178	0.015363	-0.030897	0.023130
5.764810	-0.082657	-0.001420	-0.040619
5.754479	-0.072523	0.076482	-0.074502
5.744186	-0.081574	0.035826	-0.058700
5.733931	-0.095642	0.000460	-0.048051
5.723714	-0.063963	-0.044051	-0.009956
5.713534	-0.089217	-0.069410	-0.009903
5.703391	0.038947	-0.036205	0.037576
5.693285	0.018084	-0.042957	0.030520
5.683216	-0.080221	-0.050944	-0.014638
5.673184	-0.052673	-0.035083	-0.008795
5.663188	-0.012946	0.069114	-0.041030
5.653228	0.068891	0.034176	0.017358
5.643304	-0.068753	-0.029117	-0.019818
5.633415	-0.017874	-0.010020	-0.003927
5.623562	-0.007144	-0.034307	0.013581
5.613745	-0.059260	-0.051318	-0.003971
5.603963	-0.069817	0.014448	-0.042133
5.594216	-0.093943	-0.038643	-0.027650
5.584504	-0.034817	0.001627	-0.018222
5.574826	-0.030931	0.010792	-0.020861
5.565183	-0.018439	-0.002640	-0.007899
5.555574	-0.017841	-0.027749	0.004954
5.545999	-0.060211	-0.017049	-0.021581
5.536458	-0.032182	0.017968	-0.025075
5.526950	-0.064606	-0.014098	-0.025254
5.517477	-0.078078	-0.037369	-0.020355
5.508036	-0.075698	-0.040556	-0.017571
5.498629	0.024396	0.034374	-0.004989
5.489255	-0.025180	-0.042497	0.008658
5.479914	-0.012376	-0.048501	0.018062
5.470605	0.033093	0.014282	0.009405
5.461329	-0.036069	-0.018013	-0.009028
5.452085	0.019573	-0.012337	0.015955
5.442874	-0.009186	0.032417	-0.020802
5.433694	0.001732	-0.009476	0.005604
5.424546	0.010554	-0.008649	0.009601
5.415430	-0.003409	-0.008688	0.002639
5.406345	-0.006458	-0.001070	-0.002694
5.397292	0.001566	0.008284	-0.003359
5.388270	0.014254	0.001241	0.006507
5.379279	0.016027	-0.003526	0.009777
5.370319	-0.000592	0.007560	-0.004076
5.361389	-0.033612	-0.001016	-0.016298
5.352490	-0.012557	-0.001814	-0.005372
5.343621	-0.015843	0.037426	-0.026634
5.334783	0.008052	0.007017	0.000518
5.325975	0.005954	0.023720	-0.008883
5.317196	0.015549	0.011541	0.002004
5.308448	-0.017670	0.019713	-0.018692
5.299729	0.029986	0.003320	0.013333
5.291039	0.022289	0.002201	0.010044
5.282379	-0.000943	0.023997	-0.012470
5.273748	0.002944	0.040613	-0.018834
5.265146	0.007367	0.006022	0.000672
5.256573	0.029931	0.021290	0.004320
5.248029	0.023026	-0.016885	0.019955
5.239513	0.016700	0.006456	0.005122
5.231026	0.028656	0.024495	0.002081
5.222567	0.011091	0.004796	0.003147
5.214136	0.044894	0.023267	0.010813
5.205733	0.024182	0.000770	0.011706
5.197358	0.020785	-0.003225	0.012005
5.189011	0.033647	0.030875	0.001386
5.180691	0.025115	0.028828	-0.001857
5.172399	0.012492	0.044925	-0.016216
5.164135	0.024266	0.038123	-0.006929
5.155897	0.026784	0.025120	0.000832
5.147687	0.039055	0.025798	0.006628
5.139503	0.025862	0.019247	0.003308
5.131346	0.014413	0.032631	-0.009109
5.123216	0.039808	0.034021	0.002893
5.115113	0.024268	0.025175	-0.000453
5.107036	0.033637	0.016097	0.008770
5.098985	0.036229	0.041250	-0.002511
5.090960	0.021785	0.035903	-0.007059
5.082962	0.026536	0.045116	-0.009290
5.074989	0.023262	0.019952	0.001655
5.067042	0.047315	0.046641	0.000337
5.059121	0.036127	0.038344	-0.001108
5.051225	0.016624	0.040852	-0.012114
5.043355	0.034917	0.026427	0.004245
5.035510	0.043299	0.028391	0.007454
5.027690	0.021325	0.032043	-0.005359
5.019895	0.032970	0.037012	-0.002021
5.012126	0.019739	0.027790	-0.004026
5.004381	0.034686	0.024512	0.005087
4.996660	0.027338	0.041554	-0.007108
4.988964	0.033276	0.038895	-0.002809
4.981293	0.042724	0.020818	0.010953
4.973646	0.033616	0.022370	0.005623
4.966023	0.032347	0.039882	-0.003768
4.958425	0.025358	0.027247	-0.000945
4.950850	0.043671	0.038939	0.002366
4.943299	0.033082	0.033616	-0.000267
4.935772	0.034792	0.035793	-0.000500
4.928269	0.030339	0.036314	-0.002987
4.920789	0.027142	0.044147	-0.008502
4.913333	0.040960	0.041047	-0.000043
4.905900	0.024899	0.037128	-0.006115
4.898490	0.038781	0.041599	-0.001409
4.891103	0.042988	0.042596	0.000196
4.883739	0.039177	0.042529	-0.001676
4.876399	0.033178	0.044174	-0.005498
4.869081	0.042100	0.039667	0.001217
4.861785	0.039752	0.045381	-0.002815
4.854512	0.032571	0.031505	0.000533
4.847262	0.031138	0.041423	-0.005143
4.840034	0.034719	0.032668	0.001026
4.832829	0.029901	0.030835	-0.000467
4.825645	0.030379	0.036205	-0.002913
4.818484	0.032095	0.038581	-0.003243
4.811344	0.028966	0.027394	0.000786
4.804227	0.034664	0.041364	-0.003350
4.797131	0.042506	0.037993	0.002257
4.790057	0.032937	0.043099	-0.005081
4.783004	0.033597	0.042798	-0.004601
4.775973	0.033656	0.043751	-0.005048
4.768963	0.032939	0.040406	-0.003734
4.761974	0.034375	0.036063	-0.000844
4.755007	0.041857	0.035524	0.003166
4.748061	0.033098	0.041944	-0.004423
4.741136	0.030463	0.039835	-0.004686
4.734231	0.036202	0.035792	0.000205
4.727348	0.048167	0.032301	0.007933
4.720485	0.030031	0.041686	-0.005827
4.713642	0.041999	0.038628	0.001685
4.706821	0.034137	0.036505	-0.001184
4.700019	0.025437	0.033467	-0.004015
4.693238	0.029966	0.037754	-0.003894
4.686478	0.035050	0.038936	-0.001943
4.679737	0.040014	0.032646	0.003684
4.673016	0.031872	0.035468	-0.001798
4.666316	0.034299	0.040248	-0.002974
4.659635	0.040782	0.040053	0.000364
4.652974	0.030987	0.034486	-0.001749
4.646333	0.035644	0.032968	0.001338
4.639711	0.040385	0.040496	-0.000055
4.633109	0.035839	0.035795	0.000022
4.626527	0.041826	0.035368	0.003229
4.619963	0.029499	0.038351	-0.004426
4.613420	0.032188	0.037635	-0.002723
4.606895	0.038367	0.039463	-0.000548
4.600389	0.030155	0.035713	-0.002779
4.593902	0.033940	0.033953	-0.000007
4.587435	0.033460	0.039247	-0.002894
4.580986	0.033653	0.038209	-0.002278
4.574556	0.035586	0.041464	-0.002939
4.568145	0.035178	0.039938	-0.002380
4.561752	0.036106	0.035819	0.000143
4.555378	0.034057	0.041451	-0.003697
4.549022	0.036946	0.041049	-0.002051
4.542685	0.030531	0.032577	-0.001023
4.536365	0.031169	0.045287	-0.007059
4.530065	0.035988	0.040837	-0.002425
4.523782	0.040503	0.043369	-0.001433
4.517517	0.036360	0.044578	-0.004109
4.511271	0.030569	0.043867	-0.006649
4.505042	0.032341	0.037157	-0.002408
4.498831	0.032624	0.037571	-0.002473
4.492638	0.036367	0.042947	-0.003290
4.486462	0.034305	0.032164	0.001070
4.480304	0.031357	0.039065	-0.003854
4.474164	0.036283	0.039402	-0.001559
4.468041	0.038808	0.040068	-0.000630
4.461935	0.031366	0.040342	-0.004488
4.455847	0.033474	0.040000	-0.003263
4.449776	0.033419	0.043995	-0.005288
4.443722	0.026618	0.040246	-0.006814
4.437686	0.031453	0.041884	-0.005215
4.431666	0.027115	0.036441	-0.004663
4.425663	0.029647	0.036541	-0.003447
4.419677	0.031716	0.036989	-0.002636
4.413708	0.032249	0.033468	-0.000610
4.407755	0.031955	0.036722	-0.002383
4.401820	0.031181	0.035685	-0.002252
4.395901	0.035252	0.040718	-0.002733
4.389998	0.033222	0.037608	-0.002193
4.384112	0.036016	0.038164	-0.001074
4.378242	0.035733	0.032296	0.001719
4.372389	0.031150	0.039301	-0.004076
4.366551	0.033580	0.038268	-0.002344
4.360730	0.027044	0.039878	-0.006417
4.354925	0.030097	0.043120	-0.006511
4.349136	0.029390	0.040955	-0.005783
4.343364	0.034160	0.040946	-0.003393
4.337607	0.031633	0.031582	0.000025
4.331865	0.029886	0.038246	-0.004180
4.326140	0.030133	0.035492	-0.002679
4.320430	0.029161	0.037900	-0.004369
4.314736	0.030307	0.038957	-0.004325
4.309058	0.027121	0.038140	-0.005510
4.303395	0.027153	0.036404	-0.004626
4.297748	0.033051	0.037898	-0.002423
4.292116	0.029694	0.034850	-0.002578
4.286499	0.031792	0.040178	-0.004193
4.280898	0.033960	0.037171	-0.001606
4.275312	0.031066	0.041006	-0.004970
4.269741	0.031644	0.040689	-0.004523
4.264185	0.027806	0.036475	-0.004335
4.258644	0.031698	0.037096	-0.002699
4.253118	0.032401	0.033983	-0.000791
4.247607	0.033452	0.034154	-0.000351
4.242111	0.031611	0.034386	-0.001387
4.236629	0.030518	0.037850	-0.003666
4.231163	0.032583	0.034194	-0.000806
4.225711	0.027816	0.037552	-0.004868
4.220274	0.032596	0.042968	-0.005186
4.214851	0.031230	0.040687	-0.004728
4.209442	0.032188	0.035726	-0.001769
4.204049	0.034431	0.036662	-0.001115
4.198669	0.030946	0.031782	-0.000418
4.193304	0.030182	0.039750	-0.004784
4.187953	0.033865	0.038151	-0.002143
4.182616	0.032914	0.038376	-0.002731
4.177294	0.030601	0.033712	-0.001556
4.171985	0.028376	0.039533	-0.005578
4.166691	0.032231	0.032638	-0.000204
4.161411	0.029841	0.039832	-0.004995
4.156144	0.030127	0.039984	-0.004928
4.150892	0.030921	0.036780	-0.002930
4.145653	0.029426	0.037198	-0.003886
4.140428	0.027789	0.033941	-0.003076
4.135217	0.030866	0.037016	-0.003075
4.130019	0.030558	0.038268	-0.003855
4.124835	0.032613	0.036039	-0.001713
4.119665	0.028348	0.039110	-0.005381
4.114508	0.030678	0.036001	-0.002662
4.109364	0.029285	0.035795	-0.003255
4.104234	0.030739	0.035988	-0.002625
4.099117	0.033085	0.033920	-0.000418
4.094014	0.027689	0.036151	-0.004231
4.088924	0.029959	0.034960	-0.002501
4.083846	0.028529	0.032757	-0.002114
4.078783	0.024069	0.035025	-0.005478
4.073732	0.031976	0.039418	-0.003721
4.068694	0.028842	0.033432	-0.002295
4.063669	0.029495	0.037604	-0.004054
4.058657	0.030023	0.037937	-0.003957
4.053658	0.027277	0.036050	-0.004387
4.048672	0.030589	0.037099	-0.003255
4.043699	0.026841	0.037223	-0.005191
4.038738	0.032273	0.034272	-0.001000
4.033790	0.028570	0.040520	-0.005975
4.028855	0.031072	0.037295	-0.003111
4.023933	0.029611	0.038574	-0.004482
4.019022	0.029141	0.036499	-0.003679
4.014125	0.030429	0.035605	-0.002588
4.009240	0.027662	0.036009	-0.004173
4.004367	0.029817	0.035491	-0.002837
3.999506	0.030833	0.037650	-0.003409
3.994658	0.030630	0.036704	-0.003037
3.989823	0.032005	0.032979	-0.000487
3.984999	0.031038	0.034819	-0.001890
3.980187	0.030453	0.034447	-0.001997
3.975388	0.029045	0.036680	-0.003817
3.970601	0.026445	0.032402	-0.002979
3.965826	0.028290	0.036365	-0.004037
3.961063	0.028891	0.036128	-0.003619
3.956311	0.028166	0.037555	-0.004694
3.951572	0.031297	0.034527	-0.001615
3.946844	0.030120	0.036540	-0.003210
3.942129	0.027359	0.035298	-0.003970
3.937425	0.027140	0.037838	-0.005349
3.932733	0.025285	0.038630	-0.006672
3.928052	0.029799	0.037531	-0.003866
3.923383	0.028550	0.033594	-0.002522
3.918726	0.027407	0.033436	-0.003014
3.914080	0.026134	0.032629	-0.003248
3.909446	0.028863	0.037336	-0.004237
3.904823	0.029117	0.036389	-0.003636
3.900212	0.030580	0.033717	-0.001568
3.895612	0.029860	0.036161	-0.003151
3.891023	0.029794	0.034248	-0.002227
3.886446	0.029969	0.032385	-0.001208
3.881880	0.026167	0.035653	-0.004743
3.877325	0.027859	0.039643	-0.005892
3.872781	0.025982	0.037540	-0.005779
3.868249	0.027337	0.034852	-0.003757
3.863727	0.026457	0.035113	-0.004328
3.859217	0.025695	0.036901	-0.005603
3.854718	0.029292	0.034942	-0.002825
3.850229	0.024623	0.036179	-0.005778
3.845752	0.027637	0.033284	-0.002823
3.841285	0.028508	0.037111	-0.004302
3.836829	0.026006	0.036460	-0.005227
3.832384	0.030054	0.035694	-0.002820
3.827950	0.026208	0.031479	-0.002635
3.823527	0.026402	0.033173	-0.003386
3.819114	0.029140	0.032910	-0.001885
3.814712	0.029216	0.034754	-0.002769
3.810321	0.027123	0.034207	-0.003542
3.805940	0.028530	0.035067	-0.003268
3.801570	0.029619	0.034366	-0.002374
3.797210	0.025586	0.031294	-0.002854
3.792860	0.027640	0.034867	-0.003614
3.788522	0.025072	0.038198	-0.006563
3.784193	0.025866	0.035038	-0.004586
3.779875	0.025337	0.034532	-0.004597
3.775567	0.028766	0.035325	-0.003280
3.771269	0.027115	0.033824	-0.003354
3.766982	0.025976	0.032762	-0.003393
3.762705	0.027960	0.035073	-0.003556
3.758438	0.027188	0.035968	-0.004390
3.754181	0.024772	0.031941	-0.003584
3.749935	0.029838	0.033871	-0.002016
3.745698	0.026668	0.035125	-0.004228
3.741472	0.028359	0.034150	-0.002895
3.737255	0.028097	0.034329	-0.003116
3.733048	0.026544	0.036203	-0.004829
3.728852	0.025961	0.033108	-0.003573
3.724665	0.028321	0.034936	-0.003307
3.720488	0.026301	0.032737	-0.003218
3.716321	0.026947	0.033896	-0.003474
3.712163	0.028043	0.035424	-0.003691
3.708016	0.029407	0.034956	-0.002774
3.703878	0.028449	0.034276	-0.002914
3.699750	0.024667	0.030960	-0.003147
3.695631	0.028028	0.033046	-0.002509
3.691522	0.023943	0.032469	-0.004263
3.687423	0.024782	0.032582	-0.003900
3.683333	0.028166	0.032001	-0.001918
3.679253	0.027196	0.035721	-0.004262
3.675182	0.024674	0.033991	-0.004659
3.671120	0.024790	0.033494	-0.004352
3.667069	0.028062	0.034091	-0.003015
3.663026	0.026521	0.031935	-0.002707
3.658993	0.026891	0.033499	-0.003304
3.654969	0.025986	0.036519	-0.005267
3.650954	0.027558	0.036091	-0.004267
3.646949	0.024386	0.033437	-0.004525
3.642953	0.025161	0.033437	-0.004138
3.638966	0.023043	0.032840	-0.004898
3.634988	0.021875	0.030421	-0.004273
3.631020	0.025393	0.033189	-0.003898
3.627060	0.023011	0.031980	-0.004485
3.623110	0.023002	0.030609	-0.003804
3.619168	0.024056	0.030085	-0.003014
3.615236	0.026961	0.032491	-0.002765
3.611312	0.024940	0.029191	-0.002125
3.607398	0.026290	0.032900	-0.003305
3.603492	0.026422	0.032646	-0.003112
3.599596	0.024487	0.029064	-0.002289
3.595708	0.026685	0.032014	-0.002665
3.591829	0.025412	0.031437	-0.003013
3.587959	0.023637	0.032646	-0.004505
3.584097	0.027309	0.031406	-0.002049
3.580244	0.027888	0.032161	-0.002136
3.576400	0.025544	0.031852	-0.003154
3.572565	0.025126	0.032373	-0.003624
3.568738	0.027171	0.033238	-0.003034
3.564920	0.025485	0.030449	-0.002482
3.561111	0.024976	0.031461	-0.003242
3.557310	0.025128	0.033462	-0.004167
3.553517	0.024917	0.033637	-0.004360
3.549734	0.027654	0.031982	-0.002164
3.545958	0.026445	0.030117	-0.001836
3.542191	0.026382	0.031422	-0.002520
3.538433	0.022484	0.031348	-0.004432
3.534683	0.025082	0.030917	-0.002918
3.530941	0.026131	0.030915	-0.002392
3.527207	0.024281	0.032648	-0.004184
3.523482	0.024042	0.031449	-0.003704
3.519765	0.025489	0.031187	-0.002849
3.516057	0.026610	0.032210	-0.002800
3.512356	0.024786	0.031949	-0.003581
3.508664	0.022326	0.028105	-0.002889
3.504980	0.024375	0.033333	-0.004479
3.501304	0.024234	0.029750	-0.002758
3.497636	0.022933	0.030481	-0.003774
3.493977	0.024574	0.031732	-0.003579
3.490325	0.023788	0.032253	-0.004233
3.486682	0.023480	0.030360	-0.003440
3.483046	0.023153	0.029134	-0.002991
3.479419	0.023070	0.030486	-0.003708
3.475799	0.024771	0.030791	-0.003010
3.472187	0.020257	0.031139	-0.005441
3.468583	0.024665	0.029974	-0.002655
3.464988	0.022771	0.032606	-0.004917
3.461400	0.023032	0.031286	-0.004127
3.457819	0.022832	0.035070	-0.006119
3.454247	0.023107	0.033276	-0.005085
3.450682	0.024557	0.033851	-0.004647
3.447125	0.022576	0.030580	-0.004002
3.443576	0.024684	0.030544	-0.002930
3.440035	0.021878	0.031162	-0.004642
3.436501	0.022196	0.029065	-0.003434
3.432975	0.019510	0.033232	-0.006861
3.429457	0.024199	0.031490	-0.003646
3.425946	0.021555	0.031318	-0.004882
3.422442	0.022495	0.028959	-0.003232
3.418947	0.023684	0.030394	-0.003355
3.415459	0.024782	0.028640	-0.001929
3.411978	0.022238	0.030568	-0.004165
3.408505	0.020729	0.029277	-0.004274
3.405039	0.022178	0.031226	-0.004524
3.401581	0.019578	0.029964	-0.005193
3.398130	0.022831	0.028905	-0.003037
3.394686	0.021856	0.030882	-0.004513
3.391250	0.023155	0.032248	-0.004546
3.387821	0.024325	0.030355	-0.003015
3.384400	0.021237	0.030313	-0.004538
3.380986	0.022697	0.029823	-0.003563
3.377579	0.023715	0.029964	-0.003124
3.374179	0.022273	0.030147	-0.003937
3.370787	0.023870	0.029420	-0.002775
3.367401	0.019657	0.029981	-0.005162
3.364023	0.021081	0.029484	-0.004201
3.360652	0.021913	0.027646	-0.002866
3.357289	0.022983	0.028304	-0.002660
3.353932	0.023448	0.030303	-0.003428
3.350582	0.019803	0.029091	-0.004644
3.347240	0.021487	0.029285	-0.003899
3.343904	0.020554	0.028046	-0.003746
3.340576	0.021403	0.030924	-0.004760
3.337255	0.019910	0.029165	-0.004628
3.333940	0.020613	0.028807	-0.004097
3.330633	0.020319	0.027879	-0.003780
3.327332	0.018672	0.027944	-0.004636
3.324038	0.017436	0.029485	-0.006024
3.320752	0.018188	0.027468	-0.004640
3.317472	0.019933	0.028449	-0.004258
3.314199	0.018818	0.030356	-0.005769
3.310933	0.020680	0.029004	-0.004162
3.307673	0.021093	0.027038	-0.002973
3.304421	0.020171	0.028966	-0.004397
3.301175	0.017797	0.027591	-0.004897
3.297936	0.019249	0.029274	-0.005013
3.294703	0.019766	0.029278	-0.004756
3.291478	0.019450	0.030102	-0.005326
3.288259	0.018521	0.026410	-0.003944
3.285046	0.020419	0.028750	-0.004165
3.281841	0.018758	0.027287	-0.004265
3.278642	0.019486	0.028021	-0.004268
3.275449	0.020949	0.028521	-0.003786
3.272263	0.019968	0.031087	-0.005559
3.269084	0.019291	0.028426	-0.004567
3.265911	0.018336	0.027431	-0.004547
3.262745	0.020031	0.024201	-0.002085
3.259585	0.017490	0.025876	-0.004193
3.256432	0.018090	0.023480	-0.002695
3.253285	0.016217	0.024999	-0.004391
3.250145	0.018488	0.029477	-0.005494
3.247011	0.018729	0.026788	-0.004030
3.243883	0.019478	0.025069	-0.002795
3.240762	0.019466	0.028405	-0.004470
3.237647	0.018931	0.025542	-0.003305
3.234539	0.017560	0.026529	-0.004484
3.231437	0.016829	0.024866	-0.004019
3.228341	0.019051	0.028282	-0.004615
3.225251	0.016211	0.026285	-0.005037
3.222168	0.018642	0.026096	-0.003727
3.219091	0.018786	0.025107	-0.003161
3.216020	0.019606	0.026904	-0.003649
3.212956	0.016434	0.024543	-0.004054
3.209897	0.016857	0.026623	-0.004883
3.206845	0.017178	0.024098	-0.003460
3.203799	0.016314	0.027274	-0.005480
3.200759	0.014908	0.026162	-0.005627
3.197725	0.015528	0.024858	-0.004665
3.194697	0.015026	0.026355	-0.005665
3.191676	0.016198	0.027665	-0.005734
3.188660	0.015538	0.023950	-0.004206
3.185651	0.015645	0.023484	-0.003919
3.182647	0.016799	0.022658	-0.002930
3.179650	0.016795	0.022670	-0.002937
3.176658	0.018183	0.024195	-0.003006
3.173673	0.016255	0.023934	-0.003840
3.170693	0.014075	0.024343	-0.005134
3.167720	0.014194	0.024066	-0.004936
3.164752	0.012977	0.022999	-0.005011
3.161790	0.015296	0.024316	-0.004510
3.158834	0.014765	0.024218	-0.004726
3.155884	0.012953	0.022049	-0.004548
3.152940	0.012659	0.024057	-0.005699
3.150001	0.012383	0.021947	-0.004782
3.147069	0.013697	0.022749	-0.004526
3.144142	0.010716	0.024329	-0.006806
3.141221	0.013603	0.022685	-0.004541
3.138306	0.013058	0.021727	-0.004335
3.135396	0.011642	0.022079	-0.005219
3.132493	0.012953	0.021479	-0.004263
3.129595	0.014936	0.022722	-0.003893
3.126702	0.015036	0.022585	-0.003775
3.123816	0.014087	0.022137	-0.004025
3.120935	0.013245	0.021532	-0.004143
3.118059	0.013239	0.023891	-0.005326
3.115190	0.013520	0.022192	-0.004336
3.112326	0.013284	0.023078	-0.004897
3.109467	0.010736	0.023107	-0.006186
3.106614	0.011927	0.021564	-0.004819
3.103767	0.010651	0.023973	-0.006661
3.100925	0.012770	0.020052	-0.003641
3.098089	0.010285	0.019354	-0.004534
3.095258	0.011338	0.021228	-0.004945
3.092433	0.011751	0.021009	-0.004629
3.089613	0.010733	0.021524	-0.005395
3.086799	0.010268	0.018271	-0.004001
3.083990	0.011325	0.020916	-0.004795
3.081187	0.010689	0.021261	-0.005286
3.078389	0.007628	0.020339	-0.006356
3.075596	0.009463	0.020278	-0.005407
3.072809	0.010680	0.020338	-0.004829
3.070027	0.010465	0.019813	-0.004674
3.067251	0.010151	0.022022	-0.005936
3.064480	0.008044	0.018469	-0.005213
3.061714	0.011023	0.019474	-0.004225
3.058954	0.008647	0.018075	-0.004714
3.056199	0.008744	0.018168	-0.004712
3.053449	0.008116	0.019087	-0.005485
3.050704	0.008598	0.016635	-0.004018
3.047965	0.008953	0.016159	-0.003603
3.045231	0.007581	0.016495	-0.004457
3.042502	0.009128	0.016728	-0.003800
3.039779	0.005583	0.016905	-0.005661
3.037060	0.009695	0.015972	-0.003138
3.034347	0.006809	0.016701	-0.004946
3.031639	0.007244	0.015414	-0.004085
3.028936	0.005826	0.014946	-0.004560
3.026238	0.008225	0.016733	-0.004254
3.023545	0.004439	0.018823	-0.007192
3.020858	0.006085	0.016512	-0.005214
3.018175	0.004643	0.015912	-0.005634
3.015498	0.005593	0.017801	-0.006104
3.012826	0.005948	0.014232	-0.004142
3.010158	0.006762	0.016159	-0.004698
3.007496	0.007200	0.016130	-0.004465
3.004839	0.007589	0.016413	-0.004412
3.002187	0.005954	0.016008	-0.005027
2.999540	0.005540	0.015086	-0.004773
2.996897	0.004247	0.015221	-0.005487
2.994260	0.005061	0.014568	-0.004753
2.991628	0.003576	0.015292	-0.005858
2.989000	0.005158	0.013805	-0.004324
2.986378	0.004770	0.012195	-0.003713
2.983760	0.003379	0.012361	-0.004491
2.981148	0.004216	0.013721	-0.004752
2.978540	0.003323	0.013065	-0.004871
2.975937	0.004319	0.013472	-0.004576
2.973339	0.003484	0.014742	-0.005629
2.970746	0.004312	0.012537	-0.004112
2.968158	0.002572	0.013663	-0.005545
2.965574	0.004908	0.014158	-0.004625
2.962995	0.003284	0.013662	-0.005189
2.960421	0.004122	0.013224	-0.004551
2.957852	0.001952	0.014549	-0.006299
2.955288	0.001239	0.013426	-0.006093
2.952728	0.001490	0.013341	-0.005925
2.950173	0.003025	0.012517	-0.004746
2.947623	0.002616	0.013460	-0.005422
2.945078	0.003422	0.014243	-0.005411
2.942537	0.002886	0.013474	-0.005294
2.940001	0.002304	0.011637	-0.004667
2.937469	0.001445	0.014600	-0.006577
2.934943	0.001285	0.012175	-0.005445
2.932421	0.001480	0.011784	-0.005152
2.929903	0.000236	0.011483	-0.005623
2.927390	0.002269	0.010723	-0.004227
2.924882	0.001796	0.011634	-0.004919
2.922378	-0.000130	0.010391	-0.005260
2.919879	0.001118	0.009091	-0.003986
2.917385	0.000197	0.008953	-0.004378
2.914895	0.000056	0.007982	-0.003963
2.912410	-0.001501	0.009825	-0.005663
2.909929	-0.000173	0.009950	-0.005061
2.907453	-0.001122	0.010260	-0.005691
2.904981	0.000678	0.010089	-0.004705
2.902513	-0.000149	0.009454	-0.004802
2.900051	-0.001627	0.009202	-0.005414
2.897592	-0.000452	0.008792	-0.004622
2.895138	0.000216	0.007592	-0.003688
2.892689	-0.001312	0.010614	-0.005963
2.890244	-0.001547	0.008710	-0.005129
2.887803	-0.002413	0.008910	-0.005661
2.885367	-0.002206	0.007825	-0.005016
2.882936	-0.002032	0.008661	-0.005347
2.880508	-0.002330	0.007337	-0.004834
2.878085	-0.005146	0.007606	-0.006376
2.875667	-0.004202	0.006816	-0.005509
2.873252	-0.004340	0.005741	-0.005041
2.870842	-0.004703	0.005841	-0.005272
2.868437	-0.003674	0.004616	-0.004145
2.866036	-0.004113	0.005962	-0.005037
2.863639	-0.005106	0.004633	-0.004869
2.861246	-0.004590	0.005402	-0.004996
2.858858	-0.005366	0.005709	-0.005538
2.856474	-0.004369	0.005226	-0.004797
2.854094	-0.007137	0.005043	-0.006090
2.851718	-0.006536	0.004346	-0.005441
2.849347	-0.006498	0.004125	-0.005312
2.846980	-0.006423	0.004185	-0.005304
2.844617	-0.006903	0.003754	-0.005328
2.842258	-0.005906	0.004044	-0.004975
2.839904	-0.006360	0.003184	-0.004772
2.837553	-0.007512	0.003737	-0.005624
2.835207	-0.007427	0.004361	-0.005894
2.832865	-0.006879	0.004219	-0.005549
2.830528	-0.007156	0.005241	-0.006198
2.828194	-0.007664	0.004097	-0.005881
2.825864	-0.006862	0.003830	-0.005346
2.823539	-0.006958	0.002762	-0.004860
2.821218	-0.007227	0.003444	-0.005336
2.818901	-0.006818	0.003655	-0.005237
2.816587	-0.007269	0.003968	-0.005619
2.814278	-0.007351	0.004737	-0.006044
2.811973	-0.006650	0.002619	-0.004634
2.809673	-0.008037	0.003965	-0.006001
2.807376	-0.006904	0.002885	-0.004895
2.805083	-0.007637	0.003502	-0.005569
2.802794	-0.008225	0.003154	-0.005689
2.800509	-0.007594	0.003380	-0.005487
2.798228	-0.007471	0.003920	-0.005696
2.795952	-0.008161	0.003054	-0.005607
2.793679	-0.007876	0.003868	-0.005872
2.791410	-0.008328	0.002898	-0.005613
2.789145	-0.008492	0.003140	-0.005816
2.786884	-0.007509	0.002828	-0.005169
2.784627	-0.008322	0.002699	-0.005511
2.782374	-0.008197	0.002000	-0.005099
2.780125	-0.008417	0.002191	-0.005304
2.777880	-0.009266	0.001569	-0.005417
2.775638	-0.008428	0.002672	-0.005550
2.773401	-0.008723	0.002626	-0.005674
2.771167	-0.008637	0.002042	-0.005339
2.768938	-0.008211	0.002309	-0.005260
2.766712	-0.008325	0.003041	-0.005683
2.764490	-0.008212	0.002842	-0.005527
2.762272	-0.008910	0.003030	-0.005970
2.760058	-0.009283	0.002908	-0.006096
2.757847	-0.008401	0.002675	-0.005538
2.755640	-0.008636	0.002469	-0.005553
2.753437	-0.008469	0.002575	-0.005522
2.751238	-0.008097	0.003170	-0.005633
2.749043	-0.008141	0.002749	-0.005445
2.746852	-0.008808	0.002582	-0.005695
2.744664	-0.008523	0.002334	-0.005428
2.742480	-0.008418	0.003179	-0.005798
2.740300	-0.008692	0.003105	-0.005899
2.738123	-0.008307	0.002377	-0.005342
2.735950	-0.008134	0.002418	-0.005276
2.733781	-0.008731	0.002685	-0.005708
2.731616	-0.009096	0.002131	-0.005613
2.729454	-0.009437	0.002324	-0.005881
2.727296	-0.008469	0.002732	-0.005600
2.725142	-0.009061	0.003152	-0.006107
2.722991	-0.008913	0.002509	-0.005711
2.720844	-0.009453	0.002340	-0.005897
2.718701	-0.008957	0.002107	-0.005532
2.716561	-0.009313	0.001788	-0.005550
2.714425	-0.009495	0.001854	-0.005674
2.712293	-0.008734	0.002029	-0.005382
2.710164	-0.009443	0.002176	-0.005810
2.708039	-0.009481	0.001795	-0.005638
2.705917	-0.009551	0.000885	-0.005218
2.703799	-0.009528	0.001929	-0.005729
2.701685	-0.009476	0.001065	-0.005271
2.699574	-0.010302	0.001263	-0.005783
2.697466	-0.010293	0.001518	-0.005905
2.695363	-0.010258	0.000890	-0.005574
2.693262	-0.010156	0.001215	-0.005685
2.691166	-0.010330	0.001290	-0.005810
2.689072	-0.010727	0.000949	-0.005838
2.686983	-0.010726	0.000920	-0.005823
2.684897	-0.010620	0.001265	-0.005942
2.682814	-0.010987	0.000375	-0.005681
2.680735	-0.010512	0.000545	-0.005529
2.678659	-0.011001	0.000339	-0.005670
2.676587	-0.010804	0.000742	-0.005773
2.674518	-0.010701	0.000664	-0.005683
2.672453	-0.010733	0.000814	-0.005774
2.670391	-0.011248	0.000230	-0.005739
2.668333	-0.010996	0.000243	-0.005620
2.666278	-0.010867	0.000446	-0.005656
2.664226	-0.011267	0.000111	-0.005689
2.662178	-0.011031	0.000266	-0.005648
2.660133	-0.011368	0.000631	-0.005999
2.658092	-0.011107	0.000575	-0.005841
2.656054	-0.011422	-0.000171	-0.005625
2.654019	-0.011425	0.000011	-0.005718
2.651988	-0.011601	0.000080	-0.005840
2.649960	-0.011387	-0.000208	-0.005590
2.647936	-0.012090	0.000213	-0.006152
2.645915	-0.011807	0.000301	-0.006054
2.643897	-0.012054	-0.000532	-0.005761
2.641882	-0.011876	-0.000531	-0.005673
2.639871	-0.012047	-0.000858	-0.005594
2.637863	-0.012294	-0.000465	-0.005914
2.635859	-0.012139	-0.001006	-0.005566
2.633857	-0.012512	-0.000892	-0.005810
2.631859	-0.012283	-0.000742	-0.005770
2.629865	-0.012598	-0.000653	-0.005972
2.627873	-0.012872	-0.001310	-0.005781
2.625885	-0.012459	-0.000891	-0.005784
2.623900	-0.012998	-0.001243	-0.005877
2.621919	-0.012790	-0.001574	-0.005608
2.619940	-0.012668	-0.001147	-0.005761
2.617965	-0.012862	-0.000923	-0.005969
2.615993	-0.013308	-0.001946	-0.005681
2.614025	-0.013280	-0.001797	-0.005742
2.612059	-0.012934	-0.001836	-0.005549
2.610097	-0.012865	-0.001281	-0.005792
2.608138	-0.012766	-0.001325	-0.005721
2.606182	-0.012942	-0.001430	-0.005756
2.604229	-0.012863	-0.001741	-0.005561
2.602280	-0.013251	-0.001530	-0.005860
2.600333	-0.013531	-0.002098	-0.005717
2.598390	-0.013894	-0.002366	-0.005764
2.596450	-0.013878	-0.002015	-0.005932
2.594513	-0.013648	-0.002328	-0.005660
2.592579	-0.013465	-0.002064	-0.005701
2.590648	-0.013675	-0.002345	-0.005665
2.588721	-0.013750	-0.001841	-0.005954
2.586796	-0.013858	-0.002438	-0.005710
2.584875	-0.013972	-0.002477	-0.005748
2.582957	-0.013879	-0.002357	-0.005761
2.581042	-0.013894	-0.002385	-0.005755
2.579130	-0.013949	-0.002371	-0.005789
2.577221	-0.014244	-0.002541	-0.005852
2.575315	-0.014409	-0.002899	-0.005755
2.573412	-0.014223	-0.002873	-0.005675
2.571512	-0.014420	-0.003002	-0.005709
2.569615	-0.014898	-0.002888	-0.006005
2.567722	-0.014431	-0.002743	-0.005844
2.565831	-0.014625	-0.003206	-0.005709
2.563943	-0.014667	-0.003188	-0.005740
2.562058	-0.015028	-0.003297	-0.005866
2.560177	-0.015253	-0.003556	-0.005849
2.558298	-0.015137	-0.003384	-0.005877
2.556423	-0.015464	-0.003409	-0.006028
2.554550	-0.015311	-0.003879	-0.005716
2.552680	-0.015158	-0.003955	-0.005601
2.550813	-0.015409	-0.003763	-0.005823
2.548950	-0.015377	-0.003910	-0.005734
2.547089	-0.015671	-0.004016	-0.005827
2.545231	-0.015640	-0.004190	-0.005725
2.543376	-0.015548	-0.004135	-0.005706
2.541524	-0.015734	-0.004401	-0.005666
2.539675	-0.015896	-0.004013	-0.005942
2.537829	-0.015737	-0.004239	-0.005749
2.535986	-0.015764	-0.004086	-0.005839
2.534146	-0.015989	-0.004242	-0.005873
2.532308	-0.016269	-0.004445	-0.005912
2.530474	-0.016169	-0.004447	-0.005861
2.528642	-0.016246	-0.004579	-0.005833
2.526814	-0.016609	-0.004610	-0.006000
2.524988	-0.016534	-0.004902	-0.005816
2.523165	-0.016765	-0.005157	-0.005804
2.521345	-0.016515	-0.004762	-0.005876
2.519528	-0.016765	-0.005401	-0.005682
2.517714	-0.016546	-0.005278	-0.005634
2.515902	-0.016998	-0.005610	-0.005694
2.514093	-0.017398	-0.005891	-0.005754
2.512288	-0.017620	-0.006025	-0.005797
2.510485	-0.017558	-0.006211	-0.005674
2.508684	-0.017878	-0.006003	-0.005937
2.506887	-0.018026	-0.006478	-0.005774
2.505092	-0.018167	-0.006565	-0.005801
2.503301	-0.018226	-0.006797	-0.005714
2.501512	-0.018380	-0.006978	-0.005701
2.499726	-0.018841	-0.007516	-0.005662
2.497942	-0.019220	-0.007142	-0.006039
2.496162	-0.019438	-0.007541	-0.005949
2.494384	-0.019051	-0.007767	-0.005642
2.492609	-0.019269	-0.007680	-0.005795
2.490836	-0.019209	-0.007738	-0.005735
2.489067	-0.019677	-0.007696	-0.005991
2.487300	-0.019809	-0.007753	-0.006028
2.485536	-0.019612	-0.007807	-0.005902
2.483774	-0.019753	-0.008044	-0.005855
2.482016	-0.019729	-0.008538	-0.005596
2.480260	-0.019471	-0.008197	-0.005637
2.478507	-0.019732	-0.008287	-0.005722
2.476756	-0.019805	-0.008361	-0.005722
2.475008	-0.019847	-0.008676	-0.005585
2.473263	-0.020558	-0.008638	-0.005960
2.471521	-0.020715	-0.009082	-0.005817
2.469781	-0.020856	-0.008506	-0.006175
2.468044	-0.020747	-0.009142	-0.005802
2.466309	-0.020769	-0.009173	-0.005798
2.464578	-0.020878	-0.009141	-0.005869
2.462848	-0.020966	-0.009481	-0.005743
2.461122	-0.020922	-0.009553	-0.005685
2.459398	-0.021127	-0.009298	-0.005914
2.457677	-0.021003	-0.009623	-0.005690
2.455958	-0.021164	-0.009513	-0.005825
2.454243	-0.021493	-0.009878	-0.005807
2.452529	-0.021330	-0.009692	-0.005819
2.450819	-0.021446	-0.010007	-0.005719
2.449111	-0.021896	-0.010230	-0.005833
2.447405	-0.022050	-0.010179	-0.005935
2.445702	-0.022153	-0.010711	-0.005721
2.444002	-0.022450	-0.010893	-0.005778
2.442304	-0.022389	-0.010666	-0.005862
2.440609	-0.022379	-0.010277	-0.006051
2.438917	-0.022600	-0.010850	-0.005875
2.437227	-0.022112	-0.010635	-0.005738
2.435539	-0.022728	-0.010947	-0.005891
2.433854	-0.022979	-0.010910	-0.006035
2.432172	-0.023058	-0.011622	-0.005718
2.430492	-0.022948	-0.011335	-0.005807
2.428815	-0.023604	-0.011388	-0.006108
2.427140	-0.023683	-0.011789	-0.005947
2.425468	-0.023271	-0.011242	-0.006015
2.423799	-0.023528	-0.011838	-0.005845
2.422131	-0.024181	-0.012207	-0.005987
2.420467	-0.023912	-0.011962	-0.005975
2.418805	-0.023871	-0.012094	-0.005888
2.417145	-0.024447	-0.012731	-0.005858
2.415488	-0.024577	-0.012233	-0.006172
2.413833	-0.024942	-0.012833	-0.006055
2.412181	-0.024363	-0.012946	-0.005709
2.410532	-0.025075	-0.013112	-0.005981
2.408884	-0.025215	-0.013290	-0.005962
2.407240	-0.025020	-0.013384	-0.005818
2.405598	-0.025104	-0.013353	-0.005875
2.403958	-0.025620	-0.013921	-0.005849
2.402320	-0.025408	-0.013249	-0.006079
2.400685	-0.025254	-0.013654	-0.005800
2.399053	-0.025671	-0.013693	-0.005989
2.397423	-0.026286	-0.013883	-0.006201
2.395795	-0.026332	-0.014151	-0.006090
2.394170	-0.025522	-0.013706	-0.005908
2.392547	-0.026140	-0.014375	-0.005882
2.390927	-0.026591	-0.014377	-0.006107
2.389309	-0.026589	-0.014560	-0.006014
2.387694	-0.026816	-0.014524	-0.006146
2.386081	-0.027140	-0.014275	-0.006432
2.384470	-0.026526	-0.014782	-0.005872
2.382861	-0.027072	-0.014716	-0.006178
2.381255	-0.026523	-0.014794	-0.005865
2.379652	-0.026598	-0.015016	-0.005791
2.378051	-0.027217	-0.015062	-0.006078
2.376452	-0.027225	-0.015029	-0.006098
2.374855	-0.026951	-0.015082	-0.005935
2.373261	-0.027403	-0.015290	-0.006056
2.371669	-0.027625	-0.015617	-0.006004
2.370080	-0.027010	-0.015516	-0.005747
2.368493	-0.028021	-0.015691	-0.006165
2.366908	-0.028005	-0.016036	-0.005984
2.365326	-0.027864	-0.016376	-0.005744
2.363745	-0.027647	-0.015998	-0.005824
2.362168	-0.028060	-0.016224	-0.005918
2.360592	-0.028237	-0.015943	-0.006147
2.359019	-0.028072	-0.016304	-0.005884
2.357448	-0.028151	-0.016304	-0.005924
2.355880	-0.028593	-0.017034	-0.005779
2.354313	-0.028672	-0.016688	-0.005992
2.352749	-0.028958	-0.016645	-0.006157
2.351188	-0.028500	-0.016744	-0.005878
2.349628	-0.028704	-0.016339	-0.006183
2.348071	-0.028999	-0.016865	-0.006067
2.346516	-0.028808	-0.016822	-0.005993
2.344964	-0.029067	-0.016889	-0.006089
2.343413	-0.029171	-0.017154	-0.006008
2.341865	-0.029026	-0.017678	-0.005674
2.340319	-0.029424	-0.016924	-0.006250
2.338776	-0.029205	-0.017004	-0.006101
2.337235	-0.029948	-0.017470	-0.006239
2.335695	-0.030057	-0.017868	-0.006094
2.334159	-0.030067	-0.018169	-0.005949
2.332624	-0.030120	-0.018591	-0.005765
2.331091	-0.030140	-0.018277	-0.005931
2.329561	-0.030459	-0.018257	-0.006101
2.328033	-0.030388	-0.018210	-0.006089
2.326508	-0.030530	-0.018479	-0.006026
2.324984	-0.030906	-0.018780	-0.006063
2.323463	-0.030175	-0.018588	-0.005793
2.321943	-0.030780	-0.018924	-0.005928
2.320426	-0.030514	-0.018734	-0.005890
2.318912	-0.030800	-0.018590	-0.006105
2.317399	-0.031227	-0.018969	-0.006129
2.315888	-0.030812	-0.018769	-0.006021
2.314380	-0.031163	-0.018902	-0.006130
2.312874	-0.031031	-0.019613	-0.005709
2.311370	-0.031024	-0.019365	-0.005830
2.309868	-0.031216	-0.019148	-0.006034
2.308369	-0.031290	-0.019773	-0.005759
2.306871	-0.031490	-0.019899	-0.005796
2.305376	-0.031969	-0.019924	-0.006023
2.303883	-0.032011	-0.020136	-0.005938
2.302392	-0.031793	-0.019504	-0.006145
2.300903	-0.031575	-0.019867	-0.005854
2.299416	-0.031810	-0.020230	-0.005790
2.297931	-0.031930	-0.020266	-0.005832
2.296449	-0.032180	-0.019991	-0.006094
2.294968	-0.032244	-0.020195	-0.006024
2.293490	-0.032305	-0.019993	-0.006156
2.292013	-0.032389	-0.020231	-0.006079
2.290539	-0.031997	-0.020067	-0.005965
2.289067	-0.032376	-0.020603	-0.005886
2.287597	-0.032696	-0.020504	-0.006096
2.286129	-0.032584	-0.020192	-0.006196
2.284664	-0.032654	-0.020752	-0.005951
2.283200	-0.032740	-0.020882	-0.005929
2.281738	-0.033278	-0.020587	-0.006345
2.280279	-0.032736	-0.020851	-0.005942
2.278821	-0.033467	-0.021246	-0.006110
2.277366	-0.032567	-0.020886	-0.005840
2.275912	-0.033341	-0.021224	-0.006058
2.274461	-0.032464	-0.020890	-0.005787
2.273012	-0.032996	-0.021333	-0.005831
2.271564	-0.032888	-0.021155	-0.005866
2.270119	-0.033294	-0.021687	-0.005803
2.268676	-0.033714	-0.021299	-0.006208
2.267235	-0.034156	-0.021962	-0.006097
2.265796	-0.034311	-0.022061	-0.006125
2.264359	-0.034093	-0.021609	-0.006242
2.262923	-0.033816	-0.021909	-0.005953
2.261490	-0.034049	-0.022019	-0.006015
2.260059	-0.033744	-0.022299	-0.005722
2.258630	-0.034288	-0.021569	-0.006360
2.257203	-0.034477	-0.022411	-0.006033
2.255778	-0.034119	-0.022080	-0.006019
2.254355	-0.034443	-0.022004	-0.006220
2.252934	-0.034407	-0.022355	-0.006026
2.251515	-0.035042	-0.022087	-0.006478
2.250098	-0.035228	-0.022522	-0.006353
2.248683	-0.035221	-0.023443	-0.005889
2.247269	-0.035606	-0.023646	-0.005980
2.245858	-0.036103	-0.024236	-0.005934
2.244449	-0.036069	-0.023969	-0.006050
2.243042	-0.036187	-0.023575	-0.006306
2.241636	-0.035873	-0.023491	-0.006191
2.240233	-0.035988	-0.023367	-0.006310
2.238832	-0.035195	-0.023495	-0.005850
2.237432	-0.035140	-0.023178	-0.005981
2.236035	-0.035141	-0.023479	-0.005831
2.234639	-0.035116	-0.023405	-0.005856
2.233245	-0.035625	-0.023466	-0.006080
2.231854	-0.035709	-0.023959	-0.005875
2.230464	-0.035758	-0.023693	-0.006033
2.229076	-0.035534	-0.023540	-0.005997
2.227690	-0.036090	-0.023720	-0.006185
2.226306	-0.036081	-0.023519	-0.006281
2.224924	-0.036256	-0.024059	-0.006099
2.223544	-0.036117	-0.024072	-0.006023
2.222165	-0.036677	-0.024137	-0.006270
2.220789	-0.036599	-0.024391	-0.006104
2.219414	-0.036736	-0.024194	-0.006271
2.218042	-0.036719	-0.024502	-0.006109
2.216671	-0.037256	-0.024332	-0.006462
2.215302	-0.036967	-0.024845	-0.006061
2.213935	-0.037270	-0.024528	-0.006371
2.212570	-0.036937	-0.024456	-0.006240
2.211207	-0.037412	-0.024419	-0.006496
2.209845	-0.037593	-0.024244	-0.006675
2.208486	-0.036967	-0.025005	-0.005981
2.207128	-0.037768	-0.025406	-0.006181
2.205772	-0.037616	-0.025627	-0.005995
2.204418	-0.037210	-0.025383	-0.005914
2.203066	-0.037513	-0.025218	-0.006148
2.201716	-0.037507	-0.025213	-0.006147
2.200367	-0.037790	-0.024954	-0.006418
2.199021	-0.036946	-0.025042	-0.005952
2.197676	-0.038044	-0.025974	-0.006035
2.196333	-0.037954	-0.024847	-0.006553
2.194992	-0.037605	-0.025716	-0.005945
2.193653	-0.038069	-0.025941	-0.006064
2.192315	-0.038233	-0.025793	-0.006220
2.190980	-0.038902	-0.025678	-0.006612
2.189646	-0.038686	-0.025816	-0.006435
2.188314	-0.038885	-0.026923	-0.005981
2.186984	-0.039090	-0.026171	-0.006459
2.185655	-0.038990	-0.026307	-0.006342
2.184328	-0.038807	-0.026519	-0.006144
2.183004	-0.039527	-0.026633	-0.006447
2.181681	-0.039282	-0.026498	-0.006392
2.180359	-0.038949	-0.026588	-0.006181
2.179040	-0.038689	-0.026696	-0.005997
2.177722	-0.038693	-0.026661	-0.006016
2.176406	-0.039447	-0.026664	-0.006392
2.175092	-0.039084	-0.026589	-0.006248
2.173780	-0.039257	-0.027067	-0.006095
2.172469	-0.039744	-0.027216	-0.006264
2.171160	-0.039508	-0.027261	-0.006124
2.169853	-0.040242	-0.027485	-0.006379
2.168548	-0.039950	-0.027321	-0.006315
2.167244	-0.040051	-0.027434	-0.006308
2.165943	-0.039904	-0.027442	-0.006231
2.164643	-0.039948	-0.027694	-0.006127
2.163344	-0.040425	-0.027779	-0.006323
2.162048	-0.039876	-0.027567	-0.006155
2.160753	-0.040539	-0.027648	-0.006445
2.159460	-0.040487	-0.027865	-0.006311
2.158168	-0.040611	-0.027938	-0.006337
2.156879	-0.040436	-0.028270	-0.006083
2.155591	-0.040571	-0.028081	-0.006245
2.154304	-0.041125	-0.027650	-0.006737
2.153020	-0.040551	-0.028209	-0.006171
2.151737	-0.041244	-0.028664	-0.006290
2.150456	-0.040774	-0.028338	-0.006218
2.149177	-0.041278	-0.028251	-0.006514
2.147899	-0.040795	-0.028385	-0.006205
2.146623	-0.041191	-0.028310	-0.006441
2.145349	-0.041327	-0.028842	-0.006243
2.144076	-0.041209	-0.028747	-0.006231
2.142805	-0.041441	-0.028798	-0.006322
2.141536	-0.041269	-0.028835	-0.006217
2.140268	-0.041445	-0.029191	-0.006127
2.139002	-0.041409	-0.028605	-0.006402
2.137738	-0.041715	-0.028989	-0.006363
2.136476	-0.041849	-0.029033	-0.006408
2.135215	-0.042207	-0.028819	-0.006694
2.133956	-0.042170	-0.029173	-0.006498
2.132698	-0.041727	-0.029048	-0.006339
2.131442	-0.042060	-0.029032	-0.006514
2.130188	-0.041807	-0.029003	-0.006402
2.128935	-0.042718	-0.029808	-0.006455
2.127684	-0.042287	-0.029467	-0.006410
2.126435	-0.042631	-0.030015	-0.006308
2.125187	-0.042813	-0.030022	-0.006395
2.123941	-0.042618	-0.029610	-0.006504
2.122697	-0.042681	-0.029852	-0.006414
2.121454	-0.042329	-0.029928	-0.006200
2.120213	-0.042639	-0.030281	-0.006179
2.118974	-0.042502	-0.029763	-0.006370
2.117736	-0.042882	-0.030183	-0.006349
2.116500	-0.042937	-0.030388	-0.006274
2.115265	-0.042719	-0.029790	-0.006465
2.114032	-0.042893	-0.030473	-0.006210
2.112801	-0.043361	-0.030039	-0.006661
2.111571	-0.043526	-0.030607	-0.006459
2.110343	-0.043732	-0.030183	-0.006774
2.109116	-0.044136	-0.030989	-0.006574
2.107891	-0.043093	-0.030538	-0.006277
2.106668	-0.043689	-0.030165	-0.006762
2.105446	-0.043391	-0.030486	-0.006452
2.104226	-0.043559	-0.030852	-0.006353
2.103007	-0.043658	-0.031038	-0.006310
2.101790	-0.043559	-0.031292	-0.006133
2.100575	-0.044193	-0.030925	-0.006634
2.099361	-0.044411	-0.031417	-0.006497
2.098149	-0.043976	-0.031608	-0.006184
2.096938	-0.043674	-0.031528	-0.006073
2.095729	-0.044871	-0.031645	-0.006613
2.094521	-0.044313	-0.031586	-0.006363
2.093315	-0.044105	-0.030798	-0.006654
2.092111	-0.043984	-0.031299	-0.006342
2.090908	-0.044151	-0.030632	-0.006760
2.089707	-0.044306	-0.031591	-0.006358
2.088507	-0.044477	-0.031580	-0.006449
2.087309	-0.044661	-0.031803	-0.006429
2.086112	-0.044725	-0.031333	-0.006696
2.084917	-0.044927	-0.031867	-0.006530
2.083723	-0.044403	-0.031175	-0.006614
2.082531	-0.044881	-0.032199	-0.006341
2.081341	-0.044377	-0.031689	-0.006344
2.080152	-0.044469	-0.031905	-0.006282
2.078964	-0.044424	-0.031824	-0.006300
2.077778	-0.045052	-0.032031	-0.006510
2.076594	-0.044358	-0.032659	-0.005850
2.075411	-0.044823	-0.031965	-0.006429
2.074230	-0.045464	-0.032045	-0.006709
2.073050	-0.045236	-0.032084	-0.006576
2.071871	-0.045877	-0.032123	-0.006877
2.070694	-0.045451	-0.032854	-0.006298
2.069519	-0.045581	-0.032528	-0.006527
2.068345	-0.045973	-0.032862	-0.006556
2.067173	-0.045491	-0.033032	-0.006229
2.066002	-0.045970	-0.032550	-0.006710
2.064833	-0.045850	-0.032800	-0.006525
2.063665	-0.045791	-0.032807	-0.006492
2.062498	-0.046051	-0.033049	-0.006501
2.061333	-0.046946	-0.033255	-0.006846
2.060170	-0.046314	-0.032892	-0.006711
2.059008	-0.046132	-0.033569	-0.006282
2.057848	-0.045892	-0.033002	-0.006445
2.056689	-0.045802	-0.033068	-0.006367
2.055531	-0.046038	-0.032751	-0.006644
2.054375	-0.046731	-0.032801	-0.006965
2.053221	-0.046496	-0.033555	-0.006470
2.052067	-0.046703	-0.033399	-0.006652
2.050916	-0.046890	-0.034162	-0.006364
2.049766	-0.046630	-0.033960	-0.006335
2.048617	-0.047013	-0.033695	-0.006659
2.047470	-0.046983	-0.033592	-0.006696
2.046324	-0.045794	-0.033898	-0.005948
2.045179	-0.046997	-0.034117	-0.006440
2.044036	-0.047250	-0.034139	-0.006555
2.042895	-0.046799	-0.033800	-0.006499
2.041755	-0.047508	-0.034224	-0.006642
2.040616	-0.047834	-0.034600	-0.006617
2.039479	-0.046927	-0.034660	-0.006134
2.038343	-0.046959	-0.034353	-0.006303
2.037209	-0.047395	-0.034847	-0.006274
2.036076	-0.048308	-0.034563	-0.006873
2.034945	-0.047232	-0.034751	-0.006241
2.033815	-0.048013	-0.034799	-0.006607
2.032686	-0.047656	-0.034162	-0.006747
2.031559	-0.047629	-0.034825	-0.006402
2.030433	-0.047915	-0.034607	-0.006654
2.029309	-0.048472	-0.035234	-0.006619
2.028186	-0.048042	-0.034902	-0.006570
2.027064	-0.048333	-0.035994	-0.006170
2.025944	-0.048728	-0.035673	-0.006528
2.024825	-0.048715	-0.035589	-0.006563
2.023708	-0.048648	-0.036107	-0.006270
2.022592	-0.049405	-0.035524	-0.006941
2.021477	-0.049241	-0.035249	-0.006996
2.020364	-0.048251	-0.035983	-0.006134
2.019252	-0.047937	-0.035318	-0.006309
2.018142	-0.048001	-0.035022	-0.006490
2.017033	-0.048238	-0.034950	-0.006644
2.015925	-0.048124	-0.034753	-0.006686
2.014819	-0.049039	-0.035113	-0.006963
2.013714	-0.049150	-0.035524	-0.006813
2.012610	-0.049172	-0.035835	-0.006669
2.011508	-0.048566	-0.035986	-0.006290
2.010407	-0.049306	-0.036325	-0.006491
2.009308	-0.049785	-0.036444	-0.006671
2.008210	-0.049359	-0.036390	-0.006485
2.007113	-0.049664	-0.036792	-0.006436
2.006018	-0.049707	-0.036396	-0.006656
2.004924	-0.049374	-0.036508	-0.006433
2.003831	-0.049982	-0.036343	-0.006820
2.002740	-0.049771	-0.036762	-0.006505
2.001650	-0.049953	-0.037321	-0.006316
2.000561	-0.050497	-0.036674	-0.006911
1.999474	-0.050205	-0.036519	-0.006843
1.998388	-0.050102	-0.037028	-0.006537
1.997303	-0.050656	-0.037179	-0.006739
1.996220	-0.050381	-0.037455	-0.006463
1.995138	-0.050537	-0.037614	-0.006461
1.994058	-0.050738	-0.037680	-0.006529
1.992978	-0.051424	-0.037570	-0.006927
1.991901	-0.051152	-0.037833	-0.006660
1.990824	-0.051345	-0.038227	-0.006559
1.989749	-0.051765	-0.038364	-0.006701
1.988675	-0.051476	-0.038101	-0.006688
1.987602	-0.051515	-0.037941	-0.006787
1.986531	-0.052133	-0.038540	-0.006796
1.985461	-0.051373	-0.038590	-0.006392
1.984392	-0.051651	-0.038080	-0.006785
1.983325	-0.051838	-0.039057	-0.006390
1.982259	-0.052638	-0.039192	-0.006723
1.981194	-0.052717	-0.039165	-0.006776
1.980130	-0.053001	-0.039366	-0.006818
1.979068	-0.052811	-0.039976	-0.006417
1.978007	-0.052643	-0.039415	-0.006614
1.976948	-0.052245	-0.039570	-0.006338
1.975889	-0.052564	-0.038664	-0.006950
1.974832	-0.052475	-0.039397	-0.006539
1.973777	-0.052563	-0.038656	-0.006954
1.972722	-0.052442	-0.038707	-0.006867
1.971669	-0.052422	-0.038996	-0.006713
1.970617	-0.053071	-0.039008	-0.007031
1.969566	-0.052875	-0.039229	-0.006823
1.968517	-0.052965	-0.039221	-0.006872
1.967469	-0.052618	-0.039319	-0.006649
1.966422	-0.052276	-0.038912	-0.006682
1.965377	-0.052153	-0.039025	-0.006564
1.964333	-0.052082	-0.038644	-0.006719
1.963290	-0.052248	-0.039448	-0.006400
1.962248	-0.052572	-0.039613	-0.006479
1.961207	-0.052109	-0.039468	-0.006321
1.960168	-0.052704	-0.039343	-0.006681
1.959130	-0.052667	-0.038947	-0.006860
1.958094	-0.052887	-0.039609	-0.006639
1.957058	-0.053001	-0.040151	-0.006425
1.956024	-0.053189	-0.039876	-0.006657
1.954991	-0.052953	-0.039941	-0.006506
1.953959	-0.053093	-0.039998	-0.006547
1.952929	-0.053216	-0.039611	-0.006803
1.951900	-0.053064	-0.040187	-0.006439
1.950872	-0.053411	-0.039503	-0.006954
1.949845	-0.053837	-0.039727	-0.007055
1.948819	-0.053029	-0.040493	-0.006268
1.947795	-0.053634	-0.039640	-0.006997
1.946772	-0.053833	-0.039972	-0.006930
1.945750	-0.054277	-0.039728	-0.007275
1.944729	-0.053177	-0.039961	-0.006608
1.943710	-0.053562	-0.039679	-0.006942
1.942692	-0.053698	-0.040168	-0.006765
1.941675	-0.053329	-0.040113	-0.006608
1.940659	-0.053518	-0.039993	-0.006763
1.939645	-0.053188	-0.040097	-0.006545
1.938631	-0.053593	-0.040801	-0.006396
1.937619	-0.054358	-0.040280	-0.007039
1.936608	-0.054315	-0.040159	-0.007078
1.935599	-0.053353	-0.040246	-0.006554
1.934590	-0.053802	-0.040391	-0.006705
1.933583	-0.054131	-0.040001	-0.007065
1.932577	-0.053403	-0.040174	-0.006615
1.931572	-0.053636	-0.040022	-0.006807
1.930568	-0.054380	-0.040694	-0.006843
1.929566	-0.054110	-0.041300	-0.006405
1.928565	-0.054258	-0.041170	-0.006544
1.927565	-0.054543	-0.041142	-0.006700
1.926566	-0.054769	-0.041301	-0.006734
1.925568	-0.054802	-0.041410	-0.006696
1.924571	-0.055042	-0.041370	-0.006836
1.923576	-0.054771	-0.041626	-0.006572
1.922582	-0.055513	-0.041243	-0.007135
1.921589	-0.055354	-0.040483	-0.007436
1.920597	-0.054714	-0.041368	-0.006673
1.919606	-0.054824	-0.040929	-0.006947
1.918617	-0.054249	-0.041169	-0.006540
1.917629	-0.054523	-0.040580	-0.006971
1.916641	-0.054608	-0.041078	-0.006765
1.915655	-0.054638	-0.041287	-0.006675
1.914671	-0.054547	-0.041333	-0.006607
1.913687	-0.054879	-0.040843	-0.007018
1.912704	-0.055091	-0.041430	-0.006831
1.911723	-0.055228	-0.041366	-0.006931
1.910743	-0.055256	-0.042089	-0.006583
1.909764	-0.055290	-0.041360	-0.006965
1.908786	-0.054992	-0.041694	-0.006649
1.907809	-0.055190	-0.041521	-0.006834
1.906834	-0.055581	-0.042272	-0.006654
1.905859	-0.055688	-0.041611	-0.007038
1.904886	-0.055601	-0.041731	-0.006935
1.903914	-0.054914	-0.042095	-0.006409
1.902943	-0.055242	-0.042213	-0.006514
1.901973	-0.055715	-0.042261	-0.006727
1.901004	-0.055988	-0.042304	-0.006842
1.900036	-0.055302	-0.042231	-0.006536
1.899070	-0.056658	-0.042878	-0.006890
1.898105	-0.056212	-0.042646	-0.006783
1.897140	-0.055365	-0.042499	-0.006433
1.896177	-0.055802	-0.042825	-0.006489
1.895215	-0.056233	-0.042798	-0.006718
1.894254	-0.055631	-0.042702	-0.006465
1.893295	-0.055976	-0.042573	-0.006702
1.892336	-0.056008	-0.042635	-0.006687
1.891378	-0.056266	-0.042480	-0.006893
1.890422	-0.056505	-0.042766	-0.006869
1.889467	-0.056327	-0.042834	-0.006746
1.888513	-0.056876	-0.043053	-0.006912
1.887560	-0.056539	-0.042763	-0.006888
1.886608	-0.056643	-0.042848	-0.006898
1.885657	-0.056298	-0.042411	-0.006944
1.884707	-0.056353	-0.042537	-0.006908
1.883758	-0.056506	-0.042527	-0.006990
1.882811	-0.056490	-0.042211	-0.007140
1.881864	-0.056623	-0.043139	-0.006742
1.880919	-0.056742	-0.043270	-0.006736
1.879975	-0.056372	-0.043054	-0.006659
1.879032	-0.056699	-0.043114	-0.006792
1.878090	-0.057071	-0.043225	-0.006923
1.877149	-0.057422	-0.042962	-0.007230
1.876209	-0.057223	-0.042619	-0.007302
1.875270	-0.057036	-0.042710	-0.007163
1.874332	-0.057610	-0.042947	-0.007332
1.873396	-0.057222	-0.042969	-0.007126
1.872460	-0.057371	-0.043794	-0.006788
1.871525	-0.057680	-0.043440	-0.007120
1.870592	-0.057296	-0.043651	-0.006823
1.869660	-0.057610	-0.043981	-0.006815
1.868728	-0.057811	-0.043514	-0.007149
1.867798	-0.058214	-0.043467	-0.007374
1.866869	-0.058188	-0.044189	-0.006999
1.865941	-0.057900	-0.043826	-0.007037
1.865014	-0.057630	-0.044211	-0.006710
1.864088	-0.057792	-0.044591	-0.006600
1.863163	-0.057806	-0.044427	-0.006690
1.862239	-0.057611	-0.043708	-0.006951
1.861317	-0.058443	-0.044295	-0.007074
1.860395	-0.058043	-0.044352	-0.006846
1.859474	-0.058025	-0.044938	-0.006544
1.858555	-0.058354	-0.044018	-0.007168
1.857636	-0.058726	-0.044815	-0.006956
1.856719	-0.058507	-0.044624	-0.006942
1.855802	-0.058606	-0.044422	-0.007092
1.854887	-0.058430	-0.044561	-0.006935
1.853973	-0.058119	-0.044189	-0.006965
1.853059	-0.058575	-0.044880	-0.006848
1.852147	-0.058555	-0.043971	-0.007292
1.851236	-0.058607	-0.044936	-0.006836
1.850326	-0.058796	-0.044643	-0.007076
1.849416	-0.058878	-0.044825	-0.007027
1.848508	-0.059204	-0.044859	-0.007172
1.847601	-0.058463	-0.044795	-0.006834
1.846695	-0.058365	-0.044866	-0.006750
1.845790	-0.058180	-0.044324	-0.006928
1.844886	-0.058965	-0.044636	-0.007164
1.843983	-0.058417	-0.044509	-0.006954
1.843081	-0.059062	-0.045152	-0.006955
1.842180	-0.059177	-0.045318	-0.006930
1.841280	-0.059355	-0.045319	-0.007018
1.840381	-0.059468	-0.045786	-0.006841
1.839484	-0.059203	-0.044945	-0.007129
1.838587	-0.059605	-0.045442	-0.007081
1.837691	-0.059766	-0.045428	-0.007169
1.836796	-0.059571	-0.046152	-0.006710
1.835902	-0.060428	-0.046378	-0.007025
1.835009	-0.059929	-0.045860	-0.007034
1.834118	-0.060295	-0.046596	-0.006849
1.833227	-0.059150	-0.046465	-0.006342
1.832337	-0.059851	-0.045205	-0.007323
1.831448	-0.059927	-0.045666	-0.007130
1.830560	-0.059037	-0.045456	-0.006790
1.829674	-0.058602	-0.045057	-0.006773
1.828788	-0.059083	-0.045564	-0.006759
1.827903	-0.059011	-0.044892	-0.007060
1.827019	-0.059395	-0.046037	-0.006679
1.826136	-0.059853	-0.045535	-0.007159
1.825255	-0.060322	-0.046010	-0.007156
1.824374	-0.059935	-0.046288	-0.006823
1.823494	-0.060959	-0.046083	-0.007438
1.822615	-0.060318	-0.045882	-0.007218
1.821737	-0.061101	-0.047008	-0.007047
1.820860	-0.060748	-0.046770	-0.006989
1.819984	-0.060340	-0.046735	-0.006803
1.819109	-0.060448	-0.046839	-0.006805
1.818235	-0.060444	-0.046162	-0.007141
1.817362	-0.060443	-0.046813	-0.006815
1.816490	-0.060362	-0.047257	-0.006553
1.815619	-0.060936	-0.047083	-0.006926
1.814749	-0.061216	-0.047002	-0.007107
1.813880	-0.060848	-0.046865	-0.006992
1.813012	-0.061024	-0.047260	-0.006882
1.812145	-0.061186	-0.046666	-0.007260
1.811279	-0.060581	-0.047423	-0.006579
1.810413	-0.061899	-0.047206	-0.007346
1.809549	-0.061259	-0.047984	-0.006637
1.808686	-0.061871	-0.047247	-0.007312
1.807824	-0.061782	-0.047499	-0.007141
1.806962	-0.061383	-0.046931	-0.007226
1.806102	-0.061877	-0.047496	-0.007190
1.805242	-0.061356	-0.047426	-0.006965
1.804384	-0.061047	-0.046901	-0.007073
1.803526	-0.061918	-0.046647	-0.007636
1.802670	-0.061409	-0.048254	-0.006577
1.801814	-0.061845	-0.047595	-0.007125
1.800959	-0.062144	-0.047850	-0.007147
1.800105	-0.062271	-0.046986	-0.007643
1.799252	-0.062728	-0.047892	-0.007418
1.798401	-0.062332	-0.047476	-0.007428
1.797550	-0.062108	-0.047935	-0.007086
1.796700	-0.062038	-0.047596	-0.007221
1.795851	-0.061566	-0.048226	-0.006670
1.795002	-0.061638	-0.048964	-0.006337
1.794155	-0.062176	-0.047635	-0.007271
1.793309	-0.062883	-0.048515	-0.007184
1.792464	-0.063078	-0.048322	-0.007378
1.791619	-0.062396	-0.048138	-0.007129
1.790776	-0.063232	-0.048557	-0.007337
1.789933	-0.062863	-0.048374	-0.007244
1.789092	-0.062766	-0.049102	-0.006832
1.788251	-0.063208	-0.048546	-0.007331
1.787411	-0.062418	-0.048828	-0.006795
1.786572	-0.062948	-0.048583	-0.007182
1.785734	-0.062516	-0.048406	-0.007055
1.784897	-0.062823	-0.048588	-0.007118
1.784061	-0.062669	-0.047802	-0.007434
1.783226	-0.062762	-0.048574	-0.007094
1.782392	-0.063085	-0.048923	-0.007081
1.781558	-0.063337	-0.049010	-0.007164
1.780726	-0.062837	-0.049358	-0.006739
1.779894	-0.063618	-0.049596	-0.007011
1.779064	-0.062972	-0.048828	-0.007072
1.778234	-0.063222	-0.048816	-0.007203
1.777405	-0.064087	-0.048761	-0.007663
1.776577	-0.064128	-0.049342	-0.007393
1.775750	-0.063061	-0.048689	-0.007186
1.774924	-0.064045	-0.048722	-0.007661
1.774099	-0.063536	-0.049856	-0.006840
1.773275	-0.063185	-0.049727	-0.006729
1.772451	-0.063720	-0.049529	-0.007095
1.771629	-0.064138	-0.049620	-0.007259
1.770807	-0.063981	-0.049377	-0.007302
1.769986	-0.064440	-0.049883	-0.007278
1.769167	-0.064537	-0.049829	-0.007354
1.768348	-0.064174	-0.050384	-0.006895
1.767530	-0.064958	-0.049926	-0.007516
1.766712	-0.064199	-0.049598	-0.007300
1.765896	-0.064501	-0.049224	-0.007639
1.765081	-0.063993	-0.049724	-0.007134
1.764266	-0.063894	-0.049479	-0.007208
1.763453	-0.063958	-0.050086	-0.006936
1.762640	-0.063526	-0.048572	-0.007477
1.761828	-0.064012	-0.049179	-0.007417
1.761017	-0.063555	-0.049340	-0.007107
1.760207	-0.063693	-0.049186	-0.007254
1.759398	-0.063390	-0.049357	-0.007016
1.758589	-0.064139	-0.050016	-0.007062
1.757782	-0.064246	-0.049457	-0.007394
1.756975	-0.064713	-0.049818	-0.007447
1.756169	-0.064506	-0.050169	-0.007169
1.755365	-0.064475	-0.050984	-0.006745
1.754560	-0.065363	-0.051705	-0.006829
1.753757	-0.065814	-0.051421	-0.007196
1.752955	-0.065785	-0.050565	-0.007610
1.752154	-0.065580	-0.050708	-0.007436
1.751353	-0.066278	-0.050596	-0.007841
1.750553	-0.066440	-0.050910	-0.007765
1.749755	-0.065841	-0.051259	-0.007291
1.748957	-0.065715	-0.051354	-0.007180
1.748159	-0.065703	-0.051410	-0.007147
1.747363	-0.065527	-0.051928	-0.006799
1.746568	-0.067002	-0.052559	-0.007221
1.745773	-0.066880	-0.051730	-0.007575
1.744979	-0.066954	-0.051295	-0.007830
1.744187	-0.065722	-0.051818	-0.006952
1.743395	-0.065993	-0.051546	-0.007224
1.742603	-0.065707	-0.052038	-0.006834
1.741813	-0.065678	-0.052337	-0.006670
1.741024	-0.066585	-0.052339	-0.007123
1.740235	-0.066657	-0.051988	-0.007335
1.739447	-0.066701	-0.052073	-0.007314
1.738660	-0.067024	-0.052741	-0.007142
1.737874	-0.066788	-0.052655	-0.007066
1.737089	-0.066988	-0.052401	-0.007294
1.736304	-0.067411	-0.052325	-0.007543
1.735521	-0.067150	-0.052166	-0.007492
1.734738	-0.067029	-0.052033	-0.007498
1.733956	-0.066757	-0.053228	-0.006765
1.733175	-0.067809	-0.053197	-0.007306
1.732395	-0.067811	-0.052812	-0.007500
1.731615	-0.067544	-0.052860	-0.007342
1.730837	-0.068110	-0.054219	-0.006945
1.730059	-0.068724	-0.053047	-0.007838
1.729282	-0.068736	-0.054100	-0.007318
1.728506	-0.068156	-0.053984	-0.007086
1.727730	-0.068843	-0.054074	-0.007385
1.726956	-0.068218	-0.053758	-0.007230
1.726182	-0.067998	-0.054314	-0.006842
1.725409	-0.069277	-0.055059	-0.007109
1.724637	-0.068720	-0.054542	-0.007089
1.723866	-0.067908	-0.054177	-0.006866
1.723096	-0.069126	-0.053837	-0.007645
1.722326	-0.070008	-0.054744	-0.007632
1.721557	-0.068104	-0.054654	-0.006725
1.720789	-0.068511	-0.053663	-0.007424
1.720022	-0.068179	-0.053258	-0.007460
1.719256	-0.069180	-0.054605	-0.007287
1.718490	-0.069169	-0.054594	-0.007288
1.717726	-0.068525	-0.053782	-0.007371
1.716962	-0.068380	-0.054233	-0.007074
1.716199	-0.069248	-0.053805	-0.007721
1.715436	-0.068878	-0.054236	-0.007321
1.714675	-0.069083	-0.054721	-0.007181
1.713914	-0.069480	-0.054221	-0.007630
1.713154	-0.068879	-0.055255	-0.006812
1.712395	-0.070025	-0.055483	-0.007271
1.711637	-0.069042	-0.055164	-0.006939
1.710879	-0.070128	-0.055672	-0.007228
1.710122	-0.070128	-0.056119	-0.007005
1.709366	-0.070995	-0.055451	-0.007772
1.708611	-0.069958	-0.054598	-0.007680
1.707857	-0.069856	-0.055222	-0.007317
1.707103	-0.069332	-0.054846	-0.007243
1.706351	-0.069526	-0.055404	-0.007061
1.705599	-0.069230	-0.054590	-0.007320
1.704847	-0.069143	-0.055625	-0.006759
1.704097	-0.069332	-0.054651	-0.007341
1.703347	-0.070256	-0.054883	-0.007687
1.702599	-0.070319	-0.054988	-0.007666
1.701850	-0.069541	-0.055093	-0.007224
1.701103	-0.070648	-0.055511	-0.007569
1.700357	-0.070608	-0.056312	-0.007148
1.699611	-0.070799	-0.056096	-0.007351
1.698866	-0.070703	-0.055975	-0.007364
1.698122	-0.070320	-0.056350	-0.006985
1.697378	-0.070286	-0.056108	-0.007089
1.696636	-0.070681	-0.055712	-0.007485
1.695894	-0.071100	-0.055906	-0.007597
1.695153	-0.070986	-0.055626	-0.007680
1.694412	-0.071183	-0.055922	-0.007630
1.693673	-0.071499	-0.056257	-0.007621
1.692934	-0.071538	-0.056466	-0.007536
1.692196	-0.070930	-0.057234	-0.006848
1.691459	-0.071389	-0.056689	-0.007350
1.690722	-0.071660	-0.056352	-0.007654
1.689987	-0.071926	-0.056143	-0.007891
1.689252	-0.072203	-0.056870	-0.007667
1.688518	-0.072652	-0.056587	-0.008033
1.687784	-0.071948	-0.057628	-0.007160
1.687051	-0.070188	-0.056663	-0.006763
1.686320	-0.072112	-0.056744	-0.007684
1.685588	-0.071791	-0.057282	-0.007255
1.684858	-0.071410	-0.056653	-0.007379
1.684128	-0.071183	-0.057272	-0.006955
1.683399	-0.071849	-0.058301	-0.006774
1.682671	-0.071807	-0.057340	-0.007233
1.681944	-0.072430	-0.058293	-0.007068
1.681217	-0.072880	-0.058053	-0.007414
1.680491	-0.072358	-0.058094	-0.007132
1.679766	-0.072817	-0.058232	-0.007292
1.679042	-0.072184	-0.058461	-0.006862
1.678318	-0.073025	-0.058570	-0.007227
1.677595	-0.072680	-0.058441	-0.007120
1.676873	-0.073567	-0.058112	-0.007728
1.676152	-0.073200	-0.057946	-0.007627
1.675431	-0.073693	-0.058595	-0.007549
1.674711	-0.073265	-0.059124	-0.007071
1.673992	-0.073904	-0.059377	-0.007264
1.673273	-0.073819	-0.058298	-0.007760
1.672556	-0.073844	-0.058952	-0.007446
1.671839	-0.073310	-0.058547	-0.007382
1.671122	-0.073530	-0.058680	-0.007425
1.670407	-0.072386	-0.057614	-0.007386
1.669692	-0.073036	-0.057933	-0.007551
1.668978	-0.073164	-0.057744	-0.007710
1.668265	-0.072566	-0.057693	-0.007436
1.667552	-0.072892	-0.057208	-0.007842
1.666840	-0.071453	-0.058339	-0.006557
1.666129	-0.072741	-0.057448	-0.007647
1.665418	-0.071844	-0.057583	-0.007131
1.664709	-0.072119	-0.057488	-0.007315
1.664000	-0.073357	-0.057003	-0.008177
1.663292	-0.072198	-0.057950	-0.007124
1.662584	-0.072061	-0.057471	-0.007295
1.661877	-0.071459	-0.056869	-0.007295
1.661171	-0.071410	-0.057289	-0.007061
1.660466	-0.072415	-0.056777	-0.007819
1.659761	-0.071573	-0.056433	-0.007570
1.659057	-0.072041	-0.056825	-0.007608
1.658354	-0.071821	-0.056175	-0.007823
1.657651	-0.071803	-0.058035	-0.006884
1.656950	-0.072018	-0.057293	-0.007362
1.656249	-0.072098	-0.058024	-0.007037
1.655548	-0.072618	-0.057953	-0.007333
1.654848	-0.072041	-0.057481	-0.007280
1.654150	-0.073143	-0.057952	-0.007595
1.653451	-0.072310	-0.058460	-0.006925
1.652754	-0.072199	-0.058225	-0.006987
1.652057	-0.072951	-0.057081	-0.007935
1.651361	-0.071918	-0.058716	-0.006601
1.650665	-0.072852	-0.057553	-0.007649
1.649971	-0.072309	-0.057564	-0.007373
1.649277	-0.071887	-0.058253	-0.006817
1.648583	-0.072707	-0.058615	-0.007046
1.647891	-0.073574	-0.058599	-0.007488
1.647199	-0.073441	-0.058728	-0.007357
1.646508	-0.073807	-0.059008	-0.007399
1.645817	-0.074653	-0.058518	-0.008068
1.645127	-0.073401	-0.058974	-0.007213
1.644438	-0.074804	-0.060385	-0.007209
1.643750	-0.074799	-0.060377	-0.007211
1.643062	-0.075038	-0.060607	-0.007215
1.642375	-0.074976	-0.060875	-0.007050
1.641689	-0.075527	-0.060950	-0.007289
1.641003	-0.075873	-0.061130	-0.007372
1.640318	-0.075351	-0.061695	-0.006828
1.639634	-0.075202	-0.061934	-0.006634
1.638950	-0.076639	-0.061113	-0.007763
1.638267	-0.076963	-0.061444	-0.007760
1.637585	-0.077027	-0.062479	-0.007274
1.636903	-0.076273	-0.062619	-0.006827
1.636222	-0.077635	-0.062212	-0.007711
1.635542	-0.076611	-0.062264	-0.007174
1.634863	-0.076831	-0.062417	-0.007207
1.634184	-0.077573	-0.062815	-0.007379
1.633506	-0.077509	-0.062646	-0.007432
1.632828	-0.077533	-0.062105	-0.007714
1.632151	-0.077253	-0.063200	-0.007027
1.631475	-0.077868	-0.062948	-0.007460
1.630800	-0.077646	-0.063346	-0.007150
1.630125	-0.077596	-0.062623	-0.007486
1.629451	-0.076951	-0.062542	-0.007204
1.628778	-0.078378	-0.062552	-0.007913
1.628105	-0.077005	-0.062193	-0.007406
1.627433	-0.077342	-0.062663	-0.007339
1.626761	-0.078240	-0.062613	-0.007814
1.626091	-0.078028	-0.063667	-0.007181
1.625421	-0.078681	-0.063801	-0.007440
1.624751	-0.077348	-0.062647	-0.007350
1.624083	-0.077357	-0.062937	-0.007210
1.623414	-0.077337	-0.063229	-0.007054
1.622747	-0.078051	-0.062429	-0.007811
1.622080	-0.077155	-0.063294	-0.006931
1.621414	-0.078100	-0.061814	-0.008143
1.620749	-0.077265	-0.061987	-0.007639
1.620084	-0.077932	-0.062968	-0.007482
1.619420	-0.076485	-0.063003	-0.006741
1.618757	-0.077189	-0.062487	-0.007351
1.618094	-0.077995	-0.063316	-0.007340
1.617432	-0.078328	-0.063045	-0.007641
1.616770	-0.078485	-0.063750	-0.007368
1.616109	-0.077937	-0.063417	-0.007260
1.615449	-0.078546	-0.063782	-0.007382
1.614790	-0.076897	-0.062920	-0.006989
1.614131	-0.076859	-0.062629	-0.007115
1.613473	-0.077163	-0.063263	-0.006950
1.612815	-0.077337	-0.062753	-0.007292
1.612158	-0.077120	-0.063171	-0.006975
1.611502	-0.077310	-0.063505	-0.006902
1.610846	-0.077277	-0.062929	-0.007174
1.610191	-0.078292	-0.062330	-0.007981
1.609537	-0.077806	-0.062659	-0.007574
1.608883	-0.077614	-0.062112	-0.007751
1.608230	-0.076551	-0.062141	-0.007205
1.607578	-0.077905	-0.062743	-0.007581
1.606926	-0.076649	-0.061079	-0.007785
1.606275	-0.075853	-0.062369	-0.006742
1.605625	-0.077580	-0.063515	-0.007032
1.604975	-0.077919	-0.063291	-0.007314
1.604326	-0.077719	-0.062080	-0.007820
1.603677	-0.077243	-0.062119	-0.007562
1.603029	-0.076514	-0.062677	-0.006918
1.602382	-0.078082	-0.062851	-0.007615
1.601735	-0.077450	-0.063456	-0.006997
1.601089	-0.077333	-0.061461	-0.007936
1.600444	-0.077704	-0.061923	-0.007890
1.599799	-0.078001	-0.061325	-0.008338
1.599155	-0.077735	-0.062635	-0.007550
1.598512	-0.077885	-0.062523	-0.007681
1.597869	-0.077792	-0.062499	-0.007647
1.597227	-0.077000	-0.062694	-0.007153
1.596585	-0.076188	-0.063653	-0.006268
1.595944	-0.076981	-0.061925	-0.007528
1.595304	-0.077070	-0.061865	-0.007602
1.594664	-0.076504	-0.061429	-0.007538
1.594025	-0.076402	-0.061455	-0.007473
1.593386	-0.077320	-0.062454	-0.007433
1.592749	-0.075505	-0.063456	-0.006025
1.592111	-0.076601	-0.062450	-0.007076
1.591475	-0.077805	-0.062278	-0.007763
1.590839	-0.077869	-0.063043	-0.007413
1.590203	-0.076900	-0.061618	-0.007641
1.589569	-0.077103	-0.062126	-0.007489
1.588935	-0.077497	-0.062874	-0.007312
1.588301	-0.077448	-0.062310	-0.007569
1.587668	-0.076169	-0.062260	-0.006955
1.587036	-0.076775	-0.062059	-0.007358
1.586404	-0.076106	-0.062351	-0.006878
1.585773	-0.076634	-0.061652	-0.007491
1.585143	-0.078004	-0.061617	-0.008193
1.584513	-0.077040	-0.062180	-0.007430
1.583884	-0.076423	-0.063049	-0.006687
1.583255	-0.076955	-0.062526	-0.007214
1.582627	-0.077504	-0.062031	-0.007736
1.582000	-0.076559	-0.063374	-0.006592
1.581373	-0.076008	-0.062109	-0.006950
1.580747	-0.077524	-0.062810	-0.007357
1.580121	-0.077381	-0.061186	-0.008098
1.579496	-0.075827	-0.062992	-0.006417
1.578872	-0.076922	-0.061805	-0.007558
1.578248	-0.076279	-0.061493	-0.007393
1.577625	-0.077370	-0.062063	-0.007653
1.577002	-0.076905	-0.061941	-0.007482
1.576380	-0.075485	-0.061542	-0.006971
1.575759	-0.075972	-0.061540	-0.007216
1.575138	-0.075567	-0.061377	-0.007095
1.574518	-0.075607	-0.061968	-0.006819
1.573899	-0.075094	-0.061933	-0.006581
1.573280	-0.075783	-0.062490	-0.006646
1.572661	-0.077044	-0.061460	-0.007792
1.572044	-0.076991	-0.061130	-0.007931
1.571426	-0.076893	-0.062889	-0.007002
1.570810	-0.076883	-0.062477	-0.007203
1.570194	-0.075314	-0.061822	-0.006746
1.569578	-0.074860	-0.060432	-0.007214
1.568964	-0.075698	-0.061979	-0.006859
1.568349	-0.076215	-0.060840	-0.007687
1.567736	-0.075531	-0.061494	-0.007019
1.567123	-0.075032	-0.062453	-0.006290
1.566510	-0.075177	-0.061797	-0.006690
1.565899	-0.076673	-0.061715	-0.007479
1.565287	-0.076206	-0.061693	-0.007257
1.564677	-0.075572	-0.060104	-0.007734
1.564066	-0.076233	-0.062337	-0.006948
1.563457	-0.075687	-0.060340	-0.007674
1.562848	-0.075228	-0.059033	-0.008097
1.562240	-0.076262	-0.060304	-0.007979
1.561632	-0.074652	-0.061637	-0.006507
1.561025	-0.076396	-0.060765	-0.007815
1.560418	-0.075703	-0.061094	-0.007305
1.559812	-0.074564	-0.060886	-0.006839
1.559207	-0.074988	-0.059473	-0.007757
1.558602	-0.073835	-0.061421	-0.006207
1.557997	-0.074886	-0.061744	-0.006571
1.557394	-0.075223	-0.060758	-0.007232
1.556791	-0.074620	-0.060391	-0.007114
1.556188	-0.076184	-0.061352	-0.007416
1.555586	-0.074305	-0.060427	-0.006939
1.554985	-0.074151	-0.060439	-0.006856
1.554384	-0.073879	-0.060471	-0.006704
1.553783	-0.074545	-0.059915	-0.007315
1.553184	-0.074495	-0.059597	-0.007449
1.552585	-0.074974	-0.058993	-0.007991
1.551986	-0.074098	-0.060312	-0.006893
1.551388	-0.074686	-0.059835	-0.007425
1.550791	-0.074713	-0.059876	-0.007419
1.550194	-0.073912	-0.059619	-0.007146
1.549597	-0.073301	-0.059589	-0.006856
1.549002	-0.075303	-0.060089	-0.007607
1.548406	-0.073532	-0.059182	-0.007175
1.547812	-0.073869	-0.058200	-0.007834
1.547218	-0.075126	-0.057271	-0.008927
1.546624	-0.074014	-0.058861	-0.007577
1.546031	-0.074232	-0.059631	-0.007300
1.545439	-0.074889	-0.059379	-0.007755
1.544847	-0.074233	-0.058214	-0.008010
1.544256	-0.072493	-0.057527	-0.007483
1.543665	-0.072528	-0.058602	-0.006963
1.543075	-0.073449	-0.058517	-0.007466
1.542486	-0.073443	-0.059140	-0.007151
1.541897	-0.073827	-0.058964	-0.007432
1.541308	-0.073305	-0.059553	-0.006876
1.540720	-0.073014	-0.059639	-0.006687
1.540133	-0.072619	-0.058165	-0.007227
1.539546	-0.072584	-0.059051	-0.006766
1.538960	-0.073471	-0.059023	-0.007224
1.538374	-0.071779	-0.057520	-0.007129
1.537789	-0.072731	-0.058132	-0.007300
1.537204	-0.070672	-0.057466	-0.006603
1.536620	-0.072160	-0.059692	-0.006234
1.536037	-0.072380	-0.056878	-0.007751
1.535454	-0.071932	-0.058482	-0.006725
1.534872	-0.070655	-0.056502	-0.007077
1.534290	-0.071088	-0.056568	-0.007260
1.533708	-0.072732	-0.055641	-0.008545
1.533128	-0.072630	-0.056690	-0.007970
1.532548	-0.071492	-0.056964	-0.007264
1.531968	-0.072490	-0.056520	-0.007985
1.531389	-0.070123	-0.057328	-0.006397
1.530810	-0.072794	-0.057654	-0.007570
1.530232	-0.071283	-0.056776	-0.007254
1.529655	-0.071587	-0.055759	-0.007914
1.529078	-0.071166	-0.058251	-0.006458
1.528501	-0.071209	-0.056972	-0.007119
1.527925	-0.070958	-0.056751	-0.007103
1.527350	-0.070506	-0.055848	-0.007329
1.526775	-0.070870	-0.055909	-0.007480
1.526201	-0.071437	-0.056327	-0.007555
1.525627	-0.069688	-0.056323	-0.006682
1.525054	-0.070591	-0.056556	-0.007017
1.524481	-0.069898	-0.056481	-0.006709
1.523909	-0.071090	-0.055969	-0.007560
1.523338	-0.069564	-0.055870	-0.006847
1.522767	-0.067899	-0.053880	-0.007010
1.522196	-0.067940	-0.056667	-0.005636
1.521626	-0.070908	-0.054155	-0.008376
1.521057	-0.068945	-0.055681	-0.006632
1.520488	-0.068604	-0.056201	-0.006202
1.519919	-0.069939	-0.056435	-0.006752
1.519351	-0.069476	-0.056098	-0.006689
1.518784	-0.067795	-0.054422	-0.006686
1.518217	-0.069371	-0.054932	-0.007220
1.517651	-0.068885	-0.054795	-0.007045
1.517085	-0.068249	-0.054046	-0.007101
1.516520	-0.069008	-0.055473	-0.006767
1.515955	-0.070189	-0.052860	-0.008665
1.515391	-0.066978	-0.054918	-0.006030
1.514827	-0.069133	-0.057102	-0.006015
1.514264	-0.068642	-0.055012	-0.006815
1.513702	-0.070735	-0.053691	-0.008522
1.513139	-0.068490	-0.055734	-0.006378
1.512578	-0.069250	-0.054258	-0.007496
1.512017	-0.068808	-0.054210	-0.007299
1.511456	-0.066712	-0.053443	-0.006635
1.510896	-0.067633	-0.054071	-0.006781
1.510337	-0.069202	-0.055148	-0.007027
1.509778	-0.068599	-0.053702	-0.007449
1.509219	-0.067412	-0.053402	-0.007005
1.508661	-0.067517	-0.053596	-0.006960
1.508104	-0.066278	-0.053406	-0.006436
1.507547	-0.067289	-0.053151	-0.007069
1.506990	-0.068107	-0.053191	-0.007458
1.506435	-0.067327	-0.052587	-0.007370
1.505879	-0.066612	-0.053685	-0.006463
1.505324	-0.066779	-0.052582	-0.007098
1.504770	-0.066912	-0.051262	-0.007825
1.504216	-0.067723	-0.050747	-0.008488
1.503663	-0.064828	-0.052549	-0.006140
1.503110	-0.065444	-0.052960	-0.006242
1.502558	-0.066256	-0.054046	-0.006105
1.502006	-0.066225	-0.052600	-0.006812
1.501454	-0.065618	-0.052355	-0.006631
1.500904	-0.065310	-0.051732	-0.006789
1.500353	-0.066475	-0.050913	-0.007781
1.499803	-0.063598	-0.051171	-0.006214
1.499254	-0.065946	-0.053424	-0.006261
1.498705	-0.064237	-0.050034	-0.007102
1.498157	-0.064138	-0.051768	-0.006185
1.497609	-0.063879	-0.052006	-0.005936
1.497062	-0.063922	-0.053018	-0.005452
1.496515	-0.066293	-0.051008	-0.007643
1.495969	-0.065608	-0.052404	-0.006602
1.495423	-0.063555	-0.053046	-0.005254
1.494878	-0.064667	-0.051374	-0.006646
1.494333	-0.065541	-0.051489	-0.007026
1.493789	-0.065174	-0.050740	-0.007217
1.493245	-0.064296	-0.051585	-0.006355
1.492702	-0.064364	-0.050962	-0.006701
1.492159	-0.063590	-0.049844	-0.006873
1.491617	-0.064241	-0.050134	-0.007053
1.491075	-0.062338	-0.050665	-0.005836
1.490533	-0.064354	-0.048663	-0.007845
1.489993	-0.062814	-0.049063	-0.006876
1.489452	-0.063816	-0.049172	-0.007322
1.488912	-0.063713	-0.050108	-0.006802
1.488373	-0.062833	-0.049530	-0.006652
1.487834	-0.060931	-0.048707	-0.006112
1.487296	-0.062303	-0.050051	-0.006126
1.486758	-0.061739	-0.049119	-0.006310
1.486221	-0.060132	-0.049348	-0.005392
1.485684	-0.062091	-0.049148	-0.006472
1.485147	-0.062172	-0.047647	-0.007262
1.484611	-0.059304	-0.048500	-0.005402
1.484076	-0.060245	-0.047236	-0.006504
1.483541	-0.064269	-0.048903	-0.007683
1.483007	-0.059655	-0.048946	-0.005355
1.482473	-0.059865	-0.048727	-0.005569
1.481939	-0.061854	-0.049069	-0.006392
1.481406	-0.060647	-0.049038	-0.005805
1.480874	-0.061786	-0.048363	-0.006711
1.480341	-0.062414	-0.048104	-0.007155
1.479810	-0.062552	-0.048393	-0.007080
1.479279	-0.059413	-0.048849	-0.005282
1.478748	-0.058255	-0.049154	-0.004551
1.478218	-0.061307	-0.050973	-0.005167
1.477688	-0.059929	-0.045870	-0.007029
1.477159	-0.060891	-0.048309	-0.006291
1.476631	-0.061141	-0.050059	-0.005541
1.476102	-0.059435	-0.046518	-0.006459
1.475575	-0.060902	-0.045297	-0.007803
1.475047	-0.060413	-0.045842	-0.007285
1.474521	-0.060568	-0.047245	-0.006661
1.473994	-0.060847	-0.046659	-0.007094
1.473469	-0.059669	-0.047188	-0.006241
1.472943	-0.060790	-0.045508	-0.007641
1.472418	-0.059003	-0.045961	-0.006521
1.471894	-0.057729	-0.044350	-0.006690
1.471370	-0.058967	-0.044248	-0.007359
1.470846	-0.058919	-0.043094	-0.007913
1.470323	-0.057344	-0.043425	-0.006959
1.469801	-0.058078	-0.048387	-0.004845
1.469279	-0.057293	-0.045115	-0.006089
1.468757	-0.061437	-0.045607	-0.007915
1.468236	-0.059347	-0.044500	-0.007424
1.467716	-0.059840	-0.044053	-0.007894
1.467195	-0.057252	-0.044198	-0.006527
1.466676	-0.057415	-0.043718	-0.006848
1.466156	-0.058363	-0.044139	-0.007112
1.465638	-0.056751	-0.041425	-0.007663
1.465119	-0.058795	-0.045454	-0.006670
1.464601	-0.060223	-0.044856	-0.007683
1.464084	-0.058171	-0.043216	-0.007478
1.463567	-0.056349	-0.044098	-0.006125
1.463051	-0.057223	-0.047177	-0.005023
1.462535	-0.056063	-0.043158	-0.006453
1.462019	-0.054127	-0.043399	-0.005364
1.461504	-0.055472	-0.041363	-0.007055
1.460989	-0.057070	-0.040535	-0.008268
1.460475	-0.056092	-0.042481	-0.006805
1.459962	-0.055818	-0.044041	-0.005889
1.459448	-0.052472	-0.041698	-0.005387
1.458936	-0.053923	-0.041157	-0.006383
1.458423	-0.054931	-0.040973	-0.006979
1.457911	-0.055013	-0.043984	-0.005514
1.457400	-0.052457	-0.041374	-0.005541
1.456889	-0.054662	-0.042937	-0.005862
1.456379	-0.054467	-0.039991	-0.007238
1.455869	-0.056595	-0.041854	-0.007370
1.455359	-0.053815	-0.040588	-0.006614
1.454850	-0.055467	-0.042287	-0.006590
1.454341	-0.054304	-0.038403	-0.007950
1.453833	-0.053053	-0.042370	-0.005342
1.453325	-0.054793	-0.039915	-0.007439
1.452818	-0.051936	-0.043689	-0.004124
1.452311	-0.055599	-0.038612	-0.008493
1.451805	-0.051201	-0.041701	-0.004750
1.451299	-0.052365	-0.041896	-0.005235
1.450793	-0.050949	-0.040241	-0.005354
1.450288	-0.053041	-0.041369	-0.005836
1.449783	-0.054320	-0.039401	-0.007460
1.449279	-0.050217	-0.040943	-0.004637
1.448775	-0.051630	-0.039764	-0.005933
1.448272	-0.053569	-0.039132	-0.007218
1.447769	-0.050264	-0.040452	-0.004906
1.447267	-0.051695	-0.038364	-0.006666
1.446765	-0.049618	-0.041684	-0.003967
1.446263	-0.053818	-0.042671	-0.005574
1.445762	-0.050402	-0.039245	-0.005579
1.445262	-0.049950	-0.040798	-0.004576
1.444762	-0.053126	-0.040459	-0.006334
1.444262	-0.051774	-0.041189	-0.005293
1.443763	-0.051934	-0.035881	-0.008027
1.443264	-0.050645	-0.038559	-0.006043
1.442765	-0.051367	-0.038384	-0.006491
1.442267	-0.053650	-0.038856	-0.007397
1.441770	-0.049665	-0.038299	-0.005683
1.441273	-0.046954	-0.040012	-0.003471
1.440776	-0.050591	-0.040257	-0.005167
1.440280	-0.047815	-0.036379	-0.005718
1.439784	-0.050566	-0.042646	-0.003960
1.439289	-0.051873	-0.038189	-0.006842
1.438794	-0.049420	-0.037492	-0.005964
1.438299	-0.048555	-0.037583	-0.005486
1.437805	-0.049392	-0.037008	-0.006192
1.437312	-0.050401	-0.040405	-0.004998
1.436819	-0.048629	-0.039828	-0.004400
1.436326	-0.046835	-0.036793	-0.005021
1.435834	-0.051658	-0.036906	-0.007376
1.435342	-0.051487	-0.034891	-0.008298
1.434850	-0.048962	-0.033526	-0.007718
1.434359	-0.046255	-0.036151	-0.005052
1.433869	-0.047105	-0.033975	-0.006565
1.433379	-0.047615	-0.036889	-0.005363
1.432889	-0.046568	-0.034524	-0.006022
1.432400	-0.050349	-0.033253	-0.008548
1.431911	-0.050534	-0.032188	-0.009173
1.431422	-0.044896	-0.034081	-0.005407
1.430934	-0.044419	-0.036275	-0.004072
1.430447	-0.043333	-0.032916	-0.005209
1.429960	-0.047198	-0.030410	-0.008394
1.429473	-0.046274	-0.032196	-0.007039
1.428987	-0.048338	-0.032584	-0.007877
1.428501	-0.049764	-0.033910	-0.007927
1.428015	-0.042302	-0.033345	-0.004479
1.427530	-0.043379	-0.036142	-0.003618
1.427046	-0.042578	-0.033750	-0.004414
1.426561	-0.045662	-0.036936	-0.004363
1.426078	-0.042820	-0.034527	-0.004146
1.425594	-0.046752	-0.029876	-0.008438
1.425111	-0.045489	-0.028523	-0.008483
1.424629	-0.046480	-0.031935	-0.007272
1.424147	-0.045660	-0.033135	-0.006263
1.423665	-0.045713	-0.030767	-0.007473
1.423184	-0.043847	-0.032444	-0.005702
1.422703	-0.045341	-0.034057	-0.005642
1.422223	-0.038802	-0.025676	-0.006563
1.421743	-0.047903	-0.033876	-0.007014
1.421263	-0.047465	-0.031852	-0.007807
1.420784	-0.043514	-0.031758	-0.005878
1.420306	-0.042514	-0.029573	-0.006471
1.419827	-0.042974	-0.030633	-0.006171
1.419349	-0.040646	-0.031389	-0.004628
1.418872	-0.045261	-0.031483	-0.006889
1.418395	-0.039841	-0.028484	-0.005678
1.417918	-0.045948	-0.029617	-0.008165
1.417442	-0.046461	-0.036140	-0.005161
1.416966	-0.042405	-0.029886	-0.006260
1.416491	-0.044271	-0.031095	-0.006588
1.416016	-0.041851	-0.028503	-0.006674
1.415541	-0.045937	-0.028709	-0.008614
1.415067	-0.043077	-0.027187	-0.007945
1.414593	-0.042535	-0.028987	-0.006774
1.414120	-0.041465	-0.028275	-0.006595
1.413647	-0.042429	-0.032560	-0.004935
1.413174	-0.038232	-0.031470	-0.003381
1.412702	-0.039767	-0.034862	-0.002453
1.412231	-0.040900	-0.025921	-0.007490
1.411759	-0.040793	-0.032866	-0.003964
1.411288	-0.039213	-0.028154	-0.005529
1.410818	-0.038624	-0.022395	-0.008115
1.410348	-0.038715	-0.031890	-0.003413
1.409878	-0.035404	-0.025458	-0.004973
1.409409	-0.037556	-0.025878	-0.005839
1.408940	-0.042544	-0.031914	-0.005315
1.408472	-0.042741	-0.036387	-0.003177
1.408004	-0.039376	-0.022223	-0.008577
1.407536	-0.039387	-0.024590	-0.007399
1.407069	-0.039715	-0.026428	-0.006643
1.406602	-0.036959	-0.028692	-0.004134
1.406135	-0.037759	-0.025779	-0.005990
1.405669	-0.040593	-0.035230	-0.002681
1.405204	-0.041030	-0.029049	-0.005990
1.404738	-0.040423	-0.025996	-0.007213
1.404274	-0.038280	-0.024161	-0.007059
1.403809	-0.040071	-0.021763	-0.009154
1.403345	-0.036058	-0.028868	-0.003595
1.402882	-0.037030	-0.022764	-0.007133
1.402418	-0.043220	-0.029080	-0.007070
1.401955	-0.038751	-0.028969	-0.004891
1.401493	-0.038955	-0.028916	-0.005019
1.401031	-0.038105	-0.024781	-0.006662
1.400569	-0.040062	-0.024759	-0.007651
1.400108	-0.040713	-0.018740	-0.010987
1.399647	-0.036519	-0.025931	-0.005294
1.399187	-0.037192	-0.026013	-0.005589
1.398727	-0.033338	-0.028820	-0.002259
1.398267	-0.037482	-0.023408	-0.007037
1.397808	-0.038011	-0.024118	-0.006947
1.397349	-0.037404	-0.025956	-0.005724
1.396890	-0.036973	-0.027587	-0.004693
1.396432	-0.038423	-0.021194	-0.008614
1.395974	-0.037116	-0.030842	-0.003137
1.395517	-0.037928	-0.026305	-0.005812
1.395060	-0.030309	-0.022765	-0.003772
1.394604	-0.037196	-0.020940	-0.008128
1.394147	-0.037107	-0.021322	-0.007893
1.393692	-0.032788	-0.021637	-0.005576
1.393236	-0.035572	-0.021363	-0.007105
1.392781	-0.032284	-0.022246	-0.005019
1.392327	-0.034727	-0.023229	-0.005749
1.391873	-0.029752	-0.020483	-0.004634
1.391419	-0.034729	-0.024814	-0.004957
1.390965	-0.036681	-0.020497	-0.008092
1.390512	-0.032441	-0.018429	-0.007006
