6.542578	0.043138	0.043138	0.000000
6.529189	1043520046308321.625000	1043520046308321.625000	0.000000
6.515856	-1.456467	-1.439672	-0.008397
6.502578	-1.539083	-1.374565	-0.082259
6.489355	-1.468887	-1.411375	-0.028756
6.476188	-1.391709	-1.387907	-0.001901
6.463075	-1.469350	-1.631448	0.081049
6.450016	-1.475298	-1.517049	0.020875
6.437011	-1.461138	-1.503333	0.021097
6.424060	-1.428804	-1.387472	-0.020666
6.411162	-1.364889	-1.476769	0.055940
6.398317	-1.317072	-1.477186	0.080057
6.385525	-1.332158	-1.330057	-0.001050
6.372785	-1.285140	-1.393723	0.054291
6.360096	-1.446490	-1.186898	-0.129796
6.347460	-1.298009	-1.388779	0.045385
6.334875	-1.521700	-1.234681	-0.143509
6.322341	-1.345996	-1.262950	-0.041523
6.309857	-1.327325	-1.487056	0.079865
6.297424	-1.432748	-1.344829	-0.043960
6.285042	-1.466206	-1.372792	-0.046707
6.272709	-1.393526	-1.392230	-0.000648
6.260425	-1.260289	-1.375126	0.057418
6.248191	-1.354836	-1.265288	-0.044774
6.236005	-0.780490	-0.683262	-0.048614
6.223868	-0.321437	-0.295648	-0.012894
6.211780	-0.307693	-0.294691	-0.006501
6.199740	-0.296944	-0.301195	0.002125
6.187747	-0.298807	-0.292023	-0.003392
6.175802	-0.300747	-0.285754	-0.007496
6.163904	-0.299597	-0.295436	-0.002080
6.152053	-0.310475	-0.283241	-0.013617
6.140248	-0.306362	-0.282931	-0.011716
6.128490	-0.289492	-0.277546	-0.005973
6.116778	-0.309561	-0.276775	-0.016393
6.105112	-0.307604	-0.267668	-0.019968
6.093492	-0.301921	-0.279545	-0.011188
6.081916	-0.292792	-0.280403	-0.006195
6.070386	-0.296175	-0.270207	-0.012984
6.058901	-0.281705	-0.268160	-0.006773
6.047460	-0.311565	-0.276761	-0.017402
6.036063	-0.303399	-0.274441	-0.014479
6.024710	-0.302336	-0.278928	-0.011704
6.013401	-0.296354	-0.299185	0.001415
6.002135	-0.292186	-0.286960	-0.002613
5.990913	-0.285394	-0.283239	-0.001078
5.979734	-0.290371	-0.283841	-0.003265
5.968597	-0.283296	-0.284260	0.000482
5.957503	-0.292573	-0.283662	-0.004455
5.946451	-0.297847	-0.273861	-0.011993
5.935442	-0.293892	-0.279453	-0.007219
5.924474	-0.298396	-0.270592	-0.013902
5.913547	-0.284529	-0.269218	-0.007655
5.902662	-0.286224	-0.283712	-0.001256
5.891818	-0.273466	-0.291430	0.008982
5.881015	-0.285785	-0.271515	-0.007135
5.870252	-0.289008	-0.276619	-0.006194
5.859530	-0.282166	-0.274343	-0.003911
5.848848	-0.285175	-0.275543	-0.004816
5.838205	-0.283914	-0.268522	-0.007696
5.827603	-0.280723	-0.253516	-0.013603
5.817040	-0.297526	-0.264876	-0.016325
5.806516	-0.276343	-0.270403	-0.002970
5.796031	-0.294447	-0.273030	-0.010708
5.785586	-0.284975	-0.278469	-0.003253
5.775178	-0.291369	-0.269664	-0.010853
5.764810	-0.277913	-0.264538	-0.006688
5.754479	-0.268523	-0.262233	-0.003145
5.744186	-0.275065	-0.262703	-0.006181
5.733931	-0.276687	-0.266098	-0.005294
5.723714	-0.284690	-0.260228	-0.012231
5.713534	-0.265973	-0.266293	0.000160
5.703391	-0.264760	-0.263131	-0.000815
5.693285	-0.268848	-0.247765	-0.010542
5.683216	-0.283140	-0.257586	-0.012777
5.673184	-0.272058	-0.245369	-0.013344
5.663188	-0.279530	-0.268551	-0.005490
5.653228	-0.267957	-0.241473	-0.013242
5.643304	-0.265936	-0.250500	-0.007718
5.633415	-0.256673	-0.238286	-0.009194
5.623562	-0.243108	-0.234822	-0.004143
5.613745	-0.236645	-0.225265	-0.005690
5.603963	-0.222956	-0.211350	-0.005803
5.594216	-0.213502	-0.204435	-0.004533
5.584504	-0.217481	-0.197644	-0.009919
5.574826	-0.200530	-0.194486	-0.003022
5.565183	-0.192504	-0.190967	-0.000768
5.555574	-0.186282	-0.173773	-0.006254
5.545999	-0.171969	-0.165385	-0.003292
5.536458	-0.168974	-0.159133	-0.004921
5.526950	-0.165933	-0.152852	-0.006540
5.517477	-0.160569	-0.140584	-0.009993
5.508036	-0.150060	-0.143531	-0.003264
5.498629	-0.144559	-0.140709	-0.001925
5.489255	-0.135592	-0.131319	-0.002136
5.479914	-0.135136	-0.121403	-0.006867
5.470605	-0.126771	-0.117977	-0.004397
5.461329	-0.125433	-0.118315	-0.003559
5.452085	-0.118141	-0.108841	-0.004650
5.442874	-0.110070	-0.106358	-0.001856
5.433694	-0.103204	-0.102790	-0.000207
5.424546	-0.104021	-0.098153	-0.002934
5.415430	-0.098520	-0.093768	-0.002376
5.406345	-0.098487	-0.091378	-0.003555
5.397292	-0.095135	-0.089399	-0.002868
5.388270	-0.089604	-0.085774	-0.001915
5.379279	-0.083788	-0.074083	-0.004853
5.370319	-0.082899	-0.074487	-0.004206
5.361389	-0.080778	-0.076725	-0.002026
5.352490	-0.072214	-0.072494	0.000140
5.343621	-0.070146	-0.067535	-0.001306
5.334783	-0.067921	-0.065663	-0.001129
5.325975	-0.065859	-0.059656	-0.003102
5.317196	-0.061591	-0.054961	-0.003315
5.308448	-0.063130	-0.061869	-0.000630
5.299729	-0.058200	-0.057403	-0.000399
5.291039	-0.054961	-0.051526	-0.001718
5.282379	-0.052531	-0.053102	0.000286
5.273748	-0.048226	-0.047266	-0.000480
5.265146	-0.045859	-0.042413	-0.001723
5.256573	-0.040204	-0.040696	0.000246
5.248029	-0.039753	-0.042946	0.001597
5.239513	-0.041694	-0.041051	-0.000321
5.231026	-0.036660	-0.034607	-0.001027
5.222567	-0.033560	-0.033170	-0.000195
5.214136	-0.031360	-0.031155	-0.000102
5.205733	-0.030344	-0.027806	-0.001269
5.197358	-0.029050	-0.025126	-0.001962
5.189011	-0.023146	-0.021431	-0.000858
5.180691	-0.026101	-0.018111	-0.003995
5.172399	-0.018990	-0.022464	0.001737
5.164135	-0.022009	-0.019381	-0.001314
5.155897	-0.019368	-0.017884	-0.000742
5.147687	-0.018680	-0.015987	-0.001346
5.139503	-0.015599	-0.013970	-0.000815
5.131346	-0.015007	-0.012176	-0.001416
5.123216	-0.015486	-0.012571	-0.001458
5.115113	-0.012077	-0.009595	-0.001241
5.107036	-0.010361	-0.011369	0.000504
5.098985	-0.009250	-0.005116	-0.002067
5.090960	-0.007655	-0.006605	-0.000525
5.082962	-0.006050	-0.005617	-0.000217
5.074989	-0.005946	-0.002272	-0.001837
5.067042	-0.002185	-0.000592	-0.000796
5.059121	0.001833	0.000175	0.000829
5.051225	-0.001372	0.001132	-0.001252
5.043355	0.000044	0.001098	-0.000527
5.035510	0.002710	0.002594	0.000058
5.027690	0.002260	0.004389	-0.001065
5.019895	0.002698	0.003193	-0.000248
5.012126	0.001695	0.004987	-0.001646
5.004381	0.001782	0.007224	-0.002721
4.996660	0.005058	0.008269	-0.001606
4.988964	0.007912	0.008259	-0.000174
4.981293	0.007530	0.008718	-0.000594
4.973646	0.008221	0.008868	-0.000323
4.966023	0.008135	0.009838	-0.000852
4.958425	0.009642	0.012878	-0.001618
4.950850	0.010125	0.012588	-0.001231
4.943299	0.011857	0.013919	-0.001031
4.935772	0.011712	0.013397	-0.000843
4.928269	0.011762	0.012449	-0.000344
4.920789	0.011974	0.014872	-0.001449
4.913333	0.011086	0.014712	-0.001813
4.905900	0.013556	0.012799	0.000379
4.898490	0.014395	0.015942	-0.000773
4.891103	0.015300	0.016538	-0.000619
4.883739	0.013530	0.016769	-0.001619
4.876399	0.017013	0.017747	-0.000367
4.869081	0.016872	0.017780	-0.000454
4.861785	0.017737	0.017852	-0.000057
4.854512	0.016869	0.018902	-0.001016
4.847262	0.017150	0.018707	-0.000779
4.840034	0.016998	0.018685	-0.000844
4.832829	0.016819	0.020056	-0.001618
4.825645	0.018355	0.020646	-0.001145
4.818484	0.018182	0.019486	-0.000652
4.811344	0.017292	0.020910	-0.001809
4.804227	0.017401	0.019022	-0.000810
4.797131	0.017555	0.020647	-0.001546
4.790057	0.016140	0.021314	-0.002587
4.783004	0.017575	0.021438	-0.001931
4.775973	0.018403	0.020552	-0.001075
4.768963	0.016654	0.020080	-0.001713
4.761974	0.019648	0.021311	-0.000832
4.755007	0.018826	0.021855	-0.001514
4.748061	0.018911	0.021595	-0.001342
4.741136	0.019224	0.022349	-0.001563
4.734231	0.018986	0.021501	-0.001258
4.727348	0.018728	0.022609	-0.001940
4.720485	0.019070	0.023291	-0.002110
4.713642	0.020027	0.023730	-0.001852
4.706821	0.020338	0.023157	-0.001409
4.700019	0.020772	0.023635	-0.001432
4.693238	0.020979	0.023638	-0.001329
4.686478	0.020188	0.023099	-0.001455
4.679737	0.020919	0.024082	-0.001581
4.673016	0.020769	0.023918	-0.001575
4.666316	0.020970	0.024206	-0.001618
4.659635	0.021867	0.023874	-0.001004
4.652974	0.021711	0.024726	-0.001507
4.646333	0.019954	0.024908	-0.002477
4.639711	0.021425	0.024700	-0.001638
4.633109	0.022591	0.026008	-0.001709
4.626527	0.021407	0.025737	-0.002165
4.619963	0.021305	0.025551	-0.002123
4.613420	0.022196	0.026576	-0.002190
4.606895	0.022981	0.026555	-0.001787
4.600389	0.022970	0.026818	-0.001924
4.593902	0.021784	0.025735	-0.001976
4.587435	0.023290	0.026825	-0.001767
4.580986	0.022752	0.026265	-0.001757
4.574556	0.022620	0.027089	-0.002234
4.568145	0.022728	0.027922	-0.002597
4.561752	0.023775	0.027792	-0.002009
4.555378	0.023317	0.027991	-0.002337
4.549022	0.024397	0.029069	-0.002336
4.542685	0.024774	0.029237	-0.002232
4.536365	0.024642	0.028808	-0.002083
4.530065	0.025007	0.028998	-0.001996
4.523782	0.024203	0.029986	-0.002892
4.517517	0.024987	0.029927	-0.002470
4.511271	0.024176	0.030007	-0.002916
4.505042	0.025846	0.029565	-0.001859
4.498831	0.025091	0.029996	-0.002453
4.492638	0.025594	0.029724	-0.002065
4.486462	0.025400	0.030538	-0.002569
4.480304	0.026166	0.029547	-0.001690
4.474164	0.024669	0.030252	-0.002791
4.468041	0.024197	0.029197	-0.002500
4.461935	0.023999	0.030035	-0.003018
4.455847	0.024273	0.029063	-0.002395
4.449776	0.024953	0.029694	-0.002370
4.443722	0.024189	0.029173	-0.002492
4.437686	0.022862	0.028256	-0.002697
4.431666	0.023303	0.029509	-0.003103
4.425663	0.022865	0.028304	-0.002720
4.419677	0.022532	0.029203	-0.003336
4.413708	0.023600	0.028393	-0.002397
4.407755	0.022811	0.029277	-0.003233
4.401820	0.023878	0.028935	-0.002529
4.395901	0.022991	0.029377	-0.003193
4.389998	0.024146	0.027898	-0.001876
4.384112	0.023551	0.029571	-0.003010
4.378242	0.023274	0.028938	-0.002832
4.372389	0.023373	0.029518	-0.003072
4.366551	0.022563	0.028825	-0.003131
4.360730	0.023206	0.029251	-0.003023
4.354925	0.022771	0.028613	-0.002921
4.349136	0.023468	0.028918	-0.002725
4.343364	0.022455	0.029109	-0.003327
4.337607	0.023047	0.028561	-0.002757
4.331865	0.023154	0.028229	-0.002538
4.326140	0.023332	0.028716	-0.002692
4.320430	0.023371	0.029211	-0.002920
4.314736	0.023836	0.030492	-0.003328
4.309058	0.023115	0.029988	-0.003436
4.303395	0.024071	0.029475	-0.002702
4.297748	0.024801	0.030367	-0.002783
4.292116	0.025094	0.032090	-0.003498
4.286499	0.025486	0.031618	-0.003066
4.280898	0.025538	0.032935	-0.003699
4.275312	0.026210	0.032827	-0.003309
4.269741	0.026503	0.033077	-0.003287
4.264185	0.026719	0.033363	-0.003322
4.258644	0.026889	0.033909	-0.003510
4.253118	0.026976	0.034427	-0.003725
4.247607	0.026843	0.034560	-0.003859
4.242111	0.027554	0.034860	-0.003653
4.236629	0.027030	0.034258	-0.003614
4.231163	0.027481	0.034390	-0.003454
4.225711	0.027296	0.034816	-0.003760
4.220274	0.027949	0.034214	-0.003132
4.214851	0.027720	0.034832	-0.003556
4.209442	0.027465	0.035363	-0.003949
4.204049	0.028028	0.034679	-0.003325
4.198669	0.027894	0.034980	-0.003543
4.193304	0.028096	0.034855	-0.003380
4.187953	0.028098	0.035033	-0.003468
4.182616	0.027311	0.034485	-0.003587
4.177294	0.027159	0.034405	-0.003623
4.171985	0.027549	0.035107	-0.003779
4.166691	0.027407	0.034808	-0.003700
4.161411	0.027805	0.035654	-0.003924
4.156144	0.028194	0.034796	-0.003301
4.150892	0.028003	0.034101	-0.003049
4.145653	0.027161	0.034955	-0.003897
4.140428	0.027845	0.034908	-0.003531
4.135217	0.026922	0.034545	-0.003812
4.130019	0.026933	0.034994	-0.004031
4.124835	0.026448	0.034831	-0.004192
4.119665	0.027446	0.034974	-0.003764
4.114508	0.027142	0.034503	-0.003681
4.109364	0.027135	0.034000	-0.003432
4.104234	0.026268	0.034328	-0.004030
4.099117	0.027202	0.034143	-0.003471
4.094014	0.026673	0.034094	-0.003711
4.088924	0.025848	0.034363	-0.004258
4.083846	0.026175	0.034106	-0.003965
4.078783	0.026058	0.033150	-0.003546
4.073732	0.026163	0.033924	-0.003881
4.068694	0.026730	0.032935	-0.003102
4.063669	0.026624	0.033627	-0.003502
4.058657	0.026018	0.033445	-0.003714
4.053658	0.026974	0.035032	-0.004029
4.048672	0.027383	0.034128	-0.003372
4.043699	0.026900	0.033947	-0.003523
4.038738	0.028157	0.034691	-0.003267
4.033790	0.027464	0.035035	-0.003785
4.028855	0.027301	0.034857	-0.003778
4.023933	0.027380	0.035035	-0.003828
4.019022	0.027499	0.035300	-0.003901
4.014125	0.027064	0.035188	-0.004062
4.009240	0.027655	0.035386	-0.003866
4.004367	0.028032	0.035322	-0.003645
3.999506	0.027617	0.035679	-0.004031
3.994658	0.027741	0.035269	-0.003764
3.989823	0.027339	0.034993	-0.003827
3.984999	0.027326	0.034474	-0.003574
3.980187	0.027885	0.034865	-0.003490
3.975388	0.027348	0.034919	-0.003785
3.970601	0.027191	0.034497	-0.003653
3.965826	0.027033	0.034259	-0.003613
3.961063	0.027278	0.034802	-0.003762
3.956311	0.027068	0.034651	-0.003792
3.951572	0.028100	0.035141	-0.003520
3.946844	0.027921	0.035614	-0.003847
3.942129	0.027766	0.034722	-0.003478
3.937425	0.027907	0.035519	-0.003806
3.932733	0.028267	0.035943	-0.003838
3.928052	0.028412	0.036182	-0.003885
3.923383	0.028769	0.036096	-0.003663
3.918726	0.028247	0.036449	-0.004101
3.914080	0.029087	0.036867	-0.003890
3.909446	0.028480	0.036159	-0.003839
3.904823	0.028444	0.036111	-0.003834
3.900212	0.029190	0.036189	-0.003500
3.895612	0.028458	0.036307	-0.003925
3.891023	0.028095	0.035560	-0.003733
3.886446	0.028588	0.035811	-0.003612
3.881880	0.028493	0.036092	-0.003799
3.877325	0.027829	0.035596	-0.003884
3.872781	0.028181	0.035922	-0.003870
3.868249	0.028295	0.036182	-0.003943
3.863727	0.027796	0.035510	-0.003857
3.859217	0.028018	0.035957	-0.003970
3.854718	0.027902	0.034988	-0.003543
3.850229	0.027749	0.035552	-0.003901
3.845752	0.028228	0.035874	-0.003823
3.841285	0.027591	0.035959	-0.004184
3.836829	0.028493	0.035981	-0.003744
3.832384	0.028280	0.036442	-0.004081
3.827950	0.028375	0.036077	-0.003851
3.823527	0.028248	0.035844	-0.003798
3.819114	0.028151	0.035918	-0.003884
3.814712	0.028514	0.035673	-0.003579
3.810321	0.028308	0.035817	-0.003754
3.805940	0.027801	0.035766	-0.003983
3.801570	0.028143	0.035669	-0.003763
3.797210	0.028170	0.036320	-0.004075
3.792860	0.028024	0.035782	-0.003879
3.788522	0.028327	0.035718	-0.003695
3.784193	0.028004	0.035602	-0.003799
3.779875	0.028256	0.035583	-0.003663
3.775567	0.028458	0.035816	-0.003679
3.771269	0.028356	0.036327	-0.003986
3.766982	0.028887	0.036117	-0.003615
3.762705	0.028761	0.036464	-0.003851
3.758438	0.028738	0.036352	-0.003807
3.754181	0.028847	0.036466	-0.003809
3.749935	0.028188	0.036346	-0.004079
3.745698	0.028675	0.036203	-0.003764
3.741472	0.028510	0.036096	-0.003793
3.737255	0.028562	0.036005	-0.003721
3.733048	0.028504	0.036173	-0.003834
3.728852	0.029055	0.036467	-0.003706
3.724665	0.028992	0.036175	-0.003592
3.720488	0.028779	0.036375	-0.003798
3.716321	0.028568	0.036046	-0.003739
3.712163	0.028713	0.036157	-0.003722
3.708016	0.028987	0.036336	-0.003675
3.703878	0.028521	0.036079	-0.003779
3.699750	0.028402	0.036121	-0.003860
3.695631	0.028240	0.035662	-0.003711
3.691522	0.027971	0.035440	-0.003735
3.687423	0.028292	0.035991	-0.003850
3.683333	0.028541	0.036106	-0.003783
3.679253	0.028628	0.036286	-0.003829
3.675182	0.028655	0.035902	-0.003624
3.671120	0.028448	0.035873	-0.003713
3.667069	0.028681	0.036153	-0.003736
3.663026	0.028747	0.036526	-0.003889
3.658993	0.029228	0.036202	-0.003487
3.654969	0.029572	0.036783	-0.003605
3.650954	0.029461	0.037366	-0.003952
3.646949	0.029338	0.036653	-0.003657
3.642953	0.028885	0.036032	-0.003573
3.638966	0.028150	0.035356	-0.003603
3.634988	0.027315	0.034309	-0.003497
3.631020	0.026974	0.034403	-0.003714
3.627060	0.026723	0.034349	-0.003813
3.623110	0.027149	0.034391	-0.003621
3.619168	0.027473	0.035062	-0.003795
3.615236	0.028113	0.035631	-0.003759
3.611312	0.028555	0.036184	-0.003815
3.607398	0.028905	0.036128	-0.003611
3.603492	0.029054	0.036032	-0.003489
3.599596	0.028778	0.036217	-0.003720
3.595708	0.028910	0.036716	-0.003903
3.591829	0.029312	0.036704	-0.003696
3.587959	0.028511	0.036888	-0.004188
3.584097	0.028750	0.036015	-0.003633
3.580244	0.028285	0.035709	-0.003712
3.576400	0.028208	0.035976	-0.003884
3.572565	0.028319	0.036130	-0.003906
3.568738	0.028305	0.036110	-0.003902
3.564920	0.028720	0.035671	-0.003475
3.561111	0.028752	0.036500	-0.003874
3.557310	0.028636	0.036254	-0.003809
3.553517	0.029044	0.036424	-0.003690
3.549734	0.028549	0.036168	-0.003810
3.545958	0.028702	0.035754	-0.003526
3.542191	0.028876	0.035910	-0.003517
3.538433	0.028562	0.036648	-0.004043
3.534683	0.028469	0.036318	-0.003925
3.530941	0.028827	0.035929	-0.003551
3.527207	0.028598	0.036074	-0.003738
3.523482	0.028250	0.036008	-0.003879
3.519765	0.028323	0.035979	-0.003828
3.516057	0.028421	0.036001	-0.003790
3.512356	0.028111	0.035715	-0.003802
3.508664	0.028071	0.036074	-0.004001
3.504980	0.028267	0.035349	-0.003541
3.501304	0.028279	0.035918	-0.003820
3.497636	0.028315	0.035704	-0.003694
3.493977	0.028341	0.036018	-0.003839
3.490325	0.028177	0.035575	-0.003699
3.486682	0.027480	0.035622	-0.004071
3.483046	0.027654	0.035682	-0.004014
3.479419	0.027895	0.035826	-0.003965
3.475799	0.028236	0.035967	-0.003866
3.472187	0.028297	0.036091	-0.003897
3.468583	0.028090	0.035998	-0.003954
3.464988	0.028749	0.035701	-0.003476
3.461400	0.028511	0.036052	-0.003771
3.457819	0.029183	0.036904	-0.003860
3.454247	0.028880	0.036578	-0.003849
3.450682	0.028689	0.036372	-0.003841
3.447125	0.028945	0.036538	-0.003797
3.443576	0.028679	0.036250	-0.003785
3.440035	0.028591	0.036230	-0.003819
3.436501	0.028434	0.036307	-0.003937
3.432975	0.028770	0.036306	-0.003768
3.429457	0.028461	0.036086	-0.003812
3.425946	0.028496	0.036123	-0.003814
3.422442	0.028244	0.035686	-0.003721
3.418947	0.027986	0.035630	-0.003822
3.415459	0.028466	0.035283	-0.003408
3.411978	0.027763	0.035653	-0.003945
3.408505	0.028188	0.035614	-0.003713
3.405039	0.028090	0.035953	-0.003931
3.401581	0.028023	0.036175	-0.004076
3.398130	0.027931	0.035992	-0.004031
3.394686	0.027996	0.035850	-0.003927
3.391250	0.027909	0.036084	-0.004087
3.387821	0.028337	0.036333	-0.003998
3.384400	0.028717	0.036385	-0.003834
3.380986	0.028258	0.036786	-0.004264
3.377579	0.028485	0.036435	-0.003975
3.374179	0.028831	0.036479	-0.003824
3.370787	0.028268	0.036218	-0.003975
3.367401	0.028121	0.035655	-0.003767
3.364023	0.028272	0.036087	-0.003907
3.360652	0.028125	0.036041	-0.003958
3.357289	0.028332	0.035787	-0.003727
3.353932	0.028042	0.035882	-0.003920
3.350582	0.027530	0.035518	-0.003994
3.347240	0.027927	0.036171	-0.004122
3.343904	0.027312	0.035397	-0.004042
3.340576	0.027300	0.034959	-0.003830
3.337255	0.026945	0.035113	-0.004084
3.333940	0.026993	0.035014	-0.004010
3.330633	0.026645	0.034761	-0.004058
3.327332	0.027067	0.035193	-0.004063
3.324038	0.026771	0.035193	-0.004211
3.320752	0.026766	0.034686	-0.003960
3.317472	0.026698	0.034534	-0.003918
3.314199	0.026712	0.034871	-0.004080
3.310933	0.027206	0.035022	-0.003908
3.307673	0.026969	0.035127	-0.004079
3.304421	0.027148	0.035505	-0.004179
3.301175	0.027039	0.035338	-0.004149
3.297936	0.026912	0.035244	-0.004166
3.294703	0.026617	0.035566	-0.004474
3.291478	0.027287	0.035157	-0.003935
3.288259	0.027431	0.035784	-0.004176
3.285046	0.026780	0.035190	-0.004205
3.281841	0.027045	0.034707	-0.003831
3.278642	0.026746	0.034997	-0.004125
3.275449	0.026829	0.035017	-0.004094
3.272263	0.026409	0.035017	-0.004304
3.269084	0.026857	0.034885	-0.004014
3.265911	0.026336	0.034752	-0.004208
3.262745	0.026349	0.034458	-0.004055
3.259585	0.026190	0.034666	-0.004238
3.256432	0.025728	0.034083	-0.004177
3.253285	0.025720	0.034119	-0.004200
3.250145	0.025335	0.034491	-0.004578
3.247011	0.026016	0.034609	-0.004296
3.243883	0.026100	0.034506	-0.004203
3.240762	0.025992	0.034485	-0.004247
3.237647	0.026498	0.034621	-0.004061
3.234539	0.026319	0.034525	-0.004103
3.231437	0.026154	0.035100	-0.004473
3.228341	0.026466	0.034887	-0.004210
3.225251	0.026158	0.034988	-0.004415
3.222168	0.025920	0.034500	-0.004290
3.219091	0.025777	0.034557	-0.004390
3.216020	0.026087	0.034652	-0.004283
3.212956	0.025413	0.034392	-0.004489
3.209897	0.025742	0.034609	-0.004433
3.206845	0.025607	0.034525	-0.004459
3.203799	0.025049	0.034155	-0.004553
3.200759	0.025109	0.034047	-0.004469
3.197725	0.025193	0.034125	-0.004466
3.194697	0.025189	0.034044	-0.004427
3.191676	0.024793	0.033719	-0.004463
3.188660	0.024455	0.033948	-0.004746
3.185651	0.024380	0.033626	-0.004623
3.182647	0.024185	0.033477	-0.004646
3.179650	0.024344	0.033230	-0.004443
3.176658	0.024081	0.033138	-0.004529
3.173673	0.024293	0.033280	-0.004493
3.170693	0.023771	0.033172	-0.004700
3.167720	0.023860	0.032831	-0.004486
3.164752	0.024553	0.033273	-0.004360
3.161790	0.024334	0.032940	-0.004303
3.158834	0.024412	0.033414	-0.004501
3.155884	0.024142	0.033416	-0.004637
3.152940	0.024035	0.033157	-0.004561
3.150001	0.023515	0.032958	-0.004721
3.147069	0.023461	0.032950	-0.004745
3.144142	0.023451	0.032710	-0.004630
3.141221	0.023500	0.032566	-0.004533
3.138306	0.023427	0.032459	-0.004516
3.135396	0.023054	0.032388	-0.004667
3.132493	0.022571	0.031840	-0.004634
3.129595	0.023072	0.031975	-0.004451
3.126702	0.022996	0.032132	-0.004568
3.123816	0.022598	0.032313	-0.004857
3.120935	0.022748	0.031933	-0.004593
3.118059	0.023195	0.032470	-0.004637
3.115190	0.023037	0.032341	-0.004652
3.112326	0.022837	0.032694	-0.004928
3.109467	0.022734	0.032121	-0.004694
3.106614	0.022398	0.032069	-0.004835
3.103767	0.022143	0.031927	-0.004892
3.100925	0.022489	0.032128	-0.004820
3.098089	0.022169	0.031995	-0.004913
3.095258	0.022576	0.032422	-0.004923
3.092433	0.022856	0.031890	-0.004517
3.089613	0.022210	0.031929	-0.004859
3.086799	0.021641	0.031637	-0.004998
3.083990	0.021676	0.031507	-0.004916
3.081187	0.021730	0.031632	-0.004951
3.078389	0.021481	0.031345	-0.004932
3.075596	0.021023	0.030898	-0.004938
3.072809	0.021322	0.031161	-0.004920
3.070027	0.021080	0.030997	-0.004958
3.067251	0.021269	0.030948	-0.004840
3.064480	0.021088	0.030659	-0.004785
3.061714	0.020875	0.030665	-0.004895
3.058954	0.020888	0.030781	-0.004946
3.056199	0.020751	0.030792	-0.005020
3.053449	0.020337	0.030248	-0.004956
3.050704	0.020259	0.030067	-0.004904
3.047965	0.020010	0.029978	-0.004984
3.045231	0.019922	0.029794	-0.004936
3.042502	0.019794	0.029728	-0.004967
3.039779	0.019493	0.029705	-0.005106
3.037060	0.019513	0.029590	-0.005038
3.034347	0.019249	0.029241	-0.004996
3.031639	0.019388	0.029412	-0.005012
3.028936	0.019046	0.028761	-0.004858
3.026238	0.018734	0.029276	-0.005271
3.023545	0.018946	0.028932	-0.004993
3.020858	0.018420	0.028791	-0.005185
3.018175	0.018177	0.028506	-0.005164
3.015498	0.018052	0.028311	-0.005130
3.012826	0.018068	0.028385	-0.005158
3.010158	0.018134	0.028406	-0.005136
3.007496	0.018092	0.028437	-0.005172
3.004839	0.018351	0.028024	-0.004836
3.002187	0.017934	0.028084	-0.005075
2.999540	0.018014	0.028399	-0.005193
2.996897	0.017808	0.027987	-0.005090
2.994260	0.017601	0.027648	-0.005023
2.991628	0.017403	0.027771	-0.005184
2.989000	0.017378	0.027339	-0.004981
2.986378	0.016886	0.027220	-0.005167
2.983760	0.016983	0.027162	-0.005089
2.981148	0.016767	0.027170	-0.005202
2.978540	0.016394	0.026775	-0.005191
2.975937	0.016426	0.026892	-0.005233
2.973339	0.016236	0.026763	-0.005264
2.970746	0.016514	0.027011	-0.005248
2.968158	0.016655	0.026910	-0.005127
2.965574	0.016330	0.026706	-0.005188
2.962995	0.016291	0.026928	-0.005318
2.960421	0.016436	0.026815	-0.005189
2.957852	0.016785	0.027032	-0.005124
2.955288	0.016380	0.027017	-0.005318
2.952728	0.016734	0.026685	-0.004976
2.950173	0.016438	0.026716	-0.005139
2.947623	0.016401	0.027029	-0.005314
2.945078	0.016341	0.027066	-0.005362
2.942537	0.016366	0.026980	-0.005307
2.940001	0.016686	0.026859	-0.005087
2.937469	0.016411	0.026679	-0.005134
2.934943	0.016121	0.026964	-0.005422
2.932421	0.016147	0.026865	-0.005359
2.929903	0.016057	0.026698	-0.005321
2.927390	0.016221	0.026448	-0.005113
2.924882	0.015889	0.026552	-0.005332
2.922378	0.015514	0.026192	-0.005339
2.919879	0.015268	0.025936	-0.005334
2.917385	0.014820	0.025885	-0.005532
2.914895	0.014900	0.025482	-0.005291
2.912410	0.014404	0.025347	-0.005472
2.909929	0.013995	0.025148	-0.005577
2.907453	0.014438	0.024946	-0.005254
2.904981	0.014332	0.024931	-0.005300
2.902513	0.013937	0.024741	-0.005402
2.900051	0.013794	0.024606	-0.005406
2.897592	0.013898	0.024457	-0.005280
2.895138	0.013366	0.024180	-0.005407
2.892689	0.013763	0.024293	-0.005265
2.890244	0.013577	0.024334	-0.005379
2.887803	0.013802	0.024555	-0.005376
2.885367	0.013540	0.024331	-0.005396
2.882936	0.013456	0.024566	-0.005555
2.880508	0.013013	0.023868	-0.005427
2.878085	0.012677	0.023657	-0.005490
2.875667	0.012415	0.023005	-0.005295
2.873252	0.011701	0.022730	-0.005515
2.870842	0.011489	0.022666	-0.005588
2.868437	0.011356	0.022421	-0.005532
2.866036	0.011343	0.022281	-0.005469
2.863639	0.011501	0.022319	-0.005409
2.861246	0.011506	0.022367	-0.005431
2.858858	0.011724	0.022464	-0.005370
2.856474	0.011027	0.022050	-0.005511
2.854094	0.010854	0.021928	-0.005537
2.851718	0.010530	0.021599	-0.005535
2.849347	0.010873	0.021803	-0.005465
2.846980	0.010803	0.021992	-0.005594
2.844617	0.010858	0.021787	-0.005464
2.842258	0.011039	0.022180	-0.005571
2.839904	0.011214	0.022166	-0.005476
2.837553	0.010923	0.021830	-0.005453
2.835207	0.011180	0.022249	-0.005535
2.832865	0.011182	0.022340	-0.005579
2.830528	0.011231	0.022016	-0.005392
2.828194	0.011121	0.022245	-0.005562
2.825864	0.011276	0.022276	-0.005500
2.823539	0.011272	0.022231	-0.005480
2.821218	0.011167	0.022242	-0.005537
2.818901	0.011060	0.022356	-0.005648
2.816587	0.010819	0.022041	-0.005611
2.814278	0.011403	0.022369	-0.005483
2.811973	0.011228	0.022446	-0.005609
2.809673	0.011216	0.022440	-0.005612
2.807376	0.010988	0.022125	-0.005568
2.805083	0.011040	0.022199	-0.005580
2.802794	0.010904	0.022165	-0.005630
2.800509	0.010931	0.022033	-0.005551
2.798228	0.011138	0.022231	-0.005547
2.795952	0.010893	0.021974	-0.005540
2.793679	0.010743	0.022014	-0.005636
2.791410	0.010558	0.021813	-0.005627
2.789145	0.010488	0.021737	-0.005625
2.786884	0.010918	0.022082	-0.005582
2.784627	0.010715	0.021902	-0.005593
2.782374	0.010527	0.021885	-0.005679
2.780125	0.010498	0.021839	-0.005670
2.777880	0.010396	0.021711	-0.005658
2.775638	0.010670	0.022005	-0.005668
2.773401	0.010786	0.022150	-0.005682
2.771167	0.010907	0.022126	-0.005610
2.768938	0.011076	0.022448	-0.005686
2.766712	0.011259	0.022591	-0.005666
2.764490	0.011268	0.022571	-0.005652
2.762272	0.011421	0.022705	-0.005642
2.760058	0.011485	0.022868	-0.005691
2.757847	0.011663	0.023007	-0.005672
2.755640	0.011783	0.023114	-0.005665
2.753437	0.011855	0.023295	-0.005720
2.751238	0.012102	0.023516	-0.005707
2.749043	0.012194	0.023610	-0.005708
2.746852	0.011832	0.023225	-0.005697
2.744664	0.011962	0.023512	-0.005775
2.742480	0.012173	0.023656	-0.005741
2.740300	0.012005	0.023450	-0.005722
2.738123	0.011917	0.023342	-0.005712
2.735950	0.012044	0.023503	-0.005730
2.733781	0.011924	0.023458	-0.005767
2.731616	0.011858	0.023342	-0.005742
2.729454	0.011731	0.023099	-0.005684
2.727296	0.011787	0.023218	-0.005716
2.725142	0.011636	0.023146	-0.005755
2.722991	0.011444	0.023027	-0.005792
2.720844	0.011494	0.022918	-0.005712
2.718701	0.011236	0.022769	-0.005767
2.716561	0.011417	0.022930	-0.005757
2.714425	0.011314	0.022873	-0.005780
2.712293	0.011386	0.022979	-0.005797
2.710164	0.011270	0.022844	-0.005787
2.708039	0.011119	0.022674	-0.005778
2.705917	0.011097	0.022658	-0.005781
2.703799	0.011200	0.022685	-0.005742
2.701685	0.011214	0.022885	-0.005835
2.699574	0.010752	0.022443	-0.005846
2.697466	0.010860	0.022460	-0.005800
2.695363	0.011169	0.022691	-0.005761
2.693262	0.010987	0.022593	-0.005803
2.691166	0.011272	0.022779	-0.005754
2.689072	0.011010	0.022630	-0.005810
2.686983	0.011099	0.022664	-0.005783
2.684897	0.010907	0.022567	-0.005830
2.682814	0.010921	0.022560	-0.005820
2.680735	0.010933	0.022532	-0.005800
2.678659	0.010960	0.022598	-0.005819
2.676587	0.010671	0.022397	-0.005863
2.674518	0.010834	0.022439	-0.005802
2.672453	0.010985	0.022618	-0.005817
2.670391	0.010915	0.022555	-0.005820
2.668333	0.010835	0.022636	-0.005901
2.666278	0.010760	0.022456	-0.005848
2.664226	0.010555	0.022219	-0.005832
2.662178	0.010317	0.022096	-0.005890
2.660133	0.010548	0.022306	-0.005879
2.658092	0.010570	0.022331	-0.005881
2.656054	0.010432	0.022091	-0.005829
2.654019	0.010248	0.021981	-0.005867
2.651988	0.010600	0.022315	-0.005858
2.649960	0.010402	0.022125	-0.005862
2.647936	0.010349	0.022032	-0.005841
2.645915	0.010279	0.022027	-0.005874
2.643897	0.010228	0.021952	-0.005862
2.641882	0.010430	0.022087	-0.005829
2.639871	0.010425	0.022049	-0.005812
2.637863	0.010045	0.021755	-0.005855
2.635859	0.009932	0.021759	-0.005914
2.633857	0.010182	0.021929	-0.005873
2.631859	0.010057	0.021802	-0.005872
2.629865	0.009899	0.021695	-0.005898
2.627873	0.009615	0.021423	-0.005904
2.625885	0.009910	0.021642	-0.005866
2.623900	0.009497	0.021248	-0.005876
2.621919	0.009662	0.021449	-0.005894
2.619940	0.009732	0.021495	-0.005881
2.617965	0.009836	0.021586	-0.005875
2.615993	0.009635	0.021309	-0.005837
2.614025	0.009555	0.021302	-0.005874
2.612059	0.009472	0.021264	-0.005896
2.610097	0.009713	0.021452	-0.005869
2.608138	0.009610	0.021350	-0.005870
2.606182	0.009440	0.021223	-0.005892
2.604229	0.009595	0.021366	-0.005885
2.602280	0.009439	0.021195	-0.005878
2.600333	0.009278	0.020945	-0.005833
2.598390	0.009293	0.021079	-0.005893
2.596450	0.009157	0.020895	-0.005869
2.594513	0.009346	0.021037	-0.005845
2.592579	0.009257	0.021018	-0.005881
2.590648	0.008941	0.020727	-0.005893
2.588721	0.009186	0.020882	-0.005848
2.586796	0.008821	0.020657	-0.005918
2.584875	0.008795	0.020495	-0.005850
2.582957	0.008877	0.020658	-0.005890
2.581042	0.008982	0.020758	-0.005888
2.579130	0.008853	0.020598	-0.005872
2.577221	0.008731	0.020503	-0.005886
2.575315	0.008691	0.020425	-0.005867
2.573412	0.008512	0.020226	-0.005857
2.571512	0.008301	0.020057	-0.005878
2.569615	0.008343	0.020064	-0.005861
2.567722	0.008438	0.020167	-0.005865
2.565831	0.008313	0.020035	-0.005861
2.563943	0.008229	0.019992	-0.005882
2.562058	0.008438	0.020186	-0.005874
2.560177	0.008387	0.020109	-0.005861
2.558298	0.008376	0.020166	-0.005895
2.556423	0.008385	0.020101	-0.005858
2.554550	0.008153	0.019908	-0.005878
2.552680	0.008006	0.019764	-0.005879
2.550813	0.008071	0.019801	-0.005865
2.548950	0.007886	0.019669	-0.005892
2.547089	0.007686	0.019446	-0.005880
2.545231	0.007552	0.019330	-0.005889
2.543376	0.007569	0.019363	-0.005897
2.541524	0.007545	0.019335	-0.005895
2.539675	0.007528	0.019254	-0.005863
2.537829	0.007365	0.019081	-0.005858
2.535986	0.007490	0.019236	-0.005873
2.534146	0.007556	0.019244	-0.005844
2.532308	0.007398	0.019154	-0.005878
2.530474	0.007185	0.018946	-0.005881
2.528642	0.007084	0.018758	-0.005837
2.526814	0.006919	0.018672	-0.005876
2.524988	0.006951	0.018710	-0.005879
2.523165	0.006855	0.018585	-0.005865
2.521345	0.007005	0.018811	-0.005903
2.519528	0.006887	0.018640	-0.005876
2.517714	0.006771	0.018526	-0.005877
2.515902	0.006505	0.018313	-0.005904
2.514093	0.006374	0.018175	-0.005901
2.512288	0.006418	0.018201	-0.005891
2.510485	0.006433	0.018287	-0.005927
2.508684	0.006279	0.018131	-0.005926
2.506887	0.006207	0.017948	-0.005870
2.505092	0.005963	0.017817	-0.005927
2.503301	0.005900	0.017851	-0.005976
2.501512	0.005718	0.017607	-0.005944
2.499726	0.005763	0.017591	-0.005914
2.497942	0.005598	0.017461	-0.005932
2.496162	0.005506	0.017371	-0.005932
2.494384	0.005506	0.017402	-0.005948
2.492609	0.005252	0.017166	-0.005957
2.490836	0.005287	0.017158	-0.005936
2.489067	0.005377	0.017326	-0.005974
2.487300	0.005334	0.017258	-0.005962
2.485536	0.005059	0.016967	-0.005954
2.483774	0.004986	0.016910	-0.005962
2.482016	0.005013	0.016888	-0.005938
2.480260	0.005088	0.016956	-0.005934
2.478507	0.005003	0.016926	-0.005962
2.476756	0.004989	0.016943	-0.005977
2.475008	0.004951	0.016814	-0.005931
2.473263	0.004748	0.016630	-0.005941
2.471521	0.004573	0.016568	-0.005998
2.469781	0.004383	0.016347	-0.005982
2.468044	0.004459	0.016373	-0.005957
2.466309	0.004401	0.016412	-0.006005
2.464578	0.004253	0.016233	-0.005990
2.462848	0.004194	0.016116	-0.005961
2.461122	0.004142	0.016099	-0.005978
2.459398	0.004019	0.015970	-0.005975
2.457677	0.003777	0.015668	-0.005946
2.455958	0.003905	0.015813	-0.005954
2.454243	0.003920	0.015882	-0.005981
2.452529	0.003775	0.015796	-0.006011
2.450819	0.003641	0.015613	-0.005986
2.449111	0.003658	0.015553	-0.005948
2.447405	0.003641	0.015688	-0.006023
2.445702	0.003441	0.015448	-0.006003
2.444002	0.003460	0.015456	-0.005998
2.442304	0.003308	0.015293	-0.005992
2.440609	0.003182	0.015176	-0.005997
2.438917	0.003079	0.014976	-0.005949
2.437227	0.003031	0.014946	-0.005957
2.435539	0.002920	0.014911	-0.005995
2.433854	0.003073	0.014976	-0.005951
2.432172	0.002880	0.014893	-0.006006
2.430492	0.002805	0.014758	-0.005976
2.428815	0.002620	0.014607	-0.005993
2.427140	0.002354	0.014363	-0.006004
2.425468	0.002426	0.014383	-0.005978
2.423799	0.002339	0.014343	-0.006002
2.422131	0.002450	0.014461	-0.006005
2.420467	0.002224	0.014301	-0.006038
2.418805	0.002204	0.014251	-0.006023
2.417145	0.002129	0.014177	-0.006024
2.415488	0.002108	0.014072	-0.005982
2.413833	0.002018	0.014028	-0.006005
2.412181	0.001896	0.013996	-0.006050
2.410532	0.001706	0.013747	-0.006021
2.408884	0.001659	0.013729	-0.006035
2.407240	0.001672	0.013769	-0.006049
2.405598	0.001602	0.013681	-0.006040
2.403958	0.001585	0.013666	-0.006040
2.402320	0.001471	0.013476	-0.006002
2.400685	0.001218	0.013290	-0.006036
2.399053	0.001197	0.013252	-0.006028
2.397423	0.001071	0.013154	-0.006042
2.395795	0.001049	0.013106	-0.006028
2.394170	0.000968	0.012975	-0.006004
2.392547	0.000603	0.012671	-0.006034
2.390927	0.000808	0.012924	-0.006058
2.389309	0.000704	0.012841	-0.006068
2.387694	0.000669	0.012710	-0.006020
2.386081	0.000579	0.012619	-0.006020
2.384470	0.000437	0.012596	-0.006080
2.382861	0.000267	0.012324	-0.006029
2.381255	0.000187	0.012214	-0.006014
2.379652	0.000039	0.012120	-0.006041
2.378051	-0.000177	0.011925	-0.006051
2.376452	-0.000247	0.011821	-0.006034
2.374855	-0.000250	0.011779	-0.006014
2.373261	-0.000259	0.011836	-0.006048
2.371669	-0.000306	0.011848	-0.006077
2.370080	-0.000273	0.011897	-0.006085
2.368493	-0.000285	0.011777	-0.006031
2.366908	-0.000456	0.011625	-0.006040
2.365326	-0.000376	0.011771	-0.006073
2.363745	-0.000356	0.011716	-0.006036
2.362168	-0.000546	0.011552	-0.006049
2.360592	-0.000693	0.011408	-0.006050
2.359019	-0.000789	0.011344	-0.006067
2.357448	-0.000860	0.011182	-0.006021
2.355880	-0.001060	0.011144	-0.006102
2.354313	-0.001034	0.011058	-0.006046
2.352749	-0.001179	0.011036	-0.006107
2.351188	-0.000989	0.011105	-0.006047
2.349628	-0.000912	0.011194	-0.006053
2.348071	-0.000887	0.011304	-0.006096
2.346516	-0.000892	0.011262	-0.006077
2.344964	-0.001038	0.011098	-0.006068
2.343413	-0.001233	0.010943	-0.006088
2.341865	-0.001260	0.010847	-0.006054
2.340319	-0.001536	0.010649	-0.006092
2.338776	-0.001609	0.010577	-0.006093
2.337235	-0.001466	0.010606	-0.006036
2.335695	-0.001708	0.010498	-0.006103
2.334159	-0.001721	0.010481	-0.006101
2.332624	-0.001950	0.010238	-0.006094
2.331091	-0.002010	0.010137	-0.006074
2.329561	-0.002176	0.009961	-0.006068
2.328033	-0.001967	0.010114	-0.006041
2.326508	-0.001908	0.010281	-0.006094
2.324984	-0.002057	0.010210	-0.006134
2.323463	-0.002089	0.010122	-0.006106
2.321943	-0.002120	0.010010	-0.006065
2.320426	-0.002218	0.010000	-0.006109
2.318912	-0.002247	0.009906	-0.006077
2.317399	-0.002562	0.009686	-0.006124
2.315888	-0.002883	0.009350	-0.006116
2.314380	-0.002812	0.009364	-0.006088
2.312874	-0.002920	0.009333	-0.006127
2.311370	-0.002759	0.009520	-0.006140
2.309868	-0.002745	0.009534	-0.006140
2.308369	-0.002826	0.009321	-0.006074
2.306871	-0.002758	0.009455	-0.006107
2.305376	-0.002788	0.009524	-0.006156
2.303883	-0.002893	0.009348	-0.006120
2.302392	-0.002968	0.009280	-0.006124
2.300903	-0.003168	0.009172	-0.006170
2.299416	-0.002885	0.009300	-0.006092
2.297931	-0.003139	0.009060	-0.006099
2.296449	-0.003240	0.009000	-0.006120
2.294968	-0.003256	0.008999	-0.006127
2.293490	-0.003430	0.008867	-0.006148
2.292013	-0.003355	0.008900	-0.006127
2.290539	-0.003446	0.008807	-0.006127
2.289067	-0.003597	0.008548	-0.006073
2.287597	-0.003712	0.008516	-0.006114
2.286129	-0.003705	0.008567	-0.006136
2.284664	-0.003835	0.008360	-0.006097
2.283200	-0.003895	0.008431	-0.006163
2.281738	-0.003894	0.008356	-0.006125
2.280279	-0.003756	0.008502	-0.006129
2.278821	-0.003787	0.008312	-0.006050
2.277366	-0.003928	0.008321	-0.006125
2.275912	-0.004295	0.007974	-0.006135
2.274461	-0.004556	0.007731	-0.006144
2.273012	-0.004724	0.007585	-0.006154
2.271564	-0.004419	0.007835	-0.006127
2.270119	-0.004491	0.007834	-0.006162
2.268676	-0.004538	0.007766	-0.006152
2.267235	-0.004824	0.007509	-0.006166
2.265796	-0.004807	0.007505	-0.006156
2.264359	-0.004749	0.007562	-0.006155
2.262923	-0.004547	0.007712	-0.006129
2.261490	-0.004610	0.007679	-0.006145
2.260059	-0.004581	0.007732	-0.006157
2.258630	-0.004718	0.007628	-0.006173
2.257203	-0.004714	0.007600	-0.006157
2.255778	-0.004848	0.007472	-0.006160
2.254355	-0.004931	0.007487	-0.006209
2.252934	-0.005065	0.007321	-0.006193
2.251515	-0.005251	0.007097	-0.006174
2.250098	-0.005477	0.006912	-0.006194
2.248683	-0.005572	0.006778	-0.006175
2.247269	-0.005833	0.006500	-0.006167
2.245858	-0.005972	0.006428	-0.006200
2.244449	-0.006103	0.006330	-0.006216
2.243042	-0.005847	0.006556	-0.006201
2.241636	-0.005677	0.006715	-0.006196
2.240233	-0.005732	0.006663	-0.006198
2.238832	-0.005600	0.006747	-0.006174
2.237432	-0.005524	0.006927	-0.006226
2.236035	-0.005507	0.007004	-0.006255
2.234639	-0.005778	0.006692	-0.006235
2.233245	-0.005732	0.006623	-0.006177
2.231854	-0.005978	0.006497	-0.006238
2.230464	-0.005937	0.006455	-0.006196
2.229076	-0.005865	0.006538	-0.006201
2.227690	-0.006210	0.006297	-0.006253
2.226306	-0.006339	0.006070	-0.006204
2.224924	-0.006562	0.005887	-0.006224
2.223544	-0.006819	0.005647	-0.006233
2.222165	-0.006653	0.005770	-0.006211
2.220789	-0.006338	0.006223	-0.006281
2.219414	-0.006370	0.006076	-0.006223
2.218042	-0.006060	0.006312	-0.006186
2.216671	-0.006065	0.006381	-0.006223
2.215302	-0.006394	0.006122	-0.006258
2.213935	-0.006687	0.005744	-0.006215
2.212570	-0.006678	0.005904	-0.006291
2.211207	-0.006532	0.005957	-0.006244
2.209845	-0.006490	0.005876	-0.006183
2.208486	-0.006561	0.005911	-0.006236
2.207128	-0.006774	0.005732	-0.006253
2.205772	-0.006847	0.005682	-0.006265
2.204418	-0.007049	0.005563	-0.006306
2.203066	-0.007170	0.005306	-0.006238
2.201716	-0.007309	0.005190	-0.006249
2.200367	-0.007595	0.005056	-0.006325
2.199021	-0.007528	0.005037	-0.006283
2.197676	-0.007506	0.005009	-0.006257
2.196333	-0.007461	0.005084	-0.006272
2.194992	-0.007300	0.005248	-0.006274
2.193653	-0.007319	0.005364	-0.006342
2.192315	-0.007436	0.005130	-0.006283
2.190980	-0.007629	0.004920	-0.006274
2.189646	-0.007563	0.004964	-0.006264
2.188314	-0.007805	0.004795	-0.006300
2.186984	-0.007753	0.004803	-0.006278
2.185655	-0.007612	0.004950	-0.006281
2.184328	-0.007796	0.004768	-0.006282
2.183004	-0.007394	0.005151	-0.006272
2.181681	-0.007498	0.005097	-0.006297
2.180359	-0.007601	0.005102	-0.006351
2.179040	-0.007878	0.004698	-0.006288
2.177722	-0.007858	0.004777	-0.006318
2.176406	-0.008116	0.004451	-0.006284
2.175092	-0.008301	0.004326	-0.006314
2.173780	-0.008320	0.004347	-0.006334
2.172469	-0.008642	0.004080	-0.006361
2.171160	-0.008525	0.004080	-0.006302
2.169853	-0.008480	0.004223	-0.006352
2.168548	-0.008159	0.004494	-0.006326
2.167244	-0.007653	0.005071	-0.006362
2.165943	-0.007816	0.004870	-0.006343
2.164643	-0.008266	0.004396	-0.006331
2.163344	-0.008358	0.004385	-0.006371
2.162048	-0.008615	0.004098	-0.006357
2.160753	-0.008848	0.003832	-0.006340
2.159460	-0.008981	0.003715	-0.006348
2.158168	-0.009165	0.003540	-0.006352
2.156879	-0.009356	0.003396	-0.006376
2.155591	-0.009097	0.003620	-0.006359
2.154304	-0.009206	0.003587	-0.006397
2.153020	-0.009187	0.003570	-0.006378
2.151737	-0.009041	0.003724	-0.006382
2.150456	-0.009069	0.003737	-0.006403
2.149177	-0.009026	0.003661	-0.006343
2.147899	-0.009036	0.003699	-0.006367
2.146623	-0.009368	0.003506	-0.006437
2.145349	-0.009655	0.003148	-0.006402
2.144076	-0.009648	0.003162	-0.006405
2.142805	-0.009637	0.003144	-0.006391
2.141536	-0.009611	0.003148	-0.006379
2.140268	-0.009502	0.003282	-0.006392
2.139002	-0.009593	0.003242	-0.006417
2.137738	-0.009800	0.002879	-0.006340
2.136476	-0.009586	0.003156	-0.006371
2.135215	-0.009593	0.003214	-0.006403
2.133956	-0.009599	0.003172	-0.006385
2.132698	-0.009464	0.003402	-0.006433
2.131442	-0.009584	0.003215	-0.006399
2.130188	-0.009785	0.003073	-0.006429
2.128935	-0.010042	0.002789	-0.006416
2.127684	-0.010312	0.002571	-0.006441
2.126435	-0.010260	0.002565	-0.006413
2.125187	-0.010178	0.002718	-0.006448
2.123941	-0.009719	0.003031	-0.006375
2.122697	-0.009844	0.003060	-0.006452
2.121454	-0.009939	0.002919	-0.006429
2.120213	-0.010050	0.002777	-0.006413
2.118974	-0.010131	0.002799	-0.006465
2.117736	-0.010040	0.002939	-0.006490
2.116500	-0.010199	0.002707	-0.006453
2.115265	-0.010161	0.002758	-0.006460
2.114032	-0.010059	0.002810	-0.006435
2.112801	-0.010231	0.002738	-0.006484
2.111571	-0.010290	0.002573	-0.006432
2.110343	-0.010591	0.002264	-0.006427
2.109116	-0.010884	0.002092	-0.006488
2.107891	-0.010761	0.002164	-0.006462
2.106668	-0.010772	0.002269	-0.006521
2.105446	-0.010898	0.002008	-0.006453
2.104226	-0.010859	0.002150	-0.006505
2.103007	-0.010823	0.002172	-0.006497
2.101790	-0.010998	0.001978	-0.006488
2.100575	-0.010746	0.002197	-0.006471
2.099361	-0.010945	0.002105	-0.006525
2.098149	-0.010783	0.002091	-0.006437
2.096938	-0.010943	0.001979	-0.006461
2.095729	-0.011246	0.001780	-0.006513
2.094521	-0.011121	0.001846	-0.006484
2.093315	-0.011225	0.001790	-0.006508
2.092111	-0.011240	0.001729	-0.006485
2.090908	-0.011028	0.001997	-0.006513
2.089707	-0.011208	0.001806	-0.006507
2.088507	-0.011140	0.001898	-0.006519
2.087309	-0.011029	0.001958	-0.006493
2.086112	-0.011070	0.001911	-0.006491
2.084917	-0.011317	0.001793	-0.006555
2.083723	-0.011551	0.001546	-0.006548
2.082531	-0.011526	0.001501	-0.006514
2.081341	-0.011452	0.001543	-0.006497
2.080152	-0.011437	0.001576	-0.006506
2.078964	-0.011781	0.001205	-0.006493
2.077778	-0.011758	0.001314	-0.006536
2.076594	-0.011745	0.001335	-0.006540
2.075411	-0.011913	0.001130	-0.006521
2.074230	-0.011920	0.001132	-0.006526
2.073050	-0.011870	0.001231	-0.006550
2.071871	-0.011710	0.001348	-0.006529
2.070694	-0.011999	0.001029	-0.006514
2.069519	-0.012116	0.000917	-0.006516
2.068345	-0.012186	0.000931	-0.006558
2.067173	-0.012425	0.000711	-0.006568
2.066002	-0.012294	0.000882	-0.006588
2.064833	-0.012479	0.000683	-0.006581
2.063665	-0.012309	0.000802	-0.006555
2.062498	-0.012383	0.000759	-0.006571
2.061333	-0.012535	0.000586	-0.006561
2.060170	-0.012650	0.000506	-0.006578
2.059008	-0.012595	0.000459	-0.006527
2.057848	-0.012524	0.000646	-0.006585
2.056689	-0.012550	0.000631	-0.006590
2.055531	-0.012578	0.000447	-0.006512
2.054375	-0.012537	0.000599	-0.006568
2.053221	-0.012547	0.000612	-0.006579
2.052067	-0.012586	0.000526	-0.006556
2.050916	-0.012517	0.000576	-0.006546
2.049766	-0.012502	0.000552	-0.006527
2.048617	-0.012739	0.000441	-0.006590
2.047470	-0.013140	0.000155	-0.006648
2.046324	-0.012980	0.000150	-0.006565
2.045179	-0.013015	0.000190	-0.006602
2.044036	-0.012880	0.000313	-0.006596
2.042895	-0.012728	0.000460	-0.006594
2.041755	-0.013036	0.000133	-0.006585
2.040616	-0.013018	0.000158	-0.006588
2.039479	-0.013127	0.000103	-0.006615
2.038343	-0.013047	0.000193	-0.006620
2.037209	-0.012941	0.000392	-0.006667
2.036076	-0.013204	0.000108	-0.006656
2.034945	-0.013318	-0.000034	-0.006642
2.033815	-0.013218	0.000020	-0.006619
2.032686	-0.013262	-0.000092	-0.006585
2.031559	-0.013180	0.000005	-0.006593
2.030433	-0.013252	-0.000047	-0.006602
2.029309	-0.013463	-0.000189	-0.006637
2.028186	-0.013601	-0.000309	-0.006646
2.027064	-0.013754	-0.000552	-0.006601
2.025944	-0.013908	-0.000634	-0.006637
2.024825	-0.013797	-0.000564	-0.006617
2.023708	-0.013769	-0.000514	-0.006628
2.022592	-0.013770	-0.000573	-0.006598
2.021477	-0.013943	-0.000584	-0.006679
2.020364	-0.013661	-0.000351	-0.006655
2.019252	-0.013569	-0.000292	-0.006638
2.018142	-0.013571	-0.000281	-0.006645
2.017033	-0.013532	-0.000247	-0.006642
2.015925	-0.013531	-0.000272	-0.006629
2.014819	-0.013615	-0.000288	-0.006663
2.013714	-0.013611	-0.000320	-0.006646
2.012610	-0.014054	-0.000676	-0.006689
2.011508	-0.014123	-0.000800	-0.006662
2.010407	-0.014290	-0.000993	-0.006649
2.009308	-0.014513	-0.001147	-0.006683
2.008210	-0.014782	-0.001433	-0.006674
2.007113	-0.014848	-0.001506	-0.006671
2.006018	-0.014896	-0.001509	-0.006693
2.004924	-0.014717	-0.001395	-0.006661
2.003831	-0.014730	-0.001447	-0.006642
2.002740	-0.014948	-0.001456	-0.006746
2.001650	-0.014930	-0.001500	-0.006715
2.000561	-0.014833	-0.001505	-0.006664
1.999474	-0.014910	-0.001569	-0.006671
1.998388	-0.015190	-0.001702	-0.006744
1.997303	-0.015116	-0.001771	-0.006672
1.996220	-0.015120	-0.001796	-0.006662
1.995138	-0.015336	-0.001956	-0.006690
1.994058	-0.015103	-0.001828	-0.006637
1.992978	-0.015325	-0.001956	-0.006685
1.991901	-0.015478	-0.002074	-0.006702
1.990824	-0.015632	-0.002165	-0.006733
1.989749	-0.015580	-0.002084	-0.006748
1.988675	-0.015626	-0.002176	-0.006725
1.987602	-0.015615	-0.002264	-0.006675
1.986531	-0.015453	-0.002016	-0.006718
1.985461	-0.015538	-0.002137	-0.006700
1.984392	-0.015770	-0.002354	-0.006708
1.983325	-0.015884	-0.002454	-0.006715
1.982259	-0.015884	-0.002509	-0.006687
1.981194	-0.016031	-0.002614	-0.006709
1.980130	-0.016188	-0.002743	-0.006723
1.979068	-0.016361	-0.002927	-0.006717
1.978007	-0.016230	-0.002802	-0.006714
1.976948	-0.016242	-0.002737	-0.006752
1.975889	-0.016325	-0.002783	-0.006771
1.974832	-0.016434	-0.002942	-0.006746
1.973777	-0.016290	-0.002817	-0.006737
1.972722	-0.016177	-0.002713	-0.006732
1.971669	-0.016261	-0.002832	-0.006714
1.970617	-0.016576	-0.003092	-0.006742
1.969566	-0.016781	-0.003233	-0.006774
1.968517	-0.016602	-0.003033	-0.006785
1.967469	-0.016694	-0.003129	-0.006783
1.966422	-0.016240	-0.002788	-0.006726
1.965377	-0.016265	-0.002750	-0.006757
1.964333	-0.016275	-0.002801	-0.006737
1.963290	-0.016260	-0.002745	-0.006757
1.962248	-0.016119	-0.002595	-0.006762
1.961207	-0.015990	-0.002483	-0.006753
1.960168	-0.016031	-0.002465	-0.006783
1.959130	-0.016089	-0.002449	-0.006820
1.958094	-0.016069	-0.002462	-0.006804
1.957058	-0.016110	-0.002566	-0.006772
1.956024	-0.016318	-0.002786	-0.006766
1.954991	-0.016539	-0.002965	-0.006787
1.953959	-0.016757	-0.003150	-0.006804
1.952929	-0.016851	-0.003231	-0.006810
1.951900	-0.016963	-0.003331	-0.006816
1.950872	-0.016998	-0.003515	-0.006742
1.949845	-0.016918	-0.003337	-0.006790
1.948819	-0.017092	-0.003482	-0.006805
1.947795	-0.017218	-0.003659	-0.006779
1.946772	-0.017180	-0.003582	-0.006799
1.945750	-0.016967	-0.003390	-0.006788
1.944729	-0.016992	-0.003409	-0.006792
1.943710	-0.016914	-0.003258	-0.006828
1.942692	-0.016795	-0.003176	-0.006810
1.941675	-0.016984	-0.003271	-0.006856
1.940659	-0.017265	-0.003733	-0.006766
1.939645	-0.017337	-0.003683	-0.006827
1.938631	-0.017407	-0.003788	-0.006810
1.937619	-0.017602	-0.003957	-0.006823
1.936608	-0.017539	-0.003890	-0.006824
1.935599	-0.017364	-0.003767	-0.006798
1.934590	-0.017271	-0.003660	-0.006805
1.933583	-0.017038	-0.003450	-0.006794
1.932577	-0.016913	-0.003285	-0.006814
1.931572	-0.017126	-0.003486	-0.006820
1.930568	-0.017356	-0.003602	-0.006877
1.929566	-0.017478	-0.003728	-0.006875
1.928565	-0.017553	-0.003822	-0.006865
1.927565	-0.017598	-0.003886	-0.006856
1.926566	-0.017533	-0.003752	-0.006890
1.925568	-0.017525	-0.003710	-0.006908
1.924571	-0.017424	-0.003787	-0.006818
1.923576	-0.017494	-0.003800	-0.006847
1.922582	-0.017644	-0.003961	-0.006842
1.921589	-0.017691	-0.003864	-0.006914
1.920597	-0.017622	-0.003930	-0.006846
1.919606	-0.017607	-0.003905	-0.006851
1.918617	-0.017485	-0.003675	-0.006905
1.917629	-0.017493	-0.003799	-0.006847
1.916641	-0.017562	-0.003885	-0.006838
1.915655	-0.017559	-0.003717	-0.006921
1.914671	-0.017507	-0.003817	-0.006845
1.913687	-0.017669	-0.003918	-0.006876
1.912704	-0.017405	-0.003802	-0.006802
1.911723	-0.017430	-0.003667	-0.006881
1.910743	-0.017922	-0.004111	-0.006905
1.909764	-0.017937	-0.004187	-0.006875
1.908786	-0.017866	-0.004157	-0.006854
1.907809	-0.018007	-0.004294	-0.006857
1.906834	-0.018086	-0.004283	-0.006902
1.905859	-0.017937	-0.004082	-0.006928
1.904886	-0.017747	-0.004025	-0.006861
1.903914	-0.017751	-0.004015	-0.006868
1.902943	-0.017942	-0.004156	-0.006893
1.901973	-0.017957	-0.004136	-0.006911
1.901004	-0.017875	-0.004101	-0.006887
1.900036	-0.017795	-0.004038	-0.006879
1.899070	-0.017862	-0.004051	-0.006906
1.898105	-0.018127	-0.004303	-0.006912
1.897140	-0.018193	-0.004318	-0.006937
1.896177	-0.018438	-0.004563	-0.006938
1.895215	-0.018632	-0.004711	-0.006961
1.894254	-0.018726	-0.004870	-0.006928
1.893295	-0.018807	-0.004948	-0.006929
1.892336	-0.018736	-0.004833	-0.006952
1.891378	-0.018543	-0.004768	-0.006888
1.890422	-0.018690	-0.004837	-0.006926
1.889467	-0.018763	-0.004925	-0.006919
1.888513	-0.018826	-0.005020	-0.006903
1.887560	-0.018980	-0.005070	-0.006955
1.886608	-0.018847	-0.005076	-0.006885
1.885657	-0.018523	-0.004592	-0.006965
1.884707	-0.018575	-0.004664	-0.006956
1.883758	-0.018652	-0.004757	-0.006948
1.882811	-0.018793	-0.004801	-0.006996
1.881864	-0.019101	-0.005181	-0.006960
1.880919	-0.019308	-0.005295	-0.007007
1.879975	-0.019093	-0.005173	-0.006960
1.879032	-0.019057	-0.005148	-0.006955
1.878090	-0.019221	-0.005280	-0.006970
1.877149	-0.019289	-0.005373	-0.006958
1.876209	-0.019411	-0.005500	-0.006956
1.875270	-0.019485	-0.005477	-0.007004
1.874332	-0.019497	-0.005592	-0.006952
1.873396	-0.019395	-0.005461	-0.006967
1.872460	-0.019466	-0.005449	-0.007008
1.871525	-0.019320	-0.005397	-0.006961
1.870592	-0.019322	-0.005351	-0.006986
1.869660	-0.019311	-0.005419	-0.006946
1.868728	-0.019276	-0.005334	-0.006971
1.867798	-0.019552	-0.005601	-0.006975
1.866869	-0.019608	-0.005586	-0.007011
1.865941	-0.019666	-0.005707	-0.006979
1.865014	-0.019796	-0.005713	-0.007041
1.864088	-0.019726	-0.005804	-0.006961
1.863163	-0.019641	-0.005548	-0.007046
1.862239	-0.019717	-0.005765	-0.006976
1.861317	-0.020048	-0.005970	-0.007039
1.860395	-0.020067	-0.006025	-0.007021
1.859474	-0.020226	-0.006163	-0.007032
1.858555	-0.020338	-0.006256	-0.007041
1.857636	-0.020205	-0.006260	-0.006973
1.856719	-0.019900	-0.005972	-0.006964
1.855802	-0.019792	-0.005774	-0.007009
1.854887	-0.019954	-0.005826	-0.007064
1.853973	-0.020153	-0.005976	-0.007088
1.853059	-0.020348	-0.006210	-0.007069
1.852147	-0.020198	-0.006074	-0.007062
1.851236	-0.020331	-0.006234	-0.007049
1.850326	-0.020381	-0.006297	-0.007042
1.849416	-0.020440	-0.006371	-0.007034
1.848508	-0.020472	-0.006353	-0.007059
1.847601	-0.020548	-0.006465	-0.007042
1.846695	-0.020508	-0.006385	-0.007061
1.845790	-0.020577	-0.006609	-0.006984
1.844886	-0.020782	-0.006655	-0.007063
1.843983	-0.020987	-0.006780	-0.007104
1.843081	-0.020631	-0.006351	-0.007140
1.842180	-0.020434	-0.006252	-0.007091
1.841280	-0.020398	-0.006243	-0.007078
1.840381	-0.020542	-0.006422	-0.007060
1.839484	-0.020631	-0.006437	-0.007097
1.838587	-0.020751	-0.006620	-0.007065
1.837691	-0.020687	-0.006651	-0.007018
1.836796	-0.020733	-0.006631	-0.007051
1.835902	-0.020732	-0.006628	-0.007052
1.835009	-0.021009	-0.006765	-0.007122
1.834118	-0.021300	-0.007179	-0.007061
1.833227	-0.021329	-0.007260	-0.007035
1.832337	-0.021429	-0.007420	-0.007005
1.831448	-0.021576	-0.007414	-0.007081
1.830560	-0.021522	-0.007382	-0.007070
1.829674	-0.021254	-0.007050	-0.007102
1.828788	-0.021217	-0.007022	-0.007098
1.827903	-0.021368	-0.007100	-0.007134
1.827019	-0.021412	-0.007058	-0.007177
1.826136	-0.021447	-0.007280	-0.007083
1.825255	-0.021836	-0.007583	-0.007127
1.824374	-0.021876	-0.007667	-0.007104
1.823494	-0.022109	-0.007984	-0.007062
1.822615	-0.022114	-0.007850	-0.007132
1.821737	-0.022028	-0.007875	-0.007077
1.820860	-0.021971	-0.007771	-0.007100
1.819984	-0.022184	-0.007893	-0.007145
1.819109	-0.022224	-0.008043	-0.007091
1.818235	-0.022450	-0.008054	-0.007198
1.817362	-0.022181	-0.008065	-0.007058
1.816490	-0.022315	-0.008009	-0.007153
1.815619	-0.022267	-0.008051	-0.007108
1.814749	-0.022339	-0.008066	-0.007137
1.813880	-0.022412	-0.007970	-0.007221
1.813012	-0.022234	-0.007974	-0.007130
1.812145	-0.022257	-0.007951	-0.007153
1.811279	-0.022323	-0.008014	-0.007155
1.810413	-0.022526	-0.008171	-0.007177
1.809549	-0.022202	-0.007885	-0.007159
1.808686	-0.021895	-0.007599	-0.007148
1.807824	-0.022068	-0.007584	-0.007242
1.806962	-0.021922	-0.007524	-0.007199
1.806102	-0.021913	-0.007382	-0.007266
1.805242	-0.021951	-0.007560	-0.007196
1.804384	-0.022022	-0.007635	-0.007193
1.803526	-0.021963	-0.007599	-0.007182
1.802670	-0.022124	-0.007803	-0.007160
1.801814	-0.022296	-0.007797	-0.007249
1.800959	-0.022472	-0.008091	-0.007191
1.800105	-0.022767	-0.008287	-0.007240
1.799252	-0.023060	-0.008700	-0.007180
1.798401	-0.022987	-0.008680	-0.007153
1.797550	-0.022806	-0.008380	-0.007213
1.796700	-0.022989	-0.008545	-0.007222
1.795851	-0.023087	-0.008742	-0.007173
1.795002	-0.022893	-0.008538	-0.007178
1.794155	-0.022835	-0.008402	-0.007216
1.793309	-0.023065	-0.008647	-0.007209
1.792464	-0.023126	-0.008559	-0.007284
1.791619	-0.022911	-0.008537	-0.007187
1.790776	-0.022975	-0.008563	-0.007206
1.789933	-0.023119	-0.008727	-0.007196
1.789092	-0.022949	-0.008485	-0.007232
1.788251	-0.022698	-0.008212	-0.007243
1.787411	-0.022850	-0.008404	-0.007223
1.786572	-0.022831	-0.008546	-0.007142
1.785734	-0.022806	-0.008212	-0.007297
1.784897	-0.022700	-0.008258	-0.007221
1.784061	-0.023131	-0.008547	-0.007292
1.783226	-0.023369	-0.008913	-0.007228
1.782392	-0.023327	-0.008956	-0.007185
1.781558	-0.023407	-0.008864	-0.007272
1.780726	-0.023541	-0.009010	-0.007265
1.779894	-0.023410	-0.008755	-0.007327
1.779064	-0.023280	-0.008671	-0.007305
1.778234	-0.023194	-0.008710	-0.007242
1.777405	-0.023240	-0.008861	-0.007189
1.776577	-0.023496	-0.008962	-0.007267
1.775750	-0.023878	-0.009348	-0.007265
1.774924	-0.023868	-0.009443	-0.007213
1.774099	-0.023611	-0.008977	-0.007317
1.773275	-0.023368	-0.008892	-0.007238
1.772451	-0.023439	-0.008859	-0.007290
1.771629	-0.023672	-0.009160	-0.007256
1.770807	-0.023603	-0.008949	-0.007327
1.769986	-0.023555	-0.009028	-0.007264
1.769167	-0.023574	-0.008925	-0.007325
1.768348	-0.023710	-0.009172	-0.007269
1.767530	-0.023745	-0.009133	-0.007306
1.766712	-0.023806	-0.009207	-0.007300
1.765896	-0.023812	-0.009298	-0.007257
1.765081	-0.023946	-0.009368	-0.007289
1.764266	-0.023760	-0.009272	-0.007244
1.763453	-0.023837	-0.009300	-0.007268
1.762640	-0.023786	-0.009199	-0.007294
1.761828	-0.023993	-0.009317	-0.007338
1.761017	-0.024433	-0.009700	-0.007366
1.760207	-0.024879	-0.010040	-0.007420
1.759398	-0.025085	-0.010428	-0.007328
1.758589	-0.025191	-0.010713	-0.007239
1.757782	-0.024927	-0.010363	-0.007282
1.756975	-0.024702	-0.010051	-0.007326
1.756169	-0.024604	-0.009917	-0.007344
1.755365	-0.024746	-0.010023	-0.007361
1.754560	-0.024460	-0.009765	-0.007348
1.753757	-0.024034	-0.009406	-0.007314
1.752955	-0.024297	-0.009421	-0.007438
1.752154	-0.024646	-0.009925	-0.007361
1.751353	-0.024626	-0.009949	-0.007339
1.750553	-0.024719	-0.009932	-0.007393
1.749755	-0.024816	-0.010095	-0.007360
1.748957	-0.025056	-0.010250	-0.007403
1.748159	-0.024998	-0.010266	-0.007366
1.747363	-0.025071	-0.010289	-0.007391
1.746568	-0.025088	-0.010415	-0.007336
1.745773	-0.025298	-0.010554	-0.007372
1.744979	-0.025283	-0.010549	-0.007367
1.744187	-0.025110	-0.010435	-0.007337
1.743395	-0.024772	-0.010213	-0.007280
1.742603	-0.024884	-0.010265	-0.007310
1.741813	-0.024961	-0.010209	-0.007376
1.741024	-0.025356	-0.010615	-0.007371
1.740235	-0.025623	-0.010867	-0.007378
1.739447	-0.025574	-0.010889	-0.007343
1.738660	-0.025528	-0.010759	-0.007384
1.737874	-0.025366	-0.010671	-0.007348
1.737089	-0.025617	-0.010928	-0.007344
1.736304	-0.025854	-0.010982	-0.007436
1.735521	-0.025594	-0.010847	-0.007373
1.734738	-0.025574	-0.010850	-0.007362
1.733956	-0.025751	-0.011104	-0.007323
1.733175	-0.026013	-0.011243	-0.007385
1.732395	-0.026113	-0.011441	-0.007336
1.731615	-0.026172	-0.011397	-0.007388
1.730837	-0.026329	-0.011522	-0.007403
1.730059	-0.026242	-0.011330	-0.007456
1.729282	-0.026379	-0.011625	-0.007377
1.728506	-0.026298	-0.011467	-0.007415
1.727730	-0.026238	-0.011315	-0.007461
1.726956	-0.026202	-0.011354	-0.007424
1.726182	-0.026315	-0.011436	-0.007439
1.725409	-0.026443	-0.011488	-0.007478
1.724637	-0.026549	-0.011735	-0.007407
1.723866	-0.026753	-0.011849	-0.007452
1.723096	-0.026954	-0.012113	-0.007421
1.722326	-0.026991	-0.012154	-0.007419
1.721557	-0.027006	-0.012125	-0.007440
1.720789	-0.027170	-0.012198	-0.007486
1.720022	-0.027175	-0.012235	-0.007470
1.719256	-0.027436	-0.012482	-0.007477
1.718490	-0.027297	-0.012385	-0.007456
1.717726	-0.027216	-0.012572	-0.007322
1.716962	-0.027271	-0.012313	-0.007479
1.716199	-0.027312	-0.012339	-0.007486
1.715436	-0.027451	-0.012605	-0.007423
1.714675	-0.027679	-0.012799	-0.007440
1.713914	-0.027774	-0.012800	-0.007487
1.713154	-0.027812	-0.012989	-0.007411
1.712395	-0.028179	-0.013429	-0.007375
1.711637	-0.028351	-0.013462	-0.007444
1.710879	-0.028355	-0.013386	-0.007484
1.710122	-0.028613	-0.013735	-0.007439
1.709366	-0.028874	-0.013975	-0.007450
1.708611	-0.028862	-0.013792	-0.007535
1.707857	-0.028363	-0.013623	-0.007370
1.707103	-0.028101	-0.013211	-0.007445
1.706351	-0.028222	-0.013272	-0.007475
1.705599	-0.028327	-0.013344	-0.007491
1.704847	-0.028468	-0.013463	-0.007502
1.704097	-0.028582	-0.013597	-0.007492
1.703347	-0.028671	-0.013590	-0.007540
1.702599	-0.028627	-0.013773	-0.007427
1.701850	-0.028595	-0.013804	-0.007395
1.701103	-0.028628	-0.013717	-0.007456
1.700357	-0.028827	-0.013839	-0.007494
1.699611	-0.028785	-0.013853	-0.007466
1.698866	-0.028749	-0.013843	-0.007453
1.698122	-0.028973	-0.013880	-0.007547
1.697378	-0.028710	-0.013791	-0.007460
1.696636	-0.028698	-0.013715	-0.007491
1.695894	-0.028819	-0.014000	-0.007409
1.695153	-0.029197	-0.014137	-0.007530
1.694412	-0.029270	-0.014205	-0.007532
1.693673	-0.029445	-0.014421	-0.007512
1.692934	-0.029381	-0.014457	-0.007462
1.692196	-0.029665	-0.014765	-0.007450
1.691459	-0.029478	-0.014640	-0.007419
1.690722	-0.029636	-0.014635	-0.007501
1.689987	-0.029865	-0.014946	-0.007460
1.689252	-0.030166	-0.015156	-0.007505
1.688518	-0.029906	-0.014898	-0.007504
1.687784	-0.029915	-0.014873	-0.007521
1.687051	-0.029757	-0.014803	-0.007477
1.686320	-0.029500	-0.014432	-0.007534
1.685588	-0.029451	-0.014397	-0.007527
1.684858	-0.029288	-0.014381	-0.007453
1.684128	-0.029407	-0.014444	-0.007481
1.683399	-0.029422	-0.014625	-0.007398
1.682671	-0.029606	-0.014586	-0.007510
1.681944	-0.029660	-0.014493	-0.007583
1.681217	-0.029768	-0.014747	-0.007510
1.680491	-0.030141	-0.015099	-0.007521
1.679766	-0.030341	-0.015575	-0.007383
1.679042	-0.030677	-0.015655	-0.007511
1.678318	-0.030861	-0.015781	-0.007540
1.677595	-0.030919	-0.015952	-0.007483
1.676873	-0.030968	-0.015913	-0.007527
1.676152	-0.031201	-0.016199	-0.007501
1.675431	-0.031338	-0.016175	-0.007581
1.674711	-0.031394	-0.016377	-0.007509
1.673992	-0.031418	-0.016343	-0.007538
1.673273	-0.031072	-0.016108	-0.007482
1.672556	-0.030778	-0.015689	-0.007544
1.671839	-0.030748	-0.015807	-0.007471
1.671122	-0.030655	-0.015609	-0.007523
1.670407	-0.030682	-0.015796	-0.007443
1.669692	-0.030731	-0.015745	-0.007493
1.668978	-0.030299	-0.015144	-0.007577
1.668265	-0.029881	-0.014759	-0.007561
1.667552	-0.029918	-0.014831	-0.007543
1.666840	-0.029853	-0.014656	-0.007599
1.666129	-0.030142	-0.014992	-0.007575
1.665418	-0.030236	-0.015270	-0.007483
1.664709	-0.029876	-0.014836	-0.007520
1.664000	-0.029920	-0.014903	-0.007509
1.663292	-0.029873	-0.014822	-0.007526
1.662584	-0.029641	-0.014718	-0.007462
1.661877	-0.029771	-0.014608	-0.007582
1.661171	-0.029714	-0.014628	-0.007543
1.660466	-0.029228	-0.014111	-0.007559
1.659761	-0.029096	-0.014073	-0.007511
1.659057	-0.029432	-0.014160	-0.007636
1.658354	-0.029640	-0.014477	-0.007582
1.657651	-0.030027	-0.015018	-0.007504
1.656950	-0.030314	-0.015078	-0.007618
1.656249	-0.030541	-0.015358	-0.007592
1.655548	-0.030550	-0.015389	-0.007580
1.654848	-0.030462	-0.015487	-0.007487
1.654150	-0.030452	-0.015350	-0.007551
1.653451	-0.030211	-0.015102	-0.007555
1.652754	-0.030007	-0.014953	-0.007527
1.652057	-0.029663	-0.014673	-0.007495
1.651361	-0.029826	-0.014815	-0.007506
1.650665	-0.029895	-0.014938	-0.007479
1.649971	-0.030147	-0.015123	-0.007512
1.649277	-0.030327	-0.015106	-0.007611
1.648583	-0.030426	-0.015356	-0.007535
1.647891	-0.030921	-0.015967	-0.007477
1.647199	-0.031209	-0.015941	-0.007634
1.646508	-0.031056	-0.016011	-0.007522
1.645817	-0.031318	-0.016248	-0.007535
1.645127	-0.031384	-0.016398	-0.007493
1.644438	-0.031568	-0.016381	-0.007594
1.643750	-0.031299	-0.016206	-0.007546
1.643062	-0.031269	-0.016135	-0.007567
1.642375	-0.031131	-0.016016	-0.007557
1.641689	-0.031453	-0.016457	-0.007498
1.641003	-0.031390	-0.016273	-0.007559
1.640318	-0.031319	-0.016329	-0.007495
1.639634	-0.031547	-0.016499	-0.007524
1.638950	-0.031858	-0.016726	-0.007566
1.638267	-0.032066	-0.016962	-0.007552
1.637585	-0.032350	-0.017335	-0.007507
1.636903	-0.032333	-0.017385	-0.007474
1.636222	-0.032515	-0.017481	-0.007517
1.635542	-0.032676	-0.017459	-0.007609
1.634863	-0.032848	-0.017800	-0.007524
1.634184	-0.032950	-0.018009	-0.007470
1.633506	-0.033029	-0.017987	-0.007521
1.632828	-0.032876	-0.017774	-0.007551
1.632151	-0.032760	-0.017624	-0.007568
1.631475	-0.032836	-0.017761	-0.007538
1.630800	-0.033319	-0.018175	-0.007572
1.630125	-0.033564	-0.018520	-0.007522
1.629451	-0.033841	-0.018687	-0.007577
1.628778	-0.034091	-0.018988	-0.007551
1.628105	-0.034267	-0.019312	-0.007478
1.627433	-0.034508	-0.019394	-0.007557
1.626761	-0.034635	-0.019570	-0.007533
1.626091	-0.034289	-0.019129	-0.007580
1.625421	-0.033785	-0.018689	-0.007548
1.624751	-0.033687	-0.018449	-0.007619
1.624083	-0.033512	-0.018303	-0.007604
1.623414	-0.033897	-0.018810	-0.007544
1.622747	-0.033697	-0.018520	-0.007588
1.622080	-0.033753	-0.018759	-0.007497
1.621414	-0.033677	-0.018630	-0.007523
1.620749	-0.033572	-0.018635	-0.007469
1.620084	-0.033813	-0.018678	-0.007568
1.619420	-0.033791	-0.018795	-0.007498
1.618757	-0.033698	-0.018703	-0.007498
1.618094	-0.033957	-0.018878	-0.007540
1.617432	-0.034074	-0.019011	-0.007532
1.616770	-0.034104	-0.019055	-0.007525
1.616109	-0.034300	-0.019345	-0.007478
1.615449	-0.034225	-0.019223	-0.007501
1.614790	-0.034389	-0.019067	-0.007661
1.614131	-0.034440	-0.019456	-0.007492
1.613473	-0.034256	-0.019234	-0.007511
1.612815	-0.033910	-0.018946	-0.007482
1.612158	-0.033647	-0.018584	-0.007531
1.611502	-0.033127	-0.018215	-0.007456
1.610846	-0.033198	-0.018214	-0.007492
1.610191	-0.033152	-0.018385	-0.007384
1.609537	-0.032791	-0.017834	-0.007478
1.608883	-0.032742	-0.017691	-0.007525
1.608230	-0.033195	-0.018093	-0.007551
1.607578	-0.033234	-0.018228	-0.007503
1.606926	-0.033928	-0.018876	-0.007526
1.606275	-0.033889	-0.018923	-0.007483
1.605625	-0.033749	-0.018856	-0.007447
1.604975	-0.033650	-0.018607	-0.007521
1.604326	-0.033775	-0.018751	-0.007512
1.603677	-0.034135	-0.019152	-0.007491
1.603029	-0.034308	-0.019170	-0.007569
1.602382	-0.034442	-0.019377	-0.007533
1.601735	-0.034306	-0.019401	-0.007453
1.601089	-0.033934	-0.018833	-0.007551
1.600444	-0.034129	-0.019228	-0.007450
1.599799	-0.034203	-0.019201	-0.007501
1.599155	-0.034219	-0.019317	-0.007451
1.598512	-0.034290	-0.019323	-0.007483
1.597869	-0.034328	-0.019244	-0.007542
1.597227	-0.033980	-0.019128	-0.007426
1.596585	-0.033509	-0.018706	-0.007402
1.595944	-0.033518	-0.018714	-0.007402
1.595304	-0.033686	-0.018631	-0.007527
1.594664	-0.033884	-0.018827	-0.007529
1.594025	-0.033875	-0.018939	-0.007468
1.593386	-0.034163	-0.019120	-0.007521
1.592749	-0.034000	-0.019047	-0.007477
1.592111	-0.033783	-0.018802	-0.007491
1.591475	-0.033577	-0.018749	-0.007414
1.590839	-0.033901	-0.019007	-0.007447
1.590203	-0.034087	-0.019022	-0.007533
1.589569	-0.033671	-0.018777	-0.007447
1.588935	-0.033544	-0.018612	-0.007466
1.588301	-0.033351	-0.018459	-0.007446
1.587668	-0.033168	-0.018334	-0.007417
1.587036	-0.033321	-0.018532	-0.007394
1.586404	-0.033407	-0.018586	-0.007411
1.585773	-0.033347	-0.018449	-0.007449
1.585143	-0.034094	-0.019194	-0.007450
1.584513	-0.033941	-0.018967	-0.007487
1.583884	-0.033652	-0.018706	-0.007473
1.583255	-0.033526	-0.018670	-0.007428
1.582627	-0.033641	-0.018774	-0.007433
1.582000	-0.033865	-0.019180	-0.007342
1.581373	-0.033929	-0.019121	-0.007404
1.580747	-0.033919	-0.019013	-0.007453
1.580121	-0.033571	-0.018735	-0.007418
1.579496	-0.034022	-0.019110	-0.007456
1.578872	-0.034022	-0.018878	-0.007572
1.578248	-0.033418	-0.018763	-0.007328
1.577625	-0.033744	-0.018886	-0.007429
1.577002	-0.033858	-0.018980	-0.007439
1.576380	-0.033820	-0.019062	-0.007379
1.575759	-0.034303	-0.019430	-0.007437
1.575138	-0.034296	-0.019638	-0.007329
1.574518	-0.033908	-0.019194	-0.007357
1.573899	-0.034002	-0.019125	-0.007438
1.573280	-0.033812	-0.019163	-0.007325
1.572661	-0.033681	-0.018740	-0.007471
1.572044	-0.033728	-0.018622	-0.007553
1.571426	-0.033330	-0.018479	-0.007426
1.570810	-0.033159	-0.018322	-0.007419
1.570194	-0.033379	-0.018836	-0.007271
1.569578	-0.033552	-0.018759	-0.007397
1.568964	-0.033658	-0.018803	-0.007427
1.568349	-0.033288	-0.018741	-0.007273
1.567736	-0.033439	-0.018595	-0.007422
1.567123	-0.033706	-0.018928	-0.007389
1.566510	-0.033920	-0.019329	-0.007296
1.565899	-0.033945	-0.019246	-0.007350
1.565287	-0.033533	-0.018585	-0.007474
1.564677	-0.033271	-0.018523	-0.007374
1.564066	-0.033208	-0.018317	-0.007446
1.563457	-0.033320	-0.018473	-0.007423
1.562848	-0.033498	-0.018949	-0.007275
1.562240	-0.034125	-0.019360	-0.007383
1.561632	-0.034078	-0.019332	-0.007373
1.561025	-0.034319	-0.019439	-0.007440
1.560418	-0.034094	-0.019170	-0.007462
1.559812	-0.033313	-0.018533	-0.007390
1.559207	-0.032554	-0.017783	-0.007386
1.558602	-0.032393	-0.017916	-0.007239
1.557997	-0.032237	-0.017882	-0.007177
1.557394	-0.032024	-0.017403	-0.007311
1.556791	-0.031941	-0.016964	-0.007489
1.556188	-0.031705	-0.017230	-0.007237
1.555586	-0.031790	-0.017173	-0.007309
1.554985	-0.031934	-0.017115	-0.007410
1.554384	-0.032245	-0.017727	-0.007259
1.553783	-0.032310	-0.018069	-0.007121
1.553184	-0.032522	-0.017744	-0.007389
1.552585	-0.032582	-0.017604	-0.007489
1.551986	-0.032365	-0.017794	-0.007286
1.551388	-0.032354	-0.017809	-0.007273
1.550791	-0.032113	-0.017577	-0.007268
1.550194	-0.031943	-0.017358	-0.007293
1.549597	-0.031874	-0.017317	-0.007278
1.549002	-0.031851	-0.017217	-0.007317
1.548406	-0.031650	-0.017445	-0.007103
1.547812	-0.032001	-0.017486	-0.007258
1.547218	-0.032016	-0.017502	-0.007257
1.546624	-0.031906	-0.017323	-0.007292
1.546031	-0.031896	-0.017406	-0.007245
1.545439	-0.031745	-0.017422	-0.007161
1.544847	-0.031806	-0.017307	-0.007250
1.544256	-0.032281	-0.017552	-0.007364
1.543665	-0.032137	-0.017648	-0.007245
1.543075	-0.032366	-0.017722	-0.007322
1.542486	-0.032207	-0.017574	-0.007317
1.541897	-0.031656	-0.017250	-0.007203
1.541308	-0.031217	-0.016912	-0.007153
1.540720	-0.030849	-0.016617	-0.007116
1.540133	-0.030546	-0.016212	-0.007167
1.539546	-0.030674	-0.016103	-0.007286
1.538960	-0.030846	-0.016567	-0.007140
1.538374	-0.031056	-0.016501	-0.007277
1.537789	-0.030965	-0.016447	-0.007259
1.537204	-0.031021	-0.016325	-0.007348
1.536620	-0.030612	-0.016048	-0.007282
1.536037	-0.030609	-0.016070	-0.007270
1.535454	-0.030430	-0.016081	-0.007174
1.534872	-0.030216	-0.016081	-0.007067
1.534290	-0.030619	-0.016328	-0.007146
1.533708	-0.030655	-0.016252	-0.007201
1.533128	-0.030412	-0.015838	-0.007287
1.532548	-0.030035	-0.015368	-0.007333
1.531968	-0.029986	-0.015602	-0.007192
1.531389	-0.029702	-0.015549	-0.007077
1.530810	-0.029745	-0.015148	-0.007298
1.530232	-0.029703	-0.015267	-0.007218
1.529655	-0.029913	-0.015384	-0.007265
1.529078	-0.029668	-0.015415	-0.007127
1.528501	-0.029336	-0.014954	-0.007191
1.527925	-0.028890	-0.014642	-0.007124
1.527350	-0.028472	-0.014126	-0.007173
1.526775	-0.028523	-0.014328	-0.007098
1.526201	-0.028514	-0.014346	-0.007084
1.525627	-0.028212	-0.013851	-0.007181
1.525054	-0.028065	-0.013932	-0.007066
1.524481	-0.027824	-0.013907	-0.006959
1.523909	-0.027814	-0.013645	-0.007085
1.523338	-0.028116	-0.013784	-0.007166
1.522767	-0.028573	-0.014097	-0.007238
1.522196	-0.028834	-0.014268	-0.007283
1.521626	-0.028869	-0.014401	-0.007234
1.521057	-0.028746	-0.014676	-0.007035
1.520488	-0.028672	-0.014609	-0.007032
1.519919	-0.028491	-0.014485	-0.007003
1.519351	-0.028228	-0.014193	-0.007018
1.518784	-0.028376	-0.014246	-0.007065
1.518217	-0.028378	-0.014083	-0.007148
1.517651	-0.028195	-0.013741	-0.007227
1.517085	-0.027670	-0.013635	-0.007017
1.516520	-0.027534	-0.013065	-0.007235
1.515955	-0.027001	-0.013083	-0.006959
1.515391	-0.026936	-0.012751	-0.007092
1.514827	-0.026729	-0.012732	-0.006998
1.514264	-0.026792	-0.012660	-0.007066
1.513702	-0.026597	-0.012453	-0.007072
1.513139	-0.026171	-0.012169	-0.007001
1.512578	-0.026274	-0.011877	-0.007198
1.512017	-0.026372	-0.012596	-0.006888
1.511456	-0.026409	-0.012437	-0.006986
1.510896	-0.026134	-0.012350	-0.006892
1.510337	-0.026490	-0.012528	-0.006981
1.509778	-0.026782	-0.012620	-0.007081
1.509219	-0.026354	-0.012637	-0.006858
1.508661	-0.026510	-0.012408	-0.007051
1.508104	-0.026332	-0.012310	-0.007011
1.507547	-0.026477	-0.012473	-0.007002
1.506990	-0.026648	-0.012791	-0.006928
1.506435	-0.027017	-0.012662	-0.007178
1.505879	-0.027138	-0.013024	-0.007057
1.505324	-0.026845	-0.012768	-0.007038
1.504770	-0.026667	-0.012675	-0.006996
1.504216	-0.026815	-0.012604	-0.007106
1.503663	-0.026301	-0.012804	-0.006748
1.503110	-0.026059	-0.012162	-0.006948
1.502558	-0.026137	-0.012443	-0.006847
1.502006	-0.026139	-0.012278	-0.006931
1.501454	-0.026309	-0.012578	-0.006866
1.500904	-0.025864	-0.011884	-0.006990
1.500353	-0.025472	-0.011515	-0.006978
1.499803	-0.025322	-0.010916	-0.007203
1.499254	-0.025552	-0.011487	-0.007032
1.498705	-0.025375	-0.011520	-0.006927
1.498157	-0.026221	-0.012341	-0.006940
1.497609	-0.026110	-0.012236	-0.006937
1.497062	-0.025910	-0.011765	-0.007072
1.496515	-0.025361	-0.011513	-0.006924
1.495969	-0.025335	-0.011419	-0.006958
1.495423	-0.024501	-0.011040	-0.006730
1.494878	-0.024502	-0.010437	-0.007032
1.494333	-0.024162	-0.010185	-0.006988
1.493789	-0.023748	-0.010040	-0.006854
1.493245	-0.023468	-0.009824	-0.006822
1.492702	-0.023218	-0.009815	-0.006701
1.492159	-0.022996	-0.009384	-0.006806
1.491617	-0.022994	-0.009400	-0.006797
1.491075	-0.023484	-0.009986	-0.006749
1.490533	-0.023919	-0.010302	-0.006808
1.489993	-0.024470	-0.010407	-0.007032
1.489452	-0.024125	-0.010458	-0.006834
1.488912	-0.023963	-0.010198	-0.006883
1.488373	-0.023988	-0.010287	-0.006851
1.487834	-0.023808	-0.009930	-0.006939
1.487296	-0.023237	-0.010027	-0.006605
1.486758	-0.023299	-0.009716	-0.006792
1.486221	-0.023203	-0.009517	-0.006843
1.485684	-0.022677	-0.009025	-0.006826
1.485147	-0.022631	-0.008855	-0.006888
1.484611	-0.022429	-0.009016	-0.006707
1.484076	-0.022359	-0.008867	-0.006746
1.483541	-0.021581	-0.008432	-0.006575
1.483007	-0.021914	-0.008482	-0.006716
1.482473	-0.022082	-0.008907	-0.006588
1.481939	-0.022250	-0.008662	-0.006794
1.481406	-0.022462	-0.009139	-0.006661
1.480874	-0.022361	-0.008788	-0.006787
1.480341	-0.021975	-0.008801	-0.006587
1.479810	-0.021959	-0.008598	-0.006681
1.479279	-0.022264	-0.008579	-0.006843
1.478748	-0.022315	-0.008955	-0.006680
1.478218	-0.021974	-0.008937	-0.006518
1.477688	-0.021352	-0.008106	-0.006623
1.477159	-0.021446	-0.007767	-0.006840
1.476631	-0.021640	-0.008147	-0.006747
1.476102	-0.021914	-0.008726	-0.006594
1.475575	-0.021912	-0.008665	-0.006623
1.475047	-0.021910	-0.008332	-0.006789
1.474521	-0.021847	-0.008718	-0.006565
1.473994	-0.021706	-0.008060	-0.006823
1.473469	-0.021246	-0.008278	-0.006484
1.472943	-0.021428	-0.007955	-0.006736
1.472418	-0.021472	-0.007778	-0.006847
1.471894	-0.021239	-0.008094	-0.006572
1.471370	-0.021713	-0.008298	-0.006707
1.470846	-0.021984	-0.008187	-0.006899
1.470323	-0.021911	-0.008401	-0.006755
1.469801	-0.021475	-0.008755	-0.006360
1.469279	-0.021599	-0.008261	-0.006669
1.468757	-0.021279	-0.008300	-0.006489
1.468236	-0.021027	-0.008189	-0.006419
1.467716	-0.021021	-0.007806	-0.006608
1.467195	-0.020614	-0.007106	-0.006754
1.466676	-0.020519	-0.007003	-0.006758
1.466156	-0.020074	-0.006798	-0.006638
1.465638	-0.020190	-0.007130	-0.006530
1.465119	-0.019927	-0.006962	-0.006483
1.464601	-0.020069	-0.006637	-0.006716
1.464084	-0.020014	-0.006383	-0.006816
1.463567	-0.020076	-0.006853	-0.006611
1.463051	-0.019813	-0.006931	-0.006441
1.462535	-0.019246	-0.006004	-0.006621
1.462019	-0.018881	-0.005681	-0.006600
1.461504	-0.019047	-0.005510	-0.006768
1.460989	-0.018705	-0.005734	-0.006486
1.460475	-0.018882	-0.005970	-0.006456
1.459962	-0.018951	-0.005586	-0.006683
1.459448	-0.019118	-0.005641	-0.006738
1.458936	-0.018941	-0.006334	-0.006304
1.458423	-0.018834	-0.005659	-0.006587
1.457911	-0.018993	-0.005789	-0.006602
1.457400	-0.018578	-0.005645	-0.006466
1.456889	-0.018599	-0.005801	-0.006399
1.456379	-0.018590	-0.005783	-0.006403
1.455869	-0.018196	-0.005288	-0.006454
1.455359	-0.018241	-0.005144	-0.006548
1.454850	-0.018284	-0.005233	-0.006526
1.454341	-0.017900	-0.005138	-0.006381
1.453833	-0.018474	-0.005162	-0.006656
1.453325	-0.018215	-0.005448	-0.006384
1.452818	-0.018676	-0.005904	-0.006386
1.452311	-0.018573	-0.006004	-0.006284
1.451805	-0.018665	-0.005936	-0.006365
1.451299	-0.018170	-0.005800	-0.006185
1.450793	-0.018614	-0.005159	-0.006727
1.450288	-0.018449	-0.005072	-0.006689
1.449783	-0.017550	-0.004668	-0.006441
1.449279	-0.017318	-0.004640	-0.006339
1.448775	-0.017088	-0.004000	-0.006544
1.448272	-0.016582	-0.004281	-0.006151
1.447769	-0.016683	-0.004110	-0.006286
1.447267	-0.016871	-0.004345	-0.006263
1.446765	-0.016637	-0.003731	-0.006453
1.446263	-0.016968	-0.004144	-0.006412
1.445762	-0.017030	-0.004456	-0.006287
1.445262	-0.017018	-0.004178	-0.006420
1.444762	-0.016482	-0.003399	-0.006542
1.444262	-0.015410	-0.003832	-0.005789
1.443763	-0.015830	-0.003315	-0.006257
1.443264	-0.016439	-0.003632	-0.006403
1.442765	-0.016653	-0.003368	-0.006642
1.442267	-0.015875	-0.003637	-0.006119
1.441770	-0.016470	-0.003859	-0.006306
1.441273	-0.016443	-0.003312	-0.006565
1.440776	-0.015925	-0.003242	-0.006341
1.440280	-0.015938	-0.003482	-0.006228
1.439784	-0.015562	-0.002272	-0.006645
1.439289	-0.015339	-0.002866	-0.006236
1.438794	-0.014969	-0.002493	-0.006238
1.438299	-0.015623	-0.002476	-0.006574
1.437805	-0.015846	-0.002982	-0.006432
1.437312	-0.015570	-0.003427	-0.006071
1.436819	-0.015439	-0.002736	-0.006351
1.436326	-0.015091	-0.003160	-0.005966
1.435834	-0.014985	-0.002789	-0.006098
1.435342	-0.014767	-0.003167	-0.005800
1.434850	-0.015586	-0.003307	-0.006139
1.434359	-0.015405	-0.002900	-0.006252
1.433869	-0.015924	-0.002910	-0.006507
1.433379	-0.016154	-0.003192	-0.006481
1.432889	-0.015558	-0.003198	-0.006180
1.432400	-0.015563	-0.003632	-0.005965
1.431911	-0.015379	-0.003068	-0.006155
1.431422	-0.015326	-0.002525	-0.006400
1.430934	-0.014962	-0.002371	-0.006296
1.430447	-0.014449	-0.001813	-0.006318
1.429960	-0.014898	-0.002079	-0.006410
1.429473	-0.014492	-0.002118	-0.006187
1.428987	-0.014886	-0.001995	-0.006445
1.428501	-0.013872	-0.002457	-0.005707
1.428015	-0.014432	-0.002202	-0.006115
1.427530	-0.014130	-0.001312	-0.006409
1.427046	-0.013885	-0.001492	-0.006197
1.426561	-0.014001	-0.001679	-0.006161
1.426078	-0.014128	-0.002107	-0.006011
1.425594	-0.014209	-0.001795	-0.006207
1.425111	-0.014147	-0.001843	-0.006152
1.424629	-0.013951	-0.001828	-0.006061
1.424147	-0.014165	-0.001652	-0.006256
1.423665	-0.013434	-0.001918	-0.005758
1.423184	-0.013407	-0.001773	-0.005817
1.422703	-0.014189	-0.001486	-0.006351
1.422223	-0.014014	-0.001531	-0.006242
1.421743	-0.014465	-0.002001	-0.006232
1.421263	-0.013890	-0.001587	-0.006152
1.420784	-0.013851	-0.001737	-0.006057
1.420306	-0.013659	-0.001122	-0.006269
1.419827	-0.013016	-0.000539	-0.006239
1.419349	-0.012186	-0.000125	-0.006030
1.418872	-0.012132	0.000149	-0.006140
1.418395	-0.012286	-0.000125	-0.006080
1.417918	-0.012315	0.000297	-0.006306
1.417442	-0.012393	-0.000248	-0.006072
1.416966	-0.012010	0.000133	-0.006071
1.416491	-0.011968	0.000370	-0.006169
1.416016	-0.011448	-0.000017	-0.005716
1.415541	-0.011469	0.001241	-0.006355
1.415067	-0.011204	0.000352	-0.005778
1.414593	-0.011968	0.000099	-0.006034
1.414120	-0.011940	0.000226	-0.006083
1.413647	-0.012333	0.000430	-0.006381
1.413174	-0.012001	0.000319	-0.006160
1.412702	-0.011887	0.000831	-0.006359
1.412231	-0.011908	-0.000049	-0.005929
1.411759	-0.011712	0.000286	-0.005999
1.411288	-0.012418	0.000027	-0.006222
1.410818	-0.011489	0.000139	-0.005814
1.410348	-0.011686	-0.000089	-0.005798
1.409878	-0.012146	0.000613	-0.006380
1.409409	-0.011539	0.000076	-0.005807
1.408940	-0.012274	0.000229	-0.006251
1.408472	-0.011636	0.000423	-0.006029
1.408004	-0.010948	0.001481	-0.006215
1.407536	-0.011501	0.001125	-0.006313
1.407069	-0.010846	0.000848	-0.005847
1.406602	-0.011242	0.000857	-0.006050
1.406135	-0.011387	0.000748	-0.006068
1.405669	-0.011952	0.001480	-0.006716
1.405204	-0.011347	0.000824	-0.006086
1.404738	-0.010141	0.000428	-0.005284
1.404274	-0.011203	0.000002	-0.005603
1.403809	-0.010817	0.000632	-0.005724
1.403345	-0.011055	0.000890	-0.005972
1.402882	-0.011241	0.000886	-0.006063
1.402418	-0.011047	0.000809	-0.005928
1.401955	-0.010856	0.001391	-0.006124
1.401493	-0.010685	0.001396	-0.006040
1.401031	-0.010724	0.001581	-0.006152
1.400569	-0.010589	0.001946	-0.006267
1.400108	-0.010626	0.001435	-0.006030
1.399647	-0.010709	0.001391	-0.006050
1.399187	-0.010615	0.001821	-0.006218
1.398727	-0.010015	0.001697	-0.005856
1.398267	-0.009998	0.002318	-0.006158
1.397808	-0.009746	0.000946	-0.005346
1.397349	-0.009389	0.000970	-0.005179
1.396890	-0.010360	0.001406	-0.005883
1.396432	-0.010915	0.000893	-0.005904
1.395974	-0.010226	0.001530	-0.005878
1.395517	-0.010232	0.001756	-0.005994
1.395060	-0.010174	0.002167	-0.006170
1.394604	-0.009801	0.002480	-0.006140
1.394147	-0.009187	0.002220	-0.005704
1.393692	-0.009587	0.001404	-0.005496
1.393236	-0.010183	0.002156	-0.006169
1.392781	-0.009255	0.002477	-0.005866
1.392327	-0.009221	0.002096	-0.005659
1.391873	-0.009897	0.002790	-0.006343
1.391419	-0.009647	0.002289	-0.005968
1.390965	-0.008889	0.002106	-0.005497
1.390512	-0.008834	0.002408	-0.005621
