6.542578	0.000000	0.000000	0.000000
6.529189	0.065490	0.065490	0.000000
6.515856	-0.079701	0.296213	-0.187957
6.502578	-0.287883	-0.055324	-0.116279
6.489355	-0.103778	-0.330115	0.113169
6.476188	-0.024993	-0.055903	0.015455
6.463075	0.057195	-0.168148	0.112671
6.450016	-0.060756	-0.080068	0.009656
6.437011	0.287271	-0.175204	0.231237
6.424060	-0.080711	-0.117979	0.018634
6.411162	-0.081300	-0.373284	0.145992
6.398317	0.008922	0.009315	-0.000196
6.385525	-0.132426	-0.052535	-0.039945
6.372785	0.068943	-0.053172	0.061058
6.360096	-0.215192	-0.248925	0.016867
6.347460	-0.115627	-0.009383	-0.053122
6.334875	-0.248033	-0.310548	0.031258
6.322341	0.117937	-0.249396	0.183667
6.309857	0.032175	0.037907	-0.002866
6.297424	0.198724	-0.196595	0.197659
6.285042	-0.140793	-0.463957	0.161582
6.272709	-0.204796	-0.286847	0.041026
6.260425	-0.005479	-0.204784	0.099652
6.248191	-0.166127	-0.084302	-0.040912
6.236005	-0.023428	-0.004392	-0.009518
6.223868	0.061452	0.053419	0.004017
6.211780	0.007879	0.026425	-0.009273
6.199740	0.052380	-0.010012	0.031196
6.187747	0.092608	-0.000916	0.046762
6.175802	-0.017236	0.031739	-0.024487
6.163904	0.008787	0.000083	0.004352
6.152053	0.045681	-0.032609	0.039145
6.140248	-0.000328	0.018066	-0.009197
6.128490	0.046614	0.008383	0.019116
6.116778	0.048811	-0.003209	0.026010
6.105112	0.045777	0.019245	0.013266
6.093492	-0.014509	0.020858	-0.017683
6.081916	0.027295	0.031152	-0.001929
6.070386	0.027879	0.048455	-0.010288
6.058901	0.035791	0.005449	0.015171
6.047460	0.042328	0.006205	0.018062
6.036063	0.034440	0.042569	-0.004065
6.024710	0.033362	0.067031	-0.016835
6.013401	0.042565	-0.023868	0.033217
6.002135	-0.008125	0.063064	-0.035595
5.990913	0.042112	0.030926	0.005593
5.979734	0.023132	-0.000344	0.011738
5.968597	0.020865	0.014710	0.003078
5.957503	0.014010	0.030204	-0.008097
5.946451	0.011494	0.077498	-0.033002
5.935442	0.006390	0.017982	-0.005796
5.924474	0.032717	0.030222	0.001247
5.913547	0.001175	0.032009	-0.015417
5.902662	0.055000	0.044287	0.005357
5.891818	0.058858	0.015291	0.021783
5.881015	0.039943	0.020466	0.009739
5.870252	0.000222	0.038354	-0.019066
5.859530	0.020575	0.004600	0.007987
5.848848	0.092107	-0.016040	0.054073
5.838205	0.022757	0.037977	-0.007610
5.827603	0.013206	0.053578	-0.020186
5.817040	-0.009161	0.064450	-0.036806
5.806516	0.021388	0.016689	0.002350
5.796031	0.015038	0.026396	-0.005679
5.785586	0.011859	-0.002390	0.007124
5.775178	0.025947	0.048192	-0.011122
5.764810	0.029134	0.032085	-0.001476
5.754479	0.047008	0.020980	0.013014
5.744186	0.038367	0.060518	-0.011075
5.733931	0.021567	-0.029673	0.025620
5.723714	0.018839	0.016754	0.001042
5.713534	0.050088	0.049416	0.000336
5.703391	0.060444	0.072917	-0.006236
5.693285	0.063663	0.067842	-0.002090
5.683216	0.113069	0.057190	0.027939
5.673184	0.039374	0.008960	0.015207
5.663188	0.023821	0.034253	-0.005216
5.653228	0.056476	0.033857	0.011309
5.643304	0.041385	0.056855	-0.007735
5.633415	0.021729	0.047521	-0.012896
5.623562	0.073901	0.125207	-0.025653
5.613745	0.047547	0.066622	-0.009538
5.603963	0.040516	0.069629	-0.014557
5.594216	0.061702	0.095879	-0.017088
5.584504	0.083323	0.083072	0.000126
5.574826	0.087376	0.097591	-0.005107
5.565183	0.078325	0.084106	-0.002890
5.555574	0.092755	0.112546	-0.009896
5.545999	0.121626	0.065506	0.028060
5.536458	0.139318	0.146895	-0.003788
5.526950	0.144263	0.127742	0.008260
5.517477	0.138971	0.127761	0.005605
5.508036	0.100016	0.119820	-0.009902
5.498629	0.115893	0.188086	-0.036097
5.489255	0.182391	0.123115	0.029638
5.479914	0.155850	0.127539	0.014156
5.470605	0.148535	0.177989	-0.014727
5.461329	0.188123	0.179334	0.004395
5.452085	0.207773	0.181675	0.013049
5.442874	0.191346	0.178906	0.006220
5.433694	0.195847	0.204661	-0.004407
5.424546	0.181290	0.195041	-0.006876
5.415430	0.208257	0.236565	-0.014154
5.406345	0.211810	0.239248	-0.013719
5.397292	0.265254	0.246104	0.009575
5.388270	0.279186	0.196104	0.041541
5.379279	0.222974	0.252528	-0.014777
5.370319	0.284724	0.263914	0.010405
5.361389	0.235766	0.249108	-0.006671
5.352490	0.285225	0.238520	0.023352
5.343621	0.278579	0.277340	0.000620
5.334783	0.305531	0.259325	0.023103
5.325975	0.269488	0.257409	0.006040
5.317196	0.269031	0.269200	-0.000084
5.308448	0.287336	0.290371	-0.001518
5.299729	0.283857	0.332193	-0.024168
5.291039	0.334148	0.346588	-0.006220
5.282379	0.311256	0.376848	-0.032796
5.273748	0.380661	0.309396	0.035632
5.265146	0.319789	0.340016	-0.010114
5.256573	0.355971	0.334526	0.010722
5.248029	0.352661	0.346688	0.002987
5.239513	0.356843	0.335771	0.010536
5.231026	0.370052	0.326737	0.021657
5.222567	0.358520	0.330499	0.014010
5.214136	0.365840	0.385440	-0.009800
5.205733	0.381384	0.404523	-0.011570
5.197358	0.392279	0.361146	0.015567
5.189011	0.362057	0.350396	0.005830
5.180691	0.397678	0.363884	0.016897
5.172399	0.373577	0.354815	0.009381
5.164135	0.396158	0.401244	-0.002543
5.155897	0.393924	0.402135	-0.004106
5.147687	0.414580	0.388571	0.013004
5.139503	0.435410	0.406860	0.014275
5.131346	0.394773	0.393323	0.000725
5.123216	0.420820	0.399233	0.010793
5.115113	0.391315	0.429912	-0.019299
5.107036	0.442079	0.420019	0.011030
5.098985	0.445431	0.418408	0.013511
5.090960	0.420183	0.430144	-0.004980
5.082962	0.452626	0.443006	0.004810
5.074989	0.405545	0.462569	-0.028512
5.067042	0.418527	0.420882	-0.001177
5.059121	0.419620	0.446147	-0.013264
5.051225	0.420905	0.437574	-0.008334
5.043355	0.427445	0.454039	-0.013297
5.035510	0.415835	0.434637	-0.009401
5.027690	0.468565	0.451773	0.008396
5.019895	0.440214	0.452695	-0.006240
5.012126	0.448450	0.442732	0.002859
5.004381	0.449017	0.441039	0.003989
4.996660	0.409447	0.443162	-0.016858
4.988964	0.429894	0.462365	-0.016235
4.981293	0.446753	0.421061	0.012846
4.973646	0.432551	0.423088	0.004731
4.966023	0.445821	0.437537	0.004142
4.958425	0.445046	0.463978	-0.009466
4.950850	0.429913	0.483659	-0.026873
4.943299	0.435890	0.426734	0.004578
4.935772	0.431723	0.444581	-0.006429
4.928269	0.448823	0.447976	0.000423
4.920789	0.443672	0.426900	0.008386
4.913333	0.423346	0.423826	-0.000240
4.905900	0.420259	0.426346	-0.003043
4.898490	0.425240	0.411174	0.007033
4.891103	0.431148	0.442449	-0.005651
4.883739	0.433957	0.424855	0.004551
4.876399	0.424855	0.433366	-0.004255
4.869081	0.418962	0.416618	0.001172
4.861785	0.420690	0.418469	0.001111
4.854512	0.425352	0.406295	0.009528
4.847262	0.416915	0.434715	-0.008900
4.840034	0.417100	0.404593	0.006254
4.832829	0.419597	0.415144	0.002226
4.825645	0.415096	0.427324	-0.006114
4.818484	0.401917	0.419805	-0.008944
4.811344	0.403329	0.397721	0.002804
4.804227	0.400580	0.414899	-0.007160
4.797131	0.388920	0.385989	0.001466
4.790057	0.398099	0.401827	-0.001864
4.783004	0.391135	0.388083	0.001526
4.775973	0.392714	0.383877	0.004418
4.768963	0.389780	0.391854	-0.001037
4.761974	0.386938	0.385661	0.000639
4.755007	0.387213	0.363425	0.011894
4.748061	0.365775	0.374788	-0.004507
4.741136	0.380864	0.383135	-0.001136
4.734231	0.373076	0.373376	-0.000150
4.727348	0.355986	0.369708	-0.006861
4.720485	0.356531	0.362190	-0.002830
4.713642	0.355761	0.340903	0.007429
4.706821	0.346668	0.361757	-0.007545
4.700019	0.349654	0.358538	-0.004442
4.693238	0.339081	0.349554	-0.005237
4.686478	0.329421	0.347527	-0.009053
4.679737	0.329238	0.349858	-0.010310
4.673016	0.327701	0.336147	-0.004223
4.666316	0.332791	0.328965	0.001913
4.659635	0.323477	0.325636	-0.001079
4.652974	0.320886	0.328079	-0.003596
4.646333	0.315807	0.329089	-0.006641
4.639711	0.318660	0.313260	0.002700
4.633109	0.312980	0.315937	-0.001478
4.626527	0.309859	0.308694	0.000583
4.619963	0.301471	0.310370	-0.004450
4.613420	0.295951	0.305154	-0.004601
4.606895	0.286206	0.302531	-0.008162
4.600389	0.288010	0.300697	-0.006343
4.593902	0.286128	0.294623	-0.004247
4.587435	0.282768	0.292118	-0.004675
4.580986	0.288569	0.284460	0.002054
4.574556	0.278588	0.289288	-0.005350
4.568145	0.277706	0.289317	-0.005805
4.561752	0.278859	0.273667	0.002596
4.555378	0.270395	0.279377	-0.004491
4.549022	0.274590	0.278452	-0.001931
4.542685	0.262317	0.269725	-0.003704
4.536365	0.258945	0.268498	-0.004776
4.530065	0.254814	0.262785	-0.003986
4.523782	0.258757	0.259794	-0.000518
4.517517	0.248550	0.258990	-0.005220
4.511271	0.252911	0.256988	-0.002038
4.505042	0.243282	0.244745	-0.000731
4.498831	0.240249	0.248046	-0.003898
4.492638	0.241617	0.240867	0.000375
4.486462	0.240924	0.235241	0.002841
4.480304	0.223752	0.237879	-0.007063
4.474164	0.234944	0.233917	0.000513
4.468041	0.218524	0.227382	-0.004429
4.461935	0.225482	0.226509	-0.000513
4.455847	0.212245	0.221402	-0.004579
4.449776	0.214494	0.216454	-0.000980
4.443722	0.208891	0.215816	-0.003462
4.437686	0.204142	0.209722	-0.002790
4.431666	0.206193	0.212085	-0.002946
4.425663	0.208900	0.207804	0.000548
4.419677	0.203539	0.210017	-0.003239
4.413708	0.199727	0.209139	-0.004706
4.407755	0.196217	0.198624	-0.001204
4.401820	0.193067	0.203056	-0.004995
4.395901	0.191411	0.193164	-0.000876
4.389998	0.185043	0.196089	-0.005523
4.384112	0.183862	0.191724	-0.003931
4.378242	0.178832	0.182700	-0.001934
4.372389	0.171977	0.181237	-0.004630
4.366551	0.175947	0.185073	-0.004563
4.360730	0.175522	0.181558	-0.003018
4.354925	0.163293	0.175147	-0.005927
4.349136	0.166092	0.170709	-0.002308
4.343364	0.166557	0.171388	-0.002416
4.337607	0.162854	0.168886	-0.003016
4.331865	0.163207	0.168304	-0.002548
4.326140	0.168281	0.167273	0.000504
4.320430	0.160184	0.166142	-0.002979
4.314736	0.150841	0.171078	-0.010119
4.309058	0.152040	0.163884	-0.005922
4.303395	0.153001	0.160450	-0.003724
4.297748	0.153835	0.160601	-0.003383
4.292116	0.149073	0.155654	-0.003290
4.286499	0.148086	0.151670	-0.001792
4.280898	0.144875	0.154509	-0.004817
4.275312	0.146630	0.150383	-0.001877
4.269741	0.141020	0.148805	-0.003893
4.264185	0.144919	0.150852	-0.002967
4.258644	0.143924	0.144995	-0.000536
4.253118	0.135794	0.145747	-0.004976
4.247607	0.136944	0.143817	-0.003436
4.242111	0.132634	0.138099	-0.002733
4.236629	0.135739	0.139637	-0.001949
4.231163	0.126505	0.140204	-0.006850
4.225711	0.126188	0.136232	-0.005022
4.220274	0.127335	0.136828	-0.004746
4.214851	0.124129	0.132998	-0.004435
4.209442	0.123271	0.130543	-0.003636
4.204049	0.122844	0.128978	-0.003067
4.198669	0.118874	0.131233	-0.006180
4.193304	0.118882	0.127765	-0.004442
4.187953	0.117579	0.127716	-0.005069
4.182616	0.115013	0.123602	-0.004295
4.177294	0.115308	0.122533	-0.003612
4.171985	0.110887	0.118636	-0.003875
4.166691	0.110740	0.117038	-0.003149
4.161411	0.109398	0.116393	-0.003497
4.156144	0.108418	0.116301	-0.003941
4.150892	0.105888	0.118569	-0.006341
4.145653	0.102382	0.110366	-0.003992
4.140428	0.106973	0.111903	-0.002465
4.135217	0.099791	0.108326	-0.004268
4.130019	0.099714	0.108619	-0.004452
4.124835	0.100246	0.108002	-0.003878
4.119665	0.098698	0.105293	-0.003297
4.114508	0.097489	0.105162	-0.003836
4.109364	0.099100	0.105007	-0.002954
4.104234	0.092960	0.102016	-0.004528
4.099117	0.093731	0.099919	-0.003094
4.094014	0.093075	0.098555	-0.002740
4.088924	0.091808	0.099991	-0.004092
4.083846	0.090061	0.098286	-0.004113
4.078783	0.090448	0.097732	-0.003642
4.073732	0.085814	0.097788	-0.005987
4.068694	0.091225	0.097783	-0.003279
4.063669	0.085915	0.097680	-0.005883
4.058657	0.084810	0.096660	-0.005925
4.053658	0.084151	0.095628	-0.005739
4.048672	0.082696	0.092809	-0.005057
4.043699	0.082832	0.092006	-0.004587
4.038738	0.081057	0.089538	-0.004240
4.033790	0.080182	0.090852	-0.005335
4.028855	0.078625	0.087557	-0.004466
4.023933	0.078429	0.085516	-0.003543
4.019022	0.075906	0.085364	-0.004729
4.014125	0.074896	0.083177	-0.004140
4.009240	0.076897	0.082208	-0.002655
4.004367	0.072402	0.083898	-0.005748
3.999506	0.070981	0.082694	-0.005856
3.994658	0.071816	0.081245	-0.004714
3.989823	0.072133	0.082941	-0.005404
3.984999	0.067220	0.077908	-0.005344
3.980187	0.069404	0.080505	-0.005550
3.975388	0.069837	0.077028	-0.003595
3.970601	0.069729	0.079561	-0.004916
3.965826	0.072487	0.077883	-0.002698
3.961063	0.068696	0.077100	-0.004202
3.956311	0.068665	0.071860	-0.001598
3.951572	0.066289	0.072117	-0.002914
3.946844	0.066009	0.074968	-0.004479
3.942129	0.062919	0.073507	-0.005294
3.937425	0.062159	0.072454	-0.005147
3.932733	0.062286	0.070913	-0.004313
3.928052	0.061672	0.069456	-0.003892
3.923383	0.059160	0.068689	-0.004764
3.918726	0.057739	0.066263	-0.004262
3.914080	0.056345	0.066012	-0.004833
3.909446	0.057627	0.065424	-0.003899
3.904823	0.059857	0.067365	-0.003754
3.900212	0.058618	0.065003	-0.003193
3.895612	0.058297	0.063992	-0.002848
3.891023	0.056596	0.065157	-0.004281
3.886446	0.055393	0.062653	-0.003630
3.881880	0.057103	0.063078	-0.002987
3.877325	0.053096	0.063858	-0.005381
3.872781	0.052965	0.061198	-0.004117
3.868249	0.053008	0.062219	-0.004605
3.863727	0.050274	0.057880	-0.003803
3.859217	0.051174	0.055933	-0.002379
3.854718	0.050357	0.060362	-0.005002
3.850229	0.052626	0.059155	-0.003264
3.845752	0.051592	0.057584	-0.002996
3.841285	0.049537	0.056689	-0.003576
3.836829	0.049349	0.056085	-0.003368
3.832384	0.050809	0.054937	-0.002064
3.827950	0.048593	0.057292	-0.004350
3.823527	0.049823	0.054831	-0.002504
3.819114	0.047379	0.055431	-0.004026
3.814712	0.047055	0.053290	-0.003118
3.810321	0.048051	0.053267	-0.002608
3.805940	0.043822	0.053661	-0.004920
3.801570	0.045206	0.051599	-0.003197
3.797210	0.046257	0.053004	-0.003373
3.792860	0.040853	0.049641	-0.004394
3.788522	0.042003	0.051908	-0.004953
3.784193	0.043573	0.050757	-0.003592
3.779875	0.041491	0.050250	-0.004380
3.775567	0.042007	0.050793	-0.004393
3.771269	0.040899	0.048947	-0.004024
3.766982	0.042778	0.048382	-0.002802
3.762705	0.040866	0.048917	-0.004026
3.758438	0.038215	0.048609	-0.005197
3.754181	0.037672	0.047689	-0.005008
3.749935	0.038301	0.046892	-0.004295
3.745698	0.038689	0.046288	-0.003799
3.741472	0.037655	0.047904	-0.005125
3.737255	0.037771	0.046502	-0.004365
3.733048	0.036046	0.044574	-0.004264
3.728852	0.035621	0.043774	-0.004077
3.724665	0.036400	0.043636	-0.003618
3.720488	0.037309	0.046007	-0.004349
3.716321	0.035128	0.044099	-0.004486
3.712163	0.035414	0.042905	-0.003745
3.708016	0.036004	0.041759	-0.002877
3.703878	0.034909	0.042509	-0.003800
3.699750	0.033822	0.041412	-0.003795
3.695631	0.034121	0.042094	-0.003986
3.691522	0.032439	0.041932	-0.004746
3.687423	0.032642	0.042554	-0.004956
3.683333	0.029859	0.040698	-0.005420
3.679253	0.032705	0.041336	-0.004316
3.675182	0.032241	0.041155	-0.004457
3.671120	0.032050	0.041104	-0.004527
3.667069	0.033392	0.042980	-0.004794
3.663026	0.032599	0.039889	-0.003645
3.658993	0.031313	0.038318	-0.003503
3.654969	0.032326	0.039171	-0.003423
3.650954	0.032628	0.040811	-0.004091
3.646949	0.029799	0.038943	-0.004572
3.642953	0.030270	0.036568	-0.003149
3.638966	0.029651	0.036522	-0.003435
3.634988	0.026998	0.035581	-0.004292
3.631020	0.026543	0.036316	-0.004887
3.627060	0.025778	0.034414	-0.004318
3.623110	0.028613	0.035151	-0.003269
3.619168	0.027308	0.032206	-0.002449
3.615236	0.026537	0.036588	-0.005026
3.611312	0.028563	0.035848	-0.003643
3.607398	0.027667	0.036654	-0.004493
3.603492	0.027617	0.035254	-0.003818
3.599596	0.027343	0.034211	-0.003434
3.595708	0.027255	0.031980	-0.002362
3.591829	0.027736	0.033412	-0.002838
3.587959	0.026280	0.032522	-0.003121
3.584097	0.027661	0.034037	-0.003188
3.580244	0.027334	0.030799	-0.001733
3.576400	0.023852	0.031136	-0.003642
3.572565	0.023463	0.034279	-0.005408
3.568738	0.023327	0.032713	-0.004693
3.564920	0.026544	0.031698	-0.002577
3.561111	0.022568	0.032721	-0.005076
3.557310	0.023507	0.030014	-0.003254
3.553517	0.024413	0.032154	-0.003870
3.549734	0.024474	0.033824	-0.004675
3.545958	0.023514	0.033473	-0.004979
3.542191	0.022882	0.032781	-0.004949
3.538433	0.021749	0.031573	-0.004912
3.534683	0.024311	0.031607	-0.003648
3.530941	0.021925	0.032003	-0.005039
3.527207	0.021598	0.030008	-0.004205
3.523482	0.020551	0.028355	-0.003902
3.519765	0.022822	0.029893	-0.003536
3.516057	0.020665	0.029771	-0.004553
3.512356	0.021750	0.029605	-0.003928
3.508664	0.020788	0.029619	-0.004415
3.504980	0.019903	0.028882	-0.004490
3.501304	0.020865	0.028555	-0.003845
3.497636	0.023340	0.028639	-0.002649
3.493977	0.022044	0.029380	-0.003668
3.490325	0.020851	0.031068	-0.005109
3.486682	0.021779	0.028094	-0.003157
3.483046	0.020673	0.027653	-0.003490
3.479419	0.020348	0.028952	-0.004302
3.475799	0.019483	0.027694	-0.004106
3.472187	0.021802	0.027969	-0.003083
3.468583	0.020431	0.030188	-0.004878
3.464988	0.020899	0.028503	-0.003802
3.461400	0.019456	0.029005	-0.004775
3.457819	0.019967	0.028807	-0.004420
3.454247	0.021549	0.026434	-0.002443
3.450682	0.019807	0.027993	-0.004093
3.447125	0.018808	0.026116	-0.003654
3.443576	0.018814	0.028169	-0.004677
3.440035	0.018542	0.028339	-0.004898
3.436501	0.018260	0.027132	-0.004436
3.432975	0.019308	0.027024	-0.003858
3.429457	0.018873	0.027572	-0.004350
3.425946	0.018480	0.027382	-0.004451
3.422442	0.020172	0.025420	-0.002624
3.418947	0.017821	0.026794	-0.004486
3.415459	0.018058	0.023785	-0.002863
3.411978	0.018481	0.023452	-0.002486
3.408505	0.017113	0.026385	-0.004636
3.405039	0.017492	0.023953	-0.003231
3.401581	0.015793	0.026759	-0.005483
3.398130	0.018247	0.026983	-0.004368
3.394686	0.017768	0.024448	-0.003340
3.391250	0.017310	0.026459	-0.004575
3.387821	0.018736	0.026225	-0.003744
3.384400	0.017018	0.026471	-0.004726
3.380986	0.016987	0.027323	-0.005168
3.377579	0.015625	0.026300	-0.005337
3.374179	0.017038	0.024976	-0.003969
3.370787	0.016979	0.026854	-0.004937
3.367401	0.017431	0.025957	-0.004263
3.364023	0.016358	0.028185	-0.005914
3.360652	0.017209	0.025551	-0.004171
3.357289	0.018018	0.024383	-0.003182
3.353932	0.015089	0.024212	-0.004562
3.350582	0.017044	0.024950	-0.003953
3.347240	0.016943	0.026494	-0.004776
3.343904	0.018757	0.024094	-0.002668
3.340576	0.016974	0.024603	-0.003815
3.337255	0.017303	0.026363	-0.004530
3.333940	0.018061	0.025921	-0.003930
3.330633	0.016616	0.025483	-0.004433
3.327332	0.016455	0.025281	-0.004413
3.324038	0.015367	0.024873	-0.004753
3.320752	0.016064	0.025231	-0.004584
3.317472	0.016049	0.025015	-0.004483
3.314199	0.016159	0.026037	-0.004939
3.310933	0.017294	0.024954	-0.003830
3.307673	0.016680	0.024591	-0.003956
3.304421	0.015717	0.025957	-0.005120
3.301175	0.015429	0.024271	-0.004421
3.297936	0.016862	0.025518	-0.004328
3.294703	0.018060	0.024658	-0.003299
3.291478	0.016397	0.025646	-0.004625
3.288259	0.016499	0.024961	-0.004231
3.285046	0.017092	0.025123	-0.004015
3.281841	0.016140	0.024663	-0.004261
3.278642	0.015792	0.026484	-0.005346
3.275449	0.016178	0.026048	-0.004935
3.272263	0.015450	0.024702	-0.004626
3.269084	0.014720	0.025701	-0.005491
3.265911	0.016341	0.026238	-0.004949
3.262745	0.016446	0.025325	-0.004440
3.259585	0.015194	0.024549	-0.004677
3.256432	0.015869	0.024668	-0.004399
3.253285	0.015932	0.025168	-0.004618
3.250145	0.015603	0.027241	-0.005819
3.247011	0.015534	0.024023	-0.004244
3.243883	0.016229	0.023646	-0.003709
3.240762	0.017068	0.024992	-0.003962
3.237647	0.015975	0.024030	-0.004028
3.234539	0.016085	0.025651	-0.004783
3.231437	0.016447	0.024838	-0.004196
3.228341	0.014881	0.025263	-0.005191
3.225251	0.014587	0.024688	-0.005051
3.222168	0.016090	0.024006	-0.003958
3.219091	0.015751	0.025641	-0.004945
3.216020	0.015443	0.025265	-0.004911
3.212956	0.016318	0.026818	-0.005250
3.209897	0.016662	0.024930	-0.004134
3.206845	0.015475	0.025121	-0.004823
3.203799	0.015532	0.025389	-0.004929
3.200759	0.014861	0.025343	-0.005241
3.197725	0.015079	0.026430	-0.005676
3.194697	0.016670	0.026099	-0.004715
3.191676	0.015205	0.026357	-0.005576
3.188660	0.015302	0.024796	-0.004747
3.185651	0.015088	0.025579	-0.005245
3.182647	0.016382	0.026398	-0.005008
3.179650	0.017013	0.025625	-0.004306
3.176658	0.015499	0.025461	-0.004981
3.173673	0.015677	0.025900	-0.005112
3.170693	0.013331	0.024290	-0.005479
3.167720	0.016262	0.027292	-0.005515
3.164752	0.016523	0.025162	-0.004320
3.161790	0.017126	0.025937	-0.004405
3.158834	0.016474	0.025577	-0.004552
3.155884	0.014796	0.026467	-0.005835
3.152940	0.017673	0.025333	-0.003830
3.150001	0.016382	0.026002	-0.004810
3.147069	0.016718	0.025849	-0.004565
3.144142	0.016789	0.026604	-0.004908
3.141221	0.016881	0.026286	-0.004703
3.138306	0.017718	0.026390	-0.004336
3.135396	0.016236	0.026156	-0.004960
3.132493	0.016752	0.025884	-0.004566
3.129595	0.015950	0.026889	-0.005469
3.126702	0.015541	0.025085	-0.004772
3.123816	0.017178	0.026905	-0.004863
3.120935	0.017263	0.026641	-0.004689
3.118059	0.016885	0.026965	-0.005040
3.115190	0.017121	0.028574	-0.005726
3.112326	0.017300	0.027773	-0.005237
3.109467	0.016219	0.027027	-0.005404
3.106614	0.016935	0.026301	-0.004683
3.103767	0.016509	0.028016	-0.005754
3.100925	0.016398	0.027431	-0.005516
3.098089	0.015411	0.025981	-0.005285
3.095258	0.016565	0.027517	-0.005476
3.092433	0.018935	0.027153	-0.004109
3.089613	0.017967	0.027673	-0.004853
3.086799	0.018494	0.028547	-0.005026
3.083990	0.018191	0.026957	-0.004383
3.081187	0.018019	0.027801	-0.004891
3.078389	0.018680	0.027784	-0.004552
3.075596	0.018298	0.026686	-0.004194
3.072809	0.017431	0.029692	-0.006131
3.070027	0.018338	0.029005	-0.005333
3.067251	0.018209	0.029039	-0.005415
3.064480	0.017736	0.029436	-0.005850
3.061714	0.019959	0.026682	-0.003362
3.058954	0.018946	0.028686	-0.004870
3.056199	0.018364	0.029302	-0.005469
3.053449	0.017565	0.028235	-0.005335
3.050704	0.019293	0.029280	-0.004993
3.047965	0.018442	0.028289	-0.004924
3.045231	0.018340	0.029428	-0.005544
3.042502	0.016831	0.030105	-0.006637
3.039779	0.017980	0.029871	-0.005945
3.037060	0.019315	0.029422	-0.005054
3.034347	0.019056	0.030072	-0.005508
3.031639	0.018678	0.030126	-0.005724
3.028936	0.019459	0.028136	-0.004339
3.026238	0.018819	0.028397	-0.004789
3.023545	0.021417	0.030115	-0.004349
3.020858	0.017883	0.029975	-0.006046
3.018175	0.019640	0.028784	-0.004572
3.015498	0.019702	0.030725	-0.005511
3.012826	0.018377	0.030923	-0.006273
3.010158	0.019932	0.031520	-0.005794
3.007496	0.019646	0.030454	-0.005404
3.004839	0.020505	0.030726	-0.005111
3.002187	0.019177	0.030776	-0.005799
2.999540	0.019534	0.031753	-0.006109
2.996897	0.020330	0.030414	-0.005042
2.994260	0.018710	0.031943	-0.006616
2.991628	0.019272	0.032454	-0.006591
2.989000	0.019894	0.031598	-0.005852
2.986378	0.019402	0.030019	-0.005309
2.983760	0.020083	0.029934	-0.004926
2.981148	0.020753	0.031665	-0.005456
2.978540	0.021178	0.031603	-0.005212
2.975937	0.020922	0.031222	-0.005150
2.973339	0.019159	0.031885	-0.006363
2.970746	0.020581	0.031745	-0.005582
2.968158	0.021032	0.032890	-0.005929
2.965574	0.021871	0.031975	-0.005052
2.962995	0.020463	0.033035	-0.006286
2.960421	0.020927	0.031756	-0.005414
2.957852	0.020318	0.033142	-0.006412
2.955288	0.021896	0.031666	-0.004885
2.952728	0.021710	0.032628	-0.005459
2.950173	0.019816	0.032060	-0.006122
2.947623	0.021697	0.031674	-0.004988
2.945078	0.021266	0.033149	-0.005942
2.942537	0.020121	0.032302	-0.006091
2.940001	0.021542	0.031915	-0.005187
2.937469	0.022096	0.032972	-0.005438
2.934943	0.020388	0.032400	-0.006006
2.932421	0.021736	0.032371	-0.005318
2.929903	0.022232	0.032322	-0.005045
2.927390	0.021211	0.033196	-0.005992
2.924882	0.021796	0.033254	-0.005729
2.922378	0.021474	0.032472	-0.005499
2.919879	0.022600	0.034054	-0.005727
2.917385	0.021998	0.034328	-0.006165
2.914895	0.021231	0.032329	-0.005549
2.912410	0.021847	0.031763	-0.004958
2.909929	0.022220	0.032193	-0.004986
2.907453	0.020850	0.032441	-0.005796
2.904981	0.022165	0.032666	-0.005250
2.902513	0.022230	0.034273	-0.006022
2.900051	0.021888	0.034374	-0.006243
2.897592	0.022469	0.034259	-0.005895
2.895138	0.020735	0.033375	-0.006320
2.892689	0.022065	0.033447	-0.005691
2.890244	0.021128	0.034299	-0.006585
2.887803	0.021880	0.034625	-0.006373
2.885367	0.021707	0.033972	-0.006133
2.882936	0.021736	0.033822	-0.006043
2.880508	0.022564	0.034882	-0.006159
2.878085	0.023303	0.034560	-0.005628
2.875667	0.022611	0.034526	-0.005957
2.873252	0.022899	0.035245	-0.006173
2.870842	0.022944	0.034270	-0.005663
2.868437	0.023438	0.035218	-0.005890
2.866036	0.023622	0.034257	-0.005317
2.863639	0.023371	0.035598	-0.006113
2.861246	0.022277	0.034962	-0.006343
2.858858	0.023572	0.035471	-0.005949
2.856474	0.023510	0.035353	-0.005921
2.854094	0.023596	0.035912	-0.006158
2.851718	0.023522	0.036315	-0.006396
2.849347	0.023668	0.036151	-0.006241
2.846980	0.024199	0.035900	-0.005851
2.844617	0.024587	0.036058	-0.005735
2.842258	0.024871	0.037263	-0.006196
2.839904	0.024507	0.037325	-0.006409
2.837553	0.024551	0.037212	-0.006331
2.835207	0.025107	0.036977	-0.005935
2.832865	0.025458	0.037690	-0.006116
2.830528	0.025524	0.037396	-0.005936
2.828194	0.025485	0.037542	-0.006029
2.825864	0.025632	0.038286	-0.006327
2.823539	0.024934	0.038520	-0.006793
2.821218	0.025838	0.038236	-0.006199
2.818901	0.025601	0.037420	-0.005910
2.816587	0.025901	0.038185	-0.006142
2.814278	0.026317	0.037907	-0.005795
2.811973	0.025713	0.038420	-0.006354
2.809673	0.025707	0.038270	-0.006282
2.807376	0.025732	0.038113	-0.006191
2.805083	0.025657	0.038067	-0.006205
2.802794	0.025739	0.037910	-0.006086
2.800509	0.026029	0.037681	-0.005826
2.798228	0.025672	0.037668	-0.005998
2.795952	0.024998	0.038309	-0.006656
2.793679	0.025266	0.037677	-0.006205
2.791410	0.025715	0.037608	-0.005946
2.789145	0.024969	0.036902	-0.005967
2.786884	0.024679	0.037141	-0.006231
2.784627	0.024989	0.037437	-0.006224
2.782374	0.024225	0.036249	-0.006012
2.780125	0.024435	0.036861	-0.006213
2.777880	0.024061	0.036010	-0.005974
2.775638	0.023126	0.036549	-0.006712
2.773401	0.023494	0.035929	-0.006218
2.771167	0.023401	0.036028	-0.006313
2.768938	0.023649	0.035786	-0.006069
2.766712	0.023603	0.035647	-0.006022
2.764490	0.022570	0.035776	-0.006603
2.762272	0.023480	0.035930	-0.006225
2.760058	0.023762	0.036059	-0.006148
2.757847	0.023449	0.035941	-0.006246
2.755640	0.023364	0.036196	-0.006416
2.753437	0.023460	0.036024	-0.006282
2.751238	0.023438	0.035648	-0.006105
2.749043	0.023409	0.036309	-0.006450
2.746852	0.023509	0.036556	-0.006524
2.744664	0.023757	0.036440	-0.006341
2.742480	0.023725	0.036092	-0.006184
2.740300	0.023906	0.036446	-0.006270
2.738123	0.024298	0.036879	-0.006291
2.735950	0.024218	0.036003	-0.005892
2.733781	0.024345	0.037219	-0.006437
2.731616	0.024470	0.037070	-0.006300
2.729454	0.024382	0.037322	-0.006470
2.727296	0.024560	0.037278	-0.006359
2.725142	0.024572	0.037255	-0.006341
2.722991	0.024612	0.037255	-0.006321
2.720844	0.024787	0.037202	-0.006208
2.718701	0.024621	0.037147	-0.006263
2.716561	0.025060	0.037796	-0.006368
2.714425	0.024728	0.037748	-0.006510
2.712293	0.024507	0.037304	-0.006399
2.710164	0.024900	0.037687	-0.006394
2.708039	0.024763	0.037656	-0.006447
2.705917	0.024337	0.037326	-0.006494
2.703799	0.024686	0.037104	-0.006209
2.701685	0.024890	0.037506	-0.006308
2.699574	0.024952	0.037460	-0.006254
2.697466	0.024596	0.037185	-0.006295
2.695363	0.024750	0.037467	-0.006359
2.693262	0.024429	0.037127	-0.006349
2.691166	0.024223	0.037352	-0.006564
2.689072	0.024639	0.037340	-0.006350
2.686983	0.024748	0.037574	-0.006413
2.684897	0.024874	0.037418	-0.006272
2.682814	0.024494	0.037319	-0.006413
2.680735	0.024714	0.037391	-0.006339
2.678659	0.024792	0.037417	-0.006312
2.676587	0.024897	0.037301	-0.006202
2.674518	0.024660	0.037481	-0.006411
2.672453	0.024845	0.037631	-0.006393
2.670391	0.024730	0.037982	-0.006626
2.668333	0.024846	0.038053	-0.006604
2.666278	0.024845	0.037921	-0.006538
2.664226	0.025360	0.037668	-0.006154
2.662178	0.025147	0.037716	-0.006285
2.660133	0.025182	0.038161	-0.006490
2.658092	0.025177	0.038160	-0.006491
2.656054	0.025294	0.037890	-0.006298
2.654019	0.024942	0.037763	-0.006411
2.651988	0.025428	0.038257	-0.006415
2.649960	0.025233	0.038461	-0.006614
2.647936	0.025438	0.038159	-0.006361
2.645915	0.025515	0.038298	-0.006391
2.643897	0.025189	0.038118	-0.006465
2.641882	0.025609	0.038334	-0.006362
2.639871	0.025284	0.038549	-0.006633
2.637863	0.025628	0.038459	-0.006416
2.635859	0.025486	0.038605	-0.006560
2.633857	0.025633	0.038532	-0.006449
2.631859	0.025357	0.038483	-0.006563
2.629865	0.025475	0.038577	-0.006551
2.627873	0.025682	0.038463	-0.006390
2.625885	0.025655	0.038873	-0.006609
2.623900	0.025416	0.038426	-0.006505
2.621919	0.025748	0.038362	-0.006307
2.619940	0.025983	0.038461	-0.006239
2.617965	0.025840	0.038579	-0.006369
2.615993	0.025490	0.038339	-0.006424
2.614025	0.025545	0.038339	-0.006397
2.612059	0.025720	0.038093	-0.006186
2.610097	0.025585	0.038185	-0.006300
2.608138	0.025412	0.038001	-0.006295
2.606182	0.025053	0.037809	-0.006378
2.604229	0.025118	0.037689	-0.006286
2.602280	0.024833	0.037256	-0.006212
2.600333	0.024206	0.036803	-0.006299
2.598390	0.023873	0.035964	-0.006045
2.596450	0.023718	0.035633	-0.005958
2.594513	0.023261	0.035201	-0.005970
2.592579	0.022814	0.034821	-0.006003
2.590648	0.022786	0.034597	-0.005906
2.588721	0.022472	0.034102	-0.005815
2.586796	0.022232	0.033813	-0.005790
2.584875	0.021882	0.033663	-0.005891
2.582957	0.021904	0.033630	-0.005863
2.581042	0.021799	0.033468	-0.005834
2.579130	0.021808	0.033256	-0.005724
2.577221	0.021640	0.033088	-0.005724
2.575315	0.021586	0.033001	-0.005708
2.573412	0.021671	0.033278	-0.005804
2.571512	0.021497	0.033047	-0.005775
2.569615	0.021509	0.033063	-0.005777
2.567722	0.021708	0.033141	-0.005716
2.565831	0.021638	0.033338	-0.005850
2.563943	0.021710	0.033360	-0.005825
2.562058	0.021902	0.033276	-0.005687
2.560177	0.021508	0.033282	-0.005887
2.558298	0.021760	0.033279	-0.005760
2.556423	0.021834	0.033250	-0.005708
2.554550	0.021809	0.033411	-0.005801
2.552680	0.022204	0.033629	-0.005712
2.550813	0.021983	0.033600	-0.005808
2.548950	0.021817	0.033401	-0.005792
2.547089	0.021615	0.033420	-0.005903
2.545231	0.021860	0.033206	-0.005673
2.543376	0.021627	0.033179	-0.005776
2.541524	0.021613	0.033153	-0.005770
2.539675	0.021587	0.033291	-0.005852
2.537829	0.021491	0.032714	-0.005611
2.535986	0.021276	0.032703	-0.005714
2.534146	0.021267	0.032476	-0.005605
2.532308	0.021181	0.032351	-0.005585
2.530474	0.020961	0.032219	-0.005629
2.528642	0.021102	0.032072	-0.005485
2.526814	0.021027	0.032090	-0.005531
2.524988	0.020963	0.032292	-0.005664
2.523165	0.020742	0.032104	-0.005681
2.521345	0.021031	0.032298	-0.005633
2.519528	0.021020	0.032139	-0.005560
2.517714	0.021077	0.032374	-0.005649
2.515902	0.021235	0.032467	-0.005616
2.514093	0.021662	0.032959	-0.005649
2.512288	0.021568	0.032914	-0.005673
2.510485	0.022065	0.033492	-0.005714
2.508684	0.022366	0.033697	-0.005666
2.506887	0.022680	0.034159	-0.005740
2.505092	0.022683	0.034450	-0.005883
2.503301	0.023259	0.034947	-0.005844
2.501512	0.023515	0.035369	-0.005927
2.499726	0.023703	0.035747	-0.006022
2.497942	0.024351	0.036040	-0.005845
2.496162	0.024405	0.036707	-0.006151
2.494384	0.024924	0.037074	-0.006075
2.492609	0.025234	0.037719	-0.006242
2.490836	0.025855	0.037916	-0.006031
2.489067	0.026014	0.038673	-0.006330
2.487300	0.026262	0.038759	-0.006248
2.485536	0.026563	0.039106	-0.006272
2.483774	0.026645	0.039209	-0.006282
2.482016	0.026908	0.039552	-0.006322
2.480260	0.027191	0.039752	-0.006281
2.478507	0.027287	0.039811	-0.006262
2.476756	0.027176	0.040123	-0.006473
2.475008	0.027390	0.040033	-0.006321
2.473263	0.027482	0.040298	-0.006408
2.471521	0.027355	0.040365	-0.006505
2.469781	0.027533	0.040065	-0.006266
2.468044	0.027514	0.040546	-0.006516
2.466309	0.027526	0.040343	-0.006409
2.464578	0.027439	0.040334	-0.006447
2.462848	0.027408	0.040220	-0.006406
2.461122	0.027580	0.040245	-0.006333
2.459398	0.027706	0.040508	-0.006401
2.457677	0.027365	0.040223	-0.006429
2.455958	0.027380	0.040742	-0.006681
2.454243	0.027557	0.040795	-0.006619
2.452529	0.027553	0.040790	-0.006618
2.450819	0.027806	0.040570	-0.006382
2.449111	0.027654	0.040600	-0.006473
2.447405	0.027667	0.040509	-0.006421
2.445702	0.027888	0.040627	-0.006370
2.444002	0.027632	0.040665	-0.006516
2.442304	0.027901	0.040763	-0.006431
2.440609	0.027813	0.040645	-0.006416
2.438917	0.027585	0.040737	-0.006576
2.437227	0.027773	0.040874	-0.006551
2.435539	0.027873	0.040736	-0.006432
2.433854	0.027894	0.040724	-0.006415
2.432172	0.027767	0.040704	-0.006469
2.430492	0.027910	0.041071	-0.006581
2.428815	0.028039	0.040952	-0.006457
2.427140	0.028020	0.040778	-0.006379
2.425468	0.028117	0.041152	-0.006518
2.423799	0.028041	0.041105	-0.006532
2.422131	0.027881	0.041288	-0.006703
2.420467	0.028355	0.041149	-0.006397
2.418805	0.028341	0.041141	-0.006400
2.417145	0.028064	0.041478	-0.006707
2.415488	0.028185	0.041002	-0.006408
2.413833	0.027952	0.040954	-0.006501
2.412181	0.028295	0.041269	-0.006487
2.410532	0.028352	0.041398	-0.006523
2.408884	0.028547	0.041530	-0.006492
2.407240	0.028251	0.041152	-0.006450
2.405598	0.028190	0.041302	-0.006556
2.403958	0.028225	0.041695	-0.006735
2.402320	0.028743	0.041376	-0.006317
2.400685	0.028445	0.041574	-0.006565
2.399053	0.028273	0.041741	-0.006734
2.397423	0.028555	0.041623	-0.006534
2.395795	0.028365	0.041444	-0.006540
2.394170	0.028396	0.041914	-0.006759
2.392547	0.028328	0.041698	-0.006685
2.390927	0.028847	0.041283	-0.006218
2.389309	0.028576	0.041859	-0.006641
2.387694	0.029095	0.041714	-0.006309
2.386081	0.028634	0.041844	-0.006605
2.384470	0.028773	0.041973	-0.006600
2.382861	0.028591	0.042136	-0.006773
2.381255	0.028870	0.041767	-0.006448
2.379652	0.028576	0.041772	-0.006598
2.378051	0.028575	0.042067	-0.006746
2.376452	0.028982	0.042128	-0.006573
2.374855	0.028995	0.041905	-0.006455
2.373261	0.028827	0.042111	-0.006642
2.371669	0.029046	0.042392	-0.006673
2.370080	0.029462	0.042574	-0.006556
2.368493	0.029169	0.042424	-0.006628
2.366908	0.029621	0.042602	-0.006490
2.365326	0.028973	0.042164	-0.006595
2.363745	0.029254	0.042571	-0.006658
2.362168	0.029077	0.042988	-0.006955
2.360592	0.029345	0.042624	-0.006640
2.359019	0.029387	0.042698	-0.006655
2.357448	0.029299	0.042762	-0.006732
2.355880	0.029671	0.042492	-0.006410
2.354313	0.029494	0.043171	-0.006839
2.352749	0.029741	0.043013	-0.006636
2.351188	0.029565	0.042771	-0.006603
2.349628	0.029936	0.042744	-0.006404
2.348071	0.029729	0.042764	-0.006518
2.346516	0.029835	0.042943	-0.006554
2.344964	0.029901	0.043597	-0.006848
2.343413	0.030030	0.042847	-0.006408
2.341865	0.029966	0.043193	-0.006614
2.340319	0.029922	0.043313	-0.006695
2.338776	0.029656	0.043082	-0.006713
2.337235	0.030009	0.043073	-0.006532
2.335695	0.029895	0.043066	-0.006586
2.334159	0.030161	0.043253	-0.006546
2.332624	0.029654	0.043499	-0.006923
2.331091	0.030008	0.043489	-0.006741
2.329561	0.029694	0.043510	-0.006908
2.328033	0.029934	0.043328	-0.006697
2.326508	0.030090	0.043333	-0.006622
2.324984	0.029568	0.043817	-0.007124
2.323463	0.030209	0.043278	-0.006534
2.321943	0.029507	0.043285	-0.006889
2.320426	0.029955	0.043154	-0.006599
2.318912	0.030100	0.043650	-0.006775
2.317399	0.030150	0.043385	-0.006617
2.315888	0.030248	0.043278	-0.006515
2.314380	0.029944	0.043626	-0.006841
2.312874	0.030419	0.043455	-0.006518
2.311370	0.030193	0.043876	-0.006841
2.309868	0.030011	0.043603	-0.006796
2.308369	0.030198	0.043563	-0.006683
2.306871	0.030749	0.044011	-0.006631
2.305376	0.030117	0.043541	-0.006712
2.303883	0.030379	0.043629	-0.006625
2.302392	0.030688	0.043584	-0.006448
2.300903	0.030377	0.043903	-0.006763
2.299416	0.030971	0.044124	-0.006576
2.297931	0.030271	0.043671	-0.006700
2.296449	0.030510	0.044238	-0.006864
2.294968	0.030576	0.044128	-0.006776
2.293490	0.030860	0.044067	-0.006604
2.292013	0.030507	0.043880	-0.006686
2.290539	0.030646	0.044158	-0.006756
2.289067	0.030601	0.044351	-0.006875
2.287597	0.030502	0.044019	-0.006759
2.286129	0.030697	0.043995	-0.006649
2.284664	0.030535	0.044677	-0.007071
2.283200	0.030759	0.044424	-0.006833
2.281738	0.030611	0.044581	-0.006985
2.280279	0.030967	0.044488	-0.006760
2.278821	0.030756	0.044470	-0.006857
2.277366	0.030598	0.044279	-0.006841
2.275912	0.030865	0.044298	-0.006717
2.274461	0.030978	0.044624	-0.006823
2.273012	0.030649	0.044566	-0.006959
2.271564	0.031310	0.044395	-0.006542
2.270119	0.030746	0.044340	-0.006797
2.268676	0.031097	0.044509	-0.006706
2.267235	0.031308	0.044568	-0.006630
2.265796	0.030770	0.044533	-0.006882
2.264359	0.030223	0.044643	-0.007210
2.262923	0.030866	0.044358	-0.006746
2.261490	0.030613	0.044778	-0.007082
2.260059	0.030809	0.044626	-0.006908
2.258630	0.030910	0.044290	-0.006690
2.257203	0.030842	0.044372	-0.006765
2.255778	0.030915	0.044515	-0.006800
2.254355	0.030636	0.044410	-0.006887
2.252934	0.030605	0.044416	-0.006905
2.251515	0.030443	0.044232	-0.006895
2.250098	0.030860	0.044324	-0.006732
2.248683	0.030831	0.043802	-0.006485
2.247269	0.030545	0.044397	-0.006926
2.245858	0.030713	0.044379	-0.006833
2.244449	0.030868	0.043918	-0.006525
2.243042	0.031169	0.044374	-0.006603
2.241636	0.031065	0.044596	-0.006765
2.240233	0.030830	0.044529	-0.006850
2.238832	0.030581	0.044616	-0.007018
2.237432	0.031135	0.044387	-0.006626
2.236035	0.030908	0.044743	-0.006918
2.234639	0.030769	0.044504	-0.006867
2.233245	0.030884	0.044881	-0.006999
2.231854	0.031007	0.044687	-0.006840
2.230464	0.030878	0.044840	-0.006981
2.229076	0.031023	0.044655	-0.006816
2.227690	0.031060	0.044613	-0.006776
2.226306	0.031417	0.045170	-0.006877
2.224924	0.031022	0.045144	-0.007061
2.223544	0.031152	0.044508	-0.006678
2.222165	0.031011	0.045027	-0.007008
2.220789	0.030938	0.045078	-0.007070
2.219414	0.030991	0.044691	-0.006850
2.218042	0.031186	0.044881	-0.006848
2.216671	0.031561	0.045120	-0.006780
2.215302	0.031053	0.045197	-0.007072
2.213935	0.031588	0.044989	-0.006701
2.212570	0.031432	0.045159	-0.006864
2.211207	0.031183	0.045032	-0.006925
2.209845	0.030830	0.045222	-0.007196
2.208486	0.031310	0.045288	-0.006989
2.207128	0.030884	0.045149	-0.007133
2.205772	0.031397	0.045186	-0.006895
2.204418	0.031181	0.044978	-0.006898
2.203066	0.031266	0.045493	-0.007113
2.201716	0.031057	0.045203	-0.007073
2.200367	0.031442	0.045424	-0.006991
2.199021	0.031327	0.044885	-0.006779
2.197676	0.031270	0.044939	-0.006834
2.196333	0.031756	0.045029	-0.006636
2.194992	0.031468	0.045661	-0.007096
2.193653	0.030817	0.045462	-0.007323
2.192315	0.031196	0.045533	-0.007169
2.190980	0.031339	0.045238	-0.006949
2.189646	0.031252	0.045374	-0.007061
2.188314	0.031770	0.045805	-0.007017
2.186984	0.031682	0.045586	-0.006952
2.185655	0.031174	0.045296	-0.007061
2.184328	0.031404	0.045550	-0.007073
2.183004	0.031289	0.045258	-0.006984
2.181681	0.031379	0.045906	-0.007263
2.180359	0.032062	0.045690	-0.006814
2.179040	0.031405	0.045230	-0.006913
2.177722	0.031407	0.045402	-0.006997
2.176406	0.031290	0.045287	-0.006998
2.175092	0.031395	0.045431	-0.007018
2.173780	0.030975	0.045372	-0.007199
2.172469	0.031053	0.045564	-0.007256
2.171160	0.031404	0.045288	-0.006942
2.169853	0.031260	0.045265	-0.007002
2.168548	0.031384	0.045206	-0.006911
2.167244	0.031489	0.045482	-0.006996
2.165943	0.031396	0.045688	-0.007146
2.164643	0.031407	0.045376	-0.006984
2.163344	0.031351	0.045230	-0.006940
2.162048	0.031539	0.045288	-0.006875
2.160753	0.031103	0.045902	-0.007399
2.159460	0.031326	0.045940	-0.007307
2.158168	0.031377	0.045739	-0.007181
2.156879	0.031354	0.045732	-0.007189
2.155591	0.031361	0.045854	-0.007246
2.154304	0.031426	0.045246	-0.006910
2.153020	0.031668	0.045767	-0.007049
2.151737	0.031567	0.045860	-0.007146
2.150456	0.031585	0.045766	-0.007090
2.149177	0.031688	0.045462	-0.006887
2.147899	0.031086	0.046035	-0.007474
2.146623	0.031467	0.045440	-0.006986
2.145349	0.031083	0.045494	-0.007206
2.144076	0.031241	0.045668	-0.007214
2.142805	0.031128	0.045468	-0.007170
2.141536	0.031420	0.045456	-0.007018
2.140268	0.031280	0.045897	-0.007309
2.139002	0.030964	0.045786	-0.007411
2.137738	0.031430	0.045705	-0.007137
2.136476	0.031804	0.045690	-0.006943
2.135215	0.031607	0.045995	-0.007194
2.133956	0.031623	0.045339	-0.006858
2.132698	0.031303	0.046044	-0.007371
2.131442	0.031177	0.045761	-0.007292
2.130188	0.031479	0.045560	-0.007041
2.128935	0.031245	0.045558	-0.007156
2.127684	0.031641	0.045613	-0.006986
2.126435	0.031609	0.046072	-0.007231
2.125187	0.031659	0.045436	-0.006889
2.123941	0.031351	0.046041	-0.007345
2.122697	0.031196	0.045803	-0.007304
2.121454	0.031723	0.046308	-0.007292
2.120213	0.031686	0.045923	-0.007119
2.118974	0.031491	0.045988	-0.007249
2.117736	0.031782	0.045800	-0.007009
2.116500	0.031976	0.045976	-0.007000
2.115265	0.031383	0.046132	-0.007374
2.114032	0.031632	0.045984	-0.007176
2.112801	0.031552	0.045869	-0.007158
2.111571	0.031161	0.046159	-0.007499
2.110343	0.031895	0.046254	-0.007180
2.109116	0.031738	0.046194	-0.007228
2.107891	0.031728	0.046420	-0.007346
2.106668	0.031813	0.046345	-0.007266
2.105446	0.031971	0.046103	-0.007066
2.104226	0.031846	0.046180	-0.007167
2.103007	0.031732	0.046614	-0.007441
2.101790	0.032154	0.046273	-0.007059
2.100575	0.031967	0.046172	-0.007102
2.099361	0.031536	0.046018	-0.007241
2.098149	0.032088	0.046294	-0.007103
2.096938	0.031745	0.046463	-0.007359
2.095729	0.031905	0.046491	-0.007293
2.094521	0.031887	0.046669	-0.007391
2.093315	0.032222	0.046465	-0.007121
2.092111	0.031624	0.046361	-0.007369
2.090908	0.032038	0.046388	-0.007175
2.089707	0.032088	0.046433	-0.007173
2.088507	0.031884	0.046275	-0.007196
2.087309	0.032344	0.046379	-0.007017
2.086112	0.031854	0.046566	-0.007356
2.084917	0.032184	0.046880	-0.007348
2.083723	0.032197	0.046464	-0.007134
2.082531	0.031967	0.046357	-0.007195
2.081341	0.032341	0.046554	-0.007107
2.080152	0.032413	0.046615	-0.007101
2.078964	0.031956	0.046729	-0.007386
2.077778	0.032310	0.046821	-0.007255
2.076594	0.032304	0.046637	-0.007166
2.075411	0.031607	0.046818	-0.007606
2.074230	0.031871	0.047006	-0.007567
2.073050	0.032156	0.046893	-0.007368
2.071871	0.032360	0.046770	-0.007205
2.070694	0.032441	0.046931	-0.007245
2.069519	0.032263	0.047073	-0.007405
2.068345	0.032327	0.046746	-0.007210
2.067173	0.031922	0.046930	-0.007504
2.066002	0.032296	0.046975	-0.007339
2.064833	0.032114	0.046753	-0.007320
2.063665	0.032439	0.047196	-0.007378
2.062498	0.032465	0.046970	-0.007253
2.061333	0.032257	0.047265	-0.007504
2.060170	0.032274	0.047384	-0.007555
2.059008	0.032503	0.046810	-0.007153
2.057848	0.031940	0.046357	-0.007208
2.056689	0.032703	0.047185	-0.007241
2.055531	0.032190	0.046915	-0.007362
2.054375	0.032420	0.047048	-0.007314
2.053221	0.032144	0.046964	-0.007410
2.052067	0.032491	0.047085	-0.007297
2.050916	0.032043	0.047223	-0.007590
2.049766	0.032732	0.047212	-0.007240
2.048617	0.032250	0.047409	-0.007579
2.047470	0.032180	0.047124	-0.007472
2.046324	0.032272	0.046944	-0.007336
2.045179	0.032259	0.047139	-0.007440
2.044036	0.032700	0.046977	-0.007139
2.042895	0.032350	0.047031	-0.007340
2.041755	0.032377	0.047368	-0.007495
2.040616	0.032368	0.046955	-0.007294
2.039479	0.032254	0.046976	-0.007361
2.038343	0.032357	0.047063	-0.007353
2.037209	0.032108	0.047161	-0.007527
2.036076	0.032666	0.047166	-0.007250
2.034945	0.032658	0.047080	-0.007211
2.033815	0.032310	0.047410	-0.007550
2.032686	0.032380	0.047587	-0.007603
2.031559	0.032406	0.047273	-0.007433
2.030433	0.032452	0.047179	-0.007363
2.029309	0.032326	0.047086	-0.007380
2.028186	0.032280	0.047513	-0.007616
2.027064	0.032280	0.046789	-0.007255
2.025944	0.032265	0.047178	-0.007456
2.024825	0.032062	0.047100	-0.007519
2.023708	0.032388	0.047219	-0.007415
2.022592	0.032317	0.047116	-0.007399
2.021477	0.032265	0.047464	-0.007599
2.020364	0.032631	0.047685	-0.007527
2.019252	0.032817	0.047192	-0.007188
2.018142	0.032783	0.047323	-0.007270
2.017033	0.032797	0.047404	-0.007304
2.015925	0.032519	0.047296	-0.007388
2.014819	0.032369	0.047318	-0.007475
2.013714	0.032416	0.047559	-0.007571
2.012610	0.032229	0.047114	-0.007442
2.011508	0.032437	0.046767	-0.007165
2.010407	0.032173	0.047110	-0.007469
2.009308	0.032372	0.047125	-0.007376
2.008210	0.032396	0.047490	-0.007547
2.007113	0.032530	0.047189	-0.007330
2.006018	0.032028	0.047099	-0.007535
2.004924	0.032630	0.047199	-0.007285
2.003831	0.033076	0.047354	-0.007139
2.002740	0.032376	0.047424	-0.007524
2.001650	0.032448	0.047476	-0.007514
2.000561	0.032562	0.046893	-0.007165
1.999474	0.032904	0.047343	-0.007220
1.998388	0.032682	0.047216	-0.007267
1.997303	0.032344	0.047084	-0.007370
1.996220	0.032216	0.046797	-0.007290
1.995138	0.032932	0.047339	-0.007204
1.994058	0.032731	0.047302	-0.007286
1.992978	0.032146	0.047309	-0.007581
1.991901	0.032578	0.047382	-0.007402
1.990824	0.032597	0.047230	-0.007317
1.989749	0.032311	0.047230	-0.007460
1.988675	0.032725	0.047333	-0.007304
1.987602	0.032722	0.047700	-0.007489
1.986531	0.032444	0.047379	-0.007467
1.985461	0.032666	0.047234	-0.007284
1.984392	0.032172	0.047428	-0.007628
1.983325	0.032360	0.047584	-0.007612
1.982259	0.032016	0.047015	-0.007500
1.981194	0.032069	0.047052	-0.007491
1.980130	0.032141	0.047506	-0.007682
1.979068	0.032343	0.047383	-0.007520
1.978007	0.032517	0.047133	-0.007308
1.976948	0.032106	0.047304	-0.007599
1.975889	0.032544	0.047361	-0.007409
1.974832	0.032561	0.047624	-0.007532
1.973777	0.032435	0.047738	-0.007651
1.972722	0.032490	0.047285	-0.007397
1.971669	0.032679	0.047514	-0.007417
1.970617	0.032342	0.047481	-0.007570
1.969566	0.032513	0.047376	-0.007431
1.968517	0.031963	0.047251	-0.007644
1.967469	0.032405	0.047666	-0.007630
1.966422	0.032150	0.047628	-0.007739
1.965377	0.032710	0.047337	-0.007313
1.964333	0.032449	0.047585	-0.007568
1.963290	0.032311	0.047621	-0.007655
1.962248	0.032250	0.047507	-0.007629
1.961207	0.032819	0.047423	-0.007302
1.960168	0.032490	0.047449	-0.007480
1.959130	0.032915	0.047706	-0.007396
1.958094	0.032476	0.047530	-0.007527
1.957058	0.032139	0.047846	-0.007854
1.956024	0.032354	0.047748	-0.007697
1.954991	0.031939	0.047770	-0.007916
1.953959	0.032371	0.047174	-0.007401
1.952929	0.032235	0.047672	-0.007719
1.951900	0.032390	0.047776	-0.007693
1.950872	0.032796	0.047756	-0.007480
1.949845	0.032346	0.047332	-0.007493
1.948819	0.032186	0.047590	-0.007702
1.947795	0.032761	0.047701	-0.007470
1.946772	0.032327	0.047817	-0.007745
1.945750	0.032514	0.047595	-0.007541
1.944729	0.032647	0.047555	-0.007454
1.943710	0.032338	0.048031	-0.007847
1.942692	0.032329	0.047785	-0.007728
1.941675	0.032417	0.047956	-0.007769
1.940659	0.032828	0.047283	-0.007227
1.939645	0.032454	0.047925	-0.007735
1.938631	0.032718	0.047557	-0.007419
1.937619	0.032652	0.047953	-0.007651
1.936608	0.032279	0.047442	-0.007581
1.935599	0.032296	0.047654	-0.007679
1.934590	0.032749	0.047836	-0.007543
1.933583	0.032679	0.047880	-0.007601
1.932577	0.032909	0.047858	-0.007474
1.931572	0.032685	0.047791	-0.007553
1.930568	0.032605	0.048485	-0.007940
1.929566	0.032654	0.048099	-0.007723
1.928565	0.033154	0.047886	-0.007366
1.927565	0.032804	0.048196	-0.007696
1.926566	0.033381	0.048027	-0.007323
1.925568	0.032697	0.047897	-0.007600
1.924571	0.032973	0.048113	-0.007570
1.923576	0.032822	0.047581	-0.007379
1.922582	0.032775	0.048422	-0.007823
1.921589	0.032770	0.048054	-0.007642
1.920597	0.032804	0.048040	-0.007618
1.919606	0.032579	0.048002	-0.007711
1.918617	0.033072	0.048432	-0.007680
1.917629	0.033050	0.048325	-0.007638
1.916641	0.032907	0.048261	-0.007677
1.915655	0.033193	0.048143	-0.007475
1.914671	0.032788	0.048072	-0.007642
1.913687	0.032972	0.048382	-0.007705
1.912704	0.032987	0.048428	-0.007721
1.911723	0.033555	0.048269	-0.007357
1.910743	0.033047	0.048284	-0.007619
1.909764	0.033058	0.048642	-0.007792
1.908786	0.032955	0.048328	-0.007686
1.907809	0.033047	0.048008	-0.007480
1.906834	0.033000	0.047829	-0.007415
1.905859	0.032993	0.048782	-0.007895
1.904886	0.033000	0.048146	-0.007573
1.903914	0.032666	0.048416	-0.007875
1.902943	0.032919	0.048342	-0.007712
1.901973	0.032801	0.048419	-0.007809
1.901004	0.032786	0.048584	-0.007899
1.900036	0.033022	0.048524	-0.007751
1.899070	0.033118	0.048502	-0.007692
1.898105	0.032763	0.048512	-0.007875
1.897140	0.032719	0.048616	-0.007948
1.896177	0.032938	0.048304	-0.007683
1.895215	0.032923	0.048110	-0.007594
1.894254	0.033083	0.048524	-0.007721
1.893295	0.033133	0.048715	-0.007791
1.892336	0.033018	0.048342	-0.007662
1.891378	0.033171	0.048718	-0.007773
1.890422	0.033150	0.048627	-0.007739
1.889467	0.033077	0.048774	-0.007849
1.888513	0.032931	0.048760	-0.007915
1.887560	0.033411	0.048956	-0.007772
1.886608	0.033127	0.048679	-0.007776
1.885657	0.033242	0.048785	-0.007772
1.884707	0.033118	0.049057	-0.007969
1.883758	0.033257	0.048858	-0.007800
1.882811	0.033239	0.049127	-0.007944
1.881864	0.033371	0.048615	-0.007622
1.880919	0.033412	0.048876	-0.007732
1.879975	0.033513	0.048605	-0.007546
1.879032	0.032991	0.048781	-0.007895
1.878090	0.032887	0.048925	-0.008019
1.877149	0.032812	0.048597	-0.007892
1.876209	0.032764	0.048702	-0.007969
1.875270	0.033045	0.049000	-0.007978
1.874332	0.033115	0.048749	-0.007817
1.873396	0.033529	0.049261	-0.007866
1.872460	0.032818	0.048966	-0.008074
1.871525	0.032983	0.048976	-0.007996
1.870592	0.033536	0.049274	-0.007869
1.869660	0.033707	0.049075	-0.007684
1.868728	0.033640	0.048857	-0.007608
1.867798	0.033490	0.049292	-0.007901
1.866869	0.032979	0.048711	-0.007866
1.865941	0.033230	0.049026	-0.007898
1.865014	0.033551	0.048663	-0.007556
1.864088	0.033158	0.048786	-0.007814
1.863163	0.033463	0.048790	-0.007663
1.862239	0.033068	0.048880	-0.007906
1.861317	0.033119	0.048765	-0.007823
1.860395	0.033405	0.048667	-0.007631
1.859474	0.033074	0.048846	-0.007886
1.858555	0.033108	0.048622	-0.007757
1.857636	0.033216	0.048625	-0.007705
1.856719	0.033360	0.049236	-0.007938
1.855802	0.033680	0.049181	-0.007751
1.854887	0.033568	0.048680	-0.007556
1.853973	0.032871	0.049138	-0.008133
1.853059	0.033403	0.049252	-0.007925
1.852147	0.033654	0.049153	-0.007749
1.851236	0.033229	0.049240	-0.008005
1.850326	0.033767	0.048985	-0.007609
1.849416	0.033103	0.049261	-0.008079
1.848508	0.033278	0.049260	-0.007991
1.847601	0.033041	0.048874	-0.007917
1.846695	0.033427	0.049084	-0.007828
1.845790	0.033415	0.049440	-0.008012
1.844886	0.033320	0.048760	-0.007720
1.843983	0.032966	0.048915	-0.007974
1.843081	0.033158	0.049221	-0.008031
1.842180	0.033332	0.049128	-0.007898
1.841280	0.033445	0.049644	-0.008100
1.840381	0.033435	0.049455	-0.008010
1.839484	0.032918	0.049202	-0.008142
1.838587	0.033611	0.049064	-0.007727
1.837691	0.033701	0.049400	-0.007849
1.836796	0.032887	0.049247	-0.008180
1.835902	0.033504	0.049534	-0.008015
1.835009	0.033231	0.049095	-0.007932
1.834118	0.033638	0.049204	-0.007783
1.833227	0.033425	0.049567	-0.008071
1.832337	0.033709	0.049332	-0.007812
1.831448	0.033611	0.049818	-0.008103
1.830560	0.033326	0.049400	-0.008037
1.829674	0.033069	0.049854	-0.008393
1.828788	0.033319	0.049726	-0.008203
1.827903	0.033521	0.049432	-0.007956
1.827019	0.033860	0.049922	-0.008031
1.826136	0.033631	0.049347	-0.007858
1.825255	0.033522	0.049396	-0.007937
1.824374	0.033654	0.049430	-0.007888
1.823494	0.033777	0.049411	-0.007817
1.822615	0.033804	0.049530	-0.007863
1.821737	0.033804	0.049692	-0.007944
1.820860	0.033422	0.049721	-0.008150
1.819984	0.033287	0.049363	-0.008038
1.819109	0.033900	0.049824	-0.007962
1.818235	0.034056	0.049653	-0.007799
1.817362	0.033623	0.049713	-0.008045
1.816490	0.033246	0.049770	-0.008262
1.815619	0.033718	0.049439	-0.007861
1.814749	0.033476	0.049704	-0.008114
1.813880	0.033521	0.049794	-0.008136
1.813012	0.033357	0.049941	-0.008292
1.812145	0.033458	0.049581	-0.008062
1.811279	0.034180	0.049617	-0.007719
1.810413	0.033838	0.049888	-0.008025
1.809549	0.033795	0.050110	-0.008158
1.808686	0.033757	0.050051	-0.008147
1.807824	0.033952	0.049937	-0.007993
1.806962	0.033917	0.050072	-0.008078
1.806102	0.033858	0.049695	-0.007918
1.805242	0.033887	0.050166	-0.008140
1.804384	0.033827	0.049583	-0.007878
1.803526	0.033870	0.050234	-0.008182
1.802670	0.033529	0.049991	-0.008231
1.801814	0.033951	0.049950	-0.008000
1.800959	0.033976	0.049787	-0.007906
1.800105	0.033371	0.049869	-0.008249
1.799252	0.033721	0.050213	-0.008246
1.798401	0.034156	0.049784	-0.007814
1.797550	0.034003	0.050068	-0.008033
1.796700	0.034314	0.049641	-0.007664
1.795851	0.033889	0.050519	-0.008315
1.795002	0.033838	0.049897	-0.008030
1.794155	0.034276	0.050204	-0.007964
1.793309	0.034068	0.050616	-0.008274
1.792464	0.033901	0.050086	-0.008093
1.791619	0.034192	0.050211	-0.008009
1.790776	0.033708	0.050382	-0.008337
1.789933	0.034249	0.050030	-0.007891
1.789092	0.033878	0.049893	-0.008008
1.788251	0.034085	0.050614	-0.008265
1.787411	0.033944	0.050722	-0.008389
1.786572	0.033978	0.050905	-0.008463
1.785734	0.034075	0.050531	-0.008228
1.784897	0.034110	0.050121	-0.008005
1.784061	0.034247	0.050542	-0.008148
1.783226	0.034196	0.050023	-0.007913
1.782392	0.034328	0.050181	-0.007926
1.781558	0.034125	0.049927	-0.007901
1.780726	0.033643	0.050534	-0.008446
1.779894	0.034371	0.050468	-0.008049
1.779064	0.034508	0.050844	-0.008168
1.778234	0.034455	0.050089	-0.007817
1.777405	0.034102	0.050838	-0.008368
1.776577	0.034533	0.050836	-0.008152
1.775750	0.034213	0.050728	-0.008257
1.774924	0.034060	0.050647	-0.008294
1.774099	0.034450	0.051003	-0.008276
1.773275	0.034273	0.051274	-0.008501
1.772451	0.034365	0.051220	-0.008427
1.771629	0.034250	0.050815	-0.008282
1.770807	0.034022	0.051155	-0.008567
1.769986	0.034594	0.050623	-0.008014
1.769167	0.034430	0.050843	-0.008207
1.768348	0.034074	0.050925	-0.008426
1.767530	0.034399	0.050811	-0.008206
1.766712	0.034549	0.050483	-0.007967
1.765896	0.034564	0.050823	-0.008130
1.765081	0.034320	0.050930	-0.008305
1.764266	0.034084	0.050845	-0.008381
1.763453	0.034718	0.050560	-0.007921
1.762640	0.034240	0.050947	-0.008354
1.761828	0.034176	0.050874	-0.008349
1.761017	0.034215	0.050727	-0.008256
1.760207	0.033961	0.050701	-0.008370
1.759398	0.034000	0.050697	-0.008349
1.758589	0.034153	0.050658	-0.008253
1.757782	0.034339	0.051010	-0.008336
1.756975	0.034411	0.050802	-0.008195
1.756169	0.033972	0.050976	-0.008502
1.755365	0.034238	0.050697	-0.008229
1.754560	0.034171	0.050925	-0.008377
1.753757	0.034649	0.051112	-0.008232
1.752955	0.034448	0.050753	-0.008153
1.752154	0.034876	0.051228	-0.008176
1.751353	0.034339	0.051438	-0.008550
1.750553	0.034570	0.050900	-0.008165
1.749755	0.034290	0.051210	-0.008460
1.748957	0.034789	0.050851	-0.008031
1.748159	0.034575	0.051073	-0.008249
1.747363	0.034569	0.051261	-0.008346
1.746568	0.034158	0.051241	-0.008542
1.745773	0.034617	0.050831	-0.008107
1.744979	0.034609	0.050894	-0.008143
1.744187	0.034551	0.051552	-0.008501
1.743395	0.034544	0.051078	-0.008267
1.742603	0.034215	0.051371	-0.008578
1.741813	0.035052	0.050980	-0.007964
1.741024	0.034332	0.050675	-0.008172
1.740235	0.034777	0.050984	-0.008103
1.739447	0.034287	0.050805	-0.008259
1.738660	0.034369	0.051082	-0.008357
1.737874	0.034278	0.051628	-0.008675
1.737089	0.034520	0.051464	-0.008472
1.736304	0.034056	0.051482	-0.008713
1.735521	0.034330	0.051014	-0.008342
1.734738	0.034665	0.051301	-0.008318
1.733956	0.034422	0.051281	-0.008429
1.733175	0.034741	0.050717	-0.007988
1.732395	0.033949	0.051439	-0.008745
1.731615	0.034821	0.051008	-0.008094
1.730837	0.034063	0.051114	-0.008525
1.730059	0.033687	0.051505	-0.008909
1.729282	0.034309	0.050460	-0.008076
1.728506	0.034243	0.050371	-0.008064
1.727730	0.034400	0.051080	-0.008340
1.726956	0.034227	0.050810	-0.008291
1.726182	0.034285	0.050622	-0.008169
1.725409	0.034721	0.050772	-0.008026
1.724637	0.034183	0.050408	-0.008112
1.723866	0.034375	0.050753	-0.008189
1.723096	0.034205	0.050929	-0.008362
1.722326	0.034518	0.051031	-0.008256
1.721557	0.034065	0.051130	-0.008532
1.720789	0.034646	0.050712	-0.008033
1.720022	0.034259	0.051244	-0.008493
1.719256	0.034005	0.050753	-0.008374
1.718490	0.033972	0.050713	-0.008371
1.717726	0.034226	0.051146	-0.008460
1.716962	0.033513	0.051200	-0.008843
1.716199	0.033951	0.051257	-0.008653
1.715436	0.034200	0.050783	-0.008291
1.714675	0.034167	0.050982	-0.008407
1.713914	0.034645	0.050641	-0.007998
1.713154	0.033901	0.050736	-0.008418
1.712395	0.033944	0.050356	-0.008206
1.711637	0.033586	0.050598	-0.008506
1.710879	0.033698	0.051025	-0.008663
1.710122	0.034029	0.050485	-0.008228
1.709366	0.033619	0.050578	-0.008480
1.708611	0.033585	0.050568	-0.008492
1.707857	0.033321	0.050593	-0.008636
1.707103	0.033932	0.050893	-0.008480
1.706351	0.033613	0.050572	-0.008480
1.705599	0.033144	0.050299	-0.008577
1.704847	0.033730	0.050572	-0.008421
1.704097	0.033905	0.050675	-0.008385
1.703347	0.034258	0.051004	-0.008373
1.702599	0.033560	0.051140	-0.008790
1.701850	0.034071	0.051051	-0.008490
1.701103	0.033885	0.050755	-0.008435
1.700357	0.033739	0.050573	-0.008417
1.699611	0.034052	0.050025	-0.007986
1.698866	0.033738	0.050772	-0.008517
1.698122	0.033537	0.050533	-0.008498
1.697378	0.033574	0.050240	-0.008333
1.696636	0.033594	0.050651	-0.008529
1.695894	0.033433	0.050559	-0.008563
1.695153	0.033706	0.050499	-0.008396
1.694412	0.033597	0.050365	-0.008384
1.693673	0.033739	0.050556	-0.008409
1.692934	0.033688	0.050391	-0.008351
1.692196	0.033399	0.050883	-0.008742
1.691459	0.033633	0.050501	-0.008434
1.690722	0.033871	0.050366	-0.008247
1.689987	0.033448	0.050501	-0.008526
1.689252	0.033936	0.050398	-0.008231
1.688518	0.033423	0.050654	-0.008616
1.687784	0.034086	0.050733	-0.008324
1.687051	0.033061	0.049992	-0.008466
1.686320	0.033859	0.050413	-0.008277
1.685588	0.033727	0.050078	-0.008176
1.684858	0.033834	0.050347	-0.008256
1.684128	0.033965	0.050267	-0.008151
1.683399	0.033549	0.050890	-0.008671
1.682671	0.033480	0.050663	-0.008591
1.681944	0.033338	0.050613	-0.008638
1.681217	0.033188	0.050504	-0.008658
1.680491	0.033371	0.050348	-0.008488
1.679766	0.033992	0.050586	-0.008297
1.679042	0.033951	0.050944	-0.008497
1.678318	0.033747	0.050576	-0.008415
1.677595	0.033774	0.050119	-0.008172
1.676873	0.034252	0.050653	-0.008200
1.676152	0.034249	0.050781	-0.008266
1.675431	0.033987	0.051166	-0.008589
1.674711	0.033720	0.050542	-0.008411
1.673992	0.033618	0.050864	-0.008623
1.673273	0.033582	0.050509	-0.008463
1.672556	0.033749	0.051033	-0.008642
1.671839	0.034179	0.050701	-0.008261
1.671122	0.033956	0.050825	-0.008434
1.670407	0.034034	0.050633	-0.008299
1.669692	0.033584	0.050905	-0.008661
1.668978	0.033916	0.050564	-0.008324
1.668265	0.033954	0.051313	-0.008680
1.667552	0.034165	0.050784	-0.008309
1.666840	0.033831	0.050753	-0.008461
1.666129	0.034386	0.050828	-0.008221
1.665418	0.034288	0.051151	-0.008431
1.664709	0.034249	0.051130	-0.008440
1.664000	0.034289	0.051159	-0.008435
1.663292	0.034063	0.051458	-0.008697
1.662584	0.034177	0.051410	-0.008616
1.661877	0.033936	0.051205	-0.008634
1.661171	0.034919	0.051337	-0.008209
1.660466	0.034210	0.050845	-0.008317
1.659761	0.034485	0.051918	-0.008717
1.659057	0.034860	0.051505	-0.008322
1.658354	0.034492	0.052001	-0.008755
1.657651	0.034144	0.051607	-0.008731
1.656950	0.034261	0.051376	-0.008558
1.656249	0.034686	0.051498	-0.008406
1.655548	0.034512	0.051666	-0.008577
1.654848	0.034869	0.051410	-0.008270
1.654150	0.034869	0.051139	-0.008135
1.653451	0.034425	0.051745	-0.008660
1.652754	0.035436	0.051814	-0.008189
1.652057	0.034179	0.051702	-0.008761
1.651361	0.034925	0.051454	-0.008264
1.650665	0.034823	0.051761	-0.008469
1.649971	0.035017	0.051756	-0.008370
1.649277	0.034828	0.051889	-0.008530
1.648583	0.034747	0.052463	-0.008858
1.647891	0.035093	0.052215	-0.008561
1.647199	0.035226	0.052165	-0.008469
1.646508	0.035068	0.052002	-0.008467
1.645817	0.034824	0.051892	-0.008534
1.645127	0.034628	0.052264	-0.008818
1.644438	0.034906	0.051882	-0.008488
1.643750	0.034862	0.052264	-0.008701
1.643062	0.035028	0.051763	-0.008367
1.642375	0.035628	0.052082	-0.008227
1.641689	0.034979	0.051842	-0.008431
1.641003	0.034335	0.051823	-0.008744
1.640318	0.034803	0.052083	-0.008640
1.639634	0.034015	0.051554	-0.008769
1.638950	0.034911	0.052160	-0.008625
1.638267	0.035315	0.052366	-0.008526
1.637585	0.034797	0.051963	-0.008583
1.636903	0.034565	0.051688	-0.008561
1.636222	0.034806	0.051682	-0.008438
1.635542	0.034623	0.051964	-0.008670
1.634863	0.034443	0.051096	-0.008326
1.634184	0.035159	0.051845	-0.008343
1.633506	0.034632	0.051358	-0.008363
1.632828	0.034711	0.051689	-0.008489
1.632151	0.034614	0.051685	-0.008536
1.631475	0.034881	0.051964	-0.008541
1.630800	0.034129	0.051571	-0.008721
1.630125	0.034807	0.051374	-0.008284
1.629451	0.034991	0.051784	-0.008396
1.628778	0.034686	0.051887	-0.008601
1.628105	0.035054	0.051419	-0.008182
1.627433	0.034663	0.051364	-0.008351
1.626761	0.034631	0.051283	-0.008326
1.626091	0.034316	0.051780	-0.008732
1.625421	0.034456	0.051444	-0.008494
1.624751	0.034183	0.051526	-0.008672
1.624083	0.034538	0.051558	-0.008510
1.623414	0.034416	0.052109	-0.008846
1.622747	0.034195	0.051507	-0.008656
1.622080	0.034509	0.051137	-0.008314
1.621414	0.034602	0.051410	-0.008404
1.620749	0.034250	0.051874	-0.008812
1.620084	0.033907	0.051980	-0.009037
1.619420	0.034588	0.051646	-0.008529
1.618757	0.034602	0.051518	-0.008458
1.618094	0.033752	0.051009	-0.008629
1.617432	0.034444	0.051375	-0.008465
1.616770	0.034365	0.050943	-0.008289
1.616109	0.034822	0.051711	-0.008444
1.615449	0.034522	0.051738	-0.008608
1.614790	0.034781	0.051537	-0.008378
1.614131	0.034440	0.051615	-0.008587
1.613473	0.034579	0.051750	-0.008586
1.612815	0.034757	0.051867	-0.008555
1.612158	0.034835	0.051499	-0.008332
1.611502	0.034557	0.051677	-0.008560
1.610846	0.034711	0.051239	-0.008264
1.610191	0.034547	0.051613	-0.008533
1.609537	0.034511	0.051382	-0.008436
1.608883	0.034169	0.051759	-0.008795
1.608230	0.034575	0.050982	-0.008203
1.607578	0.034254	0.051490	-0.008618
1.606926	0.034350	0.051210	-0.008430
1.606275	0.034630	0.050993	-0.008182
1.605625	0.034422	0.051692	-0.008635
1.604975	0.034090	0.050682	-0.008296
1.604326	0.034457	0.051524	-0.008534
1.603677	0.033853	0.051232	-0.008690
1.603029	0.033868	0.051531	-0.008832
1.602382	0.034742	0.051325	-0.008291
1.601735	0.034697	0.051559	-0.008431
1.601089	0.035493	0.051034	-0.007771
1.600444	0.034359	0.051604	-0.008622
1.599799	0.034320	0.051157	-0.008419
1.599155	0.034256	0.050266	-0.008005
1.598512	0.034310	0.051045	-0.008368
1.597869	0.034315	0.051033	-0.008359
1.597227	0.035003	0.051393	-0.008195
1.596585	0.034562	0.050784	-0.008111
1.595944	0.034420	0.051347	-0.008463
1.595304	0.034691	0.051294	-0.008302
1.594664	0.034311	0.050754	-0.008222
1.594025	0.033485	0.051599	-0.009057
1.593386	0.033945	0.050564	-0.008310
1.592749	0.034121	0.051150	-0.008514
1.592111	0.033684	0.050437	-0.008376
1.591475	0.033076	0.050914	-0.008919
1.590839	0.034640	0.050748	-0.008054
1.590203	0.034046	0.050113	-0.008034
1.589569	0.034728	0.050690	-0.007981
1.588935	0.033490	0.050927	-0.008719
1.588301	0.034212	0.050739	-0.008263
1.587668	0.034342	0.050718	-0.008188
1.587036	0.034277	0.050669	-0.008196
1.586404	0.034189	0.051089	-0.008450
1.585773	0.033834	0.050762	-0.008464
1.585143	0.034003	0.050467	-0.008232
1.584513	0.033923	0.051296	-0.008687
1.583884	0.034146	0.050427	-0.008140
1.583255	0.034033	0.051243	-0.008605
1.582627	0.033977	0.051123	-0.008573
1.582000	0.034054	0.050377	-0.008162
1.581373	0.033630	0.051300	-0.008835
1.580747	0.034981	0.051246	-0.008133
1.580121	0.034646	0.050938	-0.008146
1.579496	0.034164	0.051146	-0.008491
1.578872	0.033861	0.050572	-0.008356
1.578248	0.034192	0.050938	-0.008373
1.577625	0.033631	0.051182	-0.008776
1.577002	0.033977	0.050996	-0.008509
1.576380	0.034229	0.050819	-0.008295
1.575759	0.033862	0.049694	-0.007916
1.575138	0.033503	0.050126	-0.008312
1.574518	0.033832	0.050763	-0.008465
1.573899	0.033478	0.050501	-0.008512
1.573280	0.033642	0.050810	-0.008584
1.572661	0.034686	0.050353	-0.007834
1.572044	0.034245	0.050637	-0.008196
1.571426	0.034618	0.051215	-0.008298
1.570810	0.033076	0.050043	-0.008483
1.570194	0.033272	0.050866	-0.008797
1.569578	0.034192	0.050419	-0.008114
1.568964	0.034262	0.051152	-0.008445
1.568349	0.034692	0.050344	-0.007826
1.567736	0.034059	0.051036	-0.008489
1.567123	0.033764	0.050830	-0.008533
1.566510	0.033836	0.050554	-0.008359
1.565899	0.033580	0.050664	-0.008542
1.565287	0.034288	0.051082	-0.008397
1.564677	0.033738	0.049821	-0.008041
1.564066	0.033248	0.050170	-0.008461
1.563457	0.033707	0.050605	-0.008449
1.562848	0.033890	0.050086	-0.008098
1.562240	0.033989	0.050316	-0.008163
1.561632	0.033922	0.050708	-0.008393
1.561025	0.033930	0.050478	-0.008274
1.560418	0.033780	0.050210	-0.008215
1.559812	0.033333	0.050204	-0.008435
1.559207	0.033714	0.050317	-0.008301
1.558602	0.034156	0.050723	-0.008284
1.557997	0.034477	0.050324	-0.007923
1.557394	0.034338	0.049529	-0.007596
1.556791	0.034276	0.050274	-0.007999
1.556188	0.034388	0.050186	-0.007899
1.555586	0.034316	0.049759	-0.007721
1.554985	0.033813	0.051102	-0.008644
1.554384	0.033967	0.050852	-0.008442
1.553783	0.033932	0.050300	-0.008184
1.553184	0.033788	0.050708	-0.008460
1.552585	0.034431	0.050206	-0.007887
1.551986	0.034218	0.050656	-0.008219
1.551388	0.034168	0.050448	-0.008140
1.550791	0.033893	0.050764	-0.008435
1.550194	0.033777	0.051256	-0.008739
1.549597	0.034255	0.049619	-0.007682
1.549002	0.034618	0.049686	-0.007534
1.548406	0.034035	0.050634	-0.008299
1.547812	0.034098	0.050784	-0.008343
1.547218	0.033659	0.049975	-0.008158
1.546624	0.033652	0.049778	-0.008063
1.546031	0.033721	0.050539	-0.008409
1.545439	0.034187	0.050451	-0.008132
1.544847	0.033773	0.050592	-0.008410
1.544256	0.034801	0.050739	-0.007969
1.543665	0.034009	0.050694	-0.008342
1.543075	0.033910	0.049300	-0.007695
1.542486	0.033800	0.050890	-0.008545
1.541897	0.034008	0.050676	-0.008334
1.541308	0.034846	0.050562	-0.007858
1.540720	0.034495	0.049754	-0.007629
1.540133	0.034816	0.050221	-0.007702
1.539546	0.034972	0.051366	-0.008197
1.538960	0.034183	0.050756	-0.008287
1.538374	0.035318	0.050883	-0.007782
1.537789	0.034246	0.050675	-0.008215
1.537204	0.034876	0.050821	-0.007972
1.536620	0.034485	0.050368	-0.007941
1.536037	0.034321	0.051316	-0.008498
1.535454	0.034886	0.051200	-0.008157
1.534872	0.034541	0.050701	-0.008080
1.534290	0.034642	0.050946	-0.008152
1.533708	0.034778	0.050887	-0.008055
1.533128	0.034665	0.050901	-0.008118
1.532548	0.034646	0.050435	-0.007894
1.531968	0.035440	0.051762	-0.008161
1.531389	0.034470	0.050781	-0.008156
1.530810	0.034786	0.051308	-0.008261
1.530232	0.034667	0.050505	-0.007919
1.529655	0.035110	0.051048	-0.007969
1.529078	0.035110	0.050540	-0.007715
1.528501	0.035029	0.050596	-0.007783
1.527925	0.035571	0.050076	-0.007252
1.527350	0.034474	0.051642	-0.008584
1.526775	0.034503	0.050688	-0.008093
1.526201	0.034964	0.050890	-0.007963
1.525627	0.035395	0.051044	-0.007825
1.525054	0.034208	0.051063	-0.008428
1.524481	0.034712	0.051040	-0.008164
1.523909	0.034687	0.050379	-0.007846
1.523338	0.035482	0.051389	-0.007953
1.522767	0.036271	0.050965	-0.007347
1.522196	0.034578	0.051096	-0.008259
1.521626	0.035857	0.050440	-0.007292
1.521057	0.034991	0.050382	-0.007696
1.520488	0.034675	0.050472	-0.007898
1.519919	0.034254	0.050643	-0.008195
1.519351	0.035462	0.050511	-0.007524
1.518784	0.035245	0.051021	-0.007888
1.518217	0.034970	0.051094	-0.008062
1.517651	0.034911	0.051265	-0.008177
1.517085	0.036164	0.050538	-0.007187
1.516520	0.034950	0.050704	-0.007877
1.515955	0.035943	0.050645	-0.007351
1.515391	0.034749	0.050444	-0.007848
1.514827	0.034438	0.050651	-0.008107
1.514264	0.034831	0.051284	-0.008226
1.513702	0.035091	0.050556	-0.007733
1.513139	0.035293	0.051653	-0.008180
1.512578	0.035654	0.050802	-0.007574
1.512017	0.035252	0.051283	-0.008015
1.511456	0.035162	0.051490	-0.008164
1.510896	0.034624	0.050483	-0.007930
1.510337	0.035075	0.051369	-0.008147
1.509778	0.034944	0.050573	-0.007814
1.509219	0.035133	0.051139	-0.008003
1.508661	0.035116	0.051444	-0.008164
1.508104	0.036649	0.051031	-0.007191
1.507547	0.035982	0.050511	-0.007265
1.506990	0.034450	0.051873	-0.008711
1.506435	0.035424	0.052144	-0.008360
1.505879	0.035157	0.050530	-0.007686
1.505324	0.036089	0.051076	-0.007493
1.504770	0.035401	0.051338	-0.007969
1.504216	0.036959	0.051072	-0.007057
1.503663	0.034885	0.050117	-0.007616
1.503110	0.035542	0.051516	-0.007987
1.502558	0.034898	0.050665	-0.007883
1.502006	0.035377	0.051237	-0.007930
1.501454	0.035747	0.051151	-0.007702
1.500904	0.035330	0.050263	-0.007467
1.500353	0.034560	0.050700	-0.008070
1.499803	0.035882	0.051022	-0.007570
1.499254	0.035834	0.050123	-0.007144
1.498705	0.034039	0.051656	-0.008809
1.498157	0.034621	0.050630	-0.008004
1.497609	0.036393	0.051786	-0.007696
1.497062	0.035770	0.052046	-0.008138
1.496515	0.035926	0.051588	-0.007831
1.495969	0.036069	0.050904	-0.007418
1.495423	0.036279	0.050924	-0.007322
1.494878	0.036402	0.051609	-0.007604
1.494333	0.036144	0.050870	-0.007363
1.493789	0.037495	0.052477	-0.007491
1.493245	0.037007	0.053219	-0.008106
1.492702	0.036409	0.051151	-0.007371
1.492159	0.036280	0.052892	-0.008306
1.491617	0.037114	0.053318	-0.008102
1.491075	0.035542	0.051823	-0.008140
1.490533	0.036389	0.050502	-0.007057
1.489993	0.037437	0.052261	-0.007412
1.489452	0.035850	0.052219	-0.008184
1.488912	0.036177	0.050049	-0.006936
1.488373	0.036897	0.051569	-0.007336
1.487834	0.036199	0.051437	-0.007619
1.487296	0.036229	0.052109	-0.007940
1.486758	0.035665	0.051152	-0.007744
1.486221	0.036069	0.051361	-0.007646
1.485684	0.036186	0.050964	-0.007389
1.485147	0.036011	0.050478	-0.007234
1.484611	0.037613	0.051852	-0.007120
1.484076	0.036589	0.052615	-0.008013
1.483541	0.036311	0.051171	-0.007430
1.483007	0.036491	0.051910	-0.007709
1.482473	0.035878	0.050767	-0.007445
1.481939	0.034973	0.051604	-0.008316
1.481406	0.035529	0.051382	-0.007926
1.480874	0.037173	0.050523	-0.006675
1.480341	0.038369	0.049711	-0.005671
1.479810	0.036217	0.050962	-0.007373
1.479279	0.037051	0.051232	-0.007091
1.478748	0.036783	0.050910	-0.007064
1.478218	0.036441	0.051422	-0.007491
1.477688	0.036302	0.051820	-0.007759
1.477159	0.036084	0.049375	-0.006646
1.476631	0.036425	0.049296	-0.006436
1.476102	0.036348	0.049966	-0.006809
1.475575	0.036885	0.052287	-0.007701
1.475047	0.036355	0.051695	-0.007670
1.474521	0.035903	0.050112	-0.007104
1.473994	0.036990	0.050598	-0.006804
1.473469	0.037156	0.050099	-0.006471
1.472943	0.036261	0.051080	-0.007409
1.472418	0.036800	0.050667	-0.006934
1.471894	0.036436	0.049885	-0.006724
1.471370	0.037364	0.051889	-0.007263
1.470846	0.037214	0.050793	-0.006790
1.470323	0.036934	0.051329	-0.007197
1.469801	0.036907	0.050807	-0.006950
1.469279	0.036585	0.050229	-0.006822
1.468757	0.035491	0.050944	-0.007727
1.468236	0.035810	0.052797	-0.008493
1.467716	0.037353	0.050577	-0.006612
1.467195	0.037005	0.050301	-0.006648
1.466676	0.036519	0.050227	-0.006854
1.466156	0.035787	0.051023	-0.007618
1.465638	0.037503	0.050069	-0.006283
1.465119	0.037181	0.052423	-0.007621
1.464601	0.036607	0.051580	-0.007487
1.464084	0.037321	0.051008	-0.006844
1.463567	0.036349	0.050874	-0.007262
1.463051	0.036370	0.051397	-0.007514
1.462535	0.035992	0.051373	-0.007691
1.462019	0.037477	0.051575	-0.007049
1.461504	0.035800	0.049919	-0.007060
1.460989	0.035571	0.050044	-0.007237
1.460475	0.036850	0.050406	-0.006778
1.459962	0.036352	0.050601	-0.007124
1.459448	0.035349	0.050683	-0.007667
1.458936	0.036618	0.050270	-0.006826
1.458423	0.035640	0.051272	-0.007816
1.457911	0.037157	0.051874	-0.007358
1.457400	0.036609	0.050656	-0.007024
1.456889	0.037394	0.050127	-0.006366
1.456379	0.035057	0.051663	-0.008303
1.455869	0.037011	0.051126	-0.007058
1.455359	0.037312	0.051485	-0.007087
1.454850	0.036986	0.050482	-0.006748
1.454341	0.037371	0.050750	-0.006689
1.453833	0.035892	0.053103	-0.008605
1.453325	0.035214	0.049888	-0.007337
1.452818	0.037386	0.050552	-0.006583
1.452311	0.035849	0.051568	-0.007859
1.451805	0.036693	0.051656	-0.007482
1.451299	0.037695	0.051971	-0.007138
1.450793	0.038123	0.048982	-0.005429
1.450288	0.037079	0.050176	-0.006548
1.449783	0.037238	0.050479	-0.006620
1.449279	0.037266	0.050983	-0.006859
1.448775	0.036036	0.049804	-0.006884
1.448272	0.036701	0.051267	-0.007283
1.447769	0.036694	0.051470	-0.007388
1.447267	0.036526	0.051527	-0.007500
1.446765	0.036359	0.051270	-0.007456
1.446263	0.036167	0.050172	-0.007003
1.445762	0.037206	0.051748	-0.007271
1.445262	0.034928	0.049196	-0.007134
1.444762	0.035484	0.050220	-0.007368
1.444262	0.035162	0.051160	-0.007999
1.443763	0.036711	0.049711	-0.006500
1.443264	0.036759	0.049224	-0.006232
1.442765	0.037515	0.050322	-0.006403
1.442267	0.036598	0.049744	-0.006573
1.441770	0.035621	0.050845	-0.007612
1.441273	0.037163	0.049171	-0.006004
1.440776	0.038732	0.051287	-0.006277
1.440280	0.038587	0.050976	-0.006194
1.439784	0.037048	0.050718	-0.006835
1.439289	0.036757	0.049479	-0.006361
1.438794	0.036941	0.050459	-0.006759
1.438299	0.036612	0.050184	-0.006786
1.437805	0.039226	0.050491	-0.005633
1.437312	0.036818	0.049422	-0.006302
1.436819	0.037120	0.051640	-0.007260
1.436326	0.036977	0.051026	-0.007025
1.435834	0.036534	0.051949	-0.007707
1.435342	0.038713	0.048138	-0.004713
1.434850	0.038228	0.049784	-0.005778
1.434359	0.035751	0.050960	-0.007604
1.433869	0.036446	0.049953	-0.006753
1.433379	0.037713	0.050448	-0.006368
1.432889	0.038436	0.050440	-0.006002
1.432400	0.037446	0.051631	-0.007092
1.431911	0.036522	0.052012	-0.007745
1.431422	0.036319	0.051088	-0.007385
1.430934	0.037511	0.050076	-0.006283
1.430447	0.038328	0.050485	-0.006079
1.429960	0.036639	0.051857	-0.007609
1.429473	0.036959	0.050111	-0.006576
1.428987	0.037315	0.051872	-0.007278
1.428501	0.036978	0.050257	-0.006640
1.428015	0.034728	0.049442	-0.007357
1.427530	0.037626	0.050206	-0.006290
1.427046	0.037912	0.051498	-0.006793
1.426561	0.036204	0.053047	-0.008422
1.426078	0.039000	0.050962	-0.005981
1.425594	0.038121	0.050664	-0.006271
1.425111	0.037575	0.050612	-0.006518
1.424629	0.036503	0.050704	-0.007100
1.424147	0.037850	0.050459	-0.006305
1.423665	0.037145	0.053407	-0.008131
1.423184	0.037376	0.050357	-0.006490
1.422703	0.035397	0.052018	-0.008311
1.422223	0.038286	0.051145	-0.006429
1.421743	0.035881	0.049256	-0.006687
1.421263	0.039328	0.050595	-0.005633
1.420784	0.035329	0.049954	-0.007312
1.420306	0.036013	0.048831	-0.006409
1.419827	0.036686	0.051557	-0.007435
1.419349	0.039061	0.049380	-0.005160
1.418872	0.037976	0.051056	-0.006540
1.418395	0.036673	0.050483	-0.006905
1.417918	0.036323	0.050429	-0.007053
1.417442	0.038067	0.050174	-0.006054
1.416966	0.038494	0.049849	-0.005677
1.416491	0.039302	0.050541	-0.005619
1.416016	0.040018	0.051576	-0.005779
1.415541	0.040650	0.051826	-0.005588
1.415067	0.038464	0.053016	-0.007276
1.414593	0.037633	0.049642	-0.006004
1.414120	0.037620	0.052393	-0.007387
1.413647	0.038460	0.052046	-0.006793
1.413174	0.039437	0.049270	-0.004917
1.412702	0.037923	0.050012	-0.006044
1.412231	0.040081	0.052221	-0.006070
1.411759	0.038297	0.049309	-0.005506
1.411288	0.039564	0.050339	-0.005387
1.410818	0.039839	0.050754	-0.005458
1.410348	0.038362	0.048301	-0.004970
1.409878	0.037609	0.049399	-0.005895
1.409409	0.037315	0.050245	-0.006465
1.408940	0.037309	0.049027	-0.005859
1.408472	0.037048	0.050942	-0.006947
1.408004	0.037847	0.051675	-0.006914
1.407536	0.038793	0.050457	-0.005832
1.407069	0.035909	0.052801	-0.008446
1.406602	0.037561	0.051065	-0.006752
1.406135	0.039826	0.049914	-0.005044
1.405669	0.038329	0.051720	-0.006695
1.405204	0.037882	0.052753	-0.007436
1.404738	0.037120	0.049280	-0.006080
1.404274	0.039696	0.049953	-0.005129
1.403809	0.038482	0.047891	-0.004705
1.403345	0.036816	0.052722	-0.007953
1.402882	0.039870	0.050581	-0.005356
1.402418	0.038536	0.048777	-0.005121
1.401955	0.039238	0.051503	-0.006133
1.401493	0.037685	0.052769	-0.007542
1.401031	0.038613	0.050962	-0.006175
1.400569	0.038362	0.053523	-0.007581
1.400108	0.038553	0.051695	-0.006571
1.399647	0.036756	0.047696	-0.005470
1.399187	0.039487	0.048186	-0.004350
1.398727	0.039806	0.051279	-0.005737
1.398267	0.036797	0.050566	-0.006885
1.397808	0.039100	0.050866	-0.005883
1.397349	0.040356	0.050431	-0.005037
1.396890	0.036840	0.049358	-0.006259
1.396432	0.038359	0.051317	-0.006479
1.395974	0.038073	0.051846	-0.006886
1.395517	0.037234	0.051717	-0.007242
1.395060	0.037809	0.049740	-0.005965
1.394604	0.036959	0.050621	-0.006831
1.394147	0.036080	0.051691	-0.007806
1.393692	0.036983	0.051431	-0.007224
1.393236	0.039507	0.051902	-0.006198
1.392781	0.040502	0.054332	-0.006915
1.392327	0.038205	0.051468	-0.006632
1.391873	0.037428	0.049717	-0.006144
1.391419	0.037101	0.049879	-0.006389
1.390965	0.038894	0.048734	-0.004920
1.390512	0.039879	0.051945	-0.006033
