6.542578	0.000000	0.000000	0.000000
6.529189	0.065490	0.065490	0.000000
6.515856	-0.280277	-0.204268	-0.038004
6.502578	-0.027370	0.083976	-0.055673
6.489355	0.002346	-0.118561	0.060454
6.476188	-0.247774	-0.424533	0.088379
6.463075	-0.267820	-0.176362	-0.045729
6.450016	0.261930	-0.331062	0.296496
6.437011	0.773539	0.270700	0.251419
6.424060	-0.240491	0.182760	-0.211625
6.411162	0.132495	-0.196029	0.164262
6.398317	0.305728	-0.166455	0.236092
6.385525	0.344455	0.080846	0.131805
6.372785	0.108157	0.183509	-0.037676
6.360096	-0.326739	0.003731	-0.165235
6.347460	-0.377844	-0.082996	-0.147424
6.334875	0.235585	-0.029790	0.132687
6.322341	-0.606115	0.097416	-0.351766
6.309857	-0.255782	0.061371	-0.158576
6.297424	0.264807	-0.260864	0.262836
6.285042	-0.034385	-0.088806	0.027210
6.272709	-0.190537	0.087899	-0.139218
6.260425	-0.155028	0.070269	-0.112649
6.248191	0.107423	0.161284	-0.026930
6.236005	0.115871	-0.066531	0.091201
6.223868	-0.049227	0.054494	-0.051861
6.211780	0.033488	0.008429	0.012529
6.199740	0.030051	-0.011255	0.020653
6.187747	0.032095	0.003854	0.014121
6.175802	0.093887	0.046181	0.023853
6.163904	0.006468	-0.003627	0.005047
6.152053	0.060763	0.031870	0.014447
6.140248	0.060218	0.059863	0.000177
6.128490	0.045899	0.086008	-0.020054
6.116778	0.010458	0.040672	-0.015107
6.105112	0.024087	-0.001076	0.012581
6.093492	0.087340	0.023121	0.032110
6.081916	0.036657	0.057820	-0.010581
6.070386	0.026355	0.046915	-0.010280
6.058901	0.054925	0.082459	-0.013767
6.047460	0.064032	0.012743	0.025645
6.036063	0.009903	0.035100	-0.012599
6.024710	0.098631	0.044923	0.026854
6.013401	0.020231	0.081234	-0.030501
6.002135	0.037959	0.019497	0.009231
5.990913	0.044617	0.031490	0.006563
5.979734	0.034696	0.011019	0.011839
5.968597	0.061035	0.046812	0.007112
5.957503	0.083156	0.053718	0.014719
5.946451	0.036120	0.003680	0.016220
5.935442	0.093039	0.001419	0.045810
5.924474	0.087518	0.070486	0.008516
5.913547	0.048809	0.061189	-0.006190
5.902662	0.068808	0.103444	-0.017318
5.891818	0.090868	0.046365	0.022251
5.881015	0.059210	0.019497	0.019856
5.870252	0.040325	0.032057	0.004134
5.859530	-0.002218	0.059948	-0.031083
5.848848	0.045398	0.003050	0.021174
5.838205	0.042081	0.047776	-0.002848
5.827603	0.053315	0.049765	0.001775
5.817040	0.037855	0.078240	-0.020193
5.806516	0.055866	0.112248	-0.028191
5.796031	0.017758	0.021980	-0.002111
5.785586	0.086623	0.027713	0.029455
5.775178	0.050891	0.065412	-0.007261
5.764810	0.017164	0.039652	-0.011244
5.754479	-0.013162	0.036549	-0.024855
5.744186	0.025318	0.065997	-0.020340
5.733931	0.058282	0.025005	0.016639
5.723714	0.052162	0.021576	0.015293
5.713534	0.030716	0.015518	0.007599
5.703391	0.064695	0.056540	0.004078
5.693285	0.067772	0.090748	-0.011488
5.683216	0.031730	0.049655	-0.008962
5.673184	0.017801	-0.016491	0.017146
5.663188	0.069592	0.038532	0.015530
5.653228	0.060103	0.016417	0.021843
5.643304	0.073174	0.082479	-0.004652
5.633415	0.014061	0.042538	-0.014238
5.623562	0.031945	0.052982	-0.010519
5.613745	0.074794	0.057193	0.008801
5.603963	0.088482	0.075646	0.006418
5.594216	0.111667	0.105986	0.002841
5.584504	0.082500	0.105545	-0.011523
5.574826	0.098899	0.035815	0.031542
5.565183	0.161542	0.127884	0.016829
5.555574	0.184694	0.188465	-0.001886
5.545999	0.104719	0.144164	-0.019722
5.536458	0.153128	0.111738	0.020695
5.526950	0.157673	0.093937	0.031868
5.517477	0.152865	0.108208	0.022328
5.508036	0.151084	0.123518	0.013783
5.498629	0.159551	0.182369	-0.011409
5.489255	0.166305	0.121439	0.022433
5.479914	0.169881	0.177296	-0.003708
5.470605	0.182207	0.191526	-0.004660
5.461329	0.187165	0.173079	0.007043
5.452085	0.220674	0.179308	0.020683
5.442874	0.145955	0.215186	-0.034616
5.433694	0.241510	0.209507	0.016002
5.424546	0.238387	0.233123	0.002632
5.415430	0.235086	0.201684	0.016701
5.406345	0.265685	0.172147	0.046769
5.397292	0.293682	0.254985	0.019349
5.388270	0.233218	0.272220	-0.019501
5.379279	0.263252	0.230751	0.016250
5.370319	0.253434	0.265162	-0.005864
5.361389	0.261011	0.223665	0.018673
5.352490	0.263412	0.254999	0.004207
5.343621	0.350991	0.295222	0.027885
5.334783	0.302750	0.248823	0.026963
5.325975	0.305347	0.319864	-0.007259
5.317196	0.316093	0.299132	0.008481
5.308448	0.292986	0.309376	-0.008195
5.299729	0.285871	0.279901	0.002985
5.291039	0.321508	0.311968	0.004770
5.282379	0.301986	0.281827	0.010080
5.273748	0.293863	0.315703	-0.010920
5.265146	0.313487	0.301016	0.006236
5.256573	0.319432	0.338797	-0.009682
5.248029	0.343409	0.314757	0.014326
5.239513	0.317654	0.301065	0.008295
5.231026	0.338780	0.319607	0.009586
5.222567	0.349011	0.346888	0.001062
5.214136	0.369914	0.346076	0.011919
5.205733	0.407520	0.358497	0.024511
5.197358	0.328442	0.325028	0.001707
5.189011	0.370968	0.334039	0.018465
5.180691	0.351656	0.351021	0.000318
5.172399	0.338460	0.334953	0.001754
5.164135	0.356842	0.375572	-0.009365
5.155897	0.340616	0.366655	-0.013019
5.147687	0.366623	0.358207	0.004208
5.139503	0.380932	0.351568	0.014682
5.131346	0.337807	0.374317	-0.018255
5.123216	0.356252	0.376281	-0.010015
5.115113	0.376923	0.364863	0.006030
5.107036	0.369060	0.335036	0.017012
5.098985	0.411273	0.347885	0.031694
5.090960	0.389259	0.381529	0.003865
5.082962	0.381480	0.372019	0.004731
5.074989	0.410476	0.371935	0.019271
5.067042	0.384179	0.386300	-0.001060
5.059121	0.412391	0.374970	0.018711
5.051225	0.381994	0.373293	0.004351
5.043355	0.400176	0.371410	0.014383
5.035510	0.397690	0.372828	0.012431
5.027690	0.396678	0.373262	0.011708
5.019895	0.380895	0.387192	-0.003149
5.012126	0.384219	0.402147	-0.008964
5.004381	0.399727	0.380335	0.009696
4.996660	0.388278	0.379266	0.004506
4.988964	0.409360	0.365885	0.021737
4.981293	0.367324	0.356633	0.005345
4.973646	0.357800	0.349910	0.003945
4.966023	0.389334	0.358568	0.015383
4.958425	0.371619	0.371107	0.000256
4.950850	0.371637	0.369862	0.000888
4.943299	0.346913	0.332006	0.007453
4.935772	0.379585	0.354807	0.012389
4.928269	0.371476	0.352687	0.009395
4.920789	0.352962	0.359063	-0.003050
4.913333	0.368537	0.341225	0.013656
4.905900	0.364544	0.346850	0.008847
4.898490	0.359804	0.334854	0.012475
4.891103	0.368612	0.355482	0.006565
4.883739	0.358565	0.358873	-0.000154
4.876399	0.359788	0.341874	0.008957
4.869081	0.365616	0.337309	0.014153
4.861785	0.369097	0.336233	0.016432
4.854512	0.352323	0.354582	-0.001129
4.847262	0.356690	0.350096	0.003297
4.840034	0.352781	0.339016	0.006882
4.832829	0.352883	0.335608	0.008637
4.825645	0.345278	0.323358	0.010960
4.818484	0.348673	0.326626	0.011023
4.811344	0.333845	0.338969	-0.002562
4.804227	0.340943	0.320412	0.010265
4.797131	0.325839	0.305269	0.010285
4.790057	0.316764	0.304316	0.006224
4.783004	0.318172	0.289082	0.014545
4.775973	0.312884	0.310546	0.001169
4.768963	0.302863	0.299257	0.001803
4.761974	0.306423	0.292155	0.007134
4.755007	0.297394	0.286108	0.005643
4.748061	0.302940	0.285160	0.008890
4.741136	0.297100	0.284146	0.006477
4.734231	0.287662	0.280747	0.003458
4.727348	0.285859	0.270398	0.007730
4.720485	0.282842	0.263116	0.009863
4.713642	0.285469	0.265570	0.009950
4.706821	0.294419	0.262434	0.015992
4.700019	0.279954	0.268993	0.005480
4.693238	0.273863	0.263154	0.005354
4.686478	0.275933	0.261515	0.007209
4.679737	0.271437	0.265604	0.002917
4.673016	0.264067	0.259248	0.002409
4.666316	0.267046	0.257032	0.005007
4.659635	0.260828	0.252075	0.004377
4.652974	0.271068	0.258321	0.006374
4.646333	0.259126	0.250616	0.004255
4.639711	0.261262	0.246623	0.007319
4.633109	0.249625	0.252557	-0.001466
4.626527	0.245329	0.240438	0.002445
4.619963	0.244135	0.240083	0.002026
4.613420	0.241785	0.237341	0.002222
4.606895	0.239862	0.218076	0.010893
4.600389	0.233545	0.225144	0.004201
4.593902	0.220301	0.219907	0.000197
4.587435	0.230719	0.220811	0.004954
4.580986	0.226728	0.210328	0.008200
4.574556	0.223521	0.213335	0.005093
4.568145	0.216950	0.202585	0.007183
4.561752	0.207980	0.191903	0.008039
4.555378	0.203908	0.196644	0.003632
4.549022	0.197911	0.192769	0.002571
4.542685	0.198486	0.181774	0.008356
4.536365	0.189058	0.179189	0.004935
4.530065	0.194309	0.179677	0.007316
4.523782	0.185977	0.175452	0.005263
4.517517	0.181185	0.174909	0.003138
4.511271	0.180669	0.170603	0.005033
4.505042	0.180880	0.163453	0.008713
4.498831	0.177873	0.166994	0.005440
4.492638	0.168658	0.164081	0.002289
4.486462	0.171622	0.160221	0.005700
4.480304	0.160903	0.163622	-0.001360
4.474164	0.166658	0.156959	0.004850
4.468041	0.161995	0.151963	0.005016
4.461935	0.160874	0.151438	0.004718
4.455847	0.160710	0.151573	0.004568
4.449776	0.161656	0.144031	0.008812
4.443722	0.153776	0.147302	0.003237
4.437686	0.158041	0.145404	0.006319
4.431666	0.150157	0.143280	0.003439
4.425663	0.151051	0.145972	0.002540
4.419677	0.151900	0.142660	0.004620
4.413708	0.154403	0.137816	0.008294
4.407755	0.147321	0.137881	0.004720
4.401820	0.146263	0.138133	0.004065
4.395901	0.144166	0.129071	0.007547
4.389998	0.138237	0.130588	0.003824
4.384112	0.138365	0.131562	0.003401
4.378242	0.137053	0.128631	0.004211
4.372389	0.133149	0.123131	0.005009
4.366551	0.128684	0.120267	0.004209
4.360730	0.121054	0.112238	0.004408
4.354925	0.120636	0.112726	0.003955
4.349136	0.117960	0.107182	0.005389
4.343364	0.115369	0.110241	0.002564
4.337607	0.111483	0.104922	0.003281
4.331865	0.106348	0.104293	0.001028
4.326140	0.105323	0.099193	0.003065
4.320430	0.104652	0.093773	0.005439
4.314736	0.100775	0.092345	0.004215
4.309058	0.096752	0.091600	0.002576
4.303395	0.095758	0.087691	0.004034
4.297748	0.090175	0.087950	0.001112
4.292116	0.091984	0.086908	0.002538
4.286499	0.089531	0.085732	0.001899
4.280898	0.087318	0.081685	0.002816
4.275312	0.090806	0.078573	0.006116
4.269741	0.083463	0.080597	0.001433
4.264185	0.082134	0.078339	0.001898
4.258644	0.082587	0.081201	0.000693
4.253118	0.080908	0.074476	0.003216
4.247607	0.079646	0.071264	0.004191
4.242111	0.080828	0.069295	0.005767
4.236629	0.081362	0.074349	0.003507
4.231163	0.073235	0.069437	0.001899
4.225711	0.077773	0.071919	0.002927
4.220274	0.080454	0.071349	0.004553
4.214851	0.076523	0.067412	0.004555
4.209442	0.075564	0.071465	0.002050
4.204049	0.074482	0.066366	0.004058
4.198669	0.070481	0.064991	0.002745
4.193304	0.073605	0.069690	0.001958
4.187953	0.072128	0.068893	0.001617
4.182616	0.075696	0.066397	0.004650
4.177294	0.075561	0.068800	0.003381
4.171985	0.066813	0.063810	0.001502
4.166691	0.071681	0.065738	0.002971
4.161411	0.069076	0.065200	0.001938
4.156144	0.069279	0.064737	0.002271
4.150892	0.068727	0.061640	0.003543
4.145653	0.063683	0.060105	0.001789
4.140428	0.065788	0.059197	0.003295
4.135217	0.061209	0.055776	0.002716
4.130019	0.060465	0.054091	0.003187
4.124835	0.054353	0.055055	-0.000351
4.119665	0.055493	0.051651	0.001921
4.114508	0.050978	0.048737	0.001121
4.109364	0.050556	0.045162	0.002697
4.104234	0.049089	0.045327	0.001881
4.099117	0.047569	0.042917	0.002326
4.094014	0.044124	0.041465	0.001329
4.088924	0.046294	0.041012	0.002641
4.083846	0.043947	0.035913	0.004017
4.078783	0.040455	0.035372	0.002541
4.073732	0.038507	0.035220	0.001643
4.068694	0.037334	0.033169	0.002083
4.063669	0.035913	0.030943	0.002485
4.058657	0.031860	0.027641	0.002110
4.053658	0.035578	0.026452	0.004563
4.048672	0.031463	0.028261	0.001601
4.043699	0.031709	0.024418	0.003645
4.038738	0.029460	0.026511	0.001474
4.033790	0.030283	0.025608	0.002338
4.028855	0.027432	0.022645	0.002394
4.023933	0.022070	0.025381	-0.001655
4.019022	0.023672	0.026678	-0.001503
4.014125	0.026047	0.020441	0.002803
4.009240	0.024521	0.021396	0.001563
4.004367	0.023127	0.020713	0.001207
3.999506	0.024170	0.022252	0.000959
3.994658	0.024930	0.020102	0.002414
3.989823	0.023244	0.022867	0.000189
3.984999	0.025342	0.020617	0.002363
3.980187	0.024355	0.020433	0.001961
3.975388	0.024914	0.021737	0.001588
3.970601	0.026633	0.021329	0.002652
3.965826	0.022562	0.022589	-0.000013
3.961063	0.023485	0.020609	0.001438
3.956311	0.025492	0.022491	0.001501
3.951572	0.028115	0.020917	0.003599
3.946844	0.027598	0.024294	0.001652
3.942129	0.025308	0.023469	0.000919
3.937425	0.025540	0.021478	0.002031
3.932733	0.027156	0.021426	0.002865
3.928052	0.023629	0.020789	0.001420
3.923383	0.025616	0.021883	0.001867
3.918726	0.025039	0.021314	0.001863
3.914080	0.021944	0.024048	-0.001052
3.909446	0.023994	0.022612	0.000691
3.904823	0.023266	0.020659	0.001303
3.900212	0.024031	0.020611	0.001710
3.895612	0.023274	0.021699	0.000787
3.891023	0.023247	0.018997	0.002125
3.886446	0.021684	0.017175	0.002254
3.881880	0.019154	0.016558	0.001298
3.877325	0.020123	0.016006	0.002059
3.872781	0.018041	0.014144	0.001948
3.868249	0.014606	0.014728	-0.000061
3.863727	0.012880	0.014569	-0.000845
3.859217	0.014528	0.013825	0.000351
3.854718	0.013944	0.010199	0.001872
3.850229	0.012751	0.009594	0.001578
3.845752	0.012142	0.008250	0.001946
3.841285	0.009301	0.008728	0.000286
3.836829	0.008097	0.007182	0.000458
3.832384	0.007391	0.003961	0.001715
3.827950	0.004133	0.004880	-0.000374
3.823527	0.005225	0.002268	0.001479
3.819114	0.004316	0.002269	0.001024
3.814712	0.002632	0.001237	0.000697
3.810321	0.000549	-0.001249	0.000899
3.805940	-0.002717	-0.000978	-0.000869
3.801570	0.000395	-0.003194	0.001794
3.797210	-0.000202	-0.004201	0.001999
3.792860	-0.001539	-0.006082	0.002272
3.788522	0.000619	-0.004741	0.002680
3.784193	-0.002202	-0.007863	0.002831
3.779875	-0.005065	-0.005430	0.000183
3.775567	-0.002614	-0.008000	0.002693
3.771269	-0.003640	-0.007883	0.002121
3.766982	-0.005403	-0.006522	0.000560
3.762705	-0.005064	-0.006604	0.000770
3.758438	-0.004848	-0.006672	0.000912
3.754181	-0.004680	-0.007216	0.001268
3.749935	-0.006001	-0.006458	0.000229
3.745698	-0.006521	-0.009051	0.001265
3.741472	-0.005418	-0.006920	0.000751
3.737255	-0.006636	-0.005632	-0.000502
3.733048	-0.004545	-0.005145	0.000300
3.728852	-0.002904	-0.007591	0.002344
3.724665	-0.004166	-0.006173	0.001003
3.720488	-0.003588	-0.006660	0.001536
3.716321	-0.003277	-0.006951	0.001837
3.712163	-0.003362	-0.004853	0.000745
3.708016	-0.004538	-0.004971	0.000217
3.703878	-0.000859	-0.003718	0.001430
3.699750	-0.004512	-0.005960	0.000724
3.695631	0.000598	-0.001604	0.001101
3.691522	-0.001871	-0.005321	0.001725
3.687423	-0.001384	-0.002504	0.000560
3.683333	-0.002538	-0.002628	0.000045
3.679253	0.001009	-0.000336	0.000673
3.675182	0.001090	-0.000663	0.000877
3.671120	0.002595	-0.000402	0.001498
3.667069	0.004082	0.000003	0.002039
3.663026	0.002115	-0.000845	0.001480
3.658993	0.002137	-0.000630	0.001383
3.654969	0.002648	0.000965	0.000841
3.650954	0.003510	0.000209	0.001651
3.646949	0.004200	-0.000662	0.002431
3.642953	0.002853	0.001045	0.000904
3.638966	0.002594	0.000491	0.001051
3.634988	0.000302	-0.000809	0.000555
3.631020	0.000398	-0.000891	0.000644
3.627060	0.000090	-0.000867	0.000479
3.623110	-0.001827	-0.002076	0.000124
3.619168	-0.000143	-0.000765	0.000311
3.615236	0.000067	0.000690	-0.000311
3.611312	-0.001878	-0.001686	-0.000096
3.607398	-0.000250	-0.002376	0.001063
3.603492	-0.000612	-0.002735	0.001062
3.599596	-0.000391	-0.002814	0.001212
3.595708	-0.001048	-0.003486	0.001219
3.591829	-0.003370	-0.005140	0.000885
3.587959	-0.004750	-0.005083	0.000166
3.584097	-0.004252	-0.006555	0.001152
3.580244	-0.005635	-0.006472	0.000419
3.576400	-0.004769	-0.007318	0.001274
3.572565	-0.006627	-0.008107	0.000740
3.568738	-0.008036	-0.008478	0.000221
3.564920	-0.007686	-0.010435	0.001374
3.561111	-0.008174	-0.010086	0.000956
3.557310	-0.008909	-0.011497	0.001294
3.553517	-0.010916	-0.012656	0.000870
3.549734	-0.012785	-0.012795	0.000005
3.545958	-0.012837	-0.012274	-0.000281
3.542191	-0.013620	-0.014672	0.000526
3.538433	-0.012040	-0.015303	0.001632
3.534683	-0.014155	-0.014551	0.000198
3.530941	-0.014709	-0.016001	0.000646
3.527207	-0.013700	-0.015932	0.001116
3.523482	-0.014601	-0.015066	0.000233
3.519765	-0.017087	-0.016842	-0.000123
3.516057	-0.017412	-0.017786	0.000187
3.512356	-0.016827	-0.019123	0.001148
3.508664	-0.017593	-0.016945	-0.000324
3.504980	-0.015573	-0.018623	0.001525
3.501304	-0.016377	-0.019421	0.001522
3.497636	-0.016832	-0.020636	0.001902
3.493977	-0.018463	-0.018590	0.000064
3.490325	-0.016932	-0.018408	0.000738
3.486682	-0.017843	-0.019525	0.000841
3.483046	-0.017977	-0.018729	0.000376
3.479419	-0.018177	-0.018382	0.000102
3.475799	-0.017350	-0.018061	0.000355
3.472187	-0.017384	-0.016696	-0.000344
3.468583	-0.018740	-0.019117	0.000188
3.464988	-0.016563	-0.017571	0.000504
3.461400	-0.015661	-0.017747	0.001043
3.457819	-0.015289	-0.015281	-0.000004
3.454247	-0.013870	-0.017455	0.001793
3.450682	-0.015428	-0.015577	0.000074
3.447125	-0.013685	-0.015688	0.001002
3.443576	-0.014167	-0.013574	-0.000297
3.440035	-0.013423	-0.013894	0.000236
3.436501	-0.012054	-0.013707	0.000827
3.432975	-0.013169	-0.013084	-0.000042
3.429457	-0.010681	-0.014307	0.001813
3.425946	-0.008768	-0.013799	0.002515
3.422442	-0.009881	-0.012596	0.001357
3.418947	-0.010197	-0.010451	0.000127
3.415459	-0.008267	-0.010461	0.001097
3.411978	-0.008939	-0.009711	0.000386
3.408505	-0.009594	-0.009153	-0.000220
3.405039	-0.009200	-0.008780	-0.000210
3.401581	-0.009407	-0.010197	0.000395
3.398130	-0.007524	-0.006897	-0.000314
3.394686	-0.004780	-0.007760	0.001490
3.391250	-0.003688	-0.006523	0.001418
3.387821	-0.003873	-0.006362	0.001245
3.384400	-0.004900	-0.006588	0.000844
3.380986	-0.004679	-0.005402	0.000362
3.377579	-0.004592	-0.003976	-0.000308
3.374179	-0.003562	-0.004121	0.000279
3.370787	-0.004045	-0.005285	0.000620
3.367401	-0.003824	-0.004439	0.000308
3.364023	-0.003166	-0.004721	0.000778
3.360652	-0.003106	-0.004500	0.000697
3.357289	-0.003204	-0.002488	-0.000358
3.353932	-0.003781	-0.003351	-0.000215
3.350582	-0.003408	-0.002718	-0.000345
3.347240	-0.003848	-0.002680	-0.000584
3.343904	-0.001483	-0.003589	0.001053
3.340576	-0.003338	-0.002279	-0.000530
3.337255	-0.003294	-0.003330	0.000018
3.333940	-0.004633	-0.004156	-0.000238
3.330633	-0.001331	-0.004680	0.001675
3.327332	-0.003766	-0.004168	0.000201
3.324038	-0.003095	-0.002872	-0.000112
3.320752	-0.003165	-0.004323	0.000579
3.317472	-0.004994	-0.004711	-0.000142
3.314199	-0.004051	-0.005378	0.000664
3.310933	-0.003695	-0.006226	0.001265
3.307673	-0.004151	-0.003856	-0.000147
3.304421	-0.005131	-0.004991	-0.000070
3.301175	-0.006373	-0.007439	0.000533
3.297936	-0.007304	-0.005707	-0.000799
3.294703	-0.005232	-0.006147	0.000457
3.291478	-0.007681	-0.007434	-0.000123
3.288259	-0.007063	-0.007892	0.000415
3.285046	-0.007139	-0.008775	0.000818
3.281841	-0.009285	-0.009732	0.000223
3.278642	-0.007502	-0.007767	0.000133
3.275449	-0.010253	-0.010733	0.000240
3.272263	-0.008961	-0.009315	0.000177
3.269084	-0.010244	-0.010407	0.000081
3.265911	-0.009844	-0.010013	0.000084
3.262745	-0.012852	-0.013726	0.000437
3.259585	-0.011039	-0.011450	0.000205
3.256432	-0.012279	-0.011214	-0.000532
3.253285	-0.013194	-0.013622	0.000214
3.250145	-0.012434	-0.013158	0.000362
3.247011	-0.013591	-0.012648	-0.000471
3.243883	-0.014393	-0.013935	-0.000229
3.240762	-0.013894	-0.013721	-0.000086
3.237647	-0.014037	-0.014955	0.000459
3.234539	-0.014477	-0.012731	-0.000873
3.231437	-0.013813	-0.015358	0.000772
3.228341	-0.014752	-0.014699	-0.000026
3.225251	-0.014456	-0.015860	0.000702
3.222168	-0.016463	-0.015010	-0.000727
3.219091	-0.014167	-0.014981	0.000407
3.216020	-0.014962	-0.014455	-0.000253
3.212956	-0.015622	-0.015408	-0.000107
3.209897	-0.014450	-0.016153	0.000852
3.206845	-0.015498	-0.014065	-0.000716
3.203799	-0.015805	-0.016124	0.000159
3.200759	-0.016079	-0.014719	-0.000680
3.197725	-0.016484	-0.015606	-0.000439
3.194697	-0.015979	-0.017273	0.000647
3.191676	-0.013346	-0.015233	0.000943
3.188660	-0.016449	-0.013405	-0.001522
3.185651	-0.016065	-0.013285	-0.001390
3.182647	-0.014991	-0.014354	-0.000318
3.179650	-0.015635	-0.012472	-0.001582
3.176658	-0.013749	-0.011625	-0.001062
3.173673	-0.013182	-0.011531	-0.000826
3.170693	-0.014539	-0.011562	-0.001488
3.167720	-0.013511	-0.014219	0.000354
3.164752	-0.011810	-0.011208	-0.000301
3.161790	-0.013489	-0.010158	-0.001665
3.158834	-0.011798	-0.011147	-0.000326
3.155884	-0.011316	-0.011206	-0.000055
3.152940	-0.010323	-0.010885	0.000281
3.150001	-0.010388	-0.010326	-0.000031
3.147069	-0.008996	-0.007531	-0.000732
3.144142	-0.008723	-0.008465	-0.000129
3.141221	-0.008942	-0.007786	-0.000578
3.138306	-0.007362	-0.007036	-0.000163
3.135396	-0.007655	-0.006643	-0.000506
3.132493	-0.008040	-0.006433	-0.000804
3.129595	-0.006456	-0.004928	-0.000764
3.126702	-0.005773	-0.003578	-0.001097
3.123816	-0.004504	-0.002212	-0.001146
3.120935	-0.004236	-0.004549	0.000157
3.118059	-0.004513	-0.002924	-0.000794
3.115190	-0.002723	-0.003163	0.000220
3.112326	-0.004585	-0.001882	-0.001352
3.109467	-0.003259	-0.003527	0.000134
3.106614	-0.000873	-0.000354	-0.000259
3.103767	-0.003311	-0.000522	-0.001395
3.100925	-0.000438	-0.001470	0.000516
3.098089	-0.003123	-0.000367	-0.001378
3.095258	-0.001809	0.002661	-0.002235
3.092433	-0.000036	0.000919	-0.000478
3.089613	0.001232	0.001542	-0.000155
3.086799	0.000153	0.003301	-0.001574
3.083990	0.001439	0.002461	-0.000511
3.081187	0.001461	0.003121	-0.000830
3.078389	0.002414	0.004397	-0.000991
3.075596	0.003974	0.004503	-0.000265
3.072809	0.003413	0.004783	-0.000685
3.070027	0.002708	0.003969	-0.000631
3.067251	0.003840	0.004069	-0.000115
3.064480	0.005179	0.005060	0.000059
3.061714	0.004213	0.006506	-0.001147
3.058954	0.004747	0.004832	-0.000042
3.056199	0.003483	0.004495	-0.000506
3.053449	0.003978	0.005979	-0.001000
3.050704	0.004934	0.005647	-0.000356
3.047965	0.005335	0.007147	-0.000906
3.045231	0.003428	0.005464	-0.001018
3.042502	0.003688	0.006251	-0.001282
3.039779	0.004387	0.005648	-0.000630
3.037060	0.004509	0.006901	-0.001196
3.034347	0.003735	0.005716	-0.000991
3.031639	0.005426	0.005519	-0.000046
3.028936	0.003923	0.005930	-0.001003
3.026238	0.003630	0.006308	-0.001339
3.023545	0.004900	0.007783	-0.001442
3.020858	0.004221	0.006393	-0.001086
3.018175	0.003898	0.006516	-0.001309
3.015498	0.004615	0.006720	-0.001052
3.012826	0.005880	0.004780	0.000550
3.010158	0.002889	0.006998	-0.002055
3.007496	0.004000	0.006075	-0.001038
3.004839	0.003938	0.006158	-0.001110
3.002187	0.003858	0.006482	-0.001312
2.999540	0.003296	0.003642	-0.000173
2.996897	0.003346	0.005463	-0.001058
2.994260	0.002605	0.005252	-0.001323
2.991628	0.001145	0.005533	-0.002194
2.989000	0.002161	0.006110	-0.001975
2.986378	0.002082	0.003657	-0.000787
2.983760	0.001322	0.003593	-0.001135
2.981148	0.000978	0.004195	-0.001609
2.978540	-0.000304	0.003690	-0.001997
2.975937	-0.000272	0.002507	-0.001389
2.973339	0.000572	0.001119	-0.000274
2.970746	-0.001238	0.000628	-0.000933
2.968158	0.000540	0.002308	-0.000884
2.965574	-0.002637	0.002273	-0.002455
2.962995	-0.001799	0.002285	-0.002042
2.960421	-0.001360	0.000432	-0.000896
2.957852	-0.001485	0.001319	-0.001402
2.955288	-0.002362	0.002586	-0.002474
2.952728	-0.001810	0.001435	-0.001622
2.950173	-0.002434	0.000851	-0.001643
2.947623	-0.001845	-0.000810	-0.000517
2.945078	-0.003713	-0.000386	-0.001663
2.942537	-0.003080	0.000775	-0.001927
2.940001	-0.004695	0.000413	-0.002554
2.937469	-0.003443	0.000037	-0.001740
2.934943	-0.003305	-0.000885	-0.001210
2.932421	-0.003009	-0.000318	-0.001345
2.929903	-0.004146	-0.000212	-0.001967
2.927390	-0.003566	-0.000024	-0.001771
2.924882	-0.003559	-0.000085	-0.001737
2.922378	-0.004464	0.000241	-0.002352
2.919879	-0.005838	-0.000495	-0.002672
2.917385	-0.004652	0.000122	-0.002387
2.914895	-0.002849	-0.000985	-0.000932
2.912410	-0.004707	-0.001873	-0.001417
2.909929	-0.005811	-0.001756	-0.002028
2.907453	-0.004032	-0.001540	-0.001246
2.904981	-0.003350	-0.000331	-0.001510
2.902513	-0.005181	-0.000497	-0.002342
2.900051	-0.004640	-0.001742	-0.001449
2.897592	-0.005084	-0.000028	-0.002528
2.895138	-0.004202	-0.001348	-0.001427
2.892689	-0.004207	-0.000460	-0.001873
2.890244	-0.005159	-0.000338	-0.002411
2.887803	-0.004884	-0.000083	-0.002400
2.885367	-0.003608	0.000060	-0.001834
2.882936	-0.005301	0.000614	-0.002957
2.880508	-0.004485	-0.000436	-0.002025
2.878085	-0.004258	0.001093	-0.002675
2.875667	-0.003250	-0.000191	-0.001530
2.873252	-0.003876	0.000723	-0.002300
2.870842	-0.002918	0.000868	-0.001893
2.868437	-0.001877	0.001669	-0.001773
2.866036	-0.001903	0.001847	-0.001875
2.863639	-0.001970	0.002188	-0.002079
2.861246	-0.000984	0.003045	-0.002014
2.858858	-0.001005	0.003379	-0.002192
2.856474	-0.000706	0.003809	-0.002257
2.854094	-0.000086	0.003373	-0.001729
2.851718	0.000257	0.004475	-0.002109
2.849347	0.001128	0.005256	-0.002064
2.846980	0.002230	0.005419	-0.001594
2.844617	0.001720	0.006233	-0.002257
2.842258	0.002852	0.007877	-0.002513
2.839904	0.002769	0.007612	-0.002421
2.837553	0.004326	0.007780	-0.001727
2.835207	0.004391	0.007950	-0.001780
2.832865	0.005443	0.009047	-0.001802
2.830528	0.005605	0.009165	-0.001780
2.828194	0.006018	0.010438	-0.002210
2.825864	0.006106	0.010211	-0.002053
2.823539	0.007450	0.012243	-0.002397
2.821218	0.007653	0.011936	-0.002142
2.818901	0.007713	0.012443	-0.002365
2.816587	0.008811	0.012327	-0.001758
2.814278	0.009087	0.013729	-0.002321
2.811973	0.010188	0.013685	-0.001749
2.809673	0.010160	0.014737	-0.002288
2.807376	0.009846	0.014663	-0.002408
2.805083	0.010288	0.015502	-0.002607
2.802794	0.010834	0.014885	-0.002025
2.800509	0.011254	0.016006	-0.002376
2.798228	0.011597	0.016194	-0.002299
2.795952	0.012097	0.016208	-0.002055
2.793679	0.012471	0.016468	-0.001998
2.791410	0.011414	0.016493	-0.002540
2.789145	0.012261	0.016668	-0.002203
2.786884	0.012699	0.016958	-0.002129
2.784627	0.012325	0.017059	-0.002367
2.782374	0.012347	0.017201	-0.002427
2.780125	0.012677	0.017844	-0.002584
2.777880	0.012983	0.017573	-0.002295
2.775638	0.012336	0.017567	-0.002616
2.773401	0.012992	0.017923	-0.002465
2.771167	0.012780	0.018397	-0.002808
2.768938	0.012743	0.017999	-0.002628
2.766712	0.013671	0.018592	-0.002460
2.764490	0.013355	0.018381	-0.002513
2.762272	0.013665	0.018476	-0.002406
2.760058	0.014346	0.018797	-0.002225
2.757847	0.014195	0.018926	-0.002365
2.755640	0.014633	0.019981	-0.002674
2.753437	0.015201	0.019745	-0.002272
2.751238	0.015138	0.020334	-0.002598
2.749043	0.015087	0.020267	-0.002590
2.746852	0.015773	0.020571	-0.002399
2.744664	0.015901	0.020678	-0.002389
2.742480	0.015840	0.020810	-0.002485
2.740300	0.016306	0.021011	-0.002352
2.738123	0.016111	0.021622	-0.002755
2.735950	0.016480	0.021439	-0.002479
2.733781	0.016629	0.021996	-0.002684
2.731616	0.017025	0.022041	-0.002508
2.729454	0.016977	0.021996	-0.002509
2.727296	0.017242	0.022115	-0.002437
2.725142	0.016997	0.022059	-0.002531
2.722991	0.016997	0.022023	-0.002513
2.720844	0.016984	0.022058	-0.002537
2.718701	0.016785	0.021724	-0.002470
2.716561	0.017006	0.022083	-0.002539
2.714425	0.016689	0.021924	-0.002618
2.712293	0.016440	0.021609	-0.002584
2.710164	0.016518	0.021179	-0.002331
2.708039	0.016232	0.021631	-0.002700
2.705917	0.016316	0.021861	-0.002773
2.703799	0.016052	0.021308	-0.002628
2.701685	0.015826	0.021259	-0.002716
2.699574	0.015701	0.020808	-0.002554
2.697466	0.015112	0.020704	-0.002796
2.695363	0.015073	0.020867	-0.002897
2.693262	0.014594	0.020492	-0.002949
2.691166	0.014747	0.020617	-0.002935
2.689072	0.014636	0.020025	-0.002694
2.686983	0.014884	0.019914	-0.002515
2.684897	0.014469	0.019535	-0.002533
2.682814	0.013757	0.019515	-0.002879
2.680735	0.013586	0.019062	-0.002738
2.678659	0.013211	0.018803	-0.002796
2.676587	0.013473	0.018791	-0.002659
2.674518	0.012881	0.018413	-0.002766
2.672453	0.012979	0.018292	-0.002657
2.670391	0.012523	0.018300	-0.002888
2.668333	0.012529	0.017949	-0.002710
2.666278	0.011930	0.017743	-0.002906
2.664226	0.011992	0.017897	-0.002953
2.662178	0.011556	0.017583	-0.003013
2.660133	0.011512	0.017100	-0.002794
2.658092	0.011170	0.016696	-0.002763
2.656054	0.010828	0.016089	-0.002630
2.654019	0.010369	0.016289	-0.002960
2.651988	0.010462	0.016236	-0.002887
2.649960	0.009824	0.015788	-0.002982
2.647936	0.009876	0.015617	-0.002870
2.645915	0.009630	0.015432	-0.002901
2.643897	0.009335	0.015309	-0.002987
2.641882	0.009236	0.015357	-0.003060
2.639871	0.009257	0.014883	-0.002813
2.637863	0.008758	0.014629	-0.002935
2.635859	0.008425	0.014217	-0.002896
2.633857	0.007915	0.014583	-0.003334
2.631859	0.008088	0.014172	-0.003042
2.629865	0.008059	0.013850	-0.002895
2.627873	0.007674	0.013510	-0.002918
2.625885	0.007310	0.013596	-0.003143
2.623900	0.007403	0.013156	-0.002877
2.621919	0.007521	0.013210	-0.002845
2.619940	0.007231	0.013011	-0.002890
2.617965	0.006707	0.012653	-0.002973
2.615993	0.006335	0.012620	-0.003143
2.614025	0.006531	0.012589	-0.003029
2.612059	0.005952	0.012174	-0.003111
2.610097	0.005999	0.012308	-0.003154
2.608138	0.005903	0.011936	-0.003016
2.606182	0.005456	0.011761	-0.003153
2.604229	0.005876	0.011618	-0.002871
2.602280	0.005048	0.011346	-0.003149
2.600333	0.005163	0.010812	-0.002824
2.598390	0.004658	0.010689	-0.003015
2.596450	0.004490	0.010417	-0.002963
2.594513	0.004228	0.009907	-0.002839
2.592579	0.004026	0.009876	-0.002925
2.590648	0.003970	0.009478	-0.002754
2.588721	0.003748	0.009366	-0.002809
2.586796	0.003604	0.009290	-0.002843
2.584875	0.003847	0.009350	-0.002752
2.582957	0.003426	0.009446	-0.003010
2.581042	0.003332	0.009390	-0.003029
2.579130	0.003520	0.009367	-0.002924
2.577221	0.003514	0.009174	-0.002830
2.575315	0.003633	0.009176	-0.002772
2.573412	0.003790	0.009409	-0.002810
2.571512	0.003554	0.009513	-0.002979
2.569615	0.004002	0.009517	-0.002757
2.567722	0.003878	0.009852	-0.002987
2.565831	0.003874	0.009741	-0.002933
2.563943	0.004181	0.010079	-0.002949
2.562058	0.004314	0.009987	-0.002836
2.560177	0.004434	0.010083	-0.002825
2.558298	0.004370	0.010180	-0.002905
2.556423	0.004493	0.010543	-0.003025
2.554550	0.004518	0.010564	-0.003023
2.552680	0.004807	0.010781	-0.002987
2.550813	0.004929	0.010713	-0.002892
2.548950	0.005025	0.011014	-0.002995
2.547089	0.005231	0.011169	-0.002969
2.545231	0.005317	0.011093	-0.002888
2.543376	0.005438	0.011434	-0.002998
2.541524	0.005673	0.011504	-0.002916
2.539675	0.005776	0.011461	-0.002843
2.537829	0.006126	0.011745	-0.002810
2.535986	0.006316	0.012060	-0.002872
2.534146	0.006547	0.012255	-0.002854
2.532308	0.006520	0.012391	-0.002935
2.530474	0.006727	0.012479	-0.002876
2.528642	0.006873	0.012333	-0.002730
2.526814	0.006931	0.012832	-0.002950
2.524988	0.007375	0.013341	-0.002983
2.523165	0.007553	0.013333	-0.002890
2.521345	0.007854	0.013634	-0.002890
2.519528	0.008182	0.013916	-0.002867
2.517714	0.008539	0.014287	-0.002874
2.515902	0.008782	0.014652	-0.002935
2.514093	0.009217	0.014947	-0.002865
2.512288	0.009507	0.015351	-0.002922
2.510485	0.009910	0.016327	-0.003208
2.508684	0.010581	0.016624	-0.003022
2.506887	0.010842	0.017141	-0.003150
2.505092	0.011554	0.017664	-0.003055
2.503301	0.011770	0.018124	-0.003177
2.501512	0.012660	0.018800	-0.003070
2.499726	0.013047	0.019492	-0.003222
2.497942	0.013450	0.019888	-0.003219
2.496162	0.013998	0.020340	-0.003171
2.494384	0.014676	0.021388	-0.003356
2.492609	0.015275	0.022038	-0.003382
2.490836	0.016029	0.022957	-0.003464
2.489067	0.016588	0.023324	-0.003368
2.487300	0.016865	0.023782	-0.003459
2.485536	0.017697	0.024369	-0.003336
2.483774	0.017834	0.024780	-0.003473
2.482016	0.018412	0.025314	-0.003451
2.480260	0.018877	0.025623	-0.003373
2.478507	0.019162	0.026136	-0.003487
2.476756	0.019387	0.026485	-0.003549
2.475008	0.019704	0.026648	-0.003472
2.473263	0.020140	0.027165	-0.003512
2.471521	0.020453	0.027404	-0.003475
2.469781	0.020827	0.027655	-0.003414
2.468044	0.020695	0.027927	-0.003616
2.466309	0.021286	0.028426	-0.003570
2.464578	0.021756	0.028706	-0.003475
2.462848	0.021839	0.029042	-0.003601
2.461122	0.022269	0.029318	-0.003524
2.459398	0.022598	0.029626	-0.003514
2.457677	0.022395	0.029580	-0.003592
2.455958	0.023051	0.029891	-0.003420
2.454243	0.023213	0.030447	-0.003617
2.452529	0.023631	0.030690	-0.003529
2.450819	0.023824	0.031002	-0.003589
2.449111	0.024113	0.031500	-0.003694
2.447405	0.024684	0.031632	-0.003474
2.445702	0.024687	0.031683	-0.003498
2.444002	0.024756	0.031618	-0.003431
2.442304	0.025028	0.032292	-0.003632
2.440609	0.025300	0.032460	-0.003580
2.438917	0.025595	0.032946	-0.003676
2.437227	0.026044	0.032908	-0.003432
2.435539	0.026130	0.033312	-0.003591
2.433854	0.026137	0.033489	-0.003676
2.432172	0.026385	0.033333	-0.003474
2.430492	0.026225	0.033511	-0.003643
2.428815	0.026435	0.033926	-0.003746
2.427140	0.026830	0.034069	-0.003619
2.425468	0.026941	0.034378	-0.003719
2.423799	0.027095	0.034595	-0.003750
2.422131	0.027470	0.034525	-0.003528
2.420467	0.027687	0.034888	-0.003600
2.418805	0.027197	0.034796	-0.003800
2.417145	0.027510	0.034762	-0.003626
2.415488	0.027441	0.034444	-0.003501
2.413833	0.027247	0.034553	-0.003653
2.412181	0.027578	0.034732	-0.003577
2.410532	0.027734	0.034911	-0.003588
2.408884	0.027663	0.034793	-0.003565
2.407240	0.027791	0.035252	-0.003730
2.405598	0.027937	0.035205	-0.003634
2.403958	0.027841	0.034937	-0.003548
2.402320	0.027457	0.035199	-0.003871
2.400685	0.027649	0.035580	-0.003966
2.399053	0.028129	0.035109	-0.003490
2.397423	0.027821	0.035473	-0.003826
2.395795	0.027826	0.035168	-0.003671
2.394170	0.028157	0.035607	-0.003725
2.392547	0.027669	0.035298	-0.003815
2.390927	0.027682	0.035010	-0.003664
2.389309	0.027371	0.035136	-0.003883
2.387694	0.027434	0.034934	-0.003750
2.386081	0.027562	0.035009	-0.003724
2.384470	0.027609	0.035275	-0.003833
2.382861	0.027466	0.035229	-0.003881
2.381255	0.027435	0.035238	-0.003901
2.379652	0.027413	0.035421	-0.004004
2.378051	0.027705	0.035352	-0.003824
2.376452	0.027109	0.034759	-0.003825
2.374855	0.026989	0.034800	-0.003906
2.373261	0.026844	0.034443	-0.003800
2.371669	0.026943	0.034894	-0.003976
2.370080	0.026879	0.034434	-0.003778
2.368493	0.026659	0.034096	-0.003719
2.366908	0.026619	0.034184	-0.003783
2.365326	0.026729	0.034131	-0.003701
2.363745	0.026417	0.033871	-0.003727
2.362168	0.025935	0.033630	-0.003847
2.360592	0.026155	0.034033	-0.003939
2.359019	0.026208	0.034011	-0.003902
2.357448	0.025970	0.033943	-0.003986
2.355880	0.025862	0.033606	-0.003872
2.354313	0.025882	0.033687	-0.003902
2.352749	0.025772	0.033579	-0.003903
2.351188	0.025597	0.033541	-0.003972
2.349628	0.025512	0.033091	-0.003790
2.348071	0.025012	0.033132	-0.004060
2.346516	0.024959	0.032663	-0.003852
2.344964	0.024644	0.032483	-0.003919
2.343413	0.024514	0.032279	-0.003883
2.341865	0.024579	0.032229	-0.003825
2.340319	0.024142	0.032063	-0.003960
2.338776	0.024123	0.031697	-0.003787
2.337235	0.024048	0.031597	-0.003774
2.335695	0.023565	0.031475	-0.003955
2.334159	0.023655	0.031121	-0.003733
2.332624	0.023245	0.031078	-0.003916
2.331091	0.023097	0.030960	-0.003932
2.329561	0.022640	0.030938	-0.004149
2.328033	0.022483	0.030532	-0.004025
2.326508	0.022560	0.030327	-0.003883
2.324984	0.022367	0.030035	-0.003834
2.323463	0.021582	0.029964	-0.004191
2.321943	0.021867	0.029704	-0.003918
2.320426	0.021479	0.029512	-0.004017
2.318912	0.021103	0.029339	-0.004118
2.317399	0.020667	0.029322	-0.004327
2.315888	0.020793	0.028696	-0.003951
2.314380	0.021068	0.028746	-0.003839
2.312874	0.020611	0.028892	-0.004141
2.311370	0.020567	0.028620	-0.004027
2.309868	0.020610	0.028835	-0.004112
2.308369	0.020229	0.028446	-0.004108
2.306871	0.020331	0.028293	-0.003981
2.305376	0.019917	0.028154	-0.004118
2.303883	0.019876	0.027907	-0.004015
2.302392	0.019861	0.027749	-0.003944
2.300903	0.019132	0.028002	-0.004435
2.299416	0.019286	0.027693	-0.004203
2.297931	0.019023	0.027245	-0.004111
2.296449	0.018940	0.027112	-0.004086
2.294968	0.018849	0.027366	-0.004258
2.293490	0.018713	0.027304	-0.004295
2.292013	0.019129	0.027056	-0.003963
2.290539	0.018450	0.026717	-0.004134
2.289067	0.018728	0.026615	-0.003944
2.287597	0.018300	0.026981	-0.004341
2.286129	0.018505	0.026672	-0.004083
2.284664	0.018129	0.026346	-0.004109
2.283200	0.018439	0.026509	-0.004035
2.281738	0.017990	0.026198	-0.004104
2.280279	0.018040	0.026109	-0.004035
2.278821	0.017570	0.025875	-0.004153
2.277366	0.017523	0.025826	-0.004151
2.275912	0.017309	0.025469	-0.004080
2.274461	0.017333	0.025660	-0.004163
2.273012	0.017173	0.025339	-0.004083
2.271564	0.017011	0.025609	-0.004299
2.270119	0.017089	0.025558	-0.004234
2.268676	0.017068	0.025531	-0.004232
2.267235	0.016873	0.025407	-0.004267
2.265796	0.017002	0.025247	-0.004123
2.264359	0.016762	0.025065	-0.004152
2.262923	0.016651	0.025031	-0.004190
2.261490	0.016920	0.024815	-0.003947
2.260059	0.016529	0.025243	-0.004357
2.258630	0.016504	0.025026	-0.004261
2.257203	0.016484	0.025349	-0.004433
2.255778	0.016190	0.024862	-0.004336
2.254355	0.016570	0.025039	-0.004235
2.252934	0.016239	0.024892	-0.004326
2.251515	0.016124	0.024771	-0.004323
2.250098	0.016465	0.024883	-0.004209
2.248683	0.015901	0.024927	-0.004513
2.247269	0.016158	0.024927	-0.004384
2.245858	0.016435	0.024768	-0.004166
2.244449	0.016368	0.024986	-0.004309
2.243042	0.016408	0.024694	-0.004143
2.241636	0.016361	0.025147	-0.004393
2.240233	0.016155	0.025477	-0.004661
2.238832	0.016316	0.025470	-0.004577
2.237432	0.016845	0.024960	-0.004058
2.236035	0.016463	0.025195	-0.004366
2.234639	0.016230	0.025151	-0.004460
2.233245	0.016637	0.025278	-0.004320
2.231854	0.016536	0.025229	-0.004346
2.230464	0.016910	0.025312	-0.004201
2.229076	0.017093	0.025745	-0.004326
2.227690	0.016991	0.025706	-0.004358
2.226306	0.016992	0.026218	-0.004613
2.224924	0.017232	0.026144	-0.004456
2.223544	0.017086	0.026526	-0.004720
2.222165	0.017638	0.026343	-0.004352
2.220789	0.017559	0.026562	-0.004501
2.219414	0.017675	0.026769	-0.004547
2.218042	0.017875	0.026774	-0.004450
2.216671	0.017873	0.026285	-0.004206
2.215302	0.018036	0.026693	-0.004329
2.213935	0.018202	0.026958	-0.004378
2.212570	0.017835	0.026985	-0.004575
2.211207	0.018309	0.027282	-0.004486
2.209845	0.018772	0.027342	-0.004285
2.208486	0.018627	0.027556	-0.004464
2.207128	0.018883	0.028220	-0.004668
2.205772	0.018905	0.027989	-0.004542
2.204418	0.019704	0.028612	-0.004454
2.203066	0.019381	0.028141	-0.004380
2.201716	0.019115	0.028618	-0.004751
2.200367	0.019361	0.028413	-0.004526
2.199021	0.020053	0.028566	-0.004257
2.197676	0.020202	0.029267	-0.004533
2.196333	0.020056	0.029186	-0.004565
2.194992	0.020187	0.029517	-0.004665
2.193653	0.020661	0.029755	-0.004547
2.192315	0.020384	0.029095	-0.004355
2.190980	0.020603	0.029692	-0.004544
2.189646	0.021003	0.030072	-0.004535
2.188314	0.021087	0.030345	-0.004629
2.186984	0.020780	0.030718	-0.004969
2.185655	0.021330	0.030816	-0.004743
2.184328	0.021842	0.030923	-0.004541
2.183004	0.021873	0.031635	-0.004881
2.181681	0.022312	0.031166	-0.004427
2.180359	0.022446	0.032059	-0.004806
2.179040	0.022544	0.031792	-0.004624
2.177722	0.022617	0.031915	-0.004649
2.176406	0.023046	0.032160	-0.004557
2.175092	0.023779	0.032364	-0.004292
2.173780	0.023490	0.032760	-0.004635
2.172469	0.023795	0.032832	-0.004518
2.171160	0.023945	0.033493	-0.004774
2.169853	0.024713	0.033611	-0.004449
2.168548	0.023954	0.033593	-0.004820
2.167244	0.024235	0.033704	-0.004734
2.165943	0.024725	0.034116	-0.004695
2.164643	0.025494	0.034559	-0.004532
2.163344	0.025401	0.034936	-0.004768
2.162048	0.025616	0.035141	-0.004762
2.160753	0.025830	0.035293	-0.004732
2.159460	0.025980	0.035336	-0.004678
2.158168	0.026447	0.035743	-0.004648
2.156879	0.026354	0.036031	-0.004839
2.155591	0.026850	0.036208	-0.004679
2.154304	0.027029	0.036514	-0.004743
2.153020	0.027022	0.036615	-0.004796
2.151737	0.027588	0.036920	-0.004666
2.150456	0.027525	0.036830	-0.004653
2.149177	0.027918	0.037445	-0.004764
2.147899	0.028349	0.037735	-0.004693
2.146623	0.028017	0.038173	-0.005078
2.145349	0.028632	0.038248	-0.004808
2.144076	0.028532	0.038553	-0.005010
2.142805	0.028627	0.038412	-0.004893
2.141536	0.029408	0.038722	-0.004657
2.140268	0.029388	0.039228	-0.004920
2.139002	0.029995	0.039501	-0.004753
2.137738	0.029875	0.039714	-0.004919
2.136476	0.030484	0.039868	-0.004692
2.135215	0.030025	0.039936	-0.004956
2.133956	0.030510	0.040093	-0.004792
2.132698	0.030288	0.040447	-0.005079
2.131442	0.030970	0.040429	-0.004729
2.130188	0.031142	0.040971	-0.004914
2.128935	0.031213	0.041162	-0.004974
2.127684	0.031518	0.041088	-0.004785
2.126435	0.031266	0.041316	-0.005025
2.125187	0.032018	0.041530	-0.004756
2.123941	0.032591	0.042282	-0.004846
2.122697	0.032544	0.042144	-0.004800
2.121454	0.032646	0.042553	-0.004953
2.120213	0.032997	0.042382	-0.004693
2.118974	0.033224	0.043125	-0.004950
2.117736	0.033217	0.042893	-0.004838
2.116500	0.033447	0.043302	-0.004928
2.115265	0.033786	0.043405	-0.004810
2.114032	0.033617	0.043749	-0.005066
2.112801	0.034231	0.043592	-0.004680
2.111571	0.033974	0.044116	-0.005071
2.110343	0.034513	0.044544	-0.005015
2.109116	0.034524	0.044526	-0.005001
2.107891	0.034967	0.044827	-0.004930
2.106668	0.035345	0.045046	-0.004850
2.105446	0.035465	0.045219	-0.004877
2.104226	0.035333	0.045565	-0.005116
2.103007	0.035469	0.045515	-0.005023
2.101790	0.035171	0.045695	-0.005262
2.100575	0.035288	0.045378	-0.005045
2.099361	0.035347	0.045510	-0.005081
2.098149	0.035833	0.045704	-0.004935
2.096938	0.036314	0.045920	-0.004803
2.095729	0.036237	0.046394	-0.005078
2.094521	0.036302	0.046590	-0.005144
2.093315	0.036834	0.046731	-0.004948
2.092111	0.036751	0.046637	-0.004943
2.090908	0.036592	0.046934	-0.005171
2.089707	0.036839	0.047058	-0.005110
2.088507	0.037134	0.047116	-0.004991
2.087309	0.037107	0.047335	-0.005114
2.086112	0.037393	0.047136	-0.004871
2.084917	0.037482	0.047360	-0.004939
2.083723	0.037590	0.047506	-0.004958
2.082531	0.037432	0.047364	-0.004966
2.081341	0.037552	0.047795	-0.005122
2.080152	0.037161	0.047626	-0.005232
2.078964	0.037552	0.047683	-0.005065
2.077778	0.037244	0.048002	-0.005379
2.076594	0.037433	0.048011	-0.005289
2.075411	0.037563	0.047680	-0.005059
2.074230	0.037497	0.047838	-0.005171
2.073050	0.037597	0.048042	-0.005222
2.071871	0.037645	0.047908	-0.005131
2.070694	0.037790	0.047993	-0.005102
2.069519	0.038023	0.048329	-0.005153
2.068345	0.037782	0.048358	-0.005288
2.067173	0.037972	0.048421	-0.005224
2.066002	0.037715	0.048105	-0.005195
2.064833	0.037742	0.048401	-0.005329
2.063665	0.037882	0.048582	-0.005350
2.062498	0.037810	0.048306	-0.005248
2.061333	0.037989	0.048234	-0.005123
2.060170	0.038091	0.048599	-0.005254
2.059008	0.038292	0.048150	-0.004929
2.057848	0.038099	0.048404	-0.005152
2.056689	0.038197	0.048689	-0.005246
2.055531	0.038335	0.048284	-0.004974
2.054375	0.037416	0.048719	-0.005651
2.053221	0.037593	0.048060	-0.005233
2.052067	0.037730	0.047846	-0.005058
2.050916	0.037679	0.048004	-0.005162
2.049766	0.037478	0.047967	-0.005245
2.048617	0.037113	0.048042	-0.005464
2.047470	0.037619	0.047976	-0.005178
2.046324	0.037045	0.048069	-0.005512
2.045179	0.037113	0.047785	-0.005336
2.044036	0.036985	0.047782	-0.005398
2.042895	0.037054	0.047789	-0.005368
2.041755	0.037067	0.047429	-0.005181
2.040616	0.037228	0.047777	-0.005275
2.039479	0.036652	0.047727	-0.005538
2.038343	0.037219	0.047522	-0.005152
2.037209	0.036883	0.047714	-0.005416
2.036076	0.036663	0.047058	-0.005198
2.034945	0.036575	0.047466	-0.005446
2.033815	0.036485	0.046961	-0.005238
2.032686	0.036461	0.047313	-0.005426
2.031559	0.036176	0.047207	-0.005516
2.030433	0.036090	0.047067	-0.005488
2.029309	0.036188	0.046941	-0.005376
2.028186	0.036051	0.047162	-0.005555
2.027064	0.035493	0.046531	-0.005519
2.025944	0.035788	0.046031	-0.005121
2.024825	0.035456	0.046282	-0.005413
2.023708	0.035388	0.045910	-0.005261
2.022592	0.035128	0.046017	-0.005445
2.021477	0.035331	0.046148	-0.005408
2.020364	0.035437	0.045849	-0.005206
2.019252	0.035126	0.045845	-0.005360
2.018142	0.035125	0.045957	-0.005416
2.017033	0.034982	0.045892	-0.005455
2.015925	0.034711	0.045766	-0.005528
2.014819	0.034680	0.045718	-0.005519
2.013714	0.034881	0.045484	-0.005301
2.012610	0.034417	0.044987	-0.005285
2.011508	0.034040	0.045215	-0.005587
2.010407	0.034289	0.044827	-0.005269
2.009308	0.033471	0.044827	-0.005678
2.008210	0.033564	0.044132	-0.005284
2.007113	0.033867	0.044456	-0.005294
2.006018	0.033947	0.044679	-0.005366
2.004924	0.033624	0.044688	-0.005532
2.003831	0.033255	0.044558	-0.005652
2.002740	0.033228	0.044264	-0.005518
2.001650	0.033018	0.044017	-0.005500
2.000561	0.032774	0.043678	-0.005452
1.999474	0.032517	0.043421	-0.005452
1.998388	0.032602	0.043449	-0.005423
1.997303	0.032372	0.042960	-0.005294
1.996220	0.032430	0.043239	-0.005404
1.995138	0.031957	0.043023	-0.005533
1.994058	0.031720	0.043077	-0.005678
1.992978	0.031251	0.042553	-0.005651
1.991901	0.031450	0.042069	-0.005310
1.990824	0.031266	0.042023	-0.005378
1.989749	0.031423	0.042412	-0.005495
1.988675	0.031273	0.042539	-0.005633
1.987602	0.031471	0.042482	-0.005506
1.986531	0.031184	0.042486	-0.005651
1.985461	0.030967	0.042051	-0.005542
1.984392	0.030730	0.041750	-0.005510
1.983325	0.030241	0.041494	-0.005627
1.982259	0.029756	0.041418	-0.005831
1.981194	0.030252	0.041352	-0.005550
1.980130	0.029978	0.041534	-0.005778
1.979068	0.030053	0.040900	-0.005424
1.978007	0.029792	0.040891	-0.005549
1.976948	0.029905	0.040836	-0.005466
1.975889	0.029970	0.040998	-0.005514
1.974832	0.029275	0.040586	-0.005656
1.973777	0.029430	0.040445	-0.005507
1.972722	0.028995	0.040205	-0.005605
1.971669	0.028752	0.040159	-0.005703
1.970617	0.029157	0.039933	-0.005388
1.969566	0.028709	0.040020	-0.005655
1.968517	0.028754	0.039994	-0.005620
1.967469	0.028269	0.039624	-0.005677
1.966422	0.028344	0.039625	-0.005641
1.965377	0.028242	0.039432	-0.005595
1.964333	0.028387	0.039545	-0.005579
1.963290	0.028244	0.039045	-0.005401
1.962248	0.028217	0.039145	-0.005464
1.961207	0.027626	0.038787	-0.005581
1.960168	0.027462	0.038949	-0.005743
1.959130	0.027823	0.039045	-0.005611
1.958094	0.027357	0.038842	-0.005743
1.957058	0.027116	0.038786	-0.005835
1.956024	0.027084	0.038625	-0.005770
1.954991	0.027327	0.038314	-0.005493
1.953959	0.026619	0.038082	-0.005732
1.952929	0.026799	0.038340	-0.005771
1.951900	0.026954	0.038501	-0.005774
1.950872	0.026336	0.037798	-0.005731
1.949845	0.026365	0.038318	-0.005976
1.948819	0.026483	0.038022	-0.005770
1.947795	0.026707	0.038016	-0.005654
1.946772	0.026379	0.037974	-0.005798
1.945750	0.026086	0.037886	-0.005900
1.944729	0.026396	0.037681	-0.005642
1.943710	0.025983	0.037661	-0.005839
1.942692	0.025405	0.037583	-0.006089
1.941675	0.025830	0.037569	-0.005870
1.940659	0.025638	0.037228	-0.005795
1.939645	0.025601	0.037117	-0.005758
1.938631	0.025486	0.036750	-0.005632
1.937619	0.025192	0.036644	-0.005726
1.936608	0.025585	0.036481	-0.005448
1.935599	0.025055	0.036989	-0.005967
1.934590	0.025533	0.036595	-0.005531
1.933583	0.024840	0.036790	-0.005975
1.932577	0.024991	0.036775	-0.005892
1.931572	0.025206	0.036739	-0.005766
1.930568	0.025256	0.036916	-0.005830
1.929566	0.024980	0.036700	-0.005860
1.928565	0.024910	0.036934	-0.006012
1.927565	0.024404	0.036094	-0.005845
1.926566	0.024506	0.036066	-0.005780
1.925568	0.023989	0.035958	-0.005985
1.924571	0.024144	0.036344	-0.006100
1.923576	0.024287	0.035954	-0.005833
1.922582	0.024354	0.036396	-0.006021
1.921589	0.024447	0.036147	-0.005850
1.920597	0.024377	0.036026	-0.005824
1.919606	0.024364	0.035563	-0.005599
1.918617	0.023844	0.035869	-0.006013
1.917629	0.023860	0.035579	-0.005859
1.916641	0.023604	0.035652	-0.006024
1.915655	0.024322	0.036200	-0.005939
1.914671	0.023818	0.035690	-0.005936
1.913687	0.023862	0.035868	-0.006003
1.912704	0.024481	0.036290	-0.005905
1.911723	0.024384	0.036496	-0.006056
1.910743	0.024216	0.036524	-0.006154
1.909764	0.024232	0.036052	-0.005910
1.908786	0.023972	0.035696	-0.005862
1.907809	0.023765	0.036095	-0.006165
1.906834	0.023916	0.035907	-0.005995
1.905859	0.023648	0.035689	-0.006020
1.904886	0.023895	0.035949	-0.006027
1.903914	0.024202	0.036297	-0.006048
1.902943	0.023851	0.035692	-0.005920
1.901973	0.024303	0.036246	-0.005972
1.901004	0.023909	0.036092	-0.006092
1.900036	0.024293	0.036001	-0.005854
1.899070	0.023918	0.036374	-0.006228
1.898105	0.023732	0.036084	-0.006176
1.897140	0.023652	0.036149	-0.006248
1.896177	0.023955	0.035869	-0.005957
1.895215	0.024234	0.035884	-0.005825
1.894254	0.023751	0.036169	-0.006209
1.893295	0.024029	0.036106	-0.006039
1.892336	0.024104	0.035829	-0.005862
1.891378	0.023746	0.036180	-0.006217
1.890422	0.024198	0.036136	-0.005969
1.889467	0.023718	0.036179	-0.006231
1.888513	0.024327	0.036174	-0.005924
1.887560	0.024124	0.036440	-0.006158
1.886608	0.023963	0.036310	-0.006173
1.885657	0.024127	0.036051	-0.005962
1.884707	0.024314	0.036558	-0.006122
1.883758	0.024471	0.036713	-0.006121
1.882811	0.023963	0.036823	-0.006430
1.881864	0.024044	0.037000	-0.006478
1.880919	0.024257	0.036573	-0.006158
1.879975	0.024680	0.036663	-0.005991
1.879032	0.024465	0.036505	-0.006020
1.878090	0.024600	0.036948	-0.006174
1.877149	0.024229	0.036800	-0.006285
1.876209	0.024693	0.036768	-0.006037
1.875270	0.024887	0.036569	-0.005841
1.874332	0.024577	0.037015	-0.006219
1.873396	0.024694	0.037007	-0.006157
1.872460	0.024723	0.036953	-0.006115
1.871525	0.024629	0.037257	-0.006314
1.870592	0.024711	0.037020	-0.006155
1.869660	0.025260	0.037305	-0.006023
1.868728	0.025780	0.037971	-0.006096
1.867798	0.025510	0.038054	-0.006272
1.866869	0.025578	0.038217	-0.006320
1.865941	0.025815	0.037763	-0.005974
1.865014	0.025829	0.037790	-0.005980
1.864088	0.026091	0.037994	-0.005952
1.863163	0.025563	0.038145	-0.006291
1.862239	0.025695	0.038373	-0.006339
1.861317	0.026249	0.038486	-0.006119
1.860395	0.026146	0.039018	-0.006436
1.859474	0.026072	0.038478	-0.006203
1.858555	0.026353	0.038596	-0.006121
1.857636	0.026502	0.038509	-0.006004
1.856719	0.026659	0.038720	-0.006031
1.855802	0.026441	0.038467	-0.006013
1.854887	0.026643	0.039062	-0.006210
1.853973	0.026519	0.039373	-0.006427
1.853059	0.027148	0.039323	-0.006087
1.852147	0.026872	0.039683	-0.006406
1.851236	0.026867	0.039772	-0.006453
1.850326	0.027352	0.039607	-0.006128
1.849416	0.026802	0.039705	-0.006452
1.848508	0.027503	0.040281	-0.006389
1.847601	0.027208	0.040103	-0.006448
1.846695	0.027503	0.040052	-0.006274
1.845790	0.027276	0.040019	-0.006371
1.844886	0.027947	0.040489	-0.006271
1.843983	0.028191	0.040166	-0.005988
1.843081	0.027942	0.040414	-0.006236
1.842180	0.027655	0.040679	-0.006512
1.841280	0.028257	0.040422	-0.006083
1.840381	0.028341	0.040989	-0.006324
1.839484	0.028168	0.041048	-0.006440
1.838587	0.028172	0.041107	-0.006467
1.837691	0.028921	0.041339	-0.006209
1.836796	0.029114	0.041938	-0.006412
1.835902	0.028897	0.041434	-0.006269
1.835009	0.028783	0.041282	-0.006249
1.834118	0.029268	0.041975	-0.006354
1.833227	0.029023	0.042171	-0.006574
1.832337	0.029630	0.042104	-0.006237
1.831448	0.029433	0.042427	-0.006497
1.830560	0.029925	0.042498	-0.006286
1.829674	0.029946	0.042842	-0.006448
1.828788	0.030295	0.042996	-0.006350
1.827903	0.030677	0.043497	-0.006410
1.827019	0.031436	0.044001	-0.006283
1.826136	0.031007	0.043908	-0.006451
1.825255	0.030963	0.044692	-0.006865
1.824374	0.031592	0.044475	-0.006441
1.823494	0.031503	0.044434	-0.006466
1.822615	0.031698	0.044432	-0.006367
1.821737	0.031607	0.044685	-0.006539
1.820860	0.031827	0.044805	-0.006489
1.819984	0.032416	0.044406	-0.005995
1.819109	0.032284	0.044966	-0.006341
1.818235	0.032029	0.045218	-0.006595
1.817362	0.032641	0.045258	-0.006308
1.816490	0.032120	0.045623	-0.006751
1.815619	0.032873	0.045307	-0.006217
1.814749	0.032742	0.045601	-0.006430
1.813880	0.032611	0.045941	-0.006665
1.813012	0.032802	0.045906	-0.006552
1.812145	0.033175	0.046622	-0.006723
1.811279	0.033571	0.046336	-0.006382
1.810413	0.033724	0.046504	-0.006390
1.809549	0.033898	0.046753	-0.006427
1.808686	0.033958	0.046896	-0.006469
1.807824	0.034380	0.047444	-0.006532
1.806962	0.034084	0.047055	-0.006485
1.806102	0.034334	0.047103	-0.006385
1.805242	0.033865	0.047366	-0.006750
1.804384	0.034666	0.047219	-0.006277
1.803526	0.034459	0.047696	-0.006618
1.802670	0.034931	0.048285	-0.006677
1.801814	0.035289	0.048478	-0.006594
1.800959	0.035772	0.049010	-0.006619
1.800105	0.035645	0.048720	-0.006537
1.799252	0.035417	0.048476	-0.006529
1.798401	0.036002	0.048936	-0.006467
1.797550	0.035957	0.048656	-0.006350
1.796700	0.036178	0.049175	-0.006499
1.795851	0.036123	0.049596	-0.006737
1.795002	0.036781	0.049316	-0.006268
1.794155	0.037070	0.049720	-0.006325
1.793309	0.036757	0.049925	-0.006584
1.792464	0.037059	0.049895	-0.006418
1.791619	0.037656	0.050816	-0.006580
1.790776	0.037319	0.050081	-0.006381
1.789933	0.037746	0.050792	-0.006523
1.789092	0.037550	0.050862	-0.006656
1.788251	0.037628	0.051171	-0.006771
1.787411	0.037761	0.051126	-0.006683
1.786572	0.038032	0.051161	-0.006564
1.785734	0.037915	0.051040	-0.006563
1.784897	0.037955	0.051066	-0.006555
1.784061	0.038731	0.051429	-0.006349
1.783226	0.038698	0.052039	-0.006671
1.782392	0.038703	0.052221	-0.006759
1.781558	0.038584	0.052256	-0.006836
1.780726	0.038585	0.052106	-0.006760
1.779894	0.039136	0.052326	-0.006595
1.779064	0.039223	0.052697	-0.006737
1.778234	0.039354	0.052263	-0.006455
1.777405	0.038814	0.053163	-0.007174
1.776577	0.039377	0.052912	-0.006767
1.775750	0.039465	0.053095	-0.006815
1.774924	0.039897	0.052967	-0.006535
1.774099	0.039633	0.053915	-0.007141
1.773275	0.040015	0.053604	-0.006794
1.772451	0.040166	0.053259	-0.006547
1.771629	0.040719	0.053917	-0.006599
1.770807	0.040567	0.053846	-0.006639
1.769986	0.040439	0.053883	-0.006722
1.769167	0.040569	0.053895	-0.006663
1.768348	0.040647	0.053745	-0.006549
1.767530	0.040828	0.053964	-0.006568
1.766712	0.039995	0.054209	-0.007107
1.765896	0.040523	0.054633	-0.007055
1.765081	0.040915	0.054557	-0.006821
1.764266	0.040962	0.055271	-0.007155
1.763453	0.041557	0.055486	-0.006964
1.762640	0.041390	0.055250	-0.006930
1.761828	0.041197	0.054930	-0.006867
1.761017	0.041365	0.055048	-0.006842
1.760207	0.042009	0.055446	-0.006719
1.759398	0.042170	0.055468	-0.006649
1.758589	0.041832	0.055728	-0.006948
1.757782	0.041900	0.055633	-0.006867
1.756975	0.041952	0.056192	-0.007120
1.756169	0.042452	0.055977	-0.006763
1.755365	0.042101	0.055940	-0.006920
1.754560	0.042804	0.056506	-0.006851
1.753757	0.042799	0.056143	-0.006672
1.752955	0.043245	0.056736	-0.006745
1.752154	0.042502	0.056475	-0.006986
1.751353	0.042807	0.056625	-0.006909
1.750553	0.042536	0.056706	-0.007085
1.749755	0.043058	0.056688	-0.006815
1.748957	0.042999	0.056239	-0.006620
1.748159	0.043298	0.056594	-0.006648
1.747363	0.043044	0.057145	-0.007050
1.746568	0.043324	0.057408	-0.007042
1.745773	0.043190	0.057610	-0.007210
1.744979	0.043034	0.057532	-0.007249
1.744187	0.043162	0.057368	-0.007103
1.743395	0.043094	0.057235	-0.007070
1.742603	0.043794	0.057809	-0.007007
1.741813	0.043840	0.057680	-0.006920
1.741024	0.043157	0.057805	-0.007324
1.740235	0.043329	0.057203	-0.006937
1.739447	0.043367	0.057972	-0.007303
1.738660	0.043616	0.057818	-0.007101
1.737874	0.043812	0.057580	-0.006884
1.737089	0.043846	0.057560	-0.006857
1.736304	0.043987	0.058006	-0.007010
1.735521	0.043706	0.058263	-0.007279
1.734738	0.043884	0.058222	-0.007169
1.733956	0.043923	0.057759	-0.006918
1.733175	0.043853	0.058369	-0.007258
1.732395	0.044850	0.058092	-0.006621
1.731615	0.043794	0.057739	-0.006973
1.730837	0.044421	0.057955	-0.006767
1.730059	0.043861	0.057908	-0.007023
1.729282	0.043974	0.057976	-0.007001
1.728506	0.043991	0.057961	-0.006985
1.727730	0.043354	0.058402	-0.007524
1.726956	0.043828	0.058050	-0.007111
1.726182	0.044222	0.058541	-0.007159
1.725409	0.043870	0.058744	-0.007437
1.724637	0.043953	0.058249	-0.007148
1.723866	0.043928	0.058293	-0.007182
1.723096	0.044141	0.058444	-0.007152
1.722326	0.044372	0.058581	-0.007104
1.721557	0.044188	0.058982	-0.007397
1.720789	0.044011	0.058788	-0.007389
1.720022	0.044358	0.058576	-0.007109
1.719256	0.044335	0.058845	-0.007255
1.718490	0.044494	0.059053	-0.007280
1.717726	0.044401	0.058665	-0.007132
1.716962	0.044688	0.058422	-0.006867
1.716199	0.044722	0.058975	-0.007126
1.715436	0.044118	0.058755	-0.007319
1.714675	0.043882	0.058310	-0.007214
1.713914	0.043907	0.058231	-0.007162
1.713154	0.043730	0.058595	-0.007432
1.712395	0.043891	0.057915	-0.007012
1.711637	0.043609	0.058027	-0.007209
1.710879	0.044038	0.057732	-0.006847
1.710122	0.043875	0.058163	-0.007144
1.709366	0.044449	0.058109	-0.006830
1.708611	0.043699	0.058863	-0.007582
1.707857	0.043972	0.058056	-0.007042
1.707103	0.044729	0.058449	-0.006860
1.706351	0.044061	0.058864	-0.007402
1.705599	0.044088	0.058593	-0.007252
1.704847	0.044009	0.058429	-0.007210
1.704097	0.044166	0.058423	-0.007129
1.703347	0.044111	0.058689	-0.007289
1.702599	0.043875	0.058682	-0.007403
1.701850	0.043534	0.058426	-0.007446
1.701103	0.043787	0.058649	-0.007431
1.700357	0.043342	0.058520	-0.007589
1.699611	0.043508	0.058050	-0.007271
1.698866	0.043590	0.057744	-0.007077
1.698122	0.043848	0.058146	-0.007149
1.697378	0.043281	0.057738	-0.007228
1.696636	0.043419	0.057904	-0.007243
1.695894	0.043598	0.057889	-0.007145
1.695153	0.042586	0.057670	-0.007542
1.694412	0.043425	0.057537	-0.007056
1.693673	0.042694	0.057669	-0.007488
1.692934	0.043235	0.057780	-0.007272
1.692196	0.043455	0.057387	-0.006966
1.691459	0.042858	0.057370	-0.007256
1.690722	0.042904	0.057812	-0.007454
1.689987	0.043557	0.057789	-0.007116
1.689252	0.043202	0.056974	-0.006886
1.688518	0.042561	0.057609	-0.007524
1.687784	0.043461	0.057090	-0.006814
1.687051	0.043334	0.056983	-0.006824
1.686320	0.042573	0.057886	-0.007657
1.685588	0.042885	0.057378	-0.007246
1.684858	0.042413	0.057273	-0.007430
1.684128	0.042518	0.057165	-0.007323
1.683399	0.042840	0.057342	-0.007251
1.682671	0.042361	0.057146	-0.007392
1.681944	0.041926	0.056896	-0.007485
1.681217	0.042024	0.056547	-0.007262
1.680491	0.042252	0.057035	-0.007391
1.679766	0.042478	0.057097	-0.007310
1.679042	0.042332	0.057189	-0.007428
1.678318	0.042276	0.057238	-0.007481
1.677595	0.041859	0.057226	-0.007683
1.676873	0.042016	0.056453	-0.007219
1.676152	0.041781	0.056794	-0.007507
1.675431	0.041924	0.056971	-0.007524
1.674711	0.041702	0.056418	-0.007358
1.673992	0.041723	0.056386	-0.007331
1.673273	0.041856	0.056366	-0.007255
1.672556	0.041866	0.056839	-0.007486
1.671839	0.041307	0.056010	-0.007351
1.671122	0.041346	0.056817	-0.007736
1.670407	0.041746	0.056526	-0.007390
1.669692	0.041529	0.056745	-0.007608
1.668978	0.041146	0.056408	-0.007631
1.668265	0.041404	0.056568	-0.007582
1.667552	0.041629	0.055894	-0.007132
1.666840	0.041339	0.056030	-0.007345
1.666129	0.040863	0.055984	-0.007560
1.665418	0.041016	0.056102	-0.007543
1.664709	0.040685	0.056396	-0.007856
1.664000	0.040738	0.055451	-0.007357
1.663292	0.040947	0.055806	-0.007430
1.662584	0.041298	0.055764	-0.007233
1.661877	0.040442	0.055011	-0.007285
1.661171	0.040771	0.055440	-0.007334
1.660466	0.040696	0.055438	-0.007371
1.659761	0.040710	0.055225	-0.007258
1.659057	0.040511	0.055315	-0.007402
1.658354	0.040781	0.055457	-0.007338
1.657651	0.040503	0.055224	-0.007361
1.656950	0.040206	0.055503	-0.007648
1.656249	0.040424	0.055015	-0.007296
1.655548	0.040089	0.054896	-0.007403
1.654848	0.040156	0.055324	-0.007584
1.654150	0.040525	0.055230	-0.007353
1.653451	0.040430	0.055397	-0.007483
1.652754	0.040694	0.055470	-0.007388
1.652057	0.040360	0.055329	-0.007485
1.651361	0.040420	0.055497	-0.007539
1.650665	0.040252	0.055131	-0.007440
1.649971	0.039864	0.055174	-0.007655
1.649277	0.040304	0.055107	-0.007401
1.648583	0.040026	0.055080	-0.007527
1.647891	0.039303	0.055163	-0.007930
1.647199	0.039351	0.054591	-0.007620
1.646508	0.039090	0.054810	-0.007860
1.645817	0.039570	0.054289	-0.007360
1.645127	0.039255	0.054424	-0.007585
1.644438	0.039006	0.053977	-0.007485
1.643750	0.039355	0.054555	-0.007600
1.643062	0.038625	0.053512	-0.007444
1.642375	0.038783	0.054195	-0.007706
1.641689	0.038565	0.053721	-0.007578
1.641003	0.038866	0.054722	-0.007928
1.640318	0.038874	0.054216	-0.007671
1.639634	0.038594	0.053716	-0.007561
1.638950	0.038395	0.053950	-0.007777
1.638267	0.038336	0.053670	-0.007667
1.637585	0.038300	0.053619	-0.007659
1.636903	0.037839	0.052890	-0.007526
1.636222	0.037771	0.053474	-0.007852
1.635542	0.038404	0.053601	-0.007599
1.634863	0.037882	0.053405	-0.007761
1.634184	0.037425	0.053108	-0.007842
1.633506	0.037655	0.052474	-0.007410
1.632828	0.038091	0.052672	-0.007290
1.632151	0.036928	0.052390	-0.007731
1.631475	0.037009	0.052614	-0.007802
1.630800	0.036878	0.051910	-0.007516
1.630125	0.037620	0.052710	-0.007545
1.629451	0.036732	0.052448	-0.007858
1.628778	0.037154	0.051409	-0.007128
1.628105	0.036162	0.052138	-0.007988
1.627433	0.035822	0.051180	-0.007679
1.626761	0.036394	0.050904	-0.007255
1.626091	0.035955	0.051507	-0.007776
1.625421	0.036073	0.051248	-0.007588
1.624751	0.035965	0.051502	-0.007768
1.624083	0.035602	0.051125	-0.007761
1.623414	0.035734	0.050688	-0.007477
1.622747	0.035682	0.051235	-0.007777
1.622080	0.035880	0.050884	-0.007502
1.621414	0.035573	0.050825	-0.007626
1.620749	0.035291	0.050536	-0.007622
1.620084	0.035535	0.050645	-0.007555
1.619420	0.035381	0.050272	-0.007445
1.618757	0.034515	0.050078	-0.007782
1.618094	0.034355	0.050685	-0.008165
1.617432	0.034068	0.050334	-0.008133
1.616770	0.034543	0.049900	-0.007678
1.616109	0.034500	0.050124	-0.007812
1.615449	0.034859	0.049662	-0.007402
1.614790	0.035625	0.050149	-0.007262
1.614131	0.034862	0.049661	-0.007399
1.613473	0.033995	0.050187	-0.008096
1.612815	0.034135	0.050105	-0.007985
1.612158	0.034772	0.049759	-0.007494
1.611502	0.034031	0.049725	-0.007847
1.610846	0.034257	0.049474	-0.007609
1.610191	0.033978	0.049335	-0.007679
1.609537	0.033913	0.048939	-0.007513
1.608883	0.033459	0.048837	-0.007689
1.608230	0.033630	0.048467	-0.007418
1.607578	0.032746	0.048508	-0.007881
1.606926	0.033262	0.048225	-0.007481
1.606275	0.032674	0.048864	-0.008095
1.605625	0.032669	0.048366	-0.007848
1.604975	0.032911	0.047935	-0.007512
1.604326	0.033430	0.048048	-0.007309
1.603677	0.033015	0.047887	-0.007436
1.603029	0.032566	0.048080	-0.007757
1.602382	0.033168	0.047998	-0.007415
1.601735	0.033011	0.048732	-0.007860
1.601089	0.032915	0.048168	-0.007627
1.600444	0.032825	0.048182	-0.007678
1.599799	0.032233	0.048443	-0.008105
1.599155	0.032601	0.048141	-0.007770
1.598512	0.032214	0.047562	-0.007674
1.597869	0.032111	0.047601	-0.007745
1.597227	0.031561	0.047578	-0.008008
1.596585	0.032763	0.047476	-0.007357
1.595944	0.032491	0.047167	-0.007338
1.595304	0.032583	0.048064	-0.007741
1.594664	0.032756	0.047081	-0.007163
1.594025	0.032388	0.047704	-0.007658
1.593386	0.031574	0.047621	-0.008023
1.592749	0.032301	0.047190	-0.007445
1.592111	0.032014	0.047001	-0.007493
1.591475	0.031678	0.047315	-0.007818
1.590839	0.031744	0.047152	-0.007704
1.590203	0.030856	0.046105	-0.007625
1.589569	0.030528	0.046248	-0.007860
1.588935	0.031045	0.046271	-0.007613
1.588301	0.030557	0.045968	-0.007706
1.587668	0.030354	0.046679	-0.008163
1.587036	0.030836	0.046189	-0.007677
1.586404	0.031105	0.045766	-0.007330
1.585773	0.030905	0.046710	-0.007902
1.585143	0.030652	0.046755	-0.008052
1.584513	0.030033	0.045804	-0.007886
1.583884	0.029857	0.045176	-0.007660
1.583255	0.030278	0.045538	-0.007630
1.582627	0.030222	0.045928	-0.007853
1.582000	0.030481	0.045635	-0.007577
1.581373	0.030134	0.045706	-0.007786
1.580747	0.029978	0.046339	-0.008181
1.580121	0.030020	0.045428	-0.007704
1.579496	0.029660	0.045221	-0.007780
1.578872	0.029504	0.044956	-0.007726
1.578248	0.030228	0.045749	-0.007761
1.577625	0.030575	0.045339	-0.007382
1.577002	0.030428	0.044835	-0.007204
1.576380	0.030506	0.045192	-0.007343
1.575759	0.029346	0.045543	-0.008098
1.575138	0.029863	0.044941	-0.007539
1.574518	0.029141	0.045216	-0.008037
1.573899	0.029414	0.045160	-0.007873
1.573280	0.029182	0.044306	-0.007562
1.572661	0.029351	0.044779	-0.007714
1.572044	0.028855	0.044121	-0.007633
1.571426	0.029363	0.045401	-0.008019
1.570810	0.028841	0.045197	-0.008178
1.570194	0.029270	0.045038	-0.007884
1.569578	0.028455	0.044937	-0.008241
1.568964	0.028988	0.045118	-0.008065
1.568349	0.029877	0.044404	-0.007263
1.567736	0.029213	0.045607	-0.008197
1.567123	0.028884	0.043904	-0.007510
1.566510	0.029290	0.044887	-0.007799
1.565899	0.028985	0.044671	-0.007843
1.565287	0.028702	0.044321	-0.007809
1.564677	0.029330	0.044683	-0.007676
1.564066	0.028769	0.044106	-0.007668
1.563457	0.028966	0.044540	-0.007787
1.562848	0.028891	0.045037	-0.008073
1.562240	0.028949	0.045196	-0.008124
1.561632	0.028781	0.044443	-0.007831
1.561025	0.028509	0.043952	-0.007721
1.560418	0.028459	0.043484	-0.007512
1.559812	0.028208	0.043955	-0.007873
1.559207	0.028146	0.043473	-0.007663
1.558602	0.028428	0.043662	-0.007617
1.557997	0.027399	0.043742	-0.008172
1.557394	0.027980	0.042817	-0.007418
1.556791	0.029130	0.044260	-0.007565
1.556188	0.029043	0.042994	-0.006976
1.555586	0.028362	0.042982	-0.007310
1.554985	0.028380	0.044120	-0.007870
1.554384	0.028026	0.043567	-0.007770
1.553783	0.027978	0.043805	-0.007913
1.553184	0.028146	0.043820	-0.007837
1.552585	0.029103	0.043799	-0.007348
1.551986	0.027679	0.043330	-0.007825
1.551388	0.028734	0.043391	-0.007329
1.550791	0.028937	0.043912	-0.007488
1.550194	0.028624	0.044255	-0.007816
1.549597	0.028258	0.044859	-0.008301
1.549002	0.028724	0.044030	-0.007653
1.548406	0.028970	0.044238	-0.007634
1.547812	0.028811	0.044390	-0.007790
1.547218	0.028639	0.044763	-0.008062
1.546624	0.028397	0.043738	-0.007670
1.546031	0.029105	0.043772	-0.007334
1.545439	0.028744	0.043872	-0.007564
1.544847	0.028705	0.044055	-0.007675
1.544256	0.028329	0.044078	-0.007875
1.543665	0.027895	0.043470	-0.007788
1.543075	0.028524	0.044841	-0.008158
1.542486	0.028410	0.042938	-0.007264
1.541897	0.028801	0.043775	-0.007487
1.541308	0.028903	0.044279	-0.007688
1.540720	0.028678	0.044149	-0.007736
1.540133	0.027801	0.044102	-0.008150
1.539546	0.028759	0.044335	-0.007788
1.538960	0.027401	0.043737	-0.008168
1.538374	0.028127	0.043873	-0.007873
1.537789	0.028703	0.044068	-0.007682
1.537204	0.028980	0.045141	-0.008081
1.536620	0.028822	0.044209	-0.007693
1.536037	0.029405	0.044191	-0.007393
1.535454	0.029428	0.044403	-0.007488
1.534872	0.029622	0.044996	-0.007687
1.534290	0.028657	0.043924	-0.007633
1.533708	0.029058	0.044256	-0.007599
1.533128	0.029444	0.044968	-0.007762
1.532548	0.028892	0.045269	-0.008188
1.531968	0.029288	0.044270	-0.007491
1.531389	0.028547	0.044971	-0.008212
1.530810	0.028602	0.043845	-0.007621
1.530232	0.028637	0.044399	-0.007881
1.529655	0.029077	0.044399	-0.007661
1.529078	0.028947	0.043694	-0.007374
1.528501	0.029154	0.044008	-0.007427
1.527925	0.029249	0.044797	-0.007774
1.527350	0.028622	0.044351	-0.007864
1.526775	0.029605	0.044703	-0.007549
1.526201	0.029362	0.044564	-0.007601
1.525627	0.030015	0.044688	-0.007336
1.525054	0.029857	0.044760	-0.007451
1.524481	0.030129	0.044948	-0.007410
1.523909	0.029530	0.044115	-0.007293
1.523338	0.029782	0.045113	-0.007666
1.522767	0.030135	0.044692	-0.007279
1.522196	0.029259	0.045437	-0.008089
1.521626	0.029912	0.045083	-0.007586
1.521057	0.030174	0.045586	-0.007706
1.520488	0.030282	0.045195	-0.007457
1.519919	0.028608	0.045950	-0.008671
1.519351	0.029961	0.045050	-0.007545
1.518784	0.028582	0.045124	-0.008271
1.518217	0.030542	0.045818	-0.007638
1.517651	0.030866	0.044700	-0.006917
1.517085	0.029326	0.045257	-0.007965
1.516520	0.030355	0.044667	-0.007156
1.515955	0.029944	0.044894	-0.007475
1.515391	0.029779	0.045915	-0.008068
1.514827	0.029948	0.045433	-0.007743
1.514264	0.031390	0.045520	-0.007065
1.513702	0.030169	0.045362	-0.007596
1.513139	0.030846	0.045105	-0.007130
1.512578	0.031306	0.045184	-0.006939
1.512017	0.029763	0.046285	-0.008261
1.511456	0.030338	0.046440	-0.008051
1.510896	0.030472	0.046070	-0.007799
1.510337	0.029886	0.045925	-0.008019
1.509778	0.030427	0.046010	-0.007791
1.509219	0.031317	0.046620	-0.007651
1.508661	0.031111	0.045866	-0.007377
1.508104	0.031367	0.047292	-0.007963
1.507547	0.031401	0.046449	-0.007524
1.506990	0.032418	0.045894	-0.006738
1.506435	0.031178	0.046892	-0.007857
1.505879	0.031248	0.047161	-0.007957
1.505324	0.031935	0.045433	-0.006749
1.504770	0.031758	0.045599	-0.006921
1.504216	0.031254	0.046644	-0.007695
1.503663	0.031404	0.046659	-0.007628
1.503110	0.031201	0.046244	-0.007522
1.502558	0.031209	0.046497	-0.007644
1.502006	0.032761	0.045891	-0.006565
1.501454	0.031384	0.046380	-0.007498
1.500904	0.031118	0.046485	-0.007683
1.500353	0.032510	0.047235	-0.007363
1.499803	0.031510	0.046653	-0.007572
1.499254	0.031729	0.046111	-0.007191
1.498705	0.032333	0.045872	-0.006769
1.498157	0.032472	0.047811	-0.007670
1.497609	0.032330	0.046759	-0.007214
1.497062	0.031983	0.046646	-0.007332
1.496515	0.032653	0.046478	-0.006912
1.495969	0.032401	0.047252	-0.007426
1.495423	0.032076	0.047271	-0.007597
1.494878	0.033095	0.047308	-0.007107
1.494333	0.032030	0.046078	-0.007024
1.493789	0.032279	0.047921	-0.007821
1.493245	0.032642	0.047262	-0.007310
1.492702	0.031755	0.047358	-0.007801
1.492159	0.032382	0.048751	-0.008185
1.491617	0.032097	0.047478	-0.007691
1.491075	0.032209	0.047249	-0.007520
1.490533	0.032842	0.048090	-0.007624
1.489993	0.033539	0.047821	-0.007141
1.489452	0.033118	0.048084	-0.007483
1.488912	0.032405	0.048716	-0.008155
1.488373	0.033047	0.048133	-0.007543
1.487834	0.034147	0.048978	-0.007415
1.487296	0.033681	0.047606	-0.006962
1.486758	0.035156	0.047914	-0.006379
1.486221	0.032824	0.048375	-0.007776
1.485684	0.033522	0.047787	-0.007133
1.485147	0.034068	0.047907	-0.006919
1.484611	0.033223	0.048101	-0.007439
1.484076	0.034416	0.048520	-0.007052
1.483541	0.033258	0.048618	-0.007680
1.483007	0.033952	0.048421	-0.007234
1.482473	0.034531	0.050037	-0.007753
1.481939	0.034480	0.048577	-0.007049
1.481406	0.033109	0.049440	-0.008165
1.480874	0.033394	0.049865	-0.008235
1.480341	0.033808	0.048941	-0.007566
1.479810	0.034874	0.049529	-0.007328
1.479279	0.035600	0.049263	-0.006832
1.478748	0.035246	0.050362	-0.007558
1.478218	0.034139	0.049852	-0.007856
1.477688	0.034689	0.050205	-0.007758
1.477159	0.035361	0.049492	-0.007065
1.476631	0.036438	0.049367	-0.006465
1.476102	0.035824	0.050603	-0.007389
1.475575	0.035648	0.050958	-0.007655
1.475047	0.035454	0.049881	-0.007214
1.474521	0.035564	0.050168	-0.007302
1.473994	0.036256	0.051129	-0.007436
1.473469	0.034993	0.050258	-0.007632
1.472943	0.035133	0.049569	-0.007218
1.472418	0.035396	0.051302	-0.007953
1.471894	0.036879	0.049945	-0.006533
1.471370	0.036075	0.050764	-0.007345
1.470846	0.035908	0.049786	-0.006939
1.470323	0.037431	0.050213	-0.006391
1.469801	0.035839	0.051094	-0.007628
1.469279	0.035724	0.050268	-0.007272
1.468757	0.035453	0.049938	-0.007243
1.468236	0.035554	0.051224	-0.007835
1.467716	0.036668	0.051400	-0.007366
1.467195	0.035765	0.052059	-0.008147
1.466676	0.036170	0.050357	-0.007093
1.466156	0.037259	0.050436	-0.006588
1.465638	0.037188	0.050367	-0.006590
1.465119	0.036006	0.050122	-0.007058
1.464601	0.034614	0.051066	-0.008226
1.464084	0.037099	0.050242	-0.006572
1.463567	0.037155	0.051303	-0.007074
1.463051	0.035541	0.051406	-0.007933
1.462535	0.036633	0.050997	-0.007182
1.462019	0.038199	0.051748	-0.006774
1.461504	0.036591	0.050105	-0.006757
1.460989	0.037161	0.053073	-0.007956
1.460475	0.036599	0.053334	-0.008367
1.459962	0.037564	0.051199	-0.006817
1.459448	0.038828	0.052163	-0.006667
1.458936	0.037853	0.053073	-0.007610
1.458423	0.037996	0.052345	-0.007175
1.457911	0.038993	0.052655	-0.006831
1.457400	0.037376	0.052724	-0.007674
1.456889	0.038109	0.053870	-0.007881
1.456379	0.038987	0.052482	-0.006748
1.455869	0.036850	0.050873	-0.007011
1.455359	0.038627	0.051433	-0.006403
1.454850	0.038232	0.052625	-0.007197
1.454341	0.040074	0.052376	-0.006151
1.453833	0.038784	0.053139	-0.007177
1.453325	0.038612	0.053246	-0.007317
1.452818	0.039551	0.053191	-0.006820
1.452311	0.040468	0.052995	-0.006264
1.451805	0.039469	0.051501	-0.006016
1.451299	0.040177	0.052312	-0.006068
1.450793	0.039755	0.053985	-0.007115
1.450288	0.040932	0.052553	-0.005811
1.449783	0.038622	0.053030	-0.007204
1.449279	0.038548	0.052447	-0.006950
1.448775	0.039295	0.052155	-0.006430
1.448272	0.039275	0.052780	-0.006752
1.447769	0.040181	0.053490	-0.006655
1.447267	0.038547	0.051626	-0.006539
1.446765	0.039545	0.054691	-0.007573
1.446263	0.038779	0.051696	-0.006459
1.445762	0.037701	0.054237	-0.008268
1.445262	0.040888	0.053957	-0.006534
1.444762	0.039560	0.054284	-0.007362
1.444262	0.040392	0.053942	-0.006775
1.443763	0.039355	0.053958	-0.007302
1.443264	0.040232	0.053433	-0.006600
1.442765	0.039530	0.053839	-0.007155
1.442267	0.040748	0.055613	-0.007432
1.441770	0.039573	0.054670	-0.007548
1.441273	0.040626	0.054677	-0.007025
1.440776	0.040274	0.053863	-0.006794
1.440280	0.039921	0.053297	-0.006688
1.439784	0.040902	0.053955	-0.006526
1.439289	0.041491	0.054459	-0.006484
1.438794	0.040432	0.054589	-0.007079
1.438299	0.040812	0.055474	-0.007331
1.437805	0.041267	0.056830	-0.007782
1.437312	0.039708	0.055113	-0.007703
1.436819	0.040141	0.055377	-0.007618
1.436326	0.041980	0.054321	-0.006171
1.435834	0.042084	0.055459	-0.006688
1.435342	0.041496	0.055516	-0.007010
1.434850	0.042453	0.055351	-0.006449
1.434359	0.043648	0.056309	-0.006331
1.433869	0.040271	0.056261	-0.007995
1.433379	0.041212	0.055471	-0.007130
1.432889	0.041742	0.054586	-0.006422
1.432400	0.041863	0.055010	-0.006574
1.431911	0.041996	0.056031	-0.007018
1.431422	0.042150	0.056258	-0.007054
1.430934	0.040981	0.056739	-0.007879
1.430447	0.043449	0.056932	-0.006742
1.429960	0.042299	0.054042	-0.005872
1.429473	0.041759	0.058858	-0.008549
1.428987	0.042326	0.057846	-0.007760
1.428501	0.043530	0.057296	-0.006883
1.428015	0.042757	0.055497	-0.006370
1.427530	0.043510	0.055444	-0.005967
1.427046	0.043291	0.055579	-0.006144
1.426561	0.041302	0.054988	-0.006843
1.426078	0.043487	0.055829	-0.006171
1.425594	0.043544	0.057634	-0.007045
1.425111	0.043127	0.054894	-0.005884
1.424629	0.042828	0.056782	-0.006977
1.424147	0.044678	0.056899	-0.006111
1.423665	0.045846	0.054520	-0.004337
1.423184	0.043348	0.054567	-0.005610
1.422703	0.044307	0.056779	-0.006236
1.422223	0.044472	0.055893	-0.005711
1.421743	0.043492	0.058540	-0.007524
1.421263	0.044135	0.059548	-0.007707
1.420784	0.041557	0.055445	-0.006944
1.420306	0.043456	0.055538	-0.006041
1.419827	0.044206	0.056993	-0.006394
1.419349	0.040871	0.053991	-0.006560
1.418872	0.041561	0.058220	-0.008330
1.418395	0.044208	0.056067	-0.005930
1.417918	0.045162	0.056962	-0.005900
1.417442	0.045436	0.058793	-0.006678
1.416966	0.043974	0.058241	-0.007133
1.416491	0.045532	0.059454	-0.006961
1.416016	0.042480	0.058635	-0.008078
1.415541	0.045120	0.059483	-0.007182
1.415067	0.043421	0.060471	-0.008525
1.414593	0.043406	0.056676	-0.006635
1.414120	0.045327	0.056484	-0.005578
1.413647	0.047689	0.058492	-0.005402
1.413174	0.046016	0.057000	-0.005492
1.412702	0.043463	0.056349	-0.006443
1.412231	0.046974	0.059574	-0.006300
1.411759	0.047862	0.060706	-0.006422
1.411288	0.043026	0.058937	-0.007956
1.410818	0.046504	0.058933	-0.006214
1.410348	0.047801	0.057975	-0.005087
1.409878	0.045799	0.058383	-0.006292
1.409409	0.045992	0.059071	-0.006539
1.408940	0.046282	0.061688	-0.007703
1.408472	0.048525	0.062813	-0.007144
1.408004	0.045904	0.060070	-0.007083
1.407536	0.046962	0.060735	-0.006887
1.407069	0.045641	0.056238	-0.005299
1.406602	0.047447	0.056641	-0.004597
1.406135	0.047403	0.060312	-0.006455
1.405669	0.047792	0.059473	-0.005840
1.405204	0.044364	0.060901	-0.008268
1.404738	0.046934	0.061577	-0.007322
1.404274	0.047573	0.061025	-0.006726
1.403809	0.042715	0.060271	-0.008778
1.403345	0.046099	0.059412	-0.006656
1.402882	0.048127	0.059219	-0.005546
1.402418	0.045414	0.059102	-0.006844
1.401955	0.048468	0.057759	-0.004645
1.401493	0.051295	0.057296	-0.003000
1.401031	0.048438	0.062460	-0.007011
1.400569	0.046393	0.061974	-0.007791
1.400108	0.046031	0.059393	-0.006681
1.399647	0.047677	0.060066	-0.006195
1.399187	0.048200	0.060770	-0.006285
1.398727	0.048155	0.059301	-0.005573
1.398267	0.048814	0.058836	-0.005011
1.397808	0.046699	0.060303	-0.006802
1.397349	0.048270	0.058227	-0.004978
1.396890	0.050578	0.058399	-0.003910
1.396432	0.046449	0.062471	-0.008011
1.395974	0.049781	0.056653	-0.003436
1.395517	0.046397	0.060210	-0.006907
1.395060	0.048972	0.059361	-0.005195
1.394604	0.046839	0.059950	-0.006555
1.394147	0.046329	0.059073	-0.006372
1.393692	0.046575	0.061018	-0.007222
1.393236	0.048506	0.057754	-0.004624
1.392781	0.047698	0.058021	-0.005161
1.392327	0.047561	0.064021	-0.008230
1.391873	0.046291	0.064828	-0.009269
1.391419	0.048191	0.063326	-0.007568
1.390965	0.049020	0.061088	-0.006034
1.390512	0.049161	0.061312	-0.006076
