189.527725	0.102978	0.102978	0.000000
189.916390	-929406585213470.875000	-929406585213470.875000	0.000000
190.305018	0.275609	-0.502758	0.389183
190.693607	-0.397051	1.057022	-0.727037
191.082159	-1.106559	0.343387	-0.724973
191.470673	0.049036	-5.666941	2.857988
191.859149	-72.313809	0.101319	-36.207564
192.247587	-0.085800	-2.365291	1.139745
192.635988	0.073936	-0.209468	0.141702
193.024351	0.079325	-0.004399	0.041862
193.412676	0.160543	0.319984	-0.079721
193.800963	0.015828	-0.025688	0.020758
194.189212	-1.302369	0.143663	-0.723016
194.577423	-0.005765	-0.522216	0.258225
194.965597	0.004281	-0.084552	0.044417
195.353732	0.029152	0.069201	-0.020024
195.741830	-0.073747	-0.020876	-0.026436
196.129890	-1.613613	-0.092080	-0.760767
196.517911	-0.180654	-0.158921	-0.010866
196.905895	0.379042	-0.424876	0.401959
197.293841	2.804064	0.049555	1.377254
197.681749	-0.580763	-1.242644	0.330941
198.069619	0.031366	-0.265910	0.148638
198.457452	-0.206071	0.105664	-0.155868
198.845246	-0.369633	0.137782	-0.253707
199.233002	0.060723	0.139602	-0.039439
199.620720	-0.174608	0.028114	-0.101361
200.008400	-0.035996	0.153784	-0.094890
200.396042	0.049534	-0.404045	0.226790
200.783646	-1.053436	-0.203951	-0.424743
201.171212	0.162088	0.043829	0.059129
201.558740	0.070593	-0.404011	0.237302
201.946230	4.167700	-0.078405	2.123052
202.333682	-0.049433	0.174475	-0.111954
202.721096	0.120424	-0.008153	0.064288
203.108472	-0.233200	-0.426257	0.096528
203.495809	0.013113	-0.269317	0.141215
203.883109	-0.332062	0.085772	-0.208917
204.270370	-0.012441	-0.153822	0.070690
204.657593	-0.243408	-0.014728	-0.114340
205.044779	0.204161	0.179673	0.012244
205.431926	0.445581	0.009268	0.218157
205.819034	-0.078969	-0.023218	-0.027876
206.206105	-0.420611	0.120734	-0.270673
206.593137	0.158418	-0.107797	0.133107
206.980132	-0.134169	-0.061010	-0.036580
207.367088	0.015273	0.109239	-0.046983
207.754006	2.238011	-0.087840	1.162926
208.140885	-0.182697	-0.211983	0.014643
208.527727	-0.278859	-0.155808	-0.061526
208.914530	-0.010940	-0.201879	0.095470
209.301295	2.016483	16.290963	-7.137240
209.688022	1.390952	0.594347	0.398302
210.074710	0.019758	0.074974	-0.027608
210.461360	-0.134577	-0.565249	0.215336
210.847972	0.064378	0.175450	-0.055536
211.234546	-0.129626	-0.128809	-0.000409
211.621081	-0.165056	0.009482	-0.087269
212.007578	0.913125	0.464301	0.224412
212.394036	-0.070072	0.290062	-0.180067
212.780457	0.262592	-1.526555	0.894573
213.166839	-0.110438	-0.017354	-0.046542
213.553182	0.012293	0.056072	-0.021890
213.939487	-0.058295	0.021343	-0.039819
214.325754	0.044200	0.064176	-0.009988
214.711983	0.133677	-1.319561	0.726619
215.098173	0.012357	-0.054495	0.033426
215.484324	0.082693	-0.081515	0.082104
215.870437	0.007178	0.092472	-0.042647
216.256512	0.550356	-0.275862	0.413109
216.642548	-0.568366	-0.044118	-0.262124
217.028546	0.708015	-0.029578	0.368796
217.414506	0.447413	0.024608	0.211402
217.800427	-0.596935	-0.173003	-0.211966
218.186309	-0.116844	0.342275	-0.229560
218.572153	0.257212	0.352658	-0.047723
218.957959	0.025782	-0.004722	0.015252
219.343726	-0.150608	-1.110904	0.480148
219.729454	0.127716	0.746421	-0.309353
220.115144	-0.528993	-0.061074	-0.233960
220.500795	0.103253	0.020713	0.041270
220.886408	-0.940157	0.076388	-0.508273
221.271983	-0.306527	0.042654	-0.174590
221.657518	0.057834	-1.254634	0.656234
222.043016	0.015915	-0.722836	0.369375
222.428474	0.034422	0.008854	0.012784
222.813894	0.153249	-0.219314	0.186282
223.199275	0.567707	-1.147241	0.857474
223.584618	-1.455014	0.091610	-0.773312
223.969922	-0.114695	-0.001848	-0.056423
224.355188	0.130125	-0.933643	0.531884
224.740414	-0.070356	1.904019	-0.987188
225.125603	0.022342	-0.195945	0.109143
225.510752	-0.150272	-0.039824	-0.055224
225.895863	0.084268	0.157078	-0.036405
226.280935	0.035567	-0.036066	0.035816
226.665968	-0.038603	0.025295	-0.031949
227.050963	0.206602	-1.558142	0.882372
227.435919	0.024016	-0.100733	0.062375
227.820836	0.414662	-0.160351	0.287507
228.205715	0.011231	0.093229	-0.040999
228.590555	-0.095384	0.384594	-0.239989
228.975356	-0.154449	-0.010908	-0.071771
229.360118	-0.012490	-0.299226	0.143368
229.744841	-0.099445	-0.235727	0.068141
230.129526	-0.662049	0.367000	-0.514524
230.514172	-0.024680	0.316185	-0.170432
230.898779	0.012973	-0.227558	0.120265
231.283347	-0.103260	0.557050	-0.330155
231.667877	-0.076930	0.091160	-0.084045
232.052367	0.415563	0.050465	0.182549
232.436819	-0.117309	-0.091497	-0.012906
232.821232	0.064787	-0.510283	0.287535
233.205606	-0.069906	0.822786	-0.446346
233.589941	0.058463	0.597276	-0.269406
233.974237	-0.248198	-0.117137	-0.065531
234.358495	0.444724	-0.015398	0.230061
234.742713	0.045527	-0.333114	0.189320
235.126893	0.175177	0.172843	0.001167
235.511033	0.067450	-0.045073	0.056261
235.895135	-0.056093	-0.014499	-0.020797
236.279198	-0.078932	0.116201	-0.097567
236.663221	0.005788	0.019422	-0.006817
237.047206	0.040785	0.066718	-0.012967
237.431152	-0.112420	0.105802	-0.109111
237.815059	-0.031572	-0.012608	-0.009482
238.198926	-0.022043	-0.021784	-0.000129
238.582755	0.130022	-0.043245	0.086634
238.966545	-0.087176	0.548461	-0.317819
239.350296	-0.002091	-0.081341	0.039625
239.734007	0.130855	0.056144	0.037355
240.117680	-0.020814	-0.070276	0.024731
240.501314	0.088812	-0.019106	0.053959
240.884908	-0.097968	-0.211900	0.056966
241.268464	-0.125859	0.066498	-0.096179
241.651980	-0.035623	0.171128	-0.103376
242.035457	0.219346	-0.021248	0.120297
242.418895	-0.049760	0.004805	-0.027283
242.802294	0.208195	-0.017060	0.112628
243.185654	-0.017380	-0.010011	-0.003684
243.568975	-0.023727	-0.007052	-0.008338
243.952257	0.016821	0.055847	-0.019513
244.335499	-0.048053	-0.036425	-0.005814
244.718702	-0.013074	0.045321	-0.029197
245.101867	0.126537	-0.049450	0.087993
245.484991	0.022660	-0.037115	0.029888
245.868077	0.033397	0.072543	-0.019573
246.251124	0.000319	-0.021646	0.010983
246.634131	-0.033070	-0.024342	-0.004364
247.017099	-0.064314	0.003127	-0.033720
247.400028	-0.026575	0.001475	-0.014025
247.782917	0.007160	-0.043121	0.025140
248.165768	0.054768	-0.004512	0.029640
248.548579	-0.064382	-0.077877	0.006748
248.931350	0.020332	-0.011486	0.015909
249.314083	-0.017259	-0.010622	-0.003318
249.696776	-0.068724	-0.028372	-0.020176
250.079430	-0.017744	-0.021875	0.002066
250.462044	0.077825	0.030468	0.023678
250.844620	0.011858	0.014882	-0.001512
251.227155	-0.001941	-0.071541	0.034800
251.609652	0.068217	0.004562	0.031828
251.992109	-0.008324	-0.050215	0.020946
252.374527	-0.017753	0.012838	-0.015296
252.756905	-0.042904	0.031723	-0.037313
253.139244	-0.082044	-0.048993	-0.016526
253.521544	-0.021261	-0.017373	-0.001944
253.903804	-0.014893	0.002563	-0.008728
254.286025	-0.023787	-0.037837	0.007025
254.668206	0.004226	-0.015503	0.009865
255.050348	-0.046656	0.025400	-0.036028
255.432451	-0.011021	-0.084293	0.036636
255.814514	0.017924	-0.007604	0.012764
256.196537	0.007044	0.080474	-0.036715
256.578521	0.025053	0.006892	0.009080
256.960466	-0.021355	-0.045406	0.012025
257.342371	0.029272	-0.037442	0.033357
257.724236	-0.012623	-0.025260	0.006318
258.106062	0.018809	-0.001320	0.010064
258.487849	-0.016460	-0.041675	0.012608
258.869596	0.001221	0.011073	-0.004926
259.251303	-0.058347	-0.044488	-0.006929
259.632971	0.016479	0.022433	-0.002977
260.014599	0.023856	0.023467	0.000195
260.396188	-0.023146	0.021321	-0.022234
260.777737	-0.025704	0.028729	-0.027217
261.159247	-0.003834	0.001103	-0.002468
261.540717	-0.000627	-0.006499	0.002936
261.922147	0.008702	-0.013360	0.011031
262.303538	-0.010208	-0.008366	-0.000921
262.684889	-0.023309	0.033608	-0.028459
263.066200	-0.016706	0.001590	-0.009148
263.447472	-0.005279	-0.006760	0.000740
263.828704	-0.005059	0.033178	-0.019118
264.209896	0.021324	-0.004781	0.013053
264.591049	-0.019813	-0.018078	-0.000867
264.972162	-0.007986	0.006710	-0.007348
265.353235	-0.008870	-0.023474	0.007302
265.734268	-0.034080	0.021112	-0.027596
266.115262	-0.011493	0.005477	-0.008485
266.496216	-0.022705	-0.012410	-0.005147
266.877130	-0.007964	0.013073	-0.010518
267.258005	-0.006500	-0.014759	0.004130
267.638840	-0.015178	0.000775	-0.007976
268.019635	-0.034493	0.020903	-0.027698
268.400390	-0.019894	-0.012426	-0.003734
268.781105	-0.032858	-0.012905	-0.009976
269.161781	0.001550	0.026416	-0.012433
269.542417	0.001460	-0.009269	0.005364
269.923013	0.014725	-0.000391	0.007558
270.303569	-0.024010	-0.005776	-0.009117
270.684085	-0.003022	-0.004000	0.000489
271.064561	-0.000545	0.009336	-0.004941
271.444998	0.003520	-0.014894	0.009207
271.825394	0.002927	0.016957	-0.007015
272.205751	0.003421	0.002089	0.000666
272.586068	0.009392	0.016023	-0.003316
272.966345	-0.022502	-0.007537	-0.007482
273.346582	-0.024022	0.011963	-0.017992
273.726779	-0.011477	0.017825	-0.014651
274.106936	-0.017606	-0.006042	-0.005782
274.487053	-0.002947	0.005584	-0.004266
274.867130	-0.009379	0.009437	-0.009408
275.247168	-0.005121	0.001537	-0.003329
275.627165	0.011290	-0.002733	0.007011
276.007122	-0.002007	-0.000951	-0.000528
276.387040	-0.027106	0.007389	-0.017248
276.766917	-0.010378	-0.007304	-0.001537
277.146754	0.001906	-0.005180	0.003543
277.526551	-0.019194	0.003320	-0.011257
277.906308	0.009162	-0.020081	0.014621
278.286026	-0.011362	-0.007412	-0.001975
278.665703	0.004812	-0.011051	0.007932
279.045340	-0.001446	0.023141	-0.012294
279.424936	-0.001365	0.001369	-0.001367
279.804493	0.001972	-0.004950	0.003461
280.184010	-0.011963	-0.001274	-0.005345
280.563487	-0.001563	0.004938	-0.003250
280.942923	0.013554	0.019370	-0.002908
281.322319	0.009525	0.000782	0.004372
281.701676	0.008397	0.004238	0.002080
282.080992	-0.012545	-0.005051	-0.003747
282.460268	-0.006949	-0.017552	0.005301
282.839503	0.010242	-0.007103	0.008673
283.218699	0.017629	-0.003442	0.010536
283.597854	0.005797	-0.007043	0.006420
283.976969	-0.009111	-0.002173	-0.003469
284.356044	-0.016715	0.014157	-0.015436
284.735079	0.001331	0.028964	-0.013816
285.114073	0.002480	0.024174	-0.010847
285.493028	-0.011978	0.002582	-0.007280
285.871942	-0.020863	-0.005251	-0.007806
286.250815	-0.004117	0.019237	-0.011677
286.629649	-0.018689	-0.013170	-0.002759
287.008442	0.006334	0.008989	-0.001327
287.387195	0.000867	0.015110	-0.007121
287.765907	-0.006286	-0.001275	-0.002506
288.144580	-0.012829	0.002241	-0.007535
288.523212	-0.014100	0.011439	-0.012769
288.901803	0.014558	0.012162	0.001198
289.280355	-0.001280	-0.002416	0.000568
289.658866	-0.002941	0.010014	-0.006478
290.037336	0.003247	0.012632	-0.004693
290.415766	0.004422	0.012721	-0.004149
290.794156	-0.000504	0.017551	-0.009028
291.172505	-0.005097	0.003866	-0.004481
291.550814	-0.001687	-0.000141	-0.000773
291.929083	-0.003720	0.006387	-0.005053
292.307311	-0.009490	0.003977	-0.006734
292.685499	-0.000859	-0.003768	0.001454
293.063646	0.002831	0.001381	0.000725
293.441753	-0.010425	0.004840	-0.007632
293.819820	-0.009909	0.005171	-0.007540
294.197845	0.009856	-0.001881	0.005868
294.575831	-0.002126	0.009601	-0.005863
294.953776	-0.010143	0.013321	-0.011732
295.331680	0.002748	0.009628	-0.003440
295.709544	-0.002385	0.018138	-0.010262
296.087368	-0.010097	0.002718	-0.006408
296.465150	-0.003315	0.004605	-0.003960
296.842893	0.000572	0.005734	-0.002581
297.220595	-0.006723	0.000503	-0.003613
297.598256	-0.001235	0.006429	-0.003832
297.975876	-0.000185	0.017278	-0.008732
298.353457	-0.004536	0.007951	-0.006244
298.730996	-0.006071	0.008577	-0.007324
299.108495	-0.011251	0.004779	-0.008015
299.485953	-0.001809	0.015778	-0.008793
299.863371	-0.000008	0.009890	-0.004949
300.240748	-0.005202	-0.004296	-0.000453
300.618084	-0.002573	0.010975	-0.006774
300.995380	0.003751	0.010669	-0.003459
301.372635	-0.003367	0.006335	-0.004851
301.749849	-0.003599	0.011664	-0.007631
302.127023	-0.005703	0.005727	-0.005715
302.504156	-0.002746	0.009112	-0.005929
302.881248	-0.002922	0.009543	-0.006232
303.258300	0.002399	0.013582	-0.005592
303.635311	0.006591	0.003209	0.001691
304.012281	-0.004003	0.005070	-0.004536
304.389210	0.003416	0.003228	0.000094
304.766099	-0.002363	0.008421	-0.005392
305.142947	-0.003932	0.015775	-0.009854
305.519754	-0.004400	0.003209	-0.003804
305.896520	-0.013260	0.002600	-0.007930
306.273246	-0.002660	0.018353	-0.010507
306.649930	-0.001574	0.008876	-0.005225
307.026574	-0.000520	0.010676	-0.005598
307.403177	0.005343	0.006956	-0.000806
307.779740	-0.004312	0.013114	-0.008713
308.156261	-0.003118	0.014104	-0.008611
308.532742	0.000185	0.014113	-0.006964
308.909181	-0.007431	0.005110	-0.006270
309.285580	-0.000842	0.007265	-0.004054
309.661938	-0.000498	0.012584	-0.006541
310.038255	0.002433	0.015188	-0.006378
310.414531	-0.000632	0.006961	-0.003796
310.790766	-0.006770	-0.003778	-0.001496
311.166961	0.001559	0.011241	-0.004841
311.543114	-0.004527	0.009075	-0.006801
311.919226	0.001188	0.005656	-0.002234
312.295298	-0.000914	0.004286	-0.002600
312.671328	0.000069	0.007576	-0.003754
313.047318	0.011400	0.019125	-0.003862
313.423267	0.010663	0.011965	-0.000651
313.799174	-0.008902	0.008787	-0.008844
314.175041	0.002295	0.007626	-0.002665
314.550866	-0.001584	0.010373	-0.005978
314.926651	0.001101	0.012807	-0.005853
315.302394	-0.004230	0.009238	-0.006734
315.678097	0.002737	0.010580	-0.003922
316.053758	0.000994	0.007269	-0.003138
316.429378	-0.003369	0.008369	-0.005869
316.804958	0.001082	0.008040	-0.003479
317.180496	0.004159	0.010965	-0.003403
317.555993	0.010992	0.013257	-0.001133
317.931449	-0.002397	0.015402	-0.008899
318.306864	0.003609	0.011219	-0.003805
318.682238	0.012972	0.003890	0.004541
319.057570	0.001395	0.017709	-0.008157
319.432862	0.005554	0.016654	-0.005550
319.808112	0.011926	0.015587	-0.001830
320.183321	-0.003214	0.013403	-0.008309
320.558489	-0.004009	0.010622	-0.007316
320.933616	0.007735	0.016579	-0.004422
321.308701	0.001045	0.013711	-0.006333
321.683746	0.011048	0.014212	-0.001582
322.058749	0.004380	0.006912	-0.001266
322.433711	0.007484	0.010429	-0.001472
322.808632	0.000666	0.009819	-0.004577
323.183511	0.001888	0.011499	-0.004805
323.558349	0.000473	0.009044	-0.004285
323.933146	0.000719	0.014089	-0.006685
324.307902	-0.000624	0.010657	-0.005641
324.682617	0.004152	0.011179	-0.003513
325.057290	0.000547	0.015777	-0.007615
325.431921	0.003977	0.014616	-0.005319
325.806512	0.001113	0.010615	-0.004751
326.181061	0.002983	0.015893	-0.006455
326.555569	0.004579	0.022718	-0.009070
326.930035	0.001887	0.019852	-0.008983
327.304461	0.000354	0.013323	-0.006484
327.678844	0.000954	0.013890	-0.006468
328.053187	-0.003665	0.004218	-0.003941
328.427488	0.006490	0.013182	-0.003346
328.801747	0.000534	0.009461	-0.004463
329.175966	-0.002148	0.011852	-0.007000
329.550142	0.004064	0.011030	-0.003483
329.924278	0.007203	0.015559	-0.004178
330.298372	0.003205	0.013605	-0.005200
330.672424	0.004369	0.007969	-0.001800
331.046435	0.004093	0.008173	-0.002040
331.420405	-0.001628	0.016485	-0.009056
331.794333	0.000783	0.015605	-0.007411
332.168220	-0.001403	0.019279	-0.010341
332.542065	-0.007016	0.006914	-0.006965
332.915869	-0.000627	0.012253	-0.006440
333.289631	-0.001230	0.014447	-0.007839
333.663351	-0.001644	0.009871	-0.005757
334.037030	0.004368	0.006649	-0.001140
334.410668	0.004227	0.012795	-0.004284
334.784264	0.000459	0.014769	-0.007155
335.157818	0.000531	0.009769	-0.004619
335.531331	0.002638	0.011945	-0.004653
335.904802	0.007923	0.012477	-0.002277
336.278232	0.000298	0.012041	-0.005871
336.651620	0.000440	0.012998	-0.006279
337.024966	0.007336	0.007298	0.000019
337.398271	0.008062	0.005427	0.001317
337.771534	0.002907	0.018244	-0.007668
338.144756	0.007921	0.012097	-0.002088
338.517936	0.003541	0.010098	-0.003279
338.891074	-0.001938	0.007323	-0.004630
339.264171	0.006827	0.010937	-0.002055
339.637225	0.006201	0.017523	-0.005661
340.010239	-0.000438	0.009575	-0.005007
340.383210	0.013928	0.013310	0.000309
340.756140	0.001111	0.009592	-0.004241
341.129028	0.001709	0.012754	-0.005522
341.501874	0.003809	0.013332	-0.004762
341.874679	0.002716	0.016732	-0.007008
342.247441	0.001492	0.010840	-0.004674
342.620162	0.002585	0.017496	-0.007456
342.992842	0.008825	0.007155	0.000835
343.365479	0.002612	0.015216	-0.006302
343.738075	-0.000278	0.009461	-0.004870
344.110629	0.004287	0.018755	-0.007234
344.483141	0.002289	0.011635	-0.004673
344.855611	0.004258	0.012057	-0.003900
345.228039	-0.002638	0.011054	-0.006846
345.600426	0.000311	0.017912	-0.008801
345.972770	0.004999	0.017741	-0.006371
346.345073	0.001818	0.010839	-0.004510
346.717334	0.001180	0.015113	-0.006966
347.089553	0.004748	0.009295	-0.002274
347.461730	0.008052	0.017852	-0.004900
347.833866	0.000108	0.007661	-0.003777
348.205959	0.000057	0.018497	-0.009220
348.578010	0.002142	0.018072	-0.007965
348.950020	0.008548	0.014889	-0.003171
349.321987	0.004499	0.015324	-0.005412
349.693913	0.004496	0.014361	-0.004932
350.065797	0.006105	0.013783	-0.003839
350.437638	-0.000807	0.007847	-0.004327
350.809438	0.000226	0.010533	-0.005154
351.181196	0.002504	0.016910	-0.007203
351.552911	0.007985	0.014071	-0.003043
351.924585	0.005136	0.011443	-0.003154
352.296217	-0.004089	0.016996	-0.010542
352.667806	0.003413	0.011197	-0.003892
353.039354	0.006408	0.011460	-0.002526
353.410859	-0.001558	0.009646	-0.005602
353.782323	-0.006738	0.013514	-0.010126
354.153744	0.001925	0.014818	-0.006447
354.525123	0.004600	0.008447	-0.001924
354.896460	0.007702	0.020751	-0.006525
355.267756	-0.002024	0.014045	-0.008035
355.639008	-0.002772	0.024880	-0.013826
356.010219	0.004198	0.006642	-0.001222
356.381388	0.008240	0.001563	0.003339
356.752515	0.004818	0.017571	-0.006377
357.123599	-0.000151	0.012808	-0.006480
357.494641	0.001290	0.014698	-0.006704
357.865641	0.002844	0.013425	-0.005290
358.236599	0.007335	0.013684	-0.003175
358.607515	0.002993	0.021633	-0.009320
358.978388	0.006094	0.014161	-0.004034
359.349219	0.004514	0.012318	-0.003902
359.720008	0.009082	0.020323	-0.005621
360.090755	-0.000984	0.004342	-0.002663
360.461460	0.002554	0.013917	-0.005682
360.832122	0.004008	0.018831	-0.007411
361.202742	-0.002413	0.011457	-0.006935
361.573320	0.000524	0.008151	-0.003813
361.943855	0.007437	0.009762	-0.001163
362.314348	0.006886	0.007759	-0.000436
362.684799	-0.000366	0.020819	-0.010592
363.055208	-0.002953	0.013626	-0.008289
363.425574	0.002883	0.017517	-0.007317
363.795898	0.004836	0.009550	-0.002357
364.166180	0.006560	0.003945	0.001307
364.536419	0.000656	0.006027	-0.002686
364.906616	0.004533	0.015035	-0.005251
365.276770	-0.000128	0.007868	-0.003998
365.646882	0.000284	0.012114	-0.005915
366.016952	0.003564	0.008078	-0.002257
366.386979	0.003748	0.014643	-0.005447
366.756964	-0.006644	0.014813	-0.010729
367.126906	0.000885	0.010428	-0.004772
367.496806	0.004103	0.013957	-0.004927
367.866664	0.000292	0.016090	-0.007899
368.236479	0.004524	0.019021	-0.007248
368.606251	0.002489	0.015665	-0.006588
368.975981	0.005237	0.014424	-0.004593
369.345669	0.003205	0.017274	-0.007034
369.715314	0.005026	0.014084	-0.004529
370.084917	0.001427	0.018205	-0.008389
370.454477	0.007100	0.018690	-0.005795
370.823995	0.011594	0.017497	-0.002952
371.193470	0.010403	0.015242	-0.002420
371.562902	0.005778	0.016731	-0.005477
371.932292	-0.002190	0.013211	-0.007700
372.301640	0.007465	0.018343	-0.005439
372.670944	0.004269	0.006115	-0.000923
373.040207	0.016337	0.007724	0.004306
373.409426	0.010114	0.012873	-0.001380
373.778603	0.004693	0.016306	-0.005806
374.147738	-0.001862	0.017460	-0.009661
374.516830	-0.001900	0.012415	-0.007158
374.885879	-0.001638	0.012119	-0.006878
375.254885	0.009096	0.006334	0.001381
375.623849	0.009107	0.008872	0.000117
375.992770	0.003536	0.015304	-0.005884
376.361649	0.003417	0.010291	-0.003437
376.730485	0.007836	0.016406	-0.004285
377.099278	0.013824	0.009024	0.002400
377.468028	0.009712	0.019234	-0.004761
377.836736	-0.001392	0.006990	-0.004191
378.205401	0.012652	0.010499	0.001077
378.574023	0.003351	0.016724	-0.006687
378.942603	0.012359	0.009028	0.001665
379.311139	0.010457	0.009221	0.000618
379.679633	0.009262	0.015132	-0.002935
380.048085	-0.000806	0.016430	-0.008618
380.416493	0.003100	0.008007	-0.002454
380.784859	-0.005310	0.014100	-0.009705
381.153181	0.000605	0.016358	-0.007877
381.521461	0.012660	0.012800	-0.000070
381.889699	0.008356	0.010465	-0.001054
382.257893	0.001373	0.012585	-0.005606
382.626044	0.004016	0.008893	-0.002438
382.994153	0.013772	0.014020	-0.000124
383.362219	0.009191	0.020342	-0.005576
383.730242	0.009328	0.008167	0.000580
384.098222	0.012278	0.021812	-0.004767
384.466159	0.012031	0.011362	0.000334
384.834053	0.000034	0.005108	-0.002537
385.201904	0.006979	0.018380	-0.005700
385.569713	0.008783	0.013215	-0.002216
385.937478	0.006332	0.016251	-0.004959
386.305201	0.011536	0.011740	-0.000102
386.672880	0.004062	0.014825	-0.005382
387.040517	0.002453	0.005399	-0.001473
387.408110	0.009297	0.015245	-0.002974
387.775661	0.005699	0.009096	-0.001698
388.143168	0.009390	0.005524	0.001933
388.510633	0.015839	0.006205	0.004817
388.878055	0.010223	0.009499	0.000362
389.245433	0.010407	0.010370	0.000018
389.612769	0.014378	0.012315	0.001031
389.980061	0.015694	0.009236	0.003229
390.347310	0.007409	0.004983	0.001213
390.714517	0.007591	0.020279	-0.006344
391.081680	0.021391	0.014156	0.003617
391.448800	0.007667	0.015633	-0.003983
391.815877	0.002930	0.008113	-0.002591
392.182911	0.003359	0.009981	-0.003311
392.549902	-0.001133	0.014344	-0.007738
392.916850	0.002349	0.014010	-0.005830
393.283754	0.008961	0.013564	-0.002302
393.650616	0.010992	0.007844	0.001574
394.017434	0.011234	0.006600	0.002317
394.384209	0.004893	0.004627	0.000133
394.750941	0.002140	0.015752	-0.006806
395.117630	0.015129	0.015512	-0.000192
395.484275	0.006688	0.011480	-0.002396
395.850878	0.010758	0.015214	-0.002228
396.217437	0.000700	0.014116	-0.006708
396.583953	0.004703	0.015546	-0.005422
396.950425	0.011122	0.001046	0.005038
397.316855	0.000708	0.004334	-0.001813
397.683241	0.004668	0.022185	-0.008758
398.049584	0.006667	0.007807	-0.000570
398.415884	-0.000849	0.008308	-0.004578
398.782140	0.001280	0.005643	-0.002181
399.148353	0.003959	0.008337	-0.002189
399.514523	0.010616	0.005867	0.002374
399.880649	-0.000536	0.010149	-0.005343
400.246732	0.009947	0.010383	-0.000218
400.612772	0.011114	0.001828	0.004643
400.978768	0.003503	0.009606	-0.003052
401.344721	0.009433	0.008362	0.000535
401.710631	0.007131	0.011329	-0.002099
402.076497	0.004534	0.011071	-0.003268
402.442320	0.010319	0.002426	0.003946
402.808100	0.007549	0.017309	-0.004880
403.173836	0.010132	0.012766	-0.001317
403.539528	0.005383	0.009755	-0.002186
403.905178	0.013136	0.010930	0.001103
404.270783	0.018753	0.011236	0.003758
404.636346	0.014181	0.010069	0.002056
405.001865	0.008332	0.009949	-0.000808
405.367340	0.017389	0.017505	-0.000058
405.732772	0.008132	0.017824	-0.004846
406.098161	0.013701	0.004623	0.004539
406.463506	0.004584	0.012345	-0.003880
406.828807	0.006034	0.016515	-0.005241
407.194065	0.014423	0.013021	0.000701
407.559279	-0.000364	0.003988	-0.002176
407.924450	0.005948	0.004549	0.000700
408.289578	0.016858	0.008693	0.004082
408.654661	0.011772	0.013854	-0.001041
409.019702	0.009812	0.018395	-0.004291
409.384698	0.005209	0.010607	-0.002699
409.749651	0.010430	-0.003317	0.006874
410.114561	0.016346	0.015122	0.000612
410.479427	0.018372	0.016790	0.000791
410.844249	0.010066	0.006527	0.001770
411.209027	0.007527	0.003845	0.001841
411.573762	0.010889	0.004127	0.003381
411.938454	0.017613	0.002828	0.007393
412.303101	0.013482	0.011865	0.000809
412.667705	0.008406	0.014634	-0.003114
413.032266	0.003564	0.015689	-0.006062
413.396782	0.002628	0.008902	-0.003137
413.761255	0.006562	0.011054	-0.002246
414.125684	0.016736	0.004641	0.006047
414.490070	0.008515	0.009919	-0.000702
414.854412	0.009102	-0.000743	0.004923
415.218710	0.003560	0.001066	0.001247
415.582964	0.010390	0.009894	0.000248
415.947175	0.007569	0.015115	-0.003773
416.311341	0.014656	0.012007	0.001324
416.675464	0.005235	0.003476	0.000880
417.039543	0.008853	0.014408	-0.002777
417.403579	0.000326	0.013912	-0.006793
417.767570	-0.000909	0.008772	-0.004841
418.131518	0.008364	0.014040	-0.002838
418.495422	0.004156	0.007633	-0.001738
418.859282	0.013149	0.014474	-0.000663
419.223098	0.013870	0.013923	-0.000026
419.586871	-0.001498	0.002591	-0.002045
419.950599	0.016685	0.013218	0.001733
420.314284	0.014812	0.000418	0.007197
420.677925	0.010343	0.003445	0.003449
421.041522	0.010437	0.009833	0.000302
421.405075	0.008521	0.006933	0.000794
421.768584	0.004612	0.000054	0.002279
422.132049	0.007925	0.004537	0.001694
422.495470	0.009760	0.008473	0.000643
422.858847	0.018394	0.014271	0.002061
423.222180	0.016091	0.011489	0.002301
423.585470	0.002590	0.016071	-0.006741
423.948715	0.015917	0.007086	0.004415
424.311916	0.010591	0.013253	-0.001331
424.675074	0.019572	0.005897	0.006838
425.038187	0.006729	0.011501	-0.002386
425.401256	0.004889	0.016809	-0.005960
425.764281	0.012316	0.002982	0.004667
426.127263	0.005061	0.018935	-0.006937
426.490200	0.009856	0.020483	-0.005313
426.853093	0.013056	0.009742	0.001657
427.215942	0.004592	0.009602	-0.002505
427.578747	0.010994	0.012278	-0.000642
427.941508	0.003476	0.006306	-0.001415
428.304225	0.007559	0.012097	-0.002269
428.666897	0.006353	0.011873	-0.002760
429.029526	0.004858	0.007169	-0.001155
429.392110	0.011155	0.018484	-0.003665
429.754651	0.015378	0.013245	0.001066
430.117147	0.011859	0.011179	0.000340
430.479599	0.011056	0.013395	-0.001169
430.842007	0.010500	0.002802	0.003849
431.204370	0.010823	0.002468	0.004177
431.566690	0.009378	0.006315	0.001532
431.928965	0.009388	0.009455	-0.000034
432.291196	0.006566	0.007300	-0.000367
432.653383	0.010415	0.009619	0.000398
433.015525	0.003787	0.006324	-0.001268
433.377624	0.003132	0.013175	-0.005021
433.739678	0.013303	0.011946	0.000679
434.101688	0.011936	0.008436	0.001750
434.463653	0.010108	0.009505	0.000302
434.825575	0.006831	0.007736	-0.000453
435.187452	0.007138	0.007671	-0.000267
435.549284	0.012294	0.005318	0.003488
435.911073	0.008669	0.009455	-0.000393
436.272817	0.008006	0.007754	0.000126
436.634516	0.009834	0.007717	0.001058
436.996172	0.008337	0.007279	0.000529
437.357783	0.010257	0.007957	0.001150
437.719350	0.005435	0.011195	-0.002880
438.080872	0.011741	0.006659	0.002541
438.442350	0.008751	0.013065	-0.002157
438.803783	0.007349	0.010594	-0.001622
439.165173	0.007107	0.007937	-0.000415
439.526517	0.009824	0.012883	-0.001529
439.887818	0.008759	0.009967	-0.000604
440.249074	0.009665	0.014757	-0.002546
440.610285	0.008265	0.010387	-0.001061
440.971452	0.008900	0.007208	0.000846
441.332575	0.007446	0.009934	-0.001244
441.693653	0.013348	0.008929	0.002209
442.054686	0.006603	0.006536	0.000033
442.415676	0.010357	0.009293	0.000532
442.776620	0.009585	0.009844	-0.000129
443.137520	0.007219	0.007888	-0.000335
443.498376	0.009345	0.012051	-0.001353
443.859187	0.011368	0.009557	0.000906
444.219953	0.009341	0.006864	0.001238
444.580675	0.012028	0.012157	-0.000064
444.941353	0.008057	0.008309	-0.000126
445.301986	0.008557	0.007782	0.000387
445.662574	0.008880	0.009830	-0.000475
446.023118	0.010169	0.009948	0.000111
446.383617	0.008192	0.004965	0.001613
446.744071	0.009306	0.008861	0.000222
447.104481	0.010412	0.009720	0.000346
447.464846	0.010300	0.006497	0.001902
447.825167	0.009572	0.007819	0.000877
448.185443	0.009390	0.008616	0.000387
448.545674	0.009344	0.008726	0.000309
448.905861	0.008791	0.008596	0.000098
449.266002	0.009672	0.008649	0.000511
449.626100	0.008311	0.009012	-0.000351
449.986152	0.009717	0.009171	0.000273
450.346160	0.010095	0.008213	0.000941
450.706123	0.009227	0.009417	-0.000095
451.066041	0.008146	0.010826	-0.001340
451.425915	0.010950	0.009078	0.000936
451.785744	0.009699	0.008955	0.000372
452.145528	0.008645	0.008543	0.000051
452.505267	0.010004	0.008533	0.000735
452.864962	0.008328	0.008359	-0.000016
453.224612	0.008976	0.008384	0.000296
453.584217	0.009840	0.008738	0.000551
453.943777	0.009646	0.007914	0.000866
454.303292	0.009297	0.009320	-0.000012
454.662763	0.010593	0.010094	0.000250
455.022188	0.009026	0.008379	0.000324
455.381569	0.010090	0.009429	0.000331
455.740905	0.010524	0.007871	0.001327
456.100196	0.010399	0.009096	0.000651
456.459443	0.010186	0.008284	0.000951
456.818644	0.010505	0.008145	0.001180
457.177800	0.008392	0.008256	0.000068
457.536912	0.009849	0.008953	0.000448
457.895978	0.009727	0.007228	0.001249
458.255000	0.009162	0.009093	0.000034
458.613977	0.009671	0.007793	0.000939
458.972909	0.009138	0.007971	0.000584
459.331795	0.011109	0.009337	0.000886
459.690637	0.010726	0.008176	0.001275
460.049434	0.010532	0.008660	0.000936
460.408186	0.010112	0.010111	0.000000
460.766893	0.009602	0.008428	0.000587
461.125555	0.008819	0.008934	-0.000058
461.484172	0.009284	0.009747	-0.000232
461.842743	0.009365	0.008043	0.000661
462.201270	0.011021	0.009547	0.000737
462.559752	0.010278	0.008265	0.001007
462.918188	0.010310	0.009173	0.000568
463.276580	0.008677	0.008479	0.000099
463.634927	0.009389	0.007613	0.000888
463.993228	0.009368	0.008762	0.000303
464.351484	0.010823	0.008023	0.001400
464.709696	0.009391	0.008644	0.000373
465.067862	0.007561	0.009371	-0.000905
465.425983	0.007157	0.009286	-0.001065
465.784058	0.009834	0.008847	0.000493
466.142089	0.009554	0.007886	0.000834
466.500075	0.010601	0.007524	0.001539
466.858015	0.010871	0.009525	0.000673
467.215910	0.009069	0.010051	-0.000491
467.573760	0.009269	0.007605	0.000832
467.931565	0.009532	0.008359	0.000586
468.289324	0.011216	0.008968	0.001124
468.647039	0.011546	0.007902	0.001822
469.004708	0.009752	0.008275	0.000739
469.362332	0.010039	0.008809	0.000615
469.719910	0.010079	0.008435	0.000822
470.077443	0.008767	0.007345	0.000711
470.434932	0.009813	0.007505	0.001154
470.792374	0.009928	0.009239	0.000345
471.149772	0.011214	0.009920	0.000647
471.507124	0.010146	0.008220	0.000963
471.864431	0.010314	0.009578	0.000368
472.221693	0.008654	0.008559	0.000048
472.578909	0.009352	0.009089	0.000132
472.936080	0.008671	0.008101	0.000285
473.293205	0.008363	0.008377	-0.000007
473.650285	0.009039	0.008699	0.000170
474.007320	0.009149	0.009108	0.000021
474.364310	0.009870	0.008445	0.000713
474.721254	0.009461	0.009361	0.000050
475.078152	0.009851	0.008557	0.000647
475.435006	0.010192	0.008164	0.001014
475.791813	0.009422	0.008857	0.000283
476.148576	0.009758	0.008991	0.000384
476.505293	0.010676	0.007831	0.001422
476.861964	0.010455	0.007792	0.001332
477.218590	0.009428	0.009219	0.000105
477.575171	0.009170	0.007735	0.000717
477.931706	0.009110	0.007776	0.000667
478.288195	0.009472	0.008716	0.000378
478.644639	0.009458	0.007994	0.000732
479.001038	0.009469	0.008639	0.000415
479.357391	0.009913	0.007901	0.001006
479.713699	0.009733	0.007630	0.001052
480.069960	0.009469	0.008704	0.000383
480.426177	0.009131	0.008338	0.000396
480.782348	0.009497	0.009180	0.000158
481.138473	0.009884	0.009183	0.000351
481.494553	0.009731	0.008234	0.000748
481.850587	0.009560	0.008273	0.000643
482.206575	0.008624	0.009024	-0.000200
482.562518	0.008301	0.008203	0.000049
482.918416	0.010104	0.009314	0.000395
483.274267	0.009896	0.007703	0.001096
483.630073	0.009782	0.009144	0.000319
483.985834	0.009571	0.008782	0.000394
484.341548	0.008650	0.008634	0.000008
484.697217	0.009515	0.009085	0.000215
485.052841	0.009829	0.009614	0.000108
485.408418	0.010060	0.008413	0.000824
485.763950	0.008850	0.007944	0.000453
486.119436	0.009757	0.008409	0.000674
486.474877	0.009349	0.008257	0.000546
486.830272	0.009880	0.008351	0.000764
487.185621	0.010504	0.008870	0.000817
487.540924	0.010141	0.009168	0.000486
487.896182	0.010575	0.009207	0.000684
488.251393	0.009930	0.009211	0.000360
488.606559	0.009731	0.008389	0.000671
488.961679	0.009880	0.009154	0.000363
489.316754	0.009996	0.009154	0.000421
489.671782	0.009927	0.008766	0.000580
490.026765	0.010156	0.008980	0.000588
490.381702	0.009526	0.009131	0.000197
490.736593	0.009939	0.008199	0.000870
491.091438	0.009786	0.008185	0.000800
491.446238	0.009315	0.008368	0.000473
491.800991	0.010167	0.008798	0.000685
492.155699	0.009527	0.008821	0.000353
492.510360	0.009937	0.009519	0.000209
492.864976	0.009183	0.008503	0.000340
493.219546	0.008789	0.008446	0.000172
493.574070	0.009861	0.009071	0.000395
493.928548	0.010380	0.008898	0.000741
494.282980	0.009139	0.009280	-0.000070
494.637366	0.009383	0.009183	0.000100
494.991707	0.009168	0.008635	0.000266
495.346001	0.010624	0.009596	0.000514
495.700249	0.009092	0.008349	0.000371
496.054451	0.009558	0.008860	0.000349
496.408607	0.010200	0.009693	0.000254
496.762718	0.009298	0.009206	0.000046
497.116782	0.009319	0.009297	0.000011
497.470800	0.009755	0.008535	0.000610
497.824772	0.009940	0.008156	0.000892
498.178698	0.008947	0.009802	-0.000428
498.532578	0.009855	0.009341	0.000257
498.886412	0.009528	0.008721	0.000404
499.240200	0.010503	0.008522	0.000990
499.593942	0.009528	0.008859	0.000334
499.947637	0.008958	0.008385	0.000287
500.301287	0.009843	0.008810	0.000517
500.654890	0.009968	0.009256	0.000356
501.008448	0.010766	0.009953	0.000406
501.361959	0.009829	0.010213	-0.000192
501.715424	0.009367	0.008913	0.000227
502.068843	0.008886	0.009572	-0.000343
502.422215	0.010830	0.010101	0.000364
502.775542	0.010125	0.009626	0.000249
503.128822	0.008843	0.009369	-0.000263
503.482056	0.009652	0.008707	0.000472
503.835244	0.010536	0.009181	0.000678
504.188386	0.010647	0.009670	0.000489
504.541481	0.008353	0.009819	-0.000733
504.894530	0.009309	0.007701	0.000804
505.247533	0.009677	0.008637	0.000520
505.600490	0.009773	0.008276	0.000749
505.953400	0.009494	0.009167	0.000163
506.306264	0.009386	0.009281	0.000052
506.659082	0.009601	0.010484	-0.000441
507.011854	0.009710	0.008834	0.000438
507.364579	0.009972	0.010067	-0.000047
507.717258	0.009475	0.009993	-0.000259
508.069890	0.010145	0.008919	0.000613
508.422477	0.011148	0.010654	0.000247
508.775016	0.009704	0.009441	0.000131
509.127510	0.009772	0.009457	0.000157
509.479957	0.008656	0.008559	0.000049
509.832358	0.010103	0.010657	-0.000277
510.184712	0.009558	0.010390	-0.000416
510.537020	0.010703	0.009301	0.000701
510.889281	0.009844	0.009593	0.000126
511.241497	0.011088	0.009798	0.000645
511.593665	0.010540	0.010219	0.000161
511.945787	0.010672	0.009242	0.000715
512.297863	0.009749	0.009350	0.000199
512.649892	0.009408	0.009845	-0.000218
513.001875	0.010139	0.008940	0.000599
513.353812	0.008860	0.009102	-0.000121
513.705701	0.009845	0.009847	-0.000001
514.057545	0.010001	0.009536	0.000232
514.409342	0.010029	0.010041	-0.000006
514.761092	0.010380	0.009379	0.000500
515.112796	0.009168	0.008574	0.000297
515.464453	0.010375	0.008089	0.001143
515.816064	0.010338	0.008689	0.000824
516.167628	0.009566	0.009245	0.000161
516.519145	0.010714	0.009446	0.000634
516.870616	0.010035	0.010108	-0.000037
517.222041	0.010020	0.009384	0.000318
517.573418	0.010403	0.009000	0.000702
517.924750	0.009487	0.010155	-0.000334
518.276034	0.010521	0.011457	-0.000468
518.627272	0.009974	0.009463	0.000255
518.978463	0.010044	0.008401	0.000822
519.329608	0.009466	0.010338	-0.000436
519.680706	0.009478	0.009118	0.000180
520.031757	0.010108	0.010315	-0.000104
520.382762	0.009774	0.009449	0.000162
520.733719	0.009866	0.009012	0.000427
521.084631	0.009680	0.010263	-0.000292
521.435495	0.010706	0.010434	0.000136
521.786313	0.010231	0.008353	0.000939
522.137084	0.009431	0.011365	-0.000967
522.487808	0.010129	0.010785	-0.000328
522.838486	0.010213	0.009317	0.000448
523.189116	0.009707	0.009363	0.000172
523.539700	0.009335	0.009865	-0.000265
523.890237	0.009541	0.009390	0.000076
524.240728	0.008234	0.009431	-0.000599
524.591171	0.010444	0.007846	0.001299
524.941568	0.010409	0.009543	0.000433
525.291918	0.009622	0.011356	-0.000867
525.642221	0.009181	0.010828	-0.000823
525.992478	0.011646	0.009751	0.000948
526.342687	0.011618	0.011036	0.000291
526.692850	0.010359	0.009593	0.000383
527.042965	0.011129	0.010850	0.000139
527.393034	0.010962	0.009185	0.000889
527.743056	0.009093	0.009637	-0.000272
528.093031	0.010706	0.009455	0.000626
528.442959	0.009801	0.009196	0.000302
528.792840	0.010999	0.009450	0.000775
529.142674	0.010424	0.010650	-0.000113
529.492462	0.009743	0.010485	-0.000371
529.842202	0.009755	0.010611	-0.000428
530.191895	0.010083	0.010652	-0.000284
530.541542	0.008562	0.009736	-0.000587
530.891141	0.010882	0.008879	0.001001
531.240694	0.009855	0.011030	-0.000588
531.590199	0.010441	0.011020	-0.000290
531.939657	0.010344	0.010208	0.000068
532.289069	0.009810	0.012434	-0.001312
532.638433	0.009656	0.012187	-0.001265
532.987750	0.009838	0.011139	-0.000650
533.337021	0.009618	0.009583	0.000017
533.686244	0.009877	0.009506	0.000185
534.035420	0.009735	0.010121	-0.000193
534.384549	0.009348	0.009894	-0.000273
534.733631	0.010072	0.010786	-0.000357
535.082666	0.010679	0.009945	0.000367
535.431653	0.007753	0.011130	-0.001688
535.780594	0.009495	0.010538	-0.000522
536.129487	0.010576	0.009502	0.000537
536.478334	0.009929	0.010518	-0.000294
536.827133	0.010526	0.008917	0.000804
537.175885	0.008808	0.010595	-0.000893
537.524590	0.010484	0.010378	0.000053
537.873247	0.011120	0.011874	-0.000377
538.221858	0.009039	0.010882	-0.000921
538.570421	0.010001	0.010382	-0.000191
538.918937	0.009824	0.010050	-0.000113
539.267406	0.009476	0.009246	0.000115
539.615827	0.009027	0.010147	-0.000560
539.964202	0.009186	0.010484	-0.000649
540.312529	0.009070	0.010372	-0.000651
540.660808	0.012261	0.010012	0.001124
541.009041	0.010279	0.012255	-0.000988
541.357226	0.010772	0.010910	-0.000069
541.705364	0.009947	0.009162	0.000392
542.053455	0.010148	0.012216	-0.001034
542.401498	0.011310	0.010145	0.000582
542.749494	0.011449	0.009146	0.001152
543.097443	0.008995	0.010119	-0.000562
543.445344	0.009823	0.009850	-0.000013
543.793198	0.010645	0.011829	-0.000592
544.141005	0.009239	0.009453	-0.000107
544.488764	0.010811	0.011250	-0.000220
544.836476	0.009718	0.011644	-0.000963
545.184140	0.010149	0.010816	-0.000334
545.531757	0.009788	0.011885	-0.001049
545.879327	0.009349	0.009025	0.000162
546.226849	0.010858	0.011515	-0.000328
546.574324	0.012093	0.011485	0.000304
546.921751	0.009704	0.012795	-0.001546
547.269131	0.009723	0.011502	-0.000890
547.616463	0.011279	0.009431	0.000924
547.963748	0.008274	0.011072	-0.001399
548.310985	0.008946	0.010580	-0.000817
548.658175	0.009312	0.010504	-0.000596
549.005318	0.010742	0.009929	0.000406
549.352413	0.010098	0.009876	0.000111
549.699460	0.009215	0.011820	-0.001303
550.046460	0.009945	0.009724	0.000110
550.393412	0.009380	0.010788	-0.000704
550.740317	0.009253	0.009038	0.000107
551.087174	0.010010	0.011262	-0.000626
551.433984	0.008823	0.010113	-0.000645
551.780746	0.009454	0.010751	-0.000649
552.127460	0.010986	0.012027	-0.000521
552.474127	0.011179	0.012814	-0.000817
552.820746	0.009949	0.009666	0.000141
553.167318	0.009389	0.011297	-0.000954
553.513842	0.008784	0.012996	-0.002106
553.860318	0.010630	0.010194	0.000218
554.206747	0.009755	0.009413	0.000171
554.553128	0.008839	0.010165	-0.000663
554.899461	0.012515	0.011403	0.000556
555.245747	0.008844	0.012009	-0.001583
555.591985	0.010369	0.011577	-0.000604
555.938175	0.010565	0.010766	-0.000101
556.284317	0.010823	0.009992	0.000416
556.630412	0.009480	0.010202	-0.000361
556.976459	0.009985	0.011971	-0.000993
557.322459	0.010164	0.011076	-0.000456
557.668410	0.008340	0.009923	-0.000791
558.014314	0.011182	0.011409	-0.000114
558.360170	0.010611	0.011075	-0.000232
558.705978	0.010808	0.011588	-0.000390
559.051739	0.009608	0.011192	-0.000792
559.397451	0.011924	0.012184	-0.000130
559.743116	0.010663	0.012188	-0.000763
560.088733	0.008101	0.012468	-0.002184
560.434302	0.010587	0.010449	0.000069
560.779823	0.009882	0.010808	-0.000463
561.125297	0.010326	0.011262	-0.000468
561.470722	0.009053	0.011078	-0.001012
561.816100	0.010653	0.011311	-0.000329
562.161430	0.010877	0.011940	-0.000532
562.506712	0.008461	0.011367	-0.001453
562.851946	0.011463	0.012493	-0.000515
563.197132	0.009795	0.010379	-0.000292
563.542270	0.008486	0.011198	-0.001356
563.887360	0.011695	0.012202	-0.000254
564.232403	0.009563	0.011773	-0.001105
564.577397	0.008138	0.011908	-0.001885
564.922343	0.013002	0.010975	0.001014
565.267242	0.009994	0.012191	-0.001098
565.612092	0.009871	0.011246	-0.000687
565.956895	0.011952	0.011182	0.000385
566.301649	0.009209	0.010936	-0.000864
566.646355	0.011959	0.011397	0.000281
566.991014	0.010191	0.012183	-0.000996
567.335624	0.011791	0.011649	0.000071
567.680186	0.010569	0.011345	-0.000388
568.024700	0.010175	0.012377	-0.001101
568.369167	0.011885	0.009496	0.001195
568.713585	0.009369	0.012755	-0.001693
569.057955	0.011053	0.011155	-0.000051
569.402277	0.011746	0.011616	0.000065
569.746550	0.010128	0.012447	-0.001159
570.090776	0.010452	0.010593	-0.000071
570.434954	0.010926	0.009472	0.000727
570.779083	0.009862	0.012388	-0.001263
571.123164	0.011388	0.011018	0.000185
571.467197	0.010743	0.012143	-0.000700
571.811182	0.008702	0.012253	-0.001776
572.155119	0.010040	0.011590	-0.000775
572.499008	0.010486	0.009784	0.000351
572.842848	0.010036	0.011754	-0.000859
573.186640	0.011547	0.012483	-0.000468
573.530384	0.012111	0.010000	0.001055
573.874080	0.010521	0.010906	-0.000193
574.217727	0.009975	0.012919	-0.001472
574.561327	0.010166	0.012305	-0.001070
574.904878	0.011210	0.009852	0.000679
575.248380	0.008091	0.010810	-0.001360
575.591835	0.010191	0.012143	-0.000976
575.935241	0.009022	0.013398	-0.002188
576.278599	0.008772	0.013187	-0.002207
576.621908	0.011022	0.012797	-0.000887
576.965170	0.009731	0.013211	-0.001740
577.308383	0.009889	0.009968	-0.000040
577.651547	0.009596	0.012387	-0.001395
577.994663	0.010996	0.012866	-0.000935
578.337731	0.010272	0.012724	-0.001226
578.680751	0.009109	0.011673	-0.001282
579.023722	0.009917	0.011459	-0.000771
579.366645	0.010782	0.011747	-0.000483
579.709519	0.009556	0.011128	-0.000786
580.052345	0.011966	0.009463	0.001252
580.395123	0.011019	0.010113	0.000453
580.737852	0.007782	0.010677	-0.001447
581.080532	0.009046	0.011296	-0.001125
581.423165	0.011313	0.011994	-0.000340
581.765748	0.009612	0.010203	-0.000295
582.108284	0.009736	0.012382	-0.001323
582.450770	0.010210	0.012145	-0.000968
582.793209	0.012009	0.011582	0.000214
583.135599	0.011183	0.011199	-0.000008
583.477940	0.007868	0.011958	-0.002045
583.820233	0.010085	0.012198	-0.001057
584.162477	0.009969	0.011726	-0.000879
584.504673	0.010389	0.011396	-0.000503
584.846820	0.011153	0.013216	-0.001032
585.188919	0.009372	0.010072	-0.000350
585.530969	0.011428	0.012267	-0.000419
585.872970	0.011946	0.011031	0.000457
586.214923	0.013788	0.011882	0.000953
586.556827	0.011424	0.011463	-0.000019
586.898683	0.011085	0.012253	-0.000584
587.240490	0.012087	0.010470	0.000809
587.582249	0.012122	0.012334	-0.000106
587.923958	0.009899	0.011112	-0.000607
588.265620	0.010528	0.008815	0.000856
588.607232	0.011409	0.013186	-0.000888
588.948796	0.010041	0.010848	-0.000403
589.290311	0.011593	0.011575	0.000009
589.631778	0.010492	0.012827	-0.001167
589.973196	0.009161	0.012595	-0.001717
590.314565	0.012343	0.012254	0.000045
590.655885	0.011048	0.010289	0.000380
590.997157	0.012883	0.011664	0.000609
591.338379	0.011654	0.011371	0.000142
591.679554	0.012727	0.012908	-0.000090
592.020679	0.010305	0.013408	-0.001551
592.361756	0.011321	0.011488	-0.000083
592.702784	0.010295	0.012912	-0.001309
593.043763	0.011461	0.010672	0.000395
593.384693	0.010600	0.013148	-0.001274
593.725574	0.010794	0.010533	0.000131
594.066407	0.010553	0.012582	-0.001014
594.407191	0.011129	0.011742	-0.000306
594.747926	0.008667	0.011760	-0.001547
595.088612	0.011337	0.015008	-0.001835
595.429249	0.010312	0.009847	0.000233
595.769838	0.009795	0.012489	-0.001347
596.110377	0.011671	0.012496	-0.000413
596.450868	0.012395	0.012094	0.000151
596.791309	0.010278	0.011060	-0.000391
597.131702	0.011053	0.010893	0.000080
597.472046	0.011140	0.013040	-0.000950
597.812341	0.011336	0.010362	0.000487
598.152587	0.011940	0.012727	-0.000394
598.492784	0.009444	0.010786	-0.000671
598.832933	0.010156	0.014293	-0.002069
599.173032	0.011488	0.010833	0.000328
599.513082	0.013105	0.010391	0.001357
599.853083	0.010841	0.011996	-0.000577
600.193035	0.007774	0.013108	-0.002667
600.532939	0.011283	0.014023	-0.001370
600.872793	0.012417	0.012783	-0.000183
601.212598	0.007473	0.012644	-0.002586
601.552354	0.013300	0.013449	-0.000075
601.892061	0.010398	0.012545	-0.001073
602.231719	0.012362	0.011324	0.000519
602.571328	0.011257	0.010980	0.000138
602.910888	0.010760	0.013256	-0.001248
603.250399	0.009942	0.012323	-0.001191
603.589860	0.010078	0.011594	-0.000758
603.929273	0.014055	0.012036	0.001010
604.268636	0.011728	0.011218	0.000255
604.607951	0.010358	0.012168	-0.000905
604.947216	0.010350	0.014546	-0.002098
605.286432	0.010374	0.011804	-0.000715
605.625599	0.010293	0.010279	0.000007
605.964717	0.010476	0.011631	-0.000578
606.303785	0.010567	0.012022	-0.000727
606.642805	0.010386	0.013731	-0.001672
606.981775	0.011509	0.012553	-0.000522
607.320696	0.012562	0.015055	-0.001246
607.659567	0.010040	0.011716	-0.000838
607.998390	0.011065	0.012813	-0.000874
608.337163	0.012818	0.012161	0.000328
608.675887	0.011554	0.011176	0.000189
609.014562	0.012072	0.013154	-0.000541
609.353187	0.010612	0.012732	-0.001060
609.691764	0.009614	0.010973	-0.000679
610.030290	0.012428	0.013920	-0.000746
610.368768	0.012207	0.012989	-0.000391
610.707196	0.010029	0.012487	-0.001229
611.045575	0.010031	0.008385	0.000823
611.383905	0.010390	0.012405	-0.001008
611.722185	0.009946	0.015141	-0.002598
612.060416	0.011775	0.010895	0.000440
612.398598	0.011581	0.013754	-0.001086
612.736730	0.009925	0.009073	0.000426
613.074813	0.011502	0.012189	-0.000344
613.412847	0.011392	0.011508	-0.000058
613.750831	0.010558	0.012230	-0.000836
614.088765	0.010643	0.011882	-0.000620
614.426651	0.009938	0.014968	-0.002515
614.764486	0.012431	0.014045	-0.000807
615.102273	0.010385	0.011154	-0.000385
615.440010	0.010675	0.014215	-0.001770
615.777697	0.010363	0.014106	-0.001872
616.115335	0.009337	0.012658	-0.001661
616.452924	0.011495	0.011976	-0.000240
616.790463	0.012466	0.012387	0.000039
617.127952	0.011999	0.011913	0.000043
617.465392	0.010684	0.011617	-0.000467
617.802783	0.008803	0.012813	-0.002005
618.140124	0.012064	0.015416	-0.001676
618.477415	0.009727	0.011539	-0.000906
618.814657	0.011469	0.011810	-0.000171
619.151850	0.011124	0.013743	-0.001309
619.488992	0.010868	0.014844	-0.001988
619.826086	0.010706	0.013194	-0.001244
620.163129	0.009987	0.011145	-0.000579
620.500123	0.011616	0.013126	-0.000755
620.837068	0.012871	0.014308	-0.000718
621.173962	0.008236	0.014419	-0.003091
621.510808	0.010695	0.014306	-0.001806
621.847603	0.013983	0.013459	0.000262
622.184349	0.010867	0.012585	-0.000859
622.521045	0.012465	0.013088	-0.000312
622.857692	0.013713	0.012801	0.000456
623.194289	0.011983	0.008210	0.001887
623.530836	0.011399	0.011370	0.000014
623.867333	0.010895	0.011936	-0.000521
624.203781	0.011794	0.014793	-0.001500
624.540179	0.011160	0.011678	-0.000259
624.876527	0.009790	0.010382	-0.000296
625.212826	0.010429	0.011366	-0.000468
625.549075	0.012568	0.014120	-0.000776
625.885274	0.010605	0.013149	-0.001272
626.221423	0.010755	0.012228	-0.000737
626.557523	0.007832	0.010680	-0.001424
626.893572	0.010137	0.013898	-0.001881
627.229572	0.012089	0.012887	-0.000399
627.565522	0.011933	0.011892	0.000021
627.901423	0.011114	0.012471	-0.000679
628.237273	0.010347	0.012937	-0.001295
628.573074	0.011679	0.013510	-0.000916
628.908825	0.012401	0.012020	0.000191
629.244526	0.011147	0.012728	-0.000791
629.580177	0.011250	0.009682	0.000784
629.915778	0.009110	0.013520	-0.002205
630.251329	0.010291	0.011365	-0.000537
630.586830	0.010473	0.013630	-0.001578
630.922282	0.010143	0.011800	-0.000828
631.257683	0.012438	0.013422	-0.000492
631.593035	0.011016	0.011649	-0.000317
631.928337	0.008259	0.012724	-0.002233
632.263588	0.010505	0.010110	0.000198
632.598790	0.010427	0.012550	-0.001062
632.933942	0.010657	0.013054	-0.001199
633.269044	0.011876	0.013054	-0.000589
633.604096	0.010813	0.011321	-0.000254
633.939098	0.011537	0.011677	-0.000070
634.274049	0.012044	0.011607	0.000219
634.608951	0.008667	0.010901	-0.001117
634.943803	0.011076	0.012046	-0.000485
635.278605	0.012558	0.011599	0.000479
635.613356	0.010920	0.011403	-0.000242
635.948058	0.011790	0.013720	-0.000965
636.282710	0.010835	0.011142	-0.000154
636.617311	0.010358	0.014204	-0.001923
636.951862	0.010153	0.011268	-0.000558
637.286364	0.011540	0.011687	-0.000073
637.620815	0.011247	0.013139	-0.000946
637.955216	0.011691	0.013109	-0.000709
638.289567	0.011690	0.011110	0.000290
638.623868	0.013807	0.011644	0.001082
638.958118	0.011605	0.014357	-0.001376
639.292319	0.011197	0.013267	-0.001035
639.626469	0.014299	0.013765	0.000267
639.960569	0.012850	0.013920	-0.000535
640.294619	0.011413	0.009882	0.000766
640.628619	0.009392	0.012514	-0.001561
640.962568	0.010488	0.012074	-0.000793
641.296468	0.010229	0.011928	-0.000849
641.630317	0.012037	0.012207	-0.000085
641.964116	0.011955	0.011378	0.000289
642.297864	0.010203	0.012472	-0.001135
642.631563	0.011953	0.011441	0.000256
642.965211	0.009939	0.013328	-0.001694
643.298808	0.009785	0.014667	-0.002441
643.632356	0.011580	0.013675	-0.001047
643.965853	0.010168	0.013572	-0.001702
644.299300	0.014509	0.015833	-0.000662
644.632697	0.013691	0.011959	0.000866
644.966043	0.011604	0.014699	-0.001548
645.299339	0.012860	0.015052	-0.001096
645.632584	0.012031	0.012474	-0.000222
645.965779	0.011200	0.011129	0.000036
646.298924	0.011403	0.011084	0.000159
646.632019	0.010901	0.012989	-0.001044
646.965063	0.012455	0.013115	-0.000330
647.298056	0.011221	0.014038	-0.001409
647.630999	0.009801	0.014966	-0.002583
647.963892	0.013319	0.014106	-0.000393
648.296735	0.012749	0.012901	-0.000076
648.629527	0.011776	0.011913	-0.000068
648.962268	0.012402	0.012606	-0.000102
649.294959	0.012319	0.015166	-0.001423
649.627600	0.013679	0.013182	0.000248
649.960190	0.012854	0.014180	-0.000663
650.292729	0.009203	0.015203	-0.003000
650.625218	0.009474	0.013954	-0.002240
650.957657	0.011920	0.014879	-0.001479
651.290045	0.011330	0.012967	-0.000818
651.622383	0.011714	0.013601	-0.000943
651.954669	0.012088	0.012878	-0.000395
652.286906	0.011512	0.012515	-0.000501
652.619092	0.011146	0.010963	0.000091
652.951227	0.011038	0.012039	-0.000500
653.283312	0.013106	0.013658	-0.000276
653.615346	0.012847	0.014024	-0.000588
653.947329	0.015827	0.012975	0.001426
654.279262	0.010368	0.010052	0.000158
654.611145	0.012819	0.011813	0.000503
654.942976	0.010264	0.012397	-0.001066
655.274757	0.013240	0.012632	0.000304
655.606488	0.013262	0.013626	-0.000182
655.938167	0.010853	0.013304	-0.001226
656.269796	0.009578	0.013952	-0.002187
656.601375	0.012457	0.014349	-0.000946
656.932902	0.012296	0.012668	-0.000186
657.264379	0.007598	0.013726	-0.003064
657.595806	0.013444	0.014561	-0.000558
657.927181	0.012431	0.012318	0.000057
658.258506	0.011440	0.014327	-0.001443
658.589780	0.011228	0.012520	-0.000646
658.921003	0.010212	0.012981	-0.001385
659.252176	0.011562	0.013762	-0.001100
659.583298	0.011505	0.012071	-0.000283
659.914369	0.012412	0.012694	-0.000141
660.245389	0.011127	0.014638	-0.001756
660.576358	0.011379	0.014003	-0.001312
660.907277	0.012114	0.010515	0.000799
661.238145	0.011864	0.016255	-0.002195
661.568962	0.012617	0.013994	-0.000688
661.899728	0.013862	0.014901	-0.000520
662.230443	0.014519	0.011652	0.001434
662.561107	0.011421	0.015263	-0.001921
662.891721	0.009446	0.012774	-0.001664
663.222283	0.011303	0.012984	-0.000841
663.552795	0.011343	0.013349	-0.001003
663.883256	0.010156	0.012574	-0.001209
664.213666	0.012007	0.013998	-0.000996
664.544025	0.012388	0.012940	-0.000276
664.874333	0.012888	0.013116	-0.000114
665.204590	0.012036	0.010896	0.000570
665.534796	0.007298	0.014205	-0.003453
665.864952	0.011790	0.012667	-0.000438
666.195056	0.015446	0.009538	0.002954
666.525109	0.009366	0.015890	-0.003262
666.855111	0.011582	0.012333	-0.000376
667.185063	0.011003	0.013568	-0.001282
667.514963	0.013938	0.017372	-0.001717
667.844812	0.009311	0.014395	-0.002542
668.174610	0.011832	0.012678	-0.000423
668.504357	0.013011	0.011998	0.000507
668.834054	0.013113	0.012437	0.000338
669.163699	0.010988	0.013957	-0.001484
669.493293	0.010034	0.017048	-0.003507
669.822836	0.011778	0.013990	-0.001106
670.152327	0.014319	0.012791	0.000764
670.481768	0.011411	0.013837	-0.001213
670.811158	0.007607	0.013256	-0.002824
671.140496	0.015725	0.014069	0.000828
671.469783	0.012390	0.014670	-0.001140
671.799020	0.014972	0.014706	0.000133
672.128205	0.011994	0.012477	-0.000242
672.457339	0.010670	0.013088	-0.001209
672.786421	0.013052	0.012426	0.000313
673.115453	0.012451	0.012441	0.000005
673.444433	0.011656	0.013005	-0.000675
673.773362	0.012614	0.014492	-0.000939
674.102240	0.012616	0.015213	-0.001298
674.431067	0.011639	0.012910	-0.000636
674.759842	0.011830	0.015978	-0.002074
675.088567	0.010290	0.015737	-0.002724
675.417240	0.012436	0.013130	-0.000347
675.745861	0.015781	0.013585	0.001098
676.074432	0.012180	0.015206	-0.001513
676.402951	0.011649	0.014118	-0.001235
676.731419	0.013779	0.011480	0.001150
677.059835	0.012910	0.010167	0.001372
677.388201	0.015526	0.013337	0.001094
677.716515	0.011614	0.014055	-0.001221
678.044777	0.009558	0.013175	-0.001808
678.372988	0.010162	0.013704	-0.001771
678.701148	0.011953	0.015386	-0.001716
679.029257	0.008379	0.012781	-0.002201
679.357314	0.012240	0.015804	-0.001782
679.685320	0.014254	0.012785	0.000735
680.013274	0.008346	0.010366	-0.001010
680.341177	0.013292	0.013078	0.000107
680.669029	0.012047	0.014663	-0.001308
680.996829	0.011317	0.012318	-0.000501
681.324578	0.012510	0.012733	-0.000111
681.652275	0.013953	0.013889	0.000032
681.979921	0.013497	0.012873	0.000312
682.307515	0.013517	0.013265	0.000126
682.635058	0.015866	0.011775	0.002045
682.962550	0.014246	0.013542	0.000352
683.289989	0.012467	0.013352	-0.000442
683.617378	0.012332	0.014222	-0.000945
683.944715	0.010114	0.016064	-0.002975
684.272000	0.013033	0.014110	-0.000539
684.599234	0.013681	0.013030	0.000325
684.926416	0.011722	0.012430	-0.000354
685.253547	0.011052	0.014211	-0.001580
685.580626	0.009500	0.017180	-0.003840
685.907654	0.011739	0.016032	-0.002147
686.234630	0.010188	0.018068	-0.003940
686.561554	0.011839	0.013172	-0.000667
686.888427	0.014043	0.014873	-0.000415
687.215248	0.013775	0.014678	-0.000452
687.542018	0.014268	0.013030	0.000619
687.868736	0.011255	0.016118	-0.002431
688.195402	0.012510	0.015968	-0.001729
688.522017	0.015805	0.016977	-0.000586
688.848580	0.013200	0.012506	0.000347
689.175091	0.013832	0.009944	0.001944
689.501551	0.012278	0.015097	-0.001409
689.827959	0.016881	0.012040	0.002421
690.154315	0.010730	0.012527	-0.000899
690.480620	0.013529	0.014004	-0.000238
690.806873	0.012507	0.012790	-0.000141
691.133074	0.010523	0.012514	-0.000996
691.459223	0.013625	0.014426	-0.000400
691.785321	0.010808	0.016087	-0.002639
692.111367	0.011835	0.016080	-0.002122
692.437361	0.013136	0.015694	-0.001279
692.763303	0.012005	0.014257	-0.001126
693.089193	0.012372	0.014995	-0.001311
693.415032	0.012095	0.012871	-0.000388
693.740819	0.017245	0.011307	0.002969
694.066554	0.010327	0.013367	-0.001520
694.392237	0.014621	0.014486	0.000067
694.717869	0.012774	0.016893	-0.002059
695.043448	0.014261	0.014486	-0.000113
695.368976	0.013899	0.013532	0.000183
695.694452	0.013632	0.009013	0.002309
696.019876	0.012439	0.014790	-0.001176
696.345248	0.013756	0.014017	-0.000130
696.670568	0.011059	0.015923	-0.002432
696.995836	0.012891	0.012263	0.000314
697.321052	0.011040	0.014122	-0.001541
697.646216	0.009754	0.010956	-0.000601
697.971329	0.012100	0.013104	-0.000502
698.296389	0.012658	0.013511	-0.000427
698.621398	0.013319	0.016050	-0.001365
698.946354	0.011815	0.015222	-0.001703
699.271259	0.011246	0.014179	-0.001466
699.596111	0.012429	0.012085	0.000172
699.920912	0.014481	0.013285	0.000598
700.245660	0.011172	0.012312	-0.000570
700.570357	0.012004	0.017384	-0.002690
700.895001	0.011537	0.016874	-0.002669
701.219594	0.013504	0.013628	-0.000062
701.544134	0.012783	0.014525	-0.000871
701.868622	0.012371	0.016419	-0.002024
702.193059	0.013024	0.014542	-0.000759
702.517443	0.012767	0.011991	0.000388
702.841775	0.012697	0.014597	-0.000950
703.166055	0.013526	0.012933	0.000297
703.490283	0.016427	0.014697	0.000865
703.814458	0.012511	0.018305	-0.002897
704.138582	0.007560	0.013638	-0.003039
704.462653	0.011783	0.014994	-0.001606
704.786673	0.012331	0.014157	-0.000913
705.110640	0.013993	0.013338	0.000328
705.434555	0.013644	0.013039	0.000303
705.758417	0.014735	0.018927	-0.002096
706.082228	0.015847	0.013745	0.001051
706.405986	0.013469	0.010935	0.001267
706.729692	0.012968	0.015929	-0.001481
707.053346	0.015787	0.014563	0.000612
707.376948	0.012602	0.014650	-0.001024
707.700497	0.011200	0.016943	-0.002871
708.023995	0.011435	0.011339	0.000048
708.347439	0.014178	0.013132	0.000523
708.670832	0.016351	0.015059	0.000646
708.994173	0.011963	0.012376	-0.000207
709.317461	0.006936	0.017333	-0.005199
709.640696	0.011963	0.011878	0.000042
709.963880	0.013116	0.013855	-0.000369
710.287011	0.008456	0.013976	-0.002760
710.610090	0.011239	0.012831	-0.000796
710.933116	0.014587	0.013280	0.000654
711.256090	0.015133	0.011637	0.001748
711.579012	0.012779	0.016905	-0.002063
711.901881	0.014791	0.009862	0.002465
712.224698	0.007672	0.015109	-0.003719
712.547463	0.013651	0.017636	-0.001992
712.870175	0.012180	0.017382	-0.002601
713.192835	0.010159	0.014426	-0.002133
713.515442	0.015313	0.016340	-0.000514
713.837997	0.012767	0.015092	-0.001162
714.160499	0.014615	0.014594	0.000011
714.482949	0.012703	0.011755	0.000474
714.805347	0.012406	0.014088	-0.000841
715.127692	0.013990	0.010308	0.001841
715.449985	0.013162	0.012206	0.000478
715.772225	0.012091	0.012541	-0.000225
716.094412	0.008707	0.016338	-0.003816
716.416547	0.012115	0.008973	0.001571
716.738630	0.011753	0.012423	-0.000335
717.060660	0.014605	0.011293	0.001656
717.382637	0.010906	0.013378	-0.001236
717.704562	0.008519	0.010818	-0.001150
718.026435	0.012456	0.016491	-0.002018
718.348254	0.016250	0.014790	0.000730
718.670022	0.015224	0.010885	0.002169
718.991736	0.013053	0.014117	-0.000532
719.313398	0.013446	0.014741	-0.000648
719.635008	0.015968	0.009951	0.003008
719.956564	0.009336	0.017443	-0.004053
720.278068	0.011664	0.012562	-0.000449
720.599520	0.017705	0.014058	0.001823
720.920919	0.015902	0.015060	0.000421
721.242265	0.015089	0.014700	0.000194
721.563558	0.015550	0.012165	0.001692
721.884799	0.010947	0.012925	-0.000989
722.205987	0.014242	0.010274	0.001984
722.527123	0.012424	0.015181	-0.001378
722.848205	0.016248	0.009512	0.003368
723.169235	0.011217	0.008120	0.001548
723.490212	0.010583	0.014222	-0.001820
723.811137	0.017306	0.013730	0.001788
724.132009	0.018538	0.016908	0.000815
724.452828	0.009374	0.014198	-0.002412
724.773594	0.013476	0.015137	-0.000830
725.094307	0.011915	0.011999	-0.000042
725.414968	0.013911	0.017704	-0.001896
725.735576	0.013112	0.010665	0.001223
726.056131	0.012244	0.018551	-0.003153
726.376633	0.012958	0.018124	-0.002583
726.697082	0.012229	0.014511	-0.001141
727.017478	0.011182	0.015176	-0.001997
727.337822	0.012749	0.013063	-0.000157
727.658113	0.015277	0.014103	0.000587
727.978351	0.008207	0.013647	-0.002720
728.298536	0.012012	0.016034	-0.002011
728.618668	0.013192	0.015544	-0.001176
728.938747	0.014510	0.008830	0.002840
729.258773	0.019031	0.014572	0.002230
729.578747	0.013554	0.010504	0.001525
729.898667	0.015037	0.011260	0.001888
730.218534	0.013055	0.012203	0.000426
730.538349	0.011099	0.015916	-0.002408
730.858111	0.011656	0.016484	-0.002414
731.177819	0.009577	0.010532	-0.000477
731.497475	0.010586	0.012473	-0.000944
731.817077	0.015360	0.012814	0.001273
732.136627	0.010667	0.014092	-0.001712
732.456123	0.010426	0.012240	-0.000907
732.775567	0.007599	0.011293	-0.001847
733.094958	0.013431	0.010306	0.001562
733.414295	0.010123	0.014742	-0.002309
733.733579	0.016594	0.010395	0.003100
734.052811	0.010526	0.011457	-0.000465
734.371989	0.010676	0.009172	0.000752
734.691114	0.007233	0.013091	-0.002929
735.010186	0.014754	0.014843	-0.000044
735.329205	0.008863	0.016031	-0.003584
735.648171	0.010363	0.017513	-0.003575
735.967084	0.011430	0.008858	0.001286
736.285944	0.012366	0.016851	-0.002242
736.604750	0.013062	0.011211	0.000925
736.923503	0.014880	0.022695	-0.003907
737.242203	0.008737	0.010085	-0.000674
737.560850	0.010220	0.015126	-0.002453
737.879444	0.010629	0.015039	-0.002205
738.197985	0.012627	0.014259	-0.000816
738.516472	0.014237	0.008055	0.003091
738.834906	0.010822	0.016251	-0.002715
739.153287	0.008955	0.012652	-0.001848
739.471615	0.012996	0.013167	-0.000086
739.789889	0.014465	0.019303	-0.002419
740.108111	0.012218	0.012061	0.000078
740.426279	0.019280	0.010712	0.004284
740.744393	0.009334	0.016425	-0.003546
741.062455	0.011928	0.013589	-0.000831
741.380463	0.010662	0.014690	-0.002014
741.698417	0.011681	0.010515	0.000583
742.016319	0.013144	0.013054	0.000045
742.334167	0.013121	0.015333	-0.001106
742.651962	0.012523	0.016866	-0.002172
742.969703	0.008460	0.012072	-0.001806
743.287391	0.017233	0.017347	-0.000057
743.605026	0.013729	0.015726	-0.000999
743.922607	0.015257	0.012366	0.001445
744.240135	0.010573	0.018360	-0.003893
744.557610	0.013122	0.013020	0.000051
744.875031	0.011890	0.016914	-0.002512
745.192399	0.011181	0.011051	0.000065
745.509713	0.017005	0.019054	-0.001025
745.826974	0.015327	0.017051	-0.000862
746.144182	0.013615	0.012805	0.000405
746.461336	0.016432	0.018264	-0.000916
746.778436	0.009155	0.009156	-0.000001
747.095483	0.013965	0.012148	0.000908
747.412477	0.012198	0.012431	-0.000117
747.729417	0.007524	0.011547	-0.002012
748.046303	0.010715	0.011381	-0.000333
748.363136	0.010210	0.015489	-0.002639
748.679916	0.013214	0.010935	0.001140
748.996642	0.019910	0.019471	0.000219
749.313314	0.012227	0.014458	-0.001116
749.629933	0.008908	0.013891	-0.002492
749.946498	0.016221	0.015904	0.000159
750.263010	0.013888	0.015013	-0.000562
750.579468	0.013213	0.015151	-0.000969
750.895873	0.008830	0.014404	-0.002787
751.212224	0.010291	0.014094	-0.001902
751.528521	0.007205	0.015300	-0.004047
751.844765	0.010084	0.014173	-0.002044
752.160955	0.015978	0.017776	-0.000899
752.477091	0.011141	0.014628	-0.001744
752.793174	0.015615	0.013728	0.000943
753.109203	0.017198	0.014905	0.001146
753.425178	0.002192	0.016297	-0.007053
753.741100	0.015604	0.018269	-0.001332
754.056968	0.007995	0.010289	-0.001147
754.372783	0.010823	0.012504	-0.000840
754.688543	0.017330	0.011771	0.002780
755.004250	0.011968	0.011240	0.000364
755.319903	0.012079	0.014982	-0.001451
755.635503	0.012286	0.016162	-0.001938
755.951048	0.012093	0.016689	-0.002298
756.266540	0.012877	0.011538	0.000669
756.581978	0.019943	0.010822	0.004560
756.897363	0.014088	0.011918	0.001085
757.212693	0.012483	0.012794	-0.000155
757.527970	0.012866	0.011584	0.000641
757.843193	0.015528	0.011067	0.002231
758.158362	0.014813	0.011760	0.001527
758.473477	0.013828	0.014332	-0.000252
758.788538	0.014670	0.013074	0.000798
759.103546	0.009772	0.018152	-0.004190
759.418499	0.013972	0.013023	0.000474
759.733399	0.014076	0.018293	-0.002109
760.048245	0.013927	0.016810	-0.001441
760.363037	0.011741	0.011520	0.000111
760.677775	0.010298	0.010556	-0.000129
760.992459	0.017498	0.011560	0.002969
761.307090	0.007469	0.015306	-0.003918
761.621666	0.010849	0.012074	-0.000612
761.936188	0.013633	0.013269	0.000182
762.250657	0.015298	0.018801	-0.001751
762.565071	0.011583	0.012125	-0.000271
762.879432	0.009243	0.013188	-0.001972
763.193738	0.012279	0.013894	-0.000807
763.507991	0.015771	0.015427	0.000172
763.822189	0.012467	0.024156	-0.005845
764.136333	0.007404	0.012708	-0.002652
764.450424	0.007245	0.012423	-0.002589
764.764460	0.008064	0.009544	-0.000740
765.078443	0.013194	0.010608	0.001293
765.392371	0.017400	0.015961	0.000720
765.706245	0.013717	0.015197	-0.000740
766.020065	0.003641	0.014463	-0.005411
766.333831	0.017156	0.011749	0.002703
766.647543	0.019353	0.015973	0.001690
766.961201	0.014187	0.007070	0.003559
767.274805	0.015154	0.014570	0.000292
767.588354	0.011318	0.015449	-0.002065
767.901850	0.019025	0.019429	-0.000202
768.215291	0.018444	0.008819	0.004812
768.528678	0.016387	0.013011	0.001688
768.842011	0.008029	0.008678	-0.000324
769.155290	0.012003	0.011178	0.000412
769.468515	0.014177	0.013635	0.000271
769.781685	0.012796	0.014334	-0.000769
770.094801	0.013038	0.013733	-0.000347
770.407864	0.011791	0.010730	0.000530
770.720871	0.020379	0.014706	0.002837
771.033825	0.011514	0.009283	0.001115
771.346724	0.018012	0.011981	0.003016
771.659569	0.015057	0.008575	0.003241
771.972360	0.017559	0.011552	0.003004
772.285096	0.009497	0.017839	-0.004171
772.597779	0.006855	0.010638	-0.001892
772.910407	0.018011	0.015057	0.001477
773.222980	0.008471	0.014331	-0.002930
773.535499	0.004087	0.008379	-0.002146
773.847964	0.007980	0.019167	-0.005594
774.160375	0.013412	0.016867	-0.001728
774.472731	0.009449	0.015551	-0.003051
774.785033	0.012892	0.007794	0.002549
775.097281	0.012046	0.015247	-0.001600
775.409474	0.015198	0.008523	0.003338
775.721613	0.014334	0.019989	-0.002827
776.033697	0.014450	0.017193	-0.001372
776.345727	0.000461	0.012089	-0.005814
776.657702	0.017842	0.018863	-0.000510
776.969624	0.011210	0.016984	-0.002887
777.281490	0.014316	0.019020	-0.002352
777.593303	0.010500	0.016349	-0.002924
777.905060	0.008593	0.010238	-0.000822
778.216764	0.020025	0.015852	0.002086
778.528412	0.019911	0.011883	0.004014
778.840007	0.009402	0.010557	-0.000577
779.151547	0.012650	0.011138	0.000756
779.463032	0.015206	0.006136	0.004535
779.774463	0.011454	0.016169	-0.002358
780.085839	0.018442	0.011548	0.003447
780.397161	0.019373	0.015064	0.002154
780.708428	0.017458	0.016354	0.000552
781.019641	0.017262	0.020450	-0.001594
781.330799	0.003986	0.010993	-0.003503
781.641902	0.009871	0.011911	-0.001020
781.952951	0.012530	0.012944	-0.000207
782.263946	0.019191	0.006155	0.006518
782.574885	0.020943	0.013255	0.003844
782.885770	0.011207	0.018148	-0.003471
783.196601	0.008525	0.012106	-0.001791
783.507377	0.017272	0.010856	0.003208
783.818098	0.013466	0.015164	-0.000849
784.128764	0.023187	0.019090	0.002049
784.439376	0.018071	0.011590	0.003241
784.749933	0.012518	0.015084	-0.001283
785.060436	0.022529	0.019062	0.001734
785.370884	0.014655	0.014302	0.000176
785.681277	0.013337	0.021511	-0.004087
785.991615	0.012591	0.009691	0.001450
786.301899	0.014520	0.012931	0.000795
786.612128	0.017726	0.017565	0.000080
786.922302	0.013221	0.011368	0.000927
787.232421	0.003543	0.013119	-0.004788
787.542486	0.010012	0.010357	-0.000173
787.852496	0.008981	0.012929	-0.001974
788.162451	0.008287	0.007748	0.000269
788.472351	0.016043	0.014083	0.000980
788.782196	0.014879	0.015937	-0.000529
789.091987	0.005701	0.018394	-0.006347
789.401723	0.014203	0.016164	-0.000981
789.711404	0.016373	0.003935	0.006219
790.021030	0.010360	0.008674	0.000843
790.330601	0.012393	0.013079	-0.000343
790.640117	0.009125	0.004317	0.002404
790.949579	0.007762	0.008948	-0.000593
791.258985	0.018990	0.017258	0.000866
791.568337	0.008181	0.020093	-0.005956
791.877634	0.018393	0.008867	0.004763
792.186876	0.008978	0.022406	-0.006714
792.496063	0.008408	0.010393	-0.000993
792.805195	0.017809	0.014198	0.001805
793.114272	0.003130	0.014531	-0.005700
793.423294	0.004245	0.005196	-0.000476
793.732261	0.022193	0.015767	0.003213
794.041173	0.018741	0.013070	0.002836
794.350030	0.013877	0.013216	0.000331
794.658833	0.018295	0.010228	0.004033
794.967580	0.024230	0.010444	0.006893
795.276272	0.008395	0.006891	0.000752
795.584909	0.013611	0.001876	0.005868
795.893491	0.006266	0.011086	-0.002410
796.202018	0.011802	0.013173	-0.000686
796.510490	0.023059	0.008004	0.007528
796.818907	0.022614	0.004819	0.008898
797.127269	0.015611	0.023132	-0.003760
797.435576	0.010537	0.021371	-0.005417
797.743827	0.009994	0.011834	-0.000920
798.052024	0.013798	0.017550	-0.001876
798.360165	0.008149	0.019218	-0.005534
798.668251	0.023845	0.012944	0.005451
798.976283	0.013688	0.024301	-0.005307
799.284259	0.016830	0.013852	0.001489
799.592179	0.007129	0.011569	-0.002220
799.900045	0.015617	0.022419	-0.003401
800.207855	0.015864	0.019644	-0.001890
800.515611	0.008336	0.023977	-0.007821
800.823311	0.018798	0.016164	0.001317
801.130956	0.003230	0.026662	-0.011716
801.438545	0.012646	0.003120	0.004763
801.746080	0.008233	0.008893	-0.000330
802.053559	0.010974	0.011966	-0.000496
802.360983	0.016166	0.006068	0.005049
802.668352	0.015462	0.025092	-0.004815
802.975665	0.007791	0.012059	-0.002134
803.282923	0.015009	0.013340	0.000835
803.590126	0.018733	0.010235	0.004249
803.897274	0.018634	0.003817	0.007408
804.204366	0.011483	0.015897	-0.002207
804.511403	0.031000	0.008380	0.011310
804.818384	0.018395	0.017400	0.000498
805.125311	0.011195	0.015218	-0.002012
805.432181	0.019934	0.006386	0.006774
805.738997	0.007390	0.008475	-0.000543
806.045757	0.021053	0.009881	0.005586
806.352462	0.005713	0.012660	-0.003474
806.659111	0.022246	0.021285	0.000481
806.965705	0.017918	0.009719	0.004100
807.272244	0.008120	0.021114	-0.006497
807.578727	0.012166	-0.001126	0.006646
807.885155	0.003916	0.019296	-0.007690
808.191527	0.010783	0.016324	-0.002771
808.497844	0.012545	0.011494	0.000525
808.804105	0.006422	0.004629	0.000897
809.110311	0.006688	0.021093	-0.007203
809.416462	0.014374	0.024074	-0.004850
809.722557	0.014497	0.007690	0.003403
810.028596	0.002780	-0.003691	0.003236
810.334580	0.005439	0.020595	-0.007578
810.640508	0.016738	0.014166	0.001286
810.946381	0.007394	0.012873	-0.002739
811.252199	0.006964	0.015142	-0.004089
811.557961	0.001703	0.011476	-0.004886
811.863667	0.013013	0.023238	-0.005113
812.169317	0.019723	0.027759	-0.004018
812.474913	0.016023	0.021317	-0.002647
812.780452	0.004906	0.008999	-0.002046
813.085936	0.013270	0.021869	-0.004299
813.391364	0.012599	0.025988	-0.006694
813.696737	0.010616	0.018187	-0.003786
814.002054	0.014749	0.012605	0.001072
814.307315	0.018860	0.019837	-0.000488
814.612521	0.018283	0.014469	0.001907
814.917671	0.003581	0.015257	-0.005838
815.222766	0.014954	0.022145	-0.003596
815.527804	0.023988	0.034703	-0.005357
815.832787	0.009438	0.001475	0.003982
816.137715	0.037220	0.017189	0.010015
816.442586	0.016641	0.000113	0.008264
816.747402	0.027808	0.013699	0.007054
817.052162	0.008664	0.010743	-0.001040
817.356867	0.015546	0.005489	0.005029
817.661516	0.005499	0.020075	-0.007288
817.966109	0.032265	0.012707	0.009779
818.270646	0.014840	0.014314	0.000263
818.575127	0.006717	-0.001653	0.004185
818.879553	0.018025	0.021041	-0.001508
819.183922	0.014496	0.026813	-0.006159
819.488236	0.013238	0.000823	0.006207
819.792495	0.002948	0.003709	-0.000381
820.096697	-0.000458	0.018070	-0.009264
820.400843	0.004939	0.018993	-0.007027
820.704934	0.020839	0.018065	0.001387
821.008969	0.003252	-0.005095	0.004174
821.312948	0.017502	0.005880	0.005811
821.616871	0.016264	0.013032	0.001616
821.920738	0.026106	0.016673	0.004716
822.224549	0.014589	0.044798	-0.015104
822.528305	0.005807	0.032729	-0.013461
822.832004	0.015324	0.015118	0.000103
823.135647	0.030245	0.001967	0.014139
823.439235	0.007500	0.007960	-0.000230
823.742767	0.020192	0.012088	0.004052
824.046242	0.016925	0.007853	0.004536
824.349662	0.010453	0.035725	-0.012636
824.653026	0.004162	0.029652	-0.012745
824.956333	0.011162	0.021546	-0.005192
825.259585	0.020228	0.010121	0.005053
825.562781	0.007913	0.007389	0.000262
825.865920	-0.013272	0.023957	-0.018615
826.169004	-0.013689	0.024684	-0.019186
826.472031	0.014126	0.003480	0.005323
826.775003	0.005613	0.019599	-0.006993
827.077918	0.017969	0.010580	0.003694
827.380778	0.024077	0.009891	0.007093
827.683581	0.005483	0.001916	0.001784
827.986328	0.019707	0.002842	0.008432
828.289019	0.008132	0.034164	-0.013016
828.591654	0.021492	0.029960	-0.004234
828.894233	0.008619	0.003975	0.002322
829.196756	-0.003170	0.020690	-0.011930
829.499223	0.025109	0.009478	0.007816
829.801633	0.025695	0.034092	-0.004198
830.103988	0.017125	0.031242	-0.007058
830.406286	0.007643	0.011541	-0.001949
830.708528	0.029103	0.018702	0.005201
831.010713	0.014989	-0.001110	0.008049
831.312843	0.008774	0.017272	-0.004249
831.614916	-0.008437	0.021740	-0.015088
831.916933	0.012523	-0.010475	0.011499
832.218894	0.028875	0.011206	0.008835
832.520799	0.011590	0.010875	0.000357
832.822647	0.001828	0.007839	-0.003006
833.124440	0.033277	0.029002	0.002137
833.426175	0.009233	0.005759	0.001737
833.727855	0.000562	0.022955	-0.011196
834.029478	0.030584	0.013185	0.008700
834.331045	0.011909	0.023614	-0.005852
834.632556	0.036113	0.017372	0.009371
834.934010	0.034563	0.004078	0.015242
835.235408	0.006861	0.000096	0.003382
835.536750	0.016901	-0.005037	0.010969
835.838035	0.015392	0.029743	-0.007176
836.139264	0.027834	0.022233	0.002800
836.440437	0.005684	-0.000434	0.003059
836.741553	-0.023028	0.004010	-0.013519
837.042613	0.011654	0.024896	-0.006621
837.343616	0.002864	0.030990	-0.014063
837.644563	-0.011884	-0.017925	0.003020
837.945454	0.019069	0.014471	0.002299
838.246288	0.015980	-0.000222	0.008101
838.547066	0.010104	0.012807	-0.001351
838.847787	0.032039	0.039634	-0.003798
839.148452	0.026435	-0.002002	0.014219
839.449060	0.013635	0.013447	0.000094
839.749612	0.001802	0.012714	-0.005456
840.050108	-0.014897	-0.014496	-0.000200
840.350547	0.017105	0.018811	-0.000853
840.650929	0.021987	0.002631	0.009678
840.951255	0.010366	0.048511	-0.019073
841.251524	0.037563	0.020238	0.008662
841.551737	0.039072	0.014994	0.012039
841.851893	0.041295	0.011575	0.014860
842.151993	0.003761	0.005314	-0.000776
842.452036	0.017057	-0.014457	0.015757
842.752022	0.011659	0.017925	-0.003133
843.051952	0.000071	0.021896	-0.010913
843.351825	-0.015578	0.002980	-0.009279
843.651642	0.003718	-0.008104	0.005911
843.951402	0.006767	-0.004087	0.005427
844.251106	-0.003893	0.026091	-0.014992
844.550752	0.018809	0.035560	-0.008375
844.850343	0.017891	0.013288	0.002302
845.149876	0.005472	0.011223	-0.002875
845.449353	-0.006076	0.030995	-0.018535
845.748773	0.024193	0.004822	0.009685
846.048136	0.017576	0.001371	0.008103
846.347443	0.002100	0.030010	-0.013955
846.646693	0.006059	0.003604	0.001227
846.945886	0.034563	0.025882	0.004341
847.245023	0.016187	0.010112	0.003038
847.544103	0.027077	0.019103	0.003987
847.843126	0.000793	0.029605	-0.014406
848.142092	0.020655	-0.001265	0.010960
848.441002	0.015963	0.019454	-0.001745
848.739854	0.036116	0.012979	0.011568
849.038650	0.032743	0.000403	0.016170
849.337390	0.019945	0.013608	0.003168
849.636072	-0.007182	0.012886	-0.010034
849.934697	-0.008353	0.045391	-0.026872
850.233266	0.003421	0.007299	-0.001939
850.531778	0.007811	0.040836	-0.016513
850.830233	0.020060	-0.000560	0.010310
851.128631	0.024268	0.000977	0.011645
851.426972	0.029890	0.020418	0.004736
851.725257	0.021648	-0.021123	0.021386
852.023484	-0.008176	0.005686	-0.006931
852.321655	0.014959	0.005556	0.004701
852.619768	0.036236	-0.008190	0.022213
852.917825	0.007804	0.000725	0.003539
853.215825	0.006066	0.006366	-0.000150
853.513768	0.006676	0.043212	-0.018268
853.811654	0.026203	0.007164	0.009519
854.109483	-0.005178	0.008049	-0.006614
854.407255	0.013070	0.027785	-0.007357
854.704970	0.066383	0.051822	0.007280
855.002628	-0.008740	-0.009067	0.000163
855.300229	0.002920	0.021762	-0.009421
855.597773	0.000618	0.009620	-0.004501
855.895260	0.017821	-0.017616	0.017718
856.192690	0.006889	0.004521	0.001184
856.490063	-0.003355	-0.006497	0.001571
856.787378	0.020871	0.011050	0.004911
857.084637	-0.005571	-0.000083	-0.002744
857.381839	0.006795	0.011589	-0.002397
857.678984	0.022624	0.033720	-0.005548
857.976071	0.048740	0.036791	0.005975
858.273101	0.038329	0.022886	0.007722
858.570075	-0.018739	0.005694	-0.012217
858.866991	-0.007614	0.018872	-0.013243
859.163850	0.031756	0.013478	0.009139
859.460652	0.009045	0.035235	-0.013095
859.757397	0.022787	0.018464	0.002161
860.054084	0.047319	-0.004945	0.026132
860.350715	0.009190	0.034429	-0.012619
860.647288	0.020536	0.010524	0.005006
860.943804	0.012131	-0.000795	0.006463
861.240263	-0.006439	0.019673	-0.013056
861.536665	0.040688	0.016276	0.012206
861.833009	0.027736	0.013745	0.006996
862.129296	0.026725	0.020443	0.003141
862.425526	0.058068	0.015459	0.021304
862.721699	0.000656	0.009143	-0.004244
863.017814	0.012934	0.041265	-0.014165
863.313872	0.029448	0.027932	0.000758
863.609873	-0.007273	0.022472	-0.014873
863.905817	0.036029	0.015756	0.010137
864.201703	0.044344	0.008437	0.017954
864.497532	0.051749	-0.016782	0.034266
864.793304	0.010850	0.013461	-0.001306
865.089018	-0.001727	0.010420	-0.006074
865.384675	0.025773	0.041859	-0.008043
865.680274	0.045575	0.021605	0.011985
865.975817	0.032249	-0.014578	0.023414
866.271302	0.017031	0.044537	-0.013753
866.566729	0.000971	-0.012255	0.006613
866.862099	0.005167	0.008300	-0.001566
867.157412	-0.002440	0.033590	-0.018015
867.452667	-0.002249	0.038144	-0.020197
867.747865	0.002377	0.023538	-0.010581
868.043005	0.002672	0.008173	-0.002750
868.338088	0.008504	0.023048	-0.007272
868.633114	-0.007066	-0.002165	-0.002450
868.928082	-0.001947	0.020446	-0.011196
869.222993	-0.016095	-0.006054	-0.005021
869.517846	0.015950	0.004156	0.005897
869.812641	0.088256	-0.000445	0.044350
870.107379	0.018683	0.006496	0.006093
870.402060	0.015703	0.042042	-0.013169
870.696683	0.034666	0.007639	0.013513
870.991248	0.086652	-0.018696	0.052674
871.285756	-0.004764	-0.012336	0.003786
871.580207	0.028543	0.050116	-0.010786
871.874600	0.029357	0.020918	0.004219
872.168935	0.002564	-0.002338	0.002451
872.463213	0.042539	0.069310	-0.013385
872.757433	0.037285	-0.031207	0.034246
873.051595	0.067677	0.037308	0.015185
873.345700	-0.016480	0.017800	-0.017140
873.639748	0.052419	0.026295	0.013062
873.933737	0.045197	-0.013644	0.029420
874.227669	0.079307	0.031446	0.023930
874.521544	-0.022988	0.008788	-0.015888
874.815360	0.016536	-0.016087	0.016311
875.109119	0.038660	0.044719	-0.003029
875.402821	0.018644	0.014743	0.001951
875.696464	0.018681	-0.030192	0.024437
875.990050	0.064035	0.018746	0.022644
876.283578	0.072675	-0.020511	0.046593
876.577049	0.034743	-0.002324	0.018534
876.870462	0.024110	0.009550	0.007280
877.163817	0.034689	0.031247	0.001721
877.457114	0.053017	-0.008433	0.030725
877.750353	0.009495	-0.003833	0.006664
878.043535	0.052943	0.001691	0.025626
878.336659	0.020852	0.028454	-0.003801
878.629725	0.001759	-0.048167	0.024963
878.922733	-0.011155	0.012356	-0.011756
879.215684	-0.029130	0.035694	-0.032412
879.508577	-0.007596	0.017012	-0.012304
879.801411	0.057977	0.034146	0.011915
880.094189	0.019275	-0.001175	0.010225
880.386908	0.038707	0.016055	0.011326
880.679569	0.021956	-0.016644	0.019300
880.972172	0.003289	0.020466	-0.008589
881.264718	-0.017458	0.048614	-0.033036
881.557206	0.010083	0.029966	-0.009942
881.849635	0.011430	-0.031279	0.021355
882.142007	0.057488	0.009222	0.024133
882.434321	0.042368	0.013618	0.014375
882.726577	-0.008094	0.019430	-0.013762
883.018775	-0.044907	0.029121	-0.037014
883.310915	0.025723	-0.032015	0.028869
883.602997	0.060084	-0.056107	0.058095
883.895021	-0.009410	0.023864	-0.016637
884.186987	0.146159	-0.000672	0.073416
884.478896	0.063734	0.002460	0.030637
884.770746	0.035121	-0.008945	0.022033
885.062538	0.035065	-0.055953	0.045509
885.354272	0.033215	0.017860	0.007678
885.645948	-0.034180	0.022116	-0.028148
885.937566	0.038864	0.018984	0.009940
886.229126	0.023949	-0.003516	0.013732
886.520628	0.015115	0.053050	-0.018968
886.812072	-0.019921	-0.003307	-0.008307
887.103458	0.006200	0.025701	-0.009750
887.394785	0.018383	-0.019713	0.019048
887.686055	0.019606	-0.053829	0.036717
887.977266	0.029608	0.013612	0.007998
888.268420	-0.025414	-0.039265	0.006925
888.559515	0.036361	0.021767	0.007297
888.850552	0.026804	0.016259	0.005273
889.141531	-0.000403	0.044523	-0.022463
889.432451	0.057143	0.036720	0.010211
889.723314	-0.031003	0.024969	-0.027986
890.014118	0.020212	-0.011185	0.015698
890.304864	0.090315	-0.006811	0.048563
890.595552	-0.002716	-0.008728	0.003006
890.886182	0.008034	-0.010345	0.009189
891.176754	0.027656	-0.038112	0.032884
891.467267	0.000441	0.000036	0.000203
891.757722	0.029543	0.010219	0.009662
