189.527725	-0.012030	-0.012030	0.000000
189.916390	0.035450	0.035450	0.000000
190.305018	-0.638214	0.107069	-0.372642
190.693607	-13.749587	-0.170619	-6.789484
191.082159	-0.138770	-3.484555	1.672893
191.470673	0.069305	5.204739	-2.567717
191.859149	1.168991	0.158708	0.505141
192.247587	1.464081	-7.319787	4.391934
192.635988	-0.891639	0.376194	-0.633917
193.024351	-0.382594	-0.364700	-0.008947
193.412676	0.229668	-0.206022	0.217845
193.800963	9.425553	-0.443781	4.934667
194.189212	-0.463248	0.221714	-0.342481
194.577423	0.165243	-0.402568	0.283906
194.965597	0.305108	-7.931450	4.118279
195.353732	0.031601	-0.360572	0.196087
195.741830	-0.101863	-3.517890	1.708013
196.129890	-0.094840	0.228516	-0.161678
196.517911	-0.065947	-0.054992	-0.005477
196.905895	0.269464	-1.089704	0.679584
197.293841	-1.763426	-2.349023	0.292798
197.681749	-0.182833	-1.478117	0.647642
198.069619	-0.100271	0.343668	-0.221969
198.457452	0.967577	0.158819	0.404379
198.845246	-1.405358	-0.238564	-0.583397
199.233002	-0.272175	-0.025176	-0.123500
199.620720	0.205856	-0.185831	0.195843
200.008400	0.036976	0.186048	-0.074536
200.396042	-0.004585	-0.111997	0.053706
200.783646	0.125155	-0.093373	0.109264
201.171212	-0.038271	0.070382	-0.054327
201.558740	0.096730	-0.098149	0.097439
201.946230	-0.344534	-0.033631	-0.155452
202.333682	-0.214217	0.114261	-0.164239
202.721096	-0.096375	0.094620	-0.095497
203.108472	0.082836	0.069991	0.006422
203.495809	0.005118	0.035223	-0.015053
203.883109	0.072483	0.108781	-0.018149
204.270370	0.043455	-0.079598	0.061526
204.657593	0.063930	-0.148249	0.106089
205.044779	-0.129993	0.329026	-0.229509
205.431926	-0.134369	0.016923	-0.075646
205.819034	-0.044666	-0.056420	0.005877
206.206105	0.170228	-0.284873	0.227550
206.593137	0.029425	0.136869	-0.053722
206.980132	0.019047	-0.109398	0.064222
207.367088	0.259609	0.048780	0.105414
207.754006	-0.086722	-0.058077	-0.014323
208.140885	0.031731	-0.120695	0.076213
208.527727	-0.094456	-0.050380	-0.022038
208.914530	-0.125719	0.060327	-0.093023
209.301295	0.104032	0.105578	-0.000773
209.688022	-0.132897	0.068475	-0.100686
210.074710	0.134453	-0.093150	0.113802
210.461360	0.146328	-0.060421	0.103375
210.847972	0.016207	-0.018113	0.017160
211.234546	-0.008983	0.072072	-0.040527
211.621081	-0.351994	-0.122842	-0.114576
212.007578	-0.030238	-0.172857	0.071310
212.394036	-0.079397	0.171048	-0.125222
212.780457	0.097865	0.017675	0.040095
213.166839	-0.111747	-0.008837	-0.051455
213.553182	-0.094420	0.023635	-0.059028
213.939487	0.179860	-0.112468	0.146164
214.325754	0.074321	-0.186423	0.130372
214.711983	-0.118397	0.046659	-0.082528
215.098173	0.069713	-0.067199	0.068456
215.484324	0.058281	-0.187131	0.122706
215.870437	0.065175	0.074652	-0.004739
216.256512	0.156702	-0.055161	0.105932
216.642548	0.130038	-0.308657	0.219348
217.028546	-0.053022	-0.092686	0.019832
217.414506	-0.062919	0.162238	-0.112579
217.800427	-0.058633	-0.019325	-0.019654
218.186309	-0.024184	0.016434	-0.020309
218.572153	-0.046001	-0.025309	-0.010346
218.957959	-0.212477	0.098555	-0.155516
219.343726	-0.140693	0.009357	-0.075025
219.729454	-0.006718	-0.217935	0.105609
220.115144	-0.075500	0.070219	-0.072859
220.500795	-0.177808	0.057937	-0.117872
220.886408	0.025412	0.003049	0.011181
221.271983	-0.030253	-0.056359	0.013053
221.657518	-0.056544	0.086199	-0.071372
222.043016	-0.097767	0.100154	-0.098961
222.428474	0.061373	-0.033284	0.047328
222.813894	-0.016274	0.101580	-0.058927
223.199275	-0.067667	-0.005928	-0.030869
223.584618	-0.045398	0.080807	-0.063103
223.969922	-0.009294	-0.110072	0.050389
224.355188	0.115988	-0.007387	0.061688
224.740414	-0.081107	-0.093494	0.006193
225.125603	-0.044094	-0.051648	0.003777
225.510752	0.001847	0.005832	-0.001992
225.895863	-0.041161	-0.189461	0.074150
226.280935	-0.083860	0.106286	-0.095073
226.665968	-0.014641	-0.153244	0.069301
227.050963	-0.017049	0.044006	-0.030528
227.435919	-0.003127	-0.000520	-0.001304
227.820836	-0.088783	-0.115318	0.013267
228.205715	-0.037334	-0.061401	0.012034
228.590555	-0.044537	-0.039258	-0.002640
228.975356	-0.109038	0.038652	-0.073845
229.360118	-0.027855	-0.056569	0.014357
229.744841	-0.127716	0.009529	-0.068623
230.129526	0.019222	-0.103903	0.061562
230.514172	0.000275	-0.092512	0.046394
230.898779	-0.004611	-0.044107	0.019748
231.283347	-0.031983	0.002466	-0.017225
231.667877	-0.019330	0.066816	-0.043073
232.052367	-0.078572	-0.052566	-0.013003
232.436819	-0.038723	-0.019751	-0.009486
232.821232	-0.085759	0.025177	-0.055468
233.205606	-0.041414	-0.046882	0.002734
233.589941	-0.034159	-0.064863	0.015352
233.974237	-0.038316	-0.076152	0.018918
234.358495	0.049040	-0.032956	0.040998
234.742713	-0.025793	-0.045714	0.009961
235.126893	-0.055197	-0.044027	-0.005585
235.511033	-0.052249	-0.062156	0.004954
235.895135	-0.020422	-0.030618	0.005098
236.279198	-0.000787	-0.031437	0.015325
236.663221	-0.062491	-0.022883	-0.019804
237.047206	-0.020151	-0.052593	0.016221
237.431152	-0.045864	-0.022595	-0.011634
237.815059	-0.072360	-0.057336	-0.007512
238.198926	-0.014992	-0.031977	0.008493
238.582755	-0.075927	-0.085834	0.004953
238.966545	-0.059397	-0.033929	-0.012734
239.350296	-0.051556	-0.051906	0.000175
239.734007	-0.020259	-0.087518	0.033630
240.117680	-0.063522	-0.064864	0.000671
240.501314	-0.047658	-0.062004	0.007173
240.884908	-0.057972	-0.033499	-0.012237
241.268464	-0.009857	-0.043322	0.016732
241.651980	-0.013742	-0.049513	0.017886
242.035457	-0.031480	-0.051959	0.010240
242.418895	-0.047559	-0.073139	0.012790
242.802294	-0.057732	-0.044549	-0.006591
243.185654	-0.041486	-0.049783	0.004149
243.568975	-0.051493	-0.029461	-0.011016
243.952257	-0.049224	-0.052358	0.001567
244.335499	-0.063697	-0.023354	-0.020172
244.718702	-0.090169	-0.000134	-0.045018
245.101867	-0.056651	-0.029857	-0.013397
245.484991	-0.049192	-0.047056	-0.001068
245.868077	-0.079165	-0.010820	-0.034172
246.251124	-0.062111	-0.030131	-0.015990
246.634131	-0.062061	-0.030529	-0.015766
247.017099	-0.042666	-0.020560	-0.011053
247.400028	-0.058420	-0.033875	-0.012272
247.782917	-0.058487	-0.042474	-0.008007
248.165768	-0.030574	-0.051241	0.010333
248.548579	-0.047108	-0.062033	0.007463
248.931350	-0.043847	-0.034116	-0.004865
249.314083	-0.055712	-0.057192	0.000740
249.696776	-0.047094	-0.051891	0.002398
250.079430	-0.061260	-0.042128	-0.009566
250.462044	-0.057244	-0.041011	-0.008116
250.844620	-0.060848	-0.055859	-0.002494
251.227155	-0.043050	-0.041865	-0.000592
251.609652	-0.063048	-0.039816	-0.011616
251.992109	-0.060612	-0.049929	-0.005341
252.374527	-0.057695	-0.044910	-0.006392
252.756905	-0.047534	-0.059983	0.006224
253.139244	-0.065001	-0.042351	-0.011325
253.521544	-0.054695	-0.061122	0.003213
253.903804	-0.051587	-0.049859	-0.000864
254.286025	-0.056161	-0.039565	-0.008298
254.668206	-0.066850	-0.053957	-0.006447
255.050348	-0.049651	-0.052994	0.001671
255.432451	-0.060779	-0.051609	-0.004585
255.814514	-0.064778	-0.051260	-0.006759
256.196537	-0.059605	-0.050561	-0.004522
256.578521	-0.059206	-0.041243	-0.008981
256.960466	-0.053191	-0.050223	-0.001484
257.342371	-0.051783	-0.040991	-0.005396
257.724236	-0.049573	-0.056126	0.003276
258.106062	-0.050519	-0.046825	-0.001847
258.487849	-0.056439	-0.047839	-0.004300
258.869596	-0.061882	-0.050791	-0.005546
259.251303	-0.064995	-0.053802	-0.005597
259.632971	-0.064078	-0.057902	-0.003088
260.014599	-0.056360	-0.042369	-0.006995
260.396188	-0.056358	-0.051313	-0.002523
260.777737	-0.048405	-0.047353	-0.000526
261.159247	-0.056387	-0.048196	-0.004096
261.540717	-0.053830	-0.044815	-0.004508
261.922147	-0.059685	-0.049403	-0.005141
262.303538	-0.055871	-0.052677	-0.001597
262.684889	-0.060955	-0.050557	-0.005199
263.066200	-0.056044	-0.053681	-0.001182
263.447472	-0.052844	-0.039001	-0.006921
263.828704	-0.049049	-0.051745	0.001348
264.209896	-0.051807	-0.044834	-0.003486
264.591049	-0.050634	-0.045448	-0.002593
264.972162	-0.060781	-0.050585	-0.005098
265.353235	-0.053363	-0.047102	-0.003130
265.734268	-0.048884	-0.041982	-0.003451
266.115262	-0.051154	-0.050100	-0.000527
266.496216	-0.045224	-0.057517	0.006146
266.877130	-0.052027	-0.050891	-0.000568
267.258005	-0.048087	-0.053685	0.002799
267.638840	-0.046128	-0.057224	0.005548
268.019635	-0.053106	-0.048136	-0.002485
268.400390	-0.048201	-0.044808	-0.001697
268.781105	-0.055833	-0.049988	-0.002922
269.161781	-0.049206	-0.050279	0.000537
269.542417	-0.055187	-0.050425	-0.002381
269.923013	-0.052284	-0.047969	-0.002158
270.303569	-0.051260	-0.051684	0.000212
270.684085	-0.049966	-0.048682	-0.000642
271.064561	-0.051363	-0.045185	-0.003089
271.444998	-0.052735	-0.051957	-0.000389
271.825394	-0.048656	-0.047240	-0.000708
272.205751	-0.049218	-0.048180	-0.000519
272.586068	-0.050322	-0.043853	-0.003234
272.966345	-0.050063	-0.047565	-0.001249
273.346582	-0.056205	-0.046489	-0.004858
273.726779	-0.048729	-0.044054	-0.002338
274.106936	-0.045181	-0.046893	0.000856
274.487053	-0.047703	-0.043184	-0.002260
274.867130	-0.047720	-0.045365	-0.001178
275.247168	-0.050624	-0.048050	-0.001287
275.627165	-0.049524	-0.047461	-0.001031
276.007122	-0.048626	-0.042692	-0.002967
276.387040	-0.049057	-0.040672	-0.004192
276.766917	-0.049378	-0.045088	-0.002145
277.146754	-0.046043	-0.043047	-0.001498
277.526551	-0.045903	-0.045491	-0.000206
277.906308	-0.049453	-0.043855	-0.002799
278.286026	-0.048227	-0.043148	-0.002540
278.665703	-0.049737	-0.044061	-0.002838
279.045340	-0.049388	-0.042862	-0.003263
279.424936	-0.044290	-0.040010	-0.002140
279.804493	-0.047890	-0.042620	-0.002635
280.184010	-0.043376	-0.039734	-0.001821
280.563487	-0.043376	-0.036696	-0.003340
280.942923	-0.045383	-0.045491	0.000054
281.322319	-0.046360	-0.041553	-0.002403
281.701676	-0.044372	-0.040631	-0.001871
282.080992	-0.045518	-0.037814	-0.003852
282.460268	-0.044765	-0.037967	-0.003399
282.839503	-0.046086	-0.036426	-0.004830
283.218699	-0.037058	-0.039166	0.001054
283.597854	-0.040957	-0.043907	0.001475
283.976969	-0.041470	-0.034209	-0.003630
284.356044	-0.043937	-0.036878	-0.003529
284.735079	-0.044744	-0.039115	-0.002814
285.114073	-0.040571	-0.039782	-0.000395
285.493028	-0.044097	-0.037596	-0.003250
285.871942	-0.041218	-0.038377	-0.001421
286.250815	-0.038393	-0.030915	-0.003739
286.629649	-0.041903	-0.035038	-0.003433
287.008442	-0.039061	-0.036358	-0.001352
287.387195	-0.042496	-0.033882	-0.004307
287.765907	-0.041035	-0.031408	-0.004813
288.144580	-0.037636	-0.036028	-0.000804
288.523212	-0.043056	-0.035165	-0.003945
288.901803	-0.040989	-0.032516	-0.004237
289.280355	-0.039365	-0.031575	-0.003895
289.658866	-0.036345	-0.028793	-0.003776
290.037336	-0.036693	-0.032929	-0.001882
290.415766	-0.035722	-0.032909	-0.001407
290.794156	-0.037388	-0.030758	-0.003315
291.172505	-0.035495	-0.029322	-0.003086
291.550814	-0.033739	-0.029580	-0.002080
291.929083	-0.036326	-0.029760	-0.003283
292.307311	-0.035056	-0.028248	-0.003404
292.685499	-0.033723	-0.031724	-0.000999
293.063646	-0.034037	-0.028009	-0.003014
293.441753	-0.035336	-0.028786	-0.003275
293.819820	-0.033397	-0.028063	-0.002667
294.197845	-0.032764	-0.029738	-0.001513
294.575831	-0.031165	-0.026297	-0.002434
294.953776	-0.031114	-0.029362	-0.000876
295.331680	-0.032673	-0.023706	-0.004483
295.709544	-0.031990	-0.028006	-0.001992
296.087368	-0.031113	-0.026073	-0.002520
296.465150	-0.031146	-0.024258	-0.003444
296.842893	-0.028588	-0.025082	-0.001753
297.220595	-0.028718	-0.027313	-0.000703
297.598256	-0.029963	-0.022660	-0.003651
297.975876	-0.030976	-0.021020	-0.004978
298.353457	-0.029206	-0.022755	-0.003226
298.730996	-0.026457	-0.022828	-0.001815
299.108495	-0.030924	-0.023491	-0.003717
299.485953	-0.027699	-0.021237	-0.003231
299.863371	-0.029091	-0.021888	-0.003601
300.240748	-0.030326	-0.021128	-0.004599
300.618084	-0.025952	-0.020476	-0.002738
300.995380	-0.026619	-0.020323	-0.003148
301.372635	-0.027289	-0.020234	-0.003527
301.749849	-0.023919	-0.021352	-0.001283
302.127023	-0.024549	-0.021036	-0.001756
302.504156	-0.025324	-0.019547	-0.002888
302.881248	-0.023717	-0.018072	-0.002823
303.258300	-0.024263	-0.016507	-0.003878
303.635311	-0.024406	-0.018440	-0.002983
304.012281	-0.024239	-0.016938	-0.003650
304.389210	-0.025413	-0.017380	-0.004016
304.766099	-0.023219	-0.016174	-0.003523
305.142947	-0.022760	-0.016485	-0.003138
305.519754	-0.022692	-0.016480	-0.003106
305.896520	-0.022390	-0.015897	-0.003246
306.273246	-0.023607	-0.016508	-0.003549
306.649930	-0.022116	-0.015533	-0.003292
307.026574	-0.021321	-0.013585	-0.003868
307.403177	-0.020749	-0.014376	-0.003186
307.779740	-0.018645	-0.014107	-0.002269
308.156261	-0.019492	-0.012739	-0.003377
308.532742	-0.018902	-0.015260	-0.001821
308.909181	-0.018465	-0.012571	-0.002947
309.285580	-0.018072	-0.013557	-0.002258
309.661938	-0.018539	-0.011313	-0.003613
310.038255	-0.017834	-0.012121	-0.002857
310.414531	-0.021376	-0.012084	-0.004646
310.790766	-0.017504	-0.012406	-0.002549
311.166961	-0.018312	-0.012715	-0.002798
311.543114	-0.017633	-0.012662	-0.002485
311.919226	-0.017537	-0.010906	-0.003315
312.295298	-0.018007	-0.011427	-0.003290
312.671328	-0.017070	-0.012399	-0.002336
313.047318	-0.017019	-0.009903	-0.003558
313.423267	-0.016758	-0.008079	-0.004340
313.799174	-0.014732	-0.009575	-0.002579
314.175041	-0.014351	-0.008921	-0.002715
314.550866	-0.015816	-0.006848	-0.004484
314.926651	-0.014814	-0.007428	-0.003693
315.302394	-0.012021	-0.008622	-0.001700
315.678097	-0.015172	-0.007309	-0.003932
316.053758	-0.014052	-0.007724	-0.003164
316.429378	-0.014897	-0.005746	-0.004575
316.804958	-0.014117	-0.006915	-0.003601
317.180496	-0.013255	-0.005559	-0.003848
317.555993	-0.012564	-0.004967	-0.003798
317.931449	-0.011833	-0.005818	-0.003007
318.306864	-0.012985	-0.005577	-0.003704
318.682238	-0.011892	-0.006784	-0.002554
319.057570	-0.011216	-0.007552	-0.001832
319.432862	-0.012742	-0.006183	-0.003280
319.808112	-0.010011	-0.004370	-0.002820
320.183321	-0.011562	-0.005479	-0.003041
320.558489	-0.011749	-0.004679	-0.003535
320.933616	-0.011596	-0.004896	-0.003350
321.308701	-0.011136	-0.004464	-0.003336
321.683746	-0.010679	-0.003658	-0.003510
322.058749	-0.009994	-0.003626	-0.003184
322.433711	-0.010134	-0.002924	-0.003605
322.808632	-0.009805	-0.004402	-0.002701
323.183511	-0.009891	-0.003291	-0.003300
323.558349	-0.008563	-0.001703	-0.003430
323.933146	-0.008125	-0.001804	-0.003160
324.307902	-0.010074	-0.003126	-0.003474
324.682617	-0.008163	-0.002553	-0.002805
325.057290	-0.007444	-0.001771	-0.002837
325.431921	-0.008159	-0.001200	-0.003479
325.806512	-0.006924	-0.000736	-0.003094
326.181061	-0.006887	-0.000539	-0.003174
326.555569	-0.007796	-0.001165	-0.003316
326.930035	-0.008008	-0.000994	-0.003507
327.304461	-0.004738	-0.001827	-0.001455
327.678844	-0.005913	-0.002561	-0.001676
328.053187	-0.006929	-0.000749	-0.003090
328.427488	-0.006366	0.000502	-0.003434
328.801747	-0.008553	0.000715	-0.004634
329.175966	-0.006415	-0.000472	-0.002971
329.550142	-0.004067	0.000425	-0.002246
329.924278	-0.007193	0.000354	-0.003773
330.298372	-0.007270	-0.000083	-0.003594
330.672424	-0.007321	0.001222	-0.004271
331.046435	-0.004026	0.001334	-0.002680
331.420405	-0.005381	0.000380	-0.002880
331.794333	-0.005445	0.000734	-0.003089
332.168220	-0.006006	0.001213	-0.003609
332.542065	-0.004872	0.000742	-0.002807
332.915869	-0.005133	0.000972	-0.003053
333.289631	-0.005564	0.000174	-0.002869
333.663351	-0.005804	0.000061	-0.002933
334.037030	-0.004326	0.001239	-0.002783
334.410668	-0.004043	0.002712	-0.003378
334.784264	-0.007521	0.001138	-0.004329
335.157818	-0.005466	0.002228	-0.003847
335.531331	-0.005998	0.001928	-0.003963
335.904802	-0.004755	0.001090	-0.002922
336.278232	-0.004402	0.001709	-0.003055
336.651620	-0.005322	0.002186	-0.003754
337.024966	-0.003779	0.001407	-0.002593
337.398271	-0.003539	0.002644	-0.003092
337.771534	-0.001680	0.004678	-0.003179
338.144756	-0.004118	0.004391	-0.004254
338.517936	-0.004375	0.003808	-0.004092
338.891074	-0.005562	0.004276	-0.004919
339.264171	-0.003474	0.004844	-0.004159
339.637225	-0.002214	0.004760	-0.003487
340.010239	-0.003938	0.001405	-0.002672
340.383210	-0.003106	0.002645	-0.002875
340.756140	-0.003388	0.003167	-0.003277
341.129028	-0.003744	0.002333	-0.003038
341.501874	-0.005169	0.001094	-0.003132
341.874679	-0.001785	0.004057	-0.002921
342.247441	-0.003268	0.002626	-0.002947
342.620162	-0.001971	0.004062	-0.003016
342.992842	-0.003711	0.003187	-0.003449
343.365479	-0.004023	0.003762	-0.003893
343.738075	-0.000397	0.006034	-0.003216
344.110629	-0.001399	0.004672	-0.003036
344.483141	-0.002071	0.004733	-0.003402
344.855611	-0.000950	0.004888	-0.002919
345.228039	-0.003257	0.006716	-0.004986
345.600426	-0.000569	0.005856	-0.003213
345.972770	-0.000858	0.007721	-0.004289
346.345073	-0.001851	0.004861	-0.003356
346.717334	-0.001871	0.004952	-0.003411
347.089553	-0.000616	0.005725	-0.003171
347.461730	-0.000857	0.005127	-0.002992
347.833866	-0.002620	0.005100	-0.003860
348.205959	-0.000420	0.004586	-0.002503
348.578010	-0.001083	0.004236	-0.002659
348.950020	0.000415	0.005582	-0.002583
349.321987	-0.000752	0.006395	-0.003574
349.693913	-0.001777	0.007487	-0.004632
350.065797	-0.001870	0.006313	-0.004092
350.437638	-0.002223	0.005897	-0.004060
350.809438	-0.002890	0.006215	-0.004553
351.181196	-0.000734	0.005984	-0.003359
351.552911	-0.000798	0.004938	-0.002868
351.924585	-0.001914	0.008040	-0.004977
352.296217	-0.000022	0.005524	-0.002773
352.667806	-0.000937	0.005405	-0.003171
353.039354	-0.000612	0.005650	-0.003131
353.410859	0.000732	0.006296	-0.002782
353.782323	-0.000722	0.005283	-0.003002
354.153744	-0.001870	0.005252	-0.003561
354.525123	0.001148	0.006207	-0.002530
354.896460	0.000768	0.007754	-0.003493
355.267756	0.000099	0.006235	-0.003068
355.639008	0.002271	0.006826	-0.002277
356.010219	0.001814	0.006858	-0.002522
356.381388	0.000675	0.008033	-0.003679
356.752515	-0.000272	0.008741	-0.004507
357.123599	0.001100	0.006325	-0.002613
357.494641	0.002402	0.007277	-0.002437
357.865641	0.001715	0.008412	-0.003349
358.236599	0.003372	0.008273	-0.002450
358.607515	0.000526	0.007923	-0.003698
358.978388	0.002820	0.007596	-0.002388
359.349219	0.002053	0.007642	-0.002795
359.720008	0.001511	0.007467	-0.002978
360.090755	0.002812	0.006579	-0.001883
360.461460	0.001841	0.008068	-0.003114
360.832122	0.002240	0.008098	-0.002929
361.202742	0.001841	0.008183	-0.003171
361.573320	0.001704	0.008699	-0.003498
361.943855	0.003456	0.007151	-0.001847
362.314348	0.003586	0.010165	-0.003289
362.684799	0.001423	0.008247	-0.003412
363.055208	0.002658	0.007929	-0.002635
363.425574	0.003790	0.008224	-0.002217
363.795898	0.003148	0.009227	-0.003040
364.166180	0.002398	0.009463	-0.003532
364.536419	0.001664	0.007487	-0.002911
364.906616	0.002713	0.009097	-0.003192
365.276770	0.002378	0.010645	-0.004134
365.646882	0.002010	0.007140	-0.002565
366.016952	0.002771	0.010818	-0.004024
366.386979	0.004683	0.010081	-0.002699
366.756964	0.002957	0.009854	-0.003449
367.126906	0.004657	0.009476	-0.002410
367.496806	0.006069	0.009908	-0.001919
367.866664	0.006689	0.008564	-0.000937
368.236479	0.003873	0.010730	-0.003429
368.606251	0.003587	0.008228	-0.002321
368.975981	0.005183	0.009699	-0.002258
369.345669	0.005908	0.010714	-0.002403
369.715314	0.005263	0.008732	-0.001735
370.084917	0.006619	0.009646	-0.001513
370.454477	0.004211	0.009861	-0.002825
370.823995	0.004473	0.010235	-0.002881
371.193470	0.006978	0.013141	-0.003082
371.562902	0.005516	0.009417	-0.001950
371.932292	0.001411	0.012034	-0.005311
372.301640	0.004762	0.007651	-0.001445
372.670944	0.003682	0.009494	-0.002906
373.040207	0.005756	0.011931	-0.003088
373.409426	0.005393	0.009752	-0.002180
373.778603	0.005359	0.007312	-0.000977
374.147738	0.005373	0.010739	-0.002683
374.516830	0.005121	0.010284	-0.002582
374.885879	0.004747	0.009622	-0.002438
375.254885	0.006188	0.011955	-0.002884
375.623849	0.007714	0.012678	-0.002482
375.992770	0.004343	0.009332	-0.002495
376.361649	0.005009	0.012327	-0.003659
376.730485	0.005305	0.014201	-0.004448
377.099278	0.005765	0.011352	-0.002793
377.468028	0.006042	0.013855	-0.003907
377.836736	0.008170	0.009850	-0.000840
378.205401	0.009305	0.011442	-0.001069
378.574023	0.008069	0.011024	-0.001477
378.942603	0.007681	0.010426	-0.001372
379.311139	0.007870	0.010538	-0.001334
379.679633	0.008054	0.012011	-0.001979
380.048085	0.007091	0.011954	-0.002431
380.416493	0.008554	0.011378	-0.001412
380.784859	0.009435	0.012240	-0.001403
381.153181	0.009182	0.013186	-0.002002
381.521461	0.008768	0.011663	-0.001447
381.889699	0.007883	0.014129	-0.003123
382.257893	0.008992	0.012951	-0.001980
382.626044	0.008849	0.013308	-0.002229
382.994153	0.008230	0.012053	-0.001912
383.362219	0.009678	0.012044	-0.001183
383.730242	0.007613	0.013152	-0.002769
384.098222	0.011591	0.011848	-0.000129
384.466159	0.009478	0.014872	-0.002697
384.834053	0.010646	0.015044	-0.002199
385.201904	0.010930	0.014044	-0.001557
385.569713	0.010952	0.012587	-0.000817
385.937478	0.010554	0.014171	-0.001808
386.305201	0.010417	0.013580	-0.001581
386.672880	0.010137	0.011509	-0.000686
387.040517	0.010084	0.012894	-0.001405
387.408110	0.012453	0.012419	0.000017
387.775661	0.012268	0.012232	0.000018
388.143168	0.011985	0.016178	-0.002097
388.510633	0.012776	0.013796	-0.000510
388.878055	0.011985	0.014275	-0.001145
389.245433	0.010363	0.012390	-0.001014
389.612769	0.011381	0.016026	-0.002322
389.980061	0.013190	0.014952	-0.000881
390.347310	0.011788	0.014303	-0.001258
390.714517	0.011608	0.012875	-0.000633
391.081680	0.010903	0.013907	-0.001502
391.448800	0.011242	0.015675	-0.002216
391.815877	0.012295	0.012464	-0.000084
392.182911	0.011714	0.013215	-0.000751
392.549902	0.012390	0.013652	-0.000631
392.916850	0.011901	0.012888	-0.000493
393.283754	0.012271	0.013332	-0.000530
393.650616	0.010804	0.013984	-0.001590
394.017434	0.013681	0.015707	-0.001013
394.384209	0.013389	0.014393	-0.000502
394.750941	0.013941	0.015053	-0.000556
395.117630	0.014026	0.013416	0.000305
395.484275	0.014441	0.011379	0.001531
395.850878	0.013893	0.014700	-0.000403
396.217437	0.014004	0.011802	0.001101
396.583953	0.012477	0.014904	-0.001213
396.950425	0.013004	0.016115	-0.001556
397.316855	0.015636	0.015628	0.000004
397.683241	0.012803	0.015145	-0.001171
398.049584	0.013927	0.016154	-0.001113
398.415884	0.013417	0.012858	0.000279
398.782140	0.013357	0.014797	-0.000720
399.148353	0.014190	0.013575	0.000307
399.514523	0.011666	0.013336	-0.000835
399.880649	0.013711	0.015720	-0.001005
400.246732	0.014152	0.017067	-0.001457
400.612772	0.015176	0.014977	0.000099
400.978768	0.013827	0.014106	-0.000139
401.344721	0.015271	0.015039	0.000116
401.710631	0.014042	0.014127	-0.000042
402.076497	0.014408	0.014373	0.000018
402.442320	0.013401	0.014569	-0.000584
402.808100	0.014368	0.014171	0.000099
403.173836	0.014587	0.014209	0.000189
403.539528	0.014873	0.016459	-0.000793
403.905178	0.014994	0.015605	-0.000306
404.270783	0.015612	0.014811	0.000400
404.636346	0.015494	0.016457	-0.000481
405.001865	0.014922	0.015455	-0.000267
405.367340	0.015928	0.014899	0.000514
405.732772	0.015591	0.014137	0.000727
406.098161	0.017963	0.014614	0.001675
406.463506	0.015806	0.015064	0.000371
406.828807	0.013223	0.014453	-0.000615
407.194065	0.015740	0.014420	0.000660
407.559279	0.014382	0.013696	0.000343
407.924450	0.016031	0.015570	0.000231
408.289578	0.017506	0.015500	0.001003
408.654661	0.014800	0.016742	-0.000971
409.019702	0.014966	0.015212	-0.000123
409.384698	0.014414	0.016422	-0.001004
409.749651	0.016072	0.017290	-0.000609
410.114561	0.015124	0.017926	-0.001401
410.479427	0.013880	0.015912	-0.001016
410.844249	0.016115	0.013964	0.001076
411.209027	0.013306	0.016893	-0.001793
411.573762	0.015088	0.015041	0.000024
411.938454	0.016690	0.015351	0.000669
412.303101	0.017992	0.014592	0.001700
412.667705	0.014999	0.015846	-0.000423
413.032266	0.015423	0.016026	-0.000302
413.396782	0.017287	0.015588	0.000849
413.761255	0.017618	0.016047	0.000786
414.125684	0.016466	0.018810	-0.001172
414.490070	0.016909	0.013940	0.001485
414.854412	0.016397	0.015566	0.000416
415.218710	0.014752	0.013303	0.000725
415.582964	0.018212	0.016305	0.000954
415.947175	0.014296	0.015523	-0.000613
416.311341	0.015979	0.015584	0.000198
416.675464	0.017529	0.017329	0.000100
417.039543	0.018169	0.016894	0.000637
417.403579	0.015376	0.015380	-0.000002
417.767570	0.016258	0.015739	0.000260
418.131518	0.018683	0.015732	0.001475
418.495422	0.016682	0.014579	0.001052
418.859282	0.017251	0.016818	0.000216
419.223098	0.017355	0.017890	-0.000268
419.586871	0.017968	0.016375	0.000796
419.950599	0.014799	0.014992	-0.000097
420.314284	0.016648	0.016216	0.000216
420.677925	0.018896	0.015475	0.001710
421.041522	0.017572	0.019394	-0.000911
421.405075	0.017780	0.018013	-0.000117
421.768584	0.019902	0.016363	0.001770
422.132049	0.016581	0.015287	0.000647
422.495470	0.016510	0.017561	-0.000525
422.858847	0.016983	0.017368	-0.000193
423.222180	0.017223	0.017572	-0.000174
423.585470	0.016298	0.018366	-0.001034
423.948715	0.018820	0.016908	0.000956
424.311916	0.018181	0.016314	0.000934
424.675074	0.017816	0.015845	0.000985
425.038187	0.016399	0.015757	0.000321
425.401256	0.016915	0.014916	0.000999
425.764281	0.016685	0.016947	-0.000131
426.127263	0.017954	0.016327	0.000814
426.490200	0.019853	0.018157	0.000848
426.853093	0.018300	0.015358	0.001471
427.215942	0.019648	0.016495	0.001577
427.578747	0.019108	0.015066	0.002021
427.941508	0.016580	0.016653	-0.000036
428.304225	0.017091	0.015953	0.000569
428.666897	0.018283	0.017014	0.000634
429.029526	0.016901	0.016364	0.000269
429.392110	0.018947	0.016770	0.001088
429.754651	0.017260	0.016334	0.000463
430.117147	0.017044	0.016438	0.000303
430.479599	0.017923	0.016996	0.000464
430.842007	0.017967	0.016175	0.000896
431.204370	0.019178	0.015552	0.001813
431.566690	0.017395	0.015496	0.000950
431.928965	0.016389	0.016152	0.000118
432.291196	0.017552	0.015974	0.000789
432.653383	0.016642	0.016022	0.000310
433.015525	0.016832	0.015558	0.000637
433.377624	0.016257	0.016846	-0.000295
433.739678	0.017059	0.016404	0.000328
434.101688	0.017030	0.014951	0.001040
434.463653	0.019264	0.016989	0.001138
434.825575	0.016844	0.015280	0.000782
435.187452	0.016346	0.016514	-0.000084
435.549284	0.017423	0.015958	0.000732
435.911073	0.017341	0.014603	0.001369
436.272817	0.016949	0.015849	0.000550
436.634516	0.017353	0.015923	0.000715
436.996172	0.017050	0.015901	0.000575
437.357783	0.018289	0.016027	0.001131
437.719350	0.016974	0.016266	0.000354
438.080872	0.018515	0.016742	0.000886
438.442350	0.017612	0.016557	0.000528
438.803783	0.018236	0.015730	0.001253
439.165173	0.018108	0.016749	0.000680
439.526517	0.017989	0.016647	0.000671
439.887818	0.017506	0.016107	0.000699
440.249074	0.016886	0.015895	0.000496
440.610285	0.018060	0.015385	0.001338
440.971452	0.018044	0.015054	0.001495
441.332575	0.017712	0.015941	0.000885
441.693653	0.017173	0.016481	0.000346
442.054686	0.017348	0.016644	0.000352
442.415676	0.017264	0.015132	0.001066
442.776620	0.016763	0.015752	0.000505
443.137520	0.017858	0.016179	0.000839
443.498376	0.017387	0.015608	0.000890
443.859187	0.018279	0.015544	0.001367
444.219953	0.017384	0.016120	0.000632
444.580675	0.017583	0.015317	0.001133
444.941353	0.017715	0.015306	0.001205
445.301986	0.017663	0.015676	0.000994
445.662574	0.018073	0.015703	0.001185
446.023118	0.017432	0.014869	0.001281
446.383617	0.017653	0.016217	0.000718
446.744071	0.017786	0.015940	0.000923
447.104481	0.017210	0.015892	0.000659
447.464846	0.017774	0.015622	0.001076
447.825167	0.018490	0.015239	0.001626
448.185443	0.017160	0.016515	0.000322
448.545674	0.018250	0.015312	0.001469
448.905861	0.017482	0.016113	0.000685
449.266002	0.017664	0.016045	0.000809
449.626100	0.018293	0.016221	0.001036
449.986152	0.018440	0.015975	0.001233
450.346160	0.018631	0.015753	0.001439
450.706123	0.018130	0.016358	0.000886
451.066041	0.018585	0.016245	0.001170
451.425915	0.018708	0.016444	0.001132
451.785744	0.018534	0.016582	0.000976
452.145528	0.018419	0.016646	0.000886
452.505267	0.018359	0.016312	0.001023
452.864962	0.018365	0.016695	0.000835
453.224612	0.018489	0.015882	0.001304
453.584217	0.018101	0.016494	0.000804
453.943777	0.018797	0.016534	0.001132
454.303292	0.018150	0.016647	0.000752
454.662763	0.018620	0.016265	0.001177
455.022188	0.018165	0.016337	0.000914
455.381569	0.018874	0.016024	0.001425
455.740905	0.018190	0.016965	0.000613
456.100196	0.018777	0.016303	0.001237
456.459443	0.018558	0.016489	0.001034
456.818644	0.018174	0.016502	0.000836
457.177800	0.018898	0.016520	0.001189
457.536912	0.019364	0.016665	0.001349
457.895978	0.018012	0.016139	0.000937
458.255000	0.018218	0.016091	0.001063
458.613977	0.018321	0.016615	0.000853
458.972909	0.019049	0.016836	0.001107
459.331795	0.018904	0.016599	0.001153
459.690637	0.018796	0.016773	0.001011
460.049434	0.018635	0.016213	0.001211
460.408186	0.018324	0.016167	0.001078
460.766893	0.019357	0.016472	0.001443
461.125555	0.019077	0.016394	0.001342
461.484172	0.018577	0.017175	0.000701
461.842743	0.018935	0.016827	0.001054
462.201270	0.019122	0.016571	0.001276
462.559752	0.018881	0.016803	0.001039
462.918188	0.019345	0.016301	0.001522
463.276580	0.019345	0.017052	0.001147
463.634927	0.019066	0.017101	0.000982
463.993228	0.019301	0.016926	0.001188
464.351484	0.019132	0.016966	0.001083
464.709696	0.018750	0.017006	0.000872
465.067862	0.019046	0.016588	0.001229
465.425983	0.019330	0.017010	0.001160
465.784058	0.019647	0.016897	0.001375
466.142089	0.019367	0.016457	0.001455
466.500075	0.019156	0.016737	0.001209
466.858015	0.019509	0.016540	0.001485
467.215910	0.018829	0.016725	0.001052
467.573760	0.019164	0.016872	0.001146
467.931565	0.019049	0.017063	0.000993
468.289324	0.019076	0.016713	0.001181
468.647039	0.018956	0.016858	0.001049
469.004708	0.019133	0.016826	0.001154
469.362332	0.019388	0.016913	0.001238
469.719910	0.019453	0.017122	0.001166
470.077443	0.019271	0.016990	0.001140
470.434932	0.019534	0.016683	0.001425
470.792374	0.019194	0.016914	0.001140
471.149772	0.019511	0.017149	0.001181
471.507124	0.019740	0.016729	0.001506
471.864431	0.019579	0.016891	0.001344
472.221693	0.019481	0.017411	0.001035
472.578909	0.019359	0.017571	0.000894
472.936080	0.019229	0.017313	0.000958
473.293205	0.018980	0.017034	0.000973
473.650285	0.019367	0.017320	0.001024
474.007320	0.019591	0.017689	0.000951
474.364310	0.019420	0.017292	0.001064
474.721254	0.020194	0.017476	0.001359
475.078152	0.019734	0.017491	0.001122
475.435006	0.019323	0.017773	0.000775
475.791813	0.019536	0.017105	0.001215
476.148576	0.019255	0.017399	0.000928
476.505293	0.019046	0.017078	0.000984
476.861964	0.019934	0.017225	0.001355
477.218590	0.019913	0.017838	0.001037
477.575171	0.019774	0.017757	0.001009
477.931706	0.020332	0.017590	0.001371
478.288195	0.020110	0.017778	0.001166
478.644639	0.020275	0.017390	0.001443
479.001038	0.019958	0.017684	0.001137
479.357391	0.019547	0.017610	0.000968
479.713699	0.020412	0.017969	0.001221
480.069960	0.020179	0.017620	0.001279
480.426177	0.019640	0.017706	0.000967
480.782348	0.020071	0.017941	0.001065
481.138473	0.020185	0.017924	0.001131
481.494553	0.019897	0.017943	0.000977
481.850587	0.019942	0.018001	0.000970
482.206575	0.020251	0.018054	0.001098
482.562518	0.019845	0.017727	0.001059
482.918416	0.020369	0.017748	0.001310
483.274267	0.020130	0.018048	0.001041
483.630073	0.020372	0.018210	0.001081
483.985834	0.020220	0.017745	0.001237
484.341548	0.019884	0.018143	0.000870
484.697217	0.020257	0.018123	0.001067
485.052841	0.020255	0.018501	0.000877
485.408418	0.020523	0.018102	0.001210
485.763950	0.020016	0.018126	0.000945
486.119436	0.020312	0.018510	0.000901
486.474877	0.020203	0.018382	0.000910
486.830272	0.020488	0.018234	0.001127
487.185621	0.020435	0.017881	0.001277
487.540924	0.020627	0.018316	0.001156
487.896182	0.020164	0.018342	0.000911
488.251393	0.020028	0.018187	0.000920
488.606559	0.020475	0.018410	0.001033
488.961679	0.020470	0.018260	0.001105
489.316754	0.020387	0.018226	0.001081
489.671782	0.020545	0.018378	0.001083
490.026765	0.020465	0.018604	0.000930
490.381702	0.020355	0.018288	0.001033
490.736593	0.020376	0.018833	0.000772
491.091438	0.020747	0.018906	0.000921
491.446238	0.020589	0.018492	0.001049
491.800991	0.020826	0.018442	0.001192
492.155699	0.020748	0.018986	0.000881
492.510360	0.020688	0.018749	0.000969
492.864976	0.021165	0.018706	0.001229
493.219546	0.021174	0.018734	0.001220
493.574070	0.020649	0.018515	0.001067
493.928548	0.020700	0.018556	0.001072
494.282980	0.021013	0.019359	0.000827
494.637366	0.020937	0.018711	0.001113
494.991707	0.020844	0.018823	0.001010
495.346001	0.020464	0.018603	0.000931
495.700249	0.020762	0.018474	0.001144
496.054451	0.020982	0.019100	0.000941
496.408607	0.021186	0.018679	0.001253
496.762718	0.020902	0.019149	0.000877
497.116782	0.020915	0.018778	0.001068
497.470800	0.021255	0.018903	0.001176
497.824772	0.021203	0.018904	0.001149
498.178698	0.020752	0.019259	0.000746
498.532578	0.020880	0.019302	0.000789
498.886412	0.021223	0.019216	0.001003
499.240200	0.020970	0.019256	0.000857
499.593942	0.021061	0.019601	0.000730
499.947637	0.020942	0.019385	0.000779
500.301287	0.021036	0.019300	0.000868
500.654890	0.021318	0.019354	0.000982
501.008448	0.021372	0.019588	0.000892
501.361959	0.021346	0.019924	0.000711
501.715424	0.021402	0.019872	0.000765
502.068843	0.021465	0.019590	0.000937
502.422215	0.021467	0.019391	0.001038
502.775542	0.021556	0.019582	0.000987
503.128822	0.021513	0.019776	0.000869
503.482056	0.021123	0.019776	0.000673
503.835244	0.021433	0.019913	0.000760
504.188386	0.021368	0.018679	0.001344
504.541481	0.021613	0.019616	0.000999
504.894530	0.021890	0.019244	0.001323
505.247533	0.021674	0.020150	0.000762
505.600490	0.022018	0.020334	0.000842
505.953400	0.021747	0.019549	0.001099
506.306264	0.021393	0.019897	0.000748
506.659082	0.021809	0.020252	0.000779
507.011854	0.021292	0.019978	0.000657
507.364579	0.021893	0.019839	0.001027
507.717258	0.021809	0.020009	0.000900
508.069890	0.021907	0.020327	0.000790
508.422477	0.021610	0.019972	0.000819
508.775016	0.022361	0.020481	0.000940
509.127510	0.022150	0.019970	0.001090
509.479957	0.022295	0.020520	0.000888
509.832358	0.021988	0.020070	0.000959
510.184712	0.021646	0.020384	0.000631
510.537020	0.021952	0.019822	0.001065
510.889281	0.021524	0.020228	0.000648
511.241497	0.022120	0.019933	0.001094
511.593665	0.022159	0.020470	0.000844
511.945787	0.022278	0.020945	0.000667
512.297863	0.021736	0.020737	0.000500
512.649892	0.021780	0.019924	0.000928
513.001875	0.022430	0.020540	0.000945
513.353812	0.022274	0.021225	0.000524
513.705701	0.021392	0.020420	0.000486
514.057545	0.022386	0.020560	0.000913
514.409342	0.022400	0.020792	0.000804
514.761092	0.022055	0.020752	0.000652
515.112796	0.022547	0.020608	0.000970
515.464453	0.022047	0.020681	0.000683
515.816064	0.022240	0.020240	0.001000
516.167628	0.022655	0.020926	0.000865
516.519145	0.022447	0.020987	0.000730
516.870616	0.023069	0.020584	0.001242
517.222041	0.022950	0.020907	0.001022
517.573418	0.022645	0.020654	0.000996
517.924750	0.022569	0.020827	0.000871
518.276034	0.022490	0.021619	0.000435
518.627272	0.022676	0.021148	0.000764
518.978463	0.022726	0.021079	0.000823
519.329608	0.022703	0.020834	0.000934
519.680706	0.022150	0.021068	0.000541
520.031757	0.022452	0.020700	0.000876
520.382762	0.022795	0.021355	0.000720
520.733719	0.022879	0.021588	0.000646
521.084631	0.023037	0.021259	0.000889
521.435495	0.023304	0.021860	0.000722
521.786313	0.022867	0.021094	0.000886
522.137084	0.022823	0.020872	0.000976
522.487808	0.022936	0.021650	0.000643
522.838486	0.023088	0.021719	0.000684
523.189116	0.023382	0.021830	0.000776
523.539700	0.022387	0.021560	0.000413
523.890237	0.022774	0.021940	0.000417
524.240728	0.023062	0.021270	0.000896
524.591171	0.022753	0.021512	0.000621
524.941568	0.023209	0.021893	0.000658
525.291918	0.022887	0.021184	0.000851
525.642221	0.023378	0.022102	0.000638
525.992478	0.023261	0.021805	0.000728
526.342687	0.023328	0.021904	0.000712
526.692850	0.023145	0.021690	0.000727
527.042965	0.023633	0.021956	0.000838
527.393034	0.023648	0.022422	0.000613
527.743056	0.023033	0.021861	0.000586
528.093031	0.023557	0.021933	0.000812
528.442959	0.022883	0.022106	0.000388
528.792840	0.023414	0.022363	0.000525
529.142674	0.023134	0.022539	0.000298
529.492462	0.023081	0.022087	0.000497
529.842202	0.023034	0.022489	0.000272
530.191895	0.023081	0.022285	0.000398
530.541542	0.024019	0.022257	0.000881
530.891141	0.023718	0.022583	0.000568
531.240694	0.023868	0.022405	0.000731
531.590199	0.023531	0.021929	0.000801
531.939657	0.023535	0.022860	0.000338
532.289069	0.024334	0.022995	0.000670
532.638433	0.023581	0.022487	0.000547
532.987750	0.023445	0.023494	-0.000025
533.337021	0.022770	0.022505	0.000132
533.686244	0.023829	0.022805	0.000512
534.035420	0.023757	0.023234	0.000261
534.384549	0.023929	0.022985	0.000472
534.733631	0.024432	0.023117	0.000658
535.082666	0.024123	0.022579	0.000772
535.431653	0.023781	0.023531	0.000125
535.780594	0.023885	0.022545	0.000670
536.129487	0.023779	0.023277	0.000251
536.478334	0.024614	0.023675	0.000469
536.827133	0.024369	0.022881	0.000744
537.175885	0.024768	0.022811	0.000979
537.524590	0.024321	0.023145	0.000588
537.873247	0.023758	0.023178	0.000290
538.221858	0.024415	0.023600	0.000407
538.570421	0.024314	0.023466	0.000424
538.918937	0.024750	0.023497	0.000627
539.267406	0.024244	0.023320	0.000462
539.615827	0.024188	0.023370	0.000409
539.964202	0.024582	0.023302	0.000640
540.312529	0.024821	0.023158	0.000831
540.660808	0.024516	0.022921	0.000798
541.009041	0.024833	0.023955	0.000439
541.357226	0.025448	0.024404	0.000522
541.705364	0.025021	0.024399	0.000311
542.053455	0.025026	0.024238	0.000394
542.401498	0.024674	0.023897	0.000389
542.749494	0.024938	0.024276	0.000331
543.097443	0.024930	0.024344	0.000293
543.445344	0.025826	0.024712	0.000557
543.793198	0.024712	0.023935	0.000389
544.141005	0.025246	0.024016	0.000615
544.488764	0.024785	0.024290	0.000247
544.836476	0.025099	0.024232	0.000433
545.184140	0.024978	0.024925	0.000026
545.531757	0.024840	0.024794	0.000023
545.879327	0.025419	0.023950	0.000735
546.226849	0.025124	0.024590	0.000267
546.574324	0.025307	0.024657	0.000325
546.921751	0.025519	0.023974	0.000773
547.269131	0.025274	0.024850	0.000212
547.616463	0.026090	0.024740	0.000675
547.963748	0.024764	0.024743	0.000011
548.310985	0.025307	0.024985	0.000161
548.658175	0.025594	0.025002	0.000296
549.005318	0.024784	0.024763	0.000010
549.352413	0.025399	0.024598	0.000401
549.699460	0.025413	0.024445	0.000484
550.046460	0.025606	0.024606	0.000500
550.393412	0.025750	0.024374	0.000688
550.740317	0.025038	0.024582	0.000228
551.087174	0.025065	0.024474	0.000296
551.433984	0.025590	0.025183	0.000204
551.780746	0.025705	0.025314	0.000196
552.127460	0.026216	0.024824	0.000696
552.474127	0.025904	0.025128	0.000388
552.820746	0.026028	0.025261	0.000383
553.167318	0.026231	0.025183	0.000524
553.513842	0.025716	0.025184	0.000266
553.860318	0.026072	0.024607	0.000733
554.206747	0.026396	0.025431	0.000482
554.553128	0.025547	0.026442	-0.000448
554.899461	0.026336	0.025417	0.000459
555.245747	0.025758	0.025714	0.000022
555.591985	0.025986	0.024682	0.000652
555.938175	0.026868	0.024898	0.000985
556.284317	0.027031	0.025809	0.000611
556.630412	0.025948	0.026193	-0.000123
556.976459	0.026935	0.026216	0.000360
557.322459	0.026121	0.025850	0.000135
557.668410	0.026029	0.026198	-0.000085
558.014314	0.026065	0.025829	0.000118
558.360170	0.026554	0.026522	0.000016
558.705978	0.026379	0.025889	0.000245
559.051739	0.026829	0.025917	0.000456
559.397451	0.026781	0.025706	0.000537
559.743116	0.026480	0.025911	0.000284
560.088733	0.026157	0.025332	0.000413
560.434302	0.026358	0.026053	0.000152
560.779823	0.026538	0.026622	-0.000042
561.125297	0.026460	0.026303	0.000078
561.470722	0.026947	0.026295	0.000326
561.816100	0.026088	0.026464	-0.000188
562.161430	0.026672	0.026609	0.000031
562.506712	0.026881	0.027057	-0.000088
562.851946	0.026437	0.026843	-0.000203
563.197132	0.026230	0.026109	0.000060
563.542270	0.027006	0.026396	0.000305
563.887360	0.027252	0.025996	0.000628
564.232403	0.026895	0.026576	0.000159
564.577397	0.027478	0.027059	0.000209
564.922343	0.026619	0.026455	0.000082
565.267242	0.026630	0.026026	0.000302
565.612092	0.026649	0.026366	0.000141
565.956895	0.027721	0.026672	0.000525
566.301649	0.026933	0.027244	-0.000156
566.646355	0.027432	0.026655	0.000389
566.991014	0.026908	0.025975	0.000467
567.335624	0.027329	0.026382	0.000473
567.680186	0.027571	0.027460	0.000055
568.024700	0.027481	0.026660	0.000411
568.369167	0.027287	0.026760	0.000263
568.713585	0.027779	0.026564	0.000608
569.057955	0.027343	0.026763	0.000290
569.402277	0.026536	0.027086	-0.000275
569.746550	0.027064	0.027633	-0.000285
570.090776	0.027076	0.026675	0.000200
570.434954	0.027507	0.027116	0.000196
570.779083	0.028382	0.027063	0.000660
571.123164	0.027729	0.027621	0.000054
571.467197	0.027999	0.026788	0.000606
571.811182	0.028057	0.027622	0.000217
572.155119	0.027325	0.027803	-0.000239
572.499008	0.027894	0.027680	0.000107
572.842848	0.027956	0.027002	0.000477
573.186640	0.028418	0.028078	0.000170
573.530384	0.027318	0.027534	-0.000108
573.874080	0.028120	0.027254	0.000433
574.217727	0.027537	0.026862	0.000338
574.561327	0.027594	0.026885	0.000354
574.904878	0.027744	0.027867	-0.000062
575.248380	0.029288	0.028321	0.000483
575.591835	0.028616	0.028964	-0.000174
575.935241	0.027845	0.027804	0.000021
576.278599	0.028579	0.027911	0.000334
576.621908	0.028540	0.028065	0.000237
576.965170	0.028510	0.028438	0.000036
577.308383	0.027952	0.027514	0.000219
577.651547	0.028414	0.027854	0.000280
577.994663	0.028679	0.028202	0.000239
578.337731	0.027858	0.027376	0.000241
578.680751	0.028578	0.028206	0.000186
579.023722	0.028639	0.028457	0.000091
579.366645	0.028875	0.028790	0.000042
579.709519	0.028109	0.028097	0.000006
580.052345	0.028829	0.028632	0.000098
580.395123	0.027954	0.028910	-0.000478
580.737852	0.028620	0.028672	-0.000026
581.080532	0.028365	0.028678	-0.000157
581.423165	0.029096	0.028615	0.000241
581.765748	0.028655	0.028682	-0.000014
582.108284	0.028609	0.029080	-0.000235
582.450770	0.029008	0.029054	-0.000023
582.793209	0.028785	0.029337	-0.000276
583.135599	0.029215	0.028506	0.000354
583.477940	0.028724	0.028806	-0.000041
583.820233	0.028887	0.028869	0.000009
584.162477	0.028953	0.028765	0.000094
584.504673	0.029694	0.028913	0.000390
584.846820	0.028351	0.029119	-0.000384
585.188919	0.028788	0.029041	-0.000127
585.530969	0.029344	0.029563	-0.000110
585.872970	0.029350	0.029205	0.000073
586.214923	0.029113	0.029798	-0.000342
586.556827	0.029097	0.029023	0.000037
586.898683	0.028533	0.029541	-0.000504
587.240490	0.028977	0.028941	0.000018
587.582249	0.029393	0.029808	-0.000208
587.923958	0.029190	0.029628	-0.000219
588.265620	0.028243	0.030198	-0.000977
588.607232	0.028950	0.029732	-0.000391
588.948796	0.028988	0.029693	-0.000353
589.290311	0.029473	0.029314	0.000079
589.631778	0.029112	0.029682	-0.000285
589.973196	0.029643	0.029629	0.000007
590.314565	0.030657	0.029351	0.000653
590.655885	0.029904	0.029767	0.000068
590.997157	0.030322	0.029801	0.000260
591.338379	0.029889	0.030252	-0.000181
591.679554	0.030505	0.029939	0.000283
592.020679	0.029879	0.029571	0.000154
592.361756	0.029679	0.030585	-0.000453
592.702784	0.029948	0.029666	0.000141
593.043763	0.030886	0.029978	0.000454
593.384693	0.030802	0.029903	0.000449
593.725574	0.030264	0.031222	-0.000479
594.066407	0.030326	0.030722	-0.000198
594.407191	0.029909	0.030150	-0.000120
594.747926	0.029876	0.030442	-0.000283
595.088612	0.030465	0.029829	0.000318
595.429249	0.030181	0.029318	0.000431
595.769838	0.030121	0.030447	-0.000163
596.110377	0.029999	0.030929	-0.000465
596.450868	0.030737	0.030614	0.000061
596.791309	0.029899	0.030082	-0.000092
597.131702	0.030346	0.030745	-0.000200
597.472046	0.030295	0.030716	-0.000211
597.812341	0.030633	0.031408	-0.000388
598.152587	0.031324	0.030478	0.000423
598.492784	0.030769	0.031088	-0.000160
598.832933	0.030316	0.030704	-0.000194
599.173032	0.030779	0.030593	0.000093
599.513082	0.030283	0.030585	-0.000151
599.853083	0.030570	0.030718	-0.000074
600.193035	0.030202	0.030655	-0.000227
600.532939	0.031318	0.031285	0.000017
600.872793	0.031511	0.030852	0.000330
601.212598	0.031220	0.030771	0.000225
601.552354	0.031354	0.030703	0.000326
601.892061	0.031817	0.030924	0.000447
602.231719	0.030702	0.031302	-0.000300
602.571328	0.031314	0.031280	0.000017
602.910888	0.031839	0.030870	0.000484
603.250399	0.031564	0.030902	0.000331
603.589860	0.031513	0.031272	0.000121
603.929273	0.031041	0.031834	-0.000397
604.268636	0.031228	0.031068	0.000080
604.607951	0.031274	0.032248	-0.000487
604.947216	0.031385	0.031366	0.000009
605.286432	0.031399	0.030825	0.000287
605.625599	0.031117	0.031154	-0.000019
605.964717	0.031853	0.031488	0.000182
606.303785	0.032088	0.031783	0.000152
606.642805	0.031997	0.032106	-0.000054
606.981775	0.032957	0.032195	0.000381
607.320696	0.031325	0.031636	-0.000156
607.659567	0.031268	0.031702	-0.000217
607.998390	0.031706	0.031909	-0.000101
608.337163	0.031978	0.032412	-0.000217
608.675887	0.031481	0.032053	-0.000286
609.014562	0.032171	0.032675	-0.000252
609.353187	0.031344	0.032213	-0.000435
609.691764	0.032164	0.032250	-0.000043
610.030290	0.032209	0.032902	-0.000346
610.368768	0.031722	0.032560	-0.000419
610.707196	0.032213	0.032424	-0.000105
611.045575	0.031830	0.031404	0.000213
611.383905	0.031969	0.032103	-0.000067
611.722185	0.032229	0.032221	0.000004
612.060416	0.031917	0.032838	-0.000461
612.398598	0.031462	0.032753	-0.000645
612.736730	0.032012	0.031834	0.000089
613.074813	0.032637	0.032170	0.000233
613.412847	0.032876	0.031761	0.000558
613.750831	0.031961	0.032215	-0.000127
614.088765	0.032446	0.031882	0.000282
614.426651	0.032902	0.032407	0.000248
614.764486	0.032777	0.033096	-0.000159
615.102273	0.033243	0.033048	0.000098
615.440010	0.032412	0.032186	0.000113
615.777697	0.032720	0.032619	0.000051
616.115335	0.032277	0.032385	-0.000054
616.452924	0.032905	0.032087	0.000409
616.790463	0.032809	0.032519	0.000145
617.127952	0.032369	0.032629	-0.000130
617.465392	0.032249	0.033036	-0.000393
617.802783	0.033341	0.032476	0.000433
618.140124	0.032350	0.032502	-0.000076
618.477415	0.032842	0.033100	-0.000129
618.814657	0.032926	0.033251	-0.000163
619.151850	0.032614	0.032615	-0.000001
619.488992	0.033040	0.032721	0.000160
619.826086	0.032925	0.033214	-0.000144
620.163129	0.033473	0.032763	0.000355
620.500123	0.032759	0.032686	0.000037
620.837068	0.034070	0.032704	0.000683
621.173962	0.033238	0.033370	-0.000066
621.510808	0.033008	0.033816	-0.000404
621.847603	0.033320	0.033272	0.000024
622.184349	0.033977	0.033691	0.000143
622.521045	0.033361	0.033257	0.000052
622.857692	0.033327	0.033614	-0.000144
623.194289	0.033383	0.033797	-0.000207
623.530836	0.032575	0.033444	-0.000434
623.867333	0.033619	0.033363	0.000128
624.203781	0.033609	0.033707	-0.000049
624.540179	0.033365	0.033516	-0.000075
624.876527	0.034453	0.034067	0.000193
625.212826	0.033410	0.033429	-0.000009
625.549075	0.033519	0.033649	-0.000065
625.885274	0.033825	0.034346	-0.000260
626.221423	0.034063	0.033973	0.000045
626.557523	0.033593	0.033926	-0.000167
626.893572	0.033132	0.034014	-0.000441
627.229572	0.033508	0.033585	-0.000038
627.565522	0.033287	0.034636	-0.000675
627.901423	0.033609	0.033616	-0.000003
628.237273	0.033918	0.034321	-0.000202
628.573074	0.034084	0.034196	-0.000056
628.908825	0.034125	0.033058	0.000534
629.244526	0.033804	0.034646	-0.000421
629.580177	0.033487	0.033829	-0.000171
629.915778	0.033872	0.034136	-0.000132
630.251329	0.033947	0.033875	0.000036
630.586830	0.033387	0.034607	-0.000610
630.922282	0.033381	0.034447	-0.000533
631.257683	0.034276	0.035138	-0.000431
631.593035	0.034703	0.034074	0.000314
631.928337	0.034035	0.035125	-0.000545
632.263588	0.033840	0.033834	0.000003
632.598790	0.034343	0.034318	0.000012
632.933942	0.034133	0.033920	0.000106
633.269044	0.033351	0.034518	-0.000584
633.604096	0.034873	0.034963	-0.000045
633.939098	0.034335	0.034257	0.000039
634.274049	0.034877	0.034971	-0.000047
634.608951	0.034888	0.034602	0.000143
634.943803	0.034488	0.034543	-0.000027
635.278605	0.034485	0.034716	-0.000116
635.613356	0.034991	0.035020	-0.000014
635.948058	0.034141	0.034134	0.000003
636.282710	0.035524	0.035152	0.000186
636.617311	0.035172	0.034625	0.000273
636.951862	0.034396	0.035041	-0.000323
637.286364	0.034770	0.034758	0.000006
637.620815	0.034437	0.034964	-0.000264
637.955216	0.034362	0.035926	-0.000782
638.289567	0.034557	0.035432	-0.000437
638.623868	0.034450	0.035027	-0.000288
638.958118	0.034778	0.035404	-0.000313
639.292319	0.035215	0.035028	0.000094
639.626469	0.034750	0.035003	-0.000126
639.960569	0.034967	0.035232	-0.000132
640.294619	0.035526	0.035510	0.000008
640.628619	0.035597	0.035771	-0.000087
640.962568	0.035205	0.035381	-0.000088
641.296468	0.035272	0.036311	-0.000519
641.630317	0.035631	0.034966	0.000332
641.964116	0.034441	0.036086	-0.000822
642.297864	0.034959	0.035739	-0.000390
642.631563	0.035363	0.036080	-0.000358
642.965211	0.035011	0.035438	-0.000214
643.298808	0.035329	0.035873	-0.000272
643.632356	0.036104	0.035281	0.000412
643.965853	0.036443	0.035559	0.000442
644.299300	0.036152	0.035902	0.000125
644.632697	0.035794	0.035955	-0.000081
644.966043	0.035618	0.035731	-0.000056
645.299339	0.036080	0.035282	0.000399
645.632584	0.034758	0.036256	-0.000749
645.965779	0.035181	0.035914	-0.000366
646.298924	0.036418	0.036215	0.000101
646.632019	0.036042	0.036434	-0.000196
646.965063	0.035873	0.035603	0.000135
647.298056	0.035884	0.035425	0.000230
647.630999	0.036004	0.036103	-0.000050
647.963892	0.035592	0.036148	-0.000278
648.296735	0.036355	0.035680	0.000338
648.629527	0.036352	0.036430	-0.000039
648.962268	0.035636	0.036132	-0.000248
649.294959	0.036147	0.036881	-0.000367
649.627600	0.036332	0.036910	-0.000289
649.960190	0.036740	0.035889	0.000426
650.292729	0.036422	0.036112	0.000155
650.625218	0.036463	0.037012	-0.000274
650.957657	0.036358	0.037222	-0.000432
651.290045	0.035977	0.036439	-0.000231
651.622383	0.036628	0.037031	-0.000201
651.954669	0.036406	0.036346	0.000030
652.286906	0.036198	0.035319	0.000440
652.619092	0.036040	0.037013	-0.000487
652.951227	0.036304	0.036921	-0.000308
653.283312	0.036104	0.036186	-0.000041
653.615346	0.036360	0.036046	0.000157
653.947329	0.035751	0.036331	-0.000290
654.279262	0.035953	0.037768	-0.000907
654.611145	0.036318	0.036534	-0.000108
654.942976	0.036493	0.036396	0.000048
655.274757	0.036489	0.036610	-0.000060
655.606488	0.036523	0.036659	-0.000068
655.938167	0.036668	0.036605	0.000031
656.269796	0.036874	0.037369	-0.000247
656.601375	0.036142	0.036572	-0.000215
656.932902	0.036267	0.036874	-0.000303
657.264379	0.036898	0.036722	0.000088
657.595806	0.036563	0.037423	-0.000430
657.927181	0.037106	0.037314	-0.000104
658.258506	0.036724	0.036743	-0.000009
658.589780	0.037413	0.037479	-0.000033
658.921003	0.037401	0.037176	0.000112
659.252176	0.037258	0.037160	0.000049
659.583298	0.037108	0.037957	-0.000424
659.914369	0.036492	0.037917	-0.000713
660.245389	0.037593	0.038444	-0.000426
660.576358	0.037597	0.037472	0.000062
660.907277	0.037046	0.037689	-0.000322
661.238145	0.037411	0.037157	0.000127
661.568962	0.037443	0.038221	-0.000389
661.899728	0.037708	0.038007	-0.000149
662.230443	0.038093	0.038614	-0.000261
662.561107	0.037168	0.037250	-0.000041
662.891721	0.038392	0.037515	0.000439
663.222283	0.037893	0.037867	0.000013
663.552795	0.037925	0.038398	-0.000237
663.883256	0.036833	0.037795	-0.000481
664.213666	0.038431	0.038978	-0.000274
664.544025	0.038237	0.038092	0.000072
664.874333	0.038793	0.038313	0.000240
665.204590	0.038433	0.038448	-0.000007
665.534796	0.037147	0.038335	-0.000594
665.864952	0.038727	0.037093	0.000817
666.195056	0.037876	0.037827	0.000024
666.525109	0.037807	0.038510	-0.000351
666.855111	0.038249	0.037894	0.000177
667.185063	0.037871	0.038134	-0.000131
667.514963	0.038471	0.037646	0.000412
667.844812	0.038012	0.038099	-0.000043
668.174610	0.038188	0.038328	-0.000070
668.504357	0.037855	0.039353	-0.000749
668.834054	0.037840	0.038801	-0.000481
669.163699	0.038116	0.038610	-0.000247
669.493293	0.038300	0.038317	-0.000008
669.822836	0.038176	0.038042	0.000067
670.152327	0.038026	0.038914	-0.000444
670.481768	0.038018	0.039339	-0.000660
670.811158	0.037605	0.039250	-0.000822
671.140496	0.038132	0.038630	-0.000249
671.469783	0.038699	0.038036	0.000331
671.799020	0.038644	0.038001	0.000322
672.128205	0.039490	0.038759	0.000365
672.457339	0.038631	0.039020	-0.000194
672.786421	0.037936	0.039233	-0.000648
673.115453	0.038687	0.039168	-0.000240
673.444433	0.038574	0.039081	-0.000254
673.773362	0.038114	0.040364	-0.001125
674.102240	0.038823	0.039105	-0.000141
674.431067	0.039179	0.039409	-0.000115
674.759842	0.038468	0.038740	-0.000136
675.088567	0.039246	0.039202	0.000022
675.417240	0.037682	0.039169	-0.000743
675.745861	0.038416	0.038018	0.000199
676.074432	0.038968	0.039475	-0.000254
676.402951	0.038495	0.038555	-0.000030
676.731419	0.038520	0.039271	-0.000376
677.059835	0.038592	0.038312	0.000140
677.388201	0.038565	0.040184	-0.000809
677.716515	0.037347	0.038987	-0.000820
678.044777	0.038539	0.039939	-0.000700
678.372988	0.039209	0.039336	-0.000064
678.701148	0.038626	0.039306	-0.000340
679.029257	0.039045	0.039488	-0.000221
679.357314	0.040199	0.039350	0.000424
679.685320	0.039234	0.039171	0.000032
680.013274	0.038406	0.039445	-0.000520
680.341177	0.038887	0.039262	-0.000188
680.669029	0.039303	0.039602	-0.000149
680.996829	0.038817	0.039727	-0.000455
681.324578	0.038825	0.040006	-0.000590
681.652275	0.039176	0.039585	-0.000205
681.979921	0.039463	0.039246	0.000108
682.307515	0.040066	0.038959	0.000553
682.635058	0.038656	0.039655	-0.000499
682.962550	0.040372	0.039258	0.000557
683.289989	0.040206	0.038801	0.000702
683.617378	0.038821	0.039541	-0.000360
683.944715	0.039147	0.039146	0.000001
684.272000	0.038732	0.040418	-0.000843
684.599234	0.040413	0.039354	0.000530
684.926416	0.039646	0.039891	-0.000123
685.253547	0.041547	0.039368	0.001090
685.580626	0.039943	0.040246	-0.000152
685.907654	0.039913	0.039708	0.000102
686.234630	0.039297	0.041109	-0.000906
686.561554	0.040469	0.039788	0.000340
686.888427	0.039888	0.040501	-0.000306
687.215248	0.041080	0.040392	0.000344
687.542018	0.039488	0.040262	-0.000387
687.868736	0.039580	0.039008	0.000286
688.195402	0.040995	0.039636	0.000679
688.522017	0.039662	0.040757	-0.000548
688.848580	0.040713	0.039783	0.000465
689.175091	0.040232	0.040469	-0.000119
689.501551	0.040304	0.039388	0.000458
689.827959	0.040724	0.040779	-0.000028
690.154315	0.039382	0.039823	-0.000221
690.480620	0.041314	0.041376	-0.000031
690.806873	0.039859	0.039702	0.000078
691.133074	0.040051	0.040417	-0.000183
691.459223	0.039901	0.040754	-0.000427
691.785321	0.040382	0.040177	0.000103
692.111367	0.040762	0.040845	-0.000042
692.437361	0.039978	0.040118	-0.000070
692.763303	0.039718	0.041147	-0.000715
693.089193	0.041181	0.041182	-0.000001
693.415032	0.039265	0.040505	-0.000620
693.740819	0.040914	0.040084	0.000415
694.066554	0.040355	0.040732	-0.000189
694.392237	0.040605	0.041367	-0.000381
694.717869	0.040108	0.040613	-0.000253
695.043448	0.041104	0.040302	0.000401
695.368976	0.039279	0.040106	-0.000413
695.694452	0.041572	0.039965	0.000803
696.019876	0.041049	0.040280	0.000385
696.345248	0.040486	0.040422	0.000032
696.670568	0.040930	0.040090	0.000420
696.995836	0.040742	0.040591	0.000076
697.321052	0.040354	0.040246	0.000054
697.646216	0.040708	0.039950	0.000379
697.971329	0.039618	0.042362	-0.001372
698.296389	0.040448	0.040984	-0.000268
698.621398	0.041383	0.041289	0.000047
698.946354	0.041513	0.041247	0.000133
699.271259	0.041934	0.040554	0.000690
699.596111	0.041864	0.040863	0.000500
699.920912	0.041713	0.042459	-0.000373
700.245660	0.041491	0.040678	0.000407
700.570357	0.040968	0.041483	-0.000257
700.895001	0.040822	0.041964	-0.000571
701.219594	0.040981	0.041451	-0.000235
701.544134	0.041484	0.041835	-0.000176
701.868622	0.042043	0.041244	0.000399
702.193059	0.040997	0.041215	-0.000109
702.517443	0.039542	0.041242	-0.000850
702.841775	0.041282	0.040924	0.000179
703.166055	0.040599	0.041751	-0.000576
703.490283	0.040854	0.042248	-0.000697
703.814458	0.041762	0.041758	0.000002
704.138582	0.041308	0.040573	0.000367
704.462653	0.040622	0.041411	-0.000395
704.786673	0.040240	0.041434	-0.000597
705.110640	0.040420	0.040950	-0.000265
705.434555	0.040777	0.041138	-0.000181
705.758417	0.041584	0.041213	0.000185
706.082228	0.040311	0.041245	-0.000467
706.405986	0.041927	0.040670	0.000629
706.729692	0.042904	0.041356	0.000774
707.053346	0.042120	0.042371	-0.000126
707.376948	0.040772	0.041284	-0.000256
707.700497	0.040978	0.041541	-0.000281
708.023995	0.041408	0.041942	-0.000267
708.347439	0.041138	0.041731	-0.000297
708.670832	0.041376	0.041392	-0.000008
708.994173	0.041008	0.041431	-0.000212
709.317461	0.040999	0.041900	-0.000451
709.640696	0.041092	0.041260	-0.000084
709.963880	0.042168	0.043202	-0.000517
710.287011	0.042462	0.041646	0.000408
710.610090	0.042488	0.042145	0.000171
710.933116	0.042716	0.041259	0.000729
711.256090	0.042708	0.041540	0.000584
711.579012	0.043380	0.040986	0.001197
711.901881	0.041459	0.042687	-0.000614
712.224698	0.041272	0.042301	-0.000514
712.547463	0.042133	0.042221	-0.000044
712.870175	0.042633	0.041981	0.000326
713.192835	0.041016	0.042113	-0.000549
713.515442	0.041107	0.042734	-0.000814
713.837997	0.042406	0.042777	-0.000185
714.160499	0.041471	0.042438	-0.000484
714.482949	0.041511	0.041775	-0.000132
714.805347	0.043291	0.042322	0.000485
715.127692	0.041499	0.042262	-0.000381
715.449985	0.042740	0.041843	0.000449
715.772225	0.042678	0.042342	0.000168
716.094412	0.041670	0.043235	-0.000782
716.416547	0.043427	0.042848	0.000290
716.738630	0.041978	0.042407	-0.000215
717.060660	0.040956	0.041978	-0.000511
717.382637	0.041572	0.042783	-0.000605
717.704562	0.041789	0.041055	0.000367
718.026435	0.042386	0.042298	0.000044
718.348254	0.041410	0.042796	-0.000693
718.670022	0.043341	0.041347	0.000997
718.991736	0.042094	0.042725	-0.000316
719.313398	0.042093	0.043172	-0.000540
719.635008	0.041980	0.041037	0.000472
719.956564	0.042547	0.042034	0.000256
720.278068	0.042391	0.043098	-0.000354
720.599520	0.041888	0.041723	0.000082
720.920919	0.042944	0.041570	0.000687
721.242265	0.042069	0.042338	-0.000135
721.563558	0.043182	0.042345	0.000418
721.884799	0.042540	0.042241	0.000150
722.205987	0.043718	0.041227	0.001246
722.527123	0.043442	0.041608	0.000917
722.848205	0.041925	0.042023	-0.000049
723.169235	0.041551	0.043586	-0.001018
723.490212	0.042755	0.042646	0.000055
723.811137	0.043522	0.043191	0.000166
724.132009	0.041943	0.043079	-0.000568
724.452828	0.041985	0.043234	-0.000625
724.773594	0.042530	0.041982	0.000274
725.094307	0.042778	0.042704	0.000037
725.414968	0.042646	0.042793	-0.000074
725.735576	0.041634	0.041827	-0.000097
726.056131	0.042599	0.043761	-0.000581
726.376633	0.043826	0.042629	0.000599
726.697082	0.042514	0.042883	-0.000185
727.017478	0.042661	0.043085	-0.000212
727.337822	0.042773	0.043755	-0.000491
727.658113	0.042364	0.041886	0.000239
727.978351	0.042349	0.042226	0.000062
728.298536	0.042358	0.044367	-0.001004
728.618668	0.042933	0.042257	0.000338
728.938747	0.044067	0.043221	0.000423
729.258773	0.043958	0.042528	0.000715
729.578747	0.043771	0.042127	0.000822
729.898667	0.042939	0.042854	0.000043
730.218534	0.042402	0.043338	-0.000468
730.538349	0.042729	0.044478	-0.000874
730.858111	0.044095	0.043991	0.000052
731.177819	0.043411	0.042308	0.000552
731.497475	0.042130	0.043484	-0.000677
731.817077	0.044035	0.043291	0.000372
732.136627	0.042264	0.042770	-0.000253
732.456123	0.044063	0.043539	0.000262
732.775567	0.043125	0.043743	-0.000309
733.094958	0.044421	0.041939	0.001241
733.414295	0.042780	0.043859	-0.000539
733.733579	0.044606	0.043496	0.000555
734.052811	0.044576	0.042795	0.000890
734.371989	0.044707	0.044044	0.000331
734.691114	0.043379	0.043232	0.000074
735.010186	0.044272	0.043572	0.000350
735.329205	0.042685	0.042875	-0.000095
735.648171	0.043857	0.042743	0.000557
735.967084	0.042038	0.043840	-0.000901
736.285944	0.042408	0.043400	-0.000496
736.604750	0.043874	0.043153	0.000361
736.923503	0.043178	0.043329	-0.000075
737.242203	0.043105	0.042952	0.000076
737.560850	0.043863	0.044834	-0.000485
737.879444	0.043186	0.044679	-0.000746
738.197985	0.043905	0.044358	-0.000227
738.516472	0.044466	0.043010	0.000728
738.834906	0.042649	0.043413	-0.000382
739.153287	0.043904	0.044212	-0.000154
739.471615	0.043478	0.043040	0.000219
739.789889	0.043528	0.043945	-0.000209
740.108111	0.042408	0.044063	-0.000828
740.426279	0.043984	0.044455	-0.000235
740.744393	0.043708	0.044668	-0.000480
741.062455	0.043959	0.043796	0.000082
741.380463	0.043015	0.043008	0.000004
741.698417	0.043468	0.043549	-0.000040
742.016319	0.043350	0.044157	-0.000403
742.334167	0.044150	0.044794	-0.000322
742.651962	0.043856	0.044098	-0.000121
742.969703	0.043261	0.045498	-0.001118
743.287391	0.043938	0.045259	-0.000660
743.605026	0.043330	0.043288	0.000021
743.922607	0.044361	0.044417	-0.000028
744.240135	0.044592	0.043660	0.000466
744.557610	0.043508	0.045119	-0.000805
744.875031	0.043138	0.043272	-0.000067
745.192399	0.044417	0.043389	0.000514
745.509713	0.044194	0.044598	-0.000202
745.826974	0.044918	0.044884	0.000017
746.144182	0.042589	0.044209	-0.000810
746.461336	0.045243	0.044399	0.000422
746.778436	0.044191	0.045454	-0.000631
747.095483	0.043723	0.043357	0.000183
747.412477	0.044928	0.043141	0.000893
747.729417	0.043696	0.043824	-0.000064
748.046303	0.043799	0.045105	-0.000653
748.363136	0.043162	0.044604	-0.000721
748.679916	0.045755	0.044777	0.000489
748.996642	0.043742	0.043892	-0.000075
749.313314	0.044020	0.043727	0.000146
749.629933	0.045301	0.044753	0.000274
749.946498	0.044758	0.044104	0.000327
750.263010	0.043870	0.045329	-0.000730
750.579468	0.044555	0.044352	0.000101
750.895873	0.046452	0.044019	0.001216
751.212224	0.043388	0.045087	-0.000850
751.528521	0.044309	0.042776	0.000766
751.844765	0.043978	0.044524	-0.000273
752.160955	0.045058	0.044385	0.000336
752.477091	0.044123	0.043388	0.000367
752.793174	0.044801	0.042874	0.000963
753.109203	0.044326	0.042513	0.000906
753.425178	0.046047	0.044231	0.000908
753.741100	0.043314	0.044016	-0.000351
754.056968	0.045847	0.043808	0.001019
754.372783	0.043994	0.043887	0.000053
754.688543	0.044405	0.044327	0.000039
755.004250	0.044705	0.045268	-0.000282
755.319903	0.044368	0.045475	-0.000553
755.635503	0.045184	0.043387	0.000899
755.951048	0.043975	0.045078	-0.000551
756.266540	0.044787	0.044534	0.000127
756.581978	0.044242	0.045321	-0.000540
756.897363	0.044096	0.044669	-0.000287
757.212693	0.045589	0.044557	0.000516
757.527970	0.044305	0.044895	-0.000295
757.843193	0.045343	0.044229	0.000557
758.158362	0.044067	0.044560	-0.000246
758.473477	0.045516	0.045112	0.000202
758.788538	0.046562	0.044319	0.001122
759.103546	0.046132	0.045401	0.000365
759.418499	0.046207	0.044950	0.000628
759.733399	0.044775	0.045070	-0.000148
760.048245	0.044424	0.045404	-0.000490
760.363037	0.046303	0.044926	0.000689
760.677775	0.046154	0.045812	0.000171
760.992459	0.045267	0.044256	0.000506
761.307090	0.045480	0.045450	0.000015
761.621666	0.046530	0.044837	0.000847
761.936188	0.046493	0.044993	0.000750
762.250657	0.046143	0.044682	0.000731
762.565071	0.047233	0.044196	0.001519
762.879432	0.045184	0.044433	0.000375
763.193738	0.044363	0.045140	-0.000388
763.507991	0.046388	0.045456	0.000466
763.822189	0.046000	0.044733	0.000633
764.136333	0.046405	0.045544	0.000431
764.450424	0.045559	0.045230	0.000165
764.764460	0.045196	0.045013	0.000091
765.078443	0.044873	0.047385	-0.001256
765.392371	0.045752	0.045377	0.000188
765.706245	0.045198	0.043799	0.000700
766.020065	0.045179	0.046257	-0.000539
766.333831	0.044728	0.047172	-0.001222
766.647543	0.046799	0.045093	0.000853
766.961201	0.044939	0.045231	-0.000146
767.274805	0.046030	0.046468	-0.000219
767.588354	0.045899	0.046923	-0.000512
767.901850	0.044934	0.045597	-0.000331
768.215291	0.045435	0.045597	-0.000081
768.528678	0.045243	0.047042	-0.000900
768.842011	0.045743	0.046561	-0.000409
769.155290	0.047615	0.046991	0.000312
769.468515	0.046294	0.045848	0.000223
769.781685	0.043687	0.047025	-0.001669
770.094801	0.045736	0.045897	-0.000081
770.407864	0.045891	0.043938	0.000977
770.720871	0.044262	0.044863	-0.000301
771.033825	0.046347	0.045067	0.000640
771.346724	0.046101	0.045310	0.000396
771.659569	0.046040	0.046463	-0.000212
771.972360	0.046683	0.045927	0.000378
772.285096	0.045003	0.046715	-0.000856
772.597779	0.045755	0.045567	0.000094
772.910407	0.045564	0.045823	-0.000130
773.222980	0.045944	0.045144	0.000400
773.535499	0.045649	0.044977	0.000336
773.847964	0.043990	0.045300	-0.000655
774.160375	0.045684	0.047047	-0.000682
774.472731	0.047170	0.045908	0.000631
774.785033	0.046758	0.046645	0.000057
775.097281	0.046977	0.045208	0.000884
775.409474	0.046632	0.046064	0.000284
775.721613	0.046988	0.045293	0.000848
776.033697	0.046252	0.045854	0.000199
776.345727	0.047025	0.045739	0.000643
776.657702	0.044050	0.044529	-0.000240
776.969624	0.045201	0.046961	-0.000880
777.281490	0.045777	0.044350	0.000713
777.593303	0.047558	0.045310	0.001124
777.905060	0.046040	0.046417	-0.000188
778.216764	0.045362	0.047220	-0.000929
778.528412	0.046300	0.046033	0.000133
778.840007	0.043979	0.045546	-0.000783
779.151547	0.043078	0.045727	-0.001325
779.463032	0.045312	0.046121	-0.000405
779.774463	0.047179	0.046357	0.000411
780.085839	0.047473	0.044716	0.001378
780.397161	0.046222	0.046134	0.000044
780.708428	0.046307	0.045666	0.000320
781.019641	0.046243	0.046385	-0.000071
781.330799	0.045990	0.046089	-0.000049
781.641902	0.045590	0.047016	-0.000713
781.952951	0.046761	0.047232	-0.000236
782.263946	0.045692	0.044783	0.000455
782.574885	0.046229	0.045219	0.000505
782.885770	0.045336	0.046602	-0.000633
783.196601	0.047628	0.044313	0.001658
783.507377	0.044801	0.047063	-0.001131
783.818098	0.043705	0.046387	-0.001341
784.128764	0.044339	0.044726	-0.000193
784.439376	0.045449	0.044321	0.000564
784.749933	0.046862	0.046195	0.000333
785.060436	0.045317	0.045861	-0.000272
785.370884	0.045829	0.045749	0.000040
785.681277	0.045641	0.045805	-0.000082
785.991615	0.049052	0.047198	0.000927
786.301899	0.045631	0.044897	0.000367
786.612128	0.047949	0.045024	0.001462
786.922302	0.046508	0.044274	0.001117
787.232421	0.050835	0.045332	0.002751
787.542486	0.043964	0.044322	-0.000179
787.852496	0.044501	0.042651	0.000925
788.162451	0.042193	0.044149	-0.000978
788.472351	0.046069	0.045895	0.000087
788.782196	0.046013	0.048621	-0.001304
789.091987	0.045707	0.046096	-0.000195
789.401723	0.046339	0.045412	0.000463
789.711404	0.046174	0.048322	-0.001074
790.021030	0.044782	0.047480	-0.001349
790.330601	0.047140	0.045508	0.000816
790.640117	0.047286	0.045531	0.000878
790.949579	0.046575	0.047930	-0.000677
791.258985	0.047070	0.045297	0.000886
791.568337	0.046356	0.046011	0.000173
791.877634	0.046775	0.046681	0.000047
792.186876	0.045070	0.043758	0.000656
792.496063	0.043659	0.046138	-0.001239
792.805195	0.044504	0.046019	-0.000757
793.114272	0.045389	0.045026	0.000182
793.423294	0.045496	0.047618	-0.001061
793.732261	0.045986	0.043156	0.001415
794.041173	0.046079	0.046314	-0.000117
794.350030	0.042799	0.045269	-0.001235
794.658833	0.043535	0.047210	-0.001838
794.967580	0.046568	0.046817	-0.000124
795.276272	0.046606	0.048441	-0.000917
795.584909	0.046850	0.046316	0.000267
795.893491	0.045711	0.046272	-0.000281
796.202018	0.043457	0.044869	-0.000706
796.510490	0.046042	0.046609	-0.000284
796.818907	0.045145	0.044931	0.000107
797.127269	0.044805	0.047366	-0.001280
797.435576	0.046281	0.046775	-0.000247
797.743827	0.042341	0.043533	-0.000596
798.052024	0.046612	0.043572	0.001520
798.360165	0.045889	0.046093	-0.000102
798.668251	0.046378	0.045870	0.000254
798.976283	0.044306	0.047332	-0.001513
799.284259	0.041857	0.046070	-0.002107
799.592179	0.045178	0.043697	0.000740
799.900045	0.049027	0.047785	0.000621
800.207855	0.047281	0.048677	-0.000698
800.515611	0.045921	0.048478	-0.001279
800.823311	0.046247	0.044636	0.000805
801.130956	0.045529	0.046274	-0.000373
801.438545	0.045505	0.043168	0.001168
801.746080	0.048873	0.045987	0.001443
802.053559	0.044336	0.045958	-0.000811
802.360983	0.042675	0.045770	-0.001547
802.668352	0.045323	0.045388	-0.000033
802.975665	0.044075	0.046654	-0.001290
803.282923	0.047037	0.046071	0.000483
803.590126	0.045990	0.046730	-0.000370
803.897274	0.045034	0.045869	-0.000418
804.204366	0.049365	0.047580	0.000893
804.511403	0.045699	0.045003	0.000348
804.818384	0.048681	0.046835	0.000923
805.125311	0.044529	0.046046	-0.000758
805.432181	0.046559	0.045838	0.000361
805.738997	0.045105	0.046851	-0.000873
806.045757	0.042965	0.048068	-0.002552
806.352462	0.044249	0.048447	-0.002099
806.659111	0.044534	0.046263	-0.000865
806.965705	0.044642	0.044290	0.000176
807.272244	0.042641	0.045249	-0.001304
807.578727	0.046799	0.048664	-0.000932
807.885155	0.047094	0.045579	0.000758
808.191527	0.045408	0.046289	-0.000441
808.497844	0.048528	0.041929	0.003299
808.804105	0.046144	0.042064	0.002040
809.110311	0.047858	0.045748	0.001055
809.416462	0.047205	0.045721	0.000742
809.722557	0.049059	0.049034	0.000013
810.028596	0.046357	0.044695	0.000831
810.334580	0.049252	0.045806	0.001723
810.640508	0.043417	0.050231	-0.003407
810.946381	0.049731	0.047330	0.001200
811.252199	0.050467	0.050788	-0.000160
811.557961	0.049981	0.044353	0.002814
811.863667	0.046846	0.045266	0.000790
812.169317	0.040677	0.047581	-0.003452
812.474913	0.050949	0.044761	0.003094
812.780452	0.045300	0.044464	0.000418
813.085936	0.051219	0.043602	0.003808
813.391364	0.044059	0.047141	-0.001541
813.696737	0.045127	0.047646	-0.001260
814.002054	0.045344	0.042030	0.001657
814.307315	0.047216	0.044666	0.001275
814.612521	0.042760	0.047499	-0.002369
814.917671	0.045004	0.046630	-0.000813
815.222766	0.047321	0.044260	0.001530
815.527804	0.046003	0.048288	-0.001143
815.832787	0.044736	0.043013	0.000861
816.137715	0.045921	0.046563	-0.000321
816.442586	0.042431	0.042340	0.000045
816.747402	0.046011	0.047762	-0.000876
817.052162	0.044080	0.047948	-0.001934
817.356867	0.042434	0.042412	0.000011
817.661516	0.045288	0.045567	-0.000140
817.966109	0.043170	0.046310	-0.001570
818.270646	0.044771	0.047598	-0.001414
818.575127	0.047145	0.043403	0.001871
818.879553	0.045047	0.044888	0.000079
819.183922	0.044736	0.046240	-0.000752
819.488236	0.045958	0.045759	0.000100
819.792495	0.043637	0.046934	-0.001649
820.096697	0.046870	0.047683	-0.000407
820.400843	0.045144	0.049076	-0.001966
820.704934	0.044247	0.043460	0.000393
821.008969	0.047311	0.047404	-0.000046
821.312948	0.044218	0.045560	-0.000671
821.616871	0.043928	0.047503	-0.001788
821.920738	0.045934	0.049985	-0.002026
822.224549	0.043752	0.045848	-0.001048
822.528305	0.047505	0.043756	0.001875
822.832004	0.043676	0.044929	-0.000627
823.135647	0.048230	0.045040	0.001595
823.439235	0.045600	0.047654	-0.001027
823.742767	0.049576	0.047018	0.001279
824.046242	0.046373	0.043813	0.001280
824.349662	0.043257	0.044382	-0.000563
824.653026	0.048119	0.044194	0.001962
824.956333	0.045193	0.048756	-0.001782
825.259585	0.047490	0.043133	0.002179
825.562781	0.043258	0.045350	-0.001046
825.865920	0.042074	0.046551	-0.002238
826.169004	0.046208	0.040610	0.002799
826.472031	0.044517	0.043897	0.000310
826.775003	0.048725	0.040448	0.004139
827.077918	0.045196	0.048696	-0.001750
827.380778	0.051129	0.049327	0.000901
827.683581	0.049506	0.046142	0.001682
827.986328	0.046786	0.048617	-0.000916
828.289019	0.046171	0.046247	-0.000038
828.591654	0.044325	0.044582	-0.000129
828.894233	0.044958	0.045053	-0.000048
829.196756	0.042363	0.046521	-0.002079
829.499223	0.046158	0.046904	-0.000373
829.801633	0.044647	0.047288	-0.001320
830.103988	0.043644	0.045744	-0.001050
830.406286	0.045864	0.045204	0.000330
830.708528	0.042755	0.044328	-0.000787
831.010713	0.041304	0.045787	-0.002242
831.312843	0.043207	0.047114	-0.001954
831.614916	0.043778	0.048662	-0.002442
831.916933	0.044358	0.040268	0.002045
832.218894	0.037681	0.041413	-0.001866
832.520799	0.043056	0.041510	0.000773
832.822647	0.041544	0.046237	-0.002347
833.124440	0.041474	0.045672	-0.002099
833.426175	0.046970	0.045086	0.000942
833.727855	0.046075	0.044584	0.000746
834.029478	0.044786	0.043740	0.000523
834.331045	0.047883	0.041370	0.003257
834.632556	0.039952	0.049212	-0.004630
834.934010	0.039905	0.043108	-0.001601
835.235408	0.043271	0.050201	-0.003465
835.536750	0.041933	0.047077	-0.002572
835.838035	0.044456	0.043223	0.000616
836.139264	0.049972	0.042422	0.003775
836.440437	0.038226	0.048433	-0.005103
836.741553	0.043170	0.050305	-0.003567
837.042613	0.040507	0.044340	-0.001916
837.343616	0.044658	0.048435	-0.001888
837.644563	0.043188	0.041511	0.000838
837.945454	0.048749	0.046296	0.001226
838.246288	0.045932	0.042781	0.001576
838.547066	0.052419	0.051790	0.000314
838.847787	0.048640	0.044517	0.002061
839.148452	0.035947	0.042472	-0.003263
839.449060	0.043227	0.048383	-0.002578
839.749612	0.045964	0.044051	0.000956
840.050108	0.049332	0.040098	0.004617
840.350547	0.045335	0.042484	0.001426
840.650929	0.043700	0.044421	-0.000360
840.951255	0.048876	0.047834	0.000521
841.251524	0.042828	0.040845	0.000991
841.551737	0.044796	0.044179	0.000309
841.851893	0.035725	0.039862	-0.002068
842.151993	0.048137	0.040066	0.004035
842.452036	0.046767	0.045062	0.000852
842.752022	0.044273	0.043519	0.000377
843.051952	0.046084	0.049336	-0.001626
843.351825	0.041936	0.038415	0.001760
843.651642	0.038109	0.043906	-0.002899
843.951402	0.036731	0.045025	-0.004147
844.251106	0.042496	0.050037	-0.003770
844.550752	0.042752	0.039598	0.001577
844.850343	0.042475	0.046490	-0.002008
845.149876	0.039068	0.043233	-0.002083
845.449353	0.041166	0.042159	-0.000496
845.748773	0.046669	0.038575	0.004047
846.048136	0.043890	0.041811	0.001039
846.347443	0.044637	0.036652	0.003992
846.646693	0.045802	0.038715	0.003543
846.945886	0.045053	0.044239	0.000407
847.245023	0.044185	0.034212	0.004987
847.544103	0.039384	0.041366	-0.000991
847.843126	0.045069	0.045966	-0.000449
848.142092	0.040944	0.045871	-0.002464
848.441002	0.043670	0.041622	0.001024
848.739854	0.045293	0.041808	0.001743
849.038650	0.045570	0.040172	0.002699
849.337390	0.039073	0.041575	-0.001251
849.636072	0.039498	0.048078	-0.004290
849.934697	0.045160	0.043754	0.000703
850.233266	0.037376	0.040099	-0.001361
850.531778	0.041232	0.037328	0.001952
850.830233	0.038845	0.036204	0.001321
851.128631	0.041263	0.038640	0.001311
851.426972	0.036731	0.044171	-0.003720
851.725257	0.042767	0.044805	-0.001019
852.023484	0.044167	0.043946	0.000111
852.321655	0.043729	0.040218	0.001755
852.619768	0.041468	0.037004	0.002232
852.917825	0.043366	0.041658	0.000854
853.215825	0.041326	0.042517	-0.000595
853.513768	0.038815	0.043409	-0.002297
853.811654	0.046712	0.041076	0.002818
854.109483	0.044590	0.042508	0.001041
854.407255	0.040938	0.039395	0.000772
854.704970	0.039871	0.042295	-0.001212
855.002628	0.032534	0.042232	-0.004849
855.300229	0.040170	0.042219	-0.001025
855.597773	0.052068	0.040904	0.005582
855.895260	0.045720	0.043744	0.000988
856.192690	0.045542	0.044354	0.000594
856.490063	0.034332	0.045168	-0.005418
856.787378	0.042548	0.036450	0.003049
857.084637	0.045074	0.037475	0.003799
857.381839	0.035382	0.039693	-0.002155
857.678984	0.038713	0.044773	-0.003030
857.976071	0.045800	0.046725	-0.000462
858.273101	0.041086	0.041637	-0.000276
858.570075	0.039865	0.037409	0.001228
858.866991	0.046484	0.036860	0.004812
859.163850	0.040088	0.048820	-0.004366
859.460652	0.047071	0.040880	0.003096
859.757397	0.044255	0.036391	0.003932
860.054084	0.044125	0.035323	0.004401
860.350715	0.033054	0.047719	-0.007332
860.647288	0.039774	0.041290	-0.000758
860.943804	0.039890	0.040416	-0.000263
861.240263	0.036498	0.041964	-0.002733
861.536665	0.039011	0.037916	0.000548
861.833009	0.038327	0.031022	0.003652
862.129296	0.044871	0.039136	0.002867
862.425526	0.039328	0.044641	-0.002656
862.721699	0.046924	0.044785	0.001070
863.017814	0.039711	0.033836	0.002938
863.313872	0.046386	0.039624	0.003381
863.609873	0.037832	0.028442	0.004695
863.905817	0.040956	0.041624	-0.000334
864.201703	0.039651	0.047383	-0.003866
864.497532	0.035404	0.043190	-0.003893
864.793304	0.043051	0.037335	0.002858
865.089018	0.036379	0.036392	-0.000007
865.384675	0.040955	0.036892	0.002031
865.680274	0.036958	0.036992	-0.000017
865.975817	0.041829	0.033211	0.004309
866.271302	0.044245	0.046371	-0.001063
866.566729	0.037680	0.034890	0.001395
866.862099	0.035673	0.037177	-0.000752
867.157412	0.045562	0.038877	0.003343
867.452667	0.034765	0.036466	-0.000850
867.747865	0.043792	0.038534	0.002629
868.043005	0.047849	0.043180	0.002335
868.338088	0.041677	0.036863	0.002407
868.633114	0.040748	0.037101	0.001823
868.928082	0.038170	0.025896	0.006137
869.222993	0.046874	0.041635	0.002619
869.517846	0.037622	0.035354	0.001134
869.812641	0.036022	0.032637	0.001692
870.107379	0.043261	0.029402	0.006930
870.402060	0.033143	0.035193	-0.001025
870.696683	0.042593	0.031557	0.005518
870.991248	0.036189	0.031119	0.002535
871.285756	0.031461	0.036243	-0.002391
871.580207	0.034812	0.039005	-0.002096
871.874600	0.038567	0.039891	-0.000662
872.168935	0.039559	0.034201	0.002679
872.463213	0.025440	0.045959	-0.010260
872.757433	0.035977	0.025420	0.005278
873.051595	0.033339	0.039664	-0.003163
873.345700	0.039858	0.038109	0.000874
873.639748	0.046576	0.032210	0.007183
873.933737	0.042548	0.032050	0.005249
874.227669	0.046028	0.035321	0.005354
874.521544	0.050730	0.041380	0.004675
874.815360	0.032801	0.036986	-0.002092
875.109119	0.044272	0.046236	-0.000982
875.402821	0.040652	0.039608	0.000522
875.696464	0.038483	0.041509	-0.001513
875.990050	0.036335	0.033121	0.001607
876.283578	0.035425	0.037501	-0.001038
876.577049	0.034823	0.035609	-0.000393
876.870462	0.043118	0.034973	0.004073
877.163817	0.047475	0.040873	0.003301
877.457114	0.038844	0.044077	-0.002616
877.750353	0.043226	0.048433	-0.002603
878.043535	0.038295	0.034839	0.001728
878.336659	0.041249	0.035885	0.002682
878.629725	0.029170	0.043038	-0.006934
878.922733	0.038133	0.027667	0.005233
879.215684	0.026485	0.033681	-0.003598
879.508577	0.037636	0.022708	0.007464
879.801411	0.040846	0.042664	-0.000909
880.094189	0.026146	0.037333	-0.005593
880.386908	0.034938	0.041378	-0.003220
880.679569	0.037884	0.034112	0.001886
880.972172	0.035859	0.040140	-0.002141
881.264718	0.032764	0.022738	0.005013
881.557206	0.028756	0.039073	-0.005159
881.849635	0.041254	0.033695	0.003779
882.142007	0.040943	0.039290	0.000826
882.434321	0.034381	0.035565	-0.000592
882.726577	0.041949	0.033057	0.004446
883.018775	0.045537	0.027695	0.008921
883.310915	0.032062	0.032230	-0.000084
883.602997	0.031286	0.030580	0.000353
883.895021	0.041187	0.033922	0.003633
884.186987	0.044463	0.040417	0.002023
884.478896	0.031824	0.045539	-0.006857
884.770746	0.033040	0.037662	-0.002311
885.062538	0.027063	0.038097	-0.005517
885.354272	0.024169	0.043912	-0.009871
885.645948	0.035968	0.056098	-0.010065
885.937566	0.042814	0.048625	-0.002906
886.229126	0.043026	0.033825	0.004600
886.520628	0.042441	0.040006	0.001218
886.812072	0.037826	0.033239	0.002293
887.103458	0.036004	0.026130	0.004937
887.394785	0.027411	0.046411	-0.009500
887.686055	0.046191	0.045449	0.000371
887.977266	0.032350	0.023945	0.004202
888.268420	0.034275	0.043251	-0.004488
888.559515	0.028569	0.044461	-0.007946
888.850552	0.024805	0.036793	-0.005994
889.141531	0.033228	0.038118	-0.002445
889.432451	0.037925	0.044996	-0.003535
889.723314	0.040353	0.036214	0.002070
890.014118	0.040805	0.035100	0.002852
890.304864	0.044462	0.038389	0.003036
890.595552	0.033164	0.034137	-0.000486
890.886182	0.033537	0.045218	-0.005840
891.176754	0.030676	0.042894	-0.006109
891.467267	0.037473	0.042325	-0.002426
891.757722	0.040527	0.038877	0.000825
