189.527725	0.043138	0.043138	0.000000
189.916390	1043520046308321.625000	1043520046308321.625000	0.000000
190.305018	-9.125815	103.649799	-56.387807
190.693607	-24.659396	-10.458476	-7.100460
191.082159	-101.724925	51.292726	-76.508825
191.470673	9.639347	-18.120385	13.879866
191.859149	208.930487	48.568786	80.180850
192.247587	-18.808878	-8.855606	-4.976636
192.635988	8.819574	11.265695	-1.223061
193.024351	23.026429	4.705320	9.160555
193.412676	6.599013	8.574611	-0.987799
193.800963	18.250391	-106.175379	62.212885
194.189212	9.922831	11.033256	-0.555213
194.577423	34.628077	19.673014	7.477532
194.965597	-23.599323	81.317869	-52.458596
195.353732	-9.412248	14.500978	-11.956613
195.741830	36.139850	14.947537	10.596157
196.129890	9.673407	14.113856	-2.220224
196.517911	3.647583	-13.607661	8.627622
196.905895	8.113639	-13.799086	10.956362
197.293841	-31.281725	-20.448299	-5.416713
197.681749	14.666324	-20.216119	17.441221
198.069619	23.029811	-33.194828	28.112320
198.457452	5.202826	69.350516	-32.073845
198.845246	-3.046721	-2.321814	-0.362454
199.233002	-0.731907	-0.796147	0.032120
199.620720	-0.639930	-0.792420	0.076245
200.008400	-0.696374	-0.636048	-0.030163
200.396042	-0.610339	-0.698791	0.044226
200.783646	-0.608357	-0.613988	0.002816
201.171212	-0.653371	-0.645742	-0.003814
201.558740	-0.667876	-0.670963	0.001543
201.946230	-0.655922	-0.577426	-0.039248
202.333682	-0.675116	-0.687010	0.005947
202.721096	-0.625536	-0.684561	0.029512
203.108472	-0.677053	-0.789412	0.056180
203.495809	-0.785993	-0.621252	-0.082371
203.883109	-0.653636	-0.778203	0.062284
204.270370	-0.655189	-0.660611	0.002711
204.657593	-0.709931	-0.701750	-0.004091
205.044779	-0.595313	-0.645316	0.025001
205.431926	-0.686219	-0.728739	0.021260
205.819034	-0.627546	-0.767212	0.069833
206.206105	-0.651676	-0.631576	-0.010050
206.593137	-0.655314	-0.655895	0.000291
206.980132	-0.691957	-0.617305	-0.037326
207.367088	-0.619292	-0.622632	0.001670
207.754006	-0.627921	-0.669870	0.020974
208.140885	-0.667516	-0.694183	0.013333
208.527727	-0.706478	-0.672716	-0.016881
208.914530	-0.571923	-0.653484	0.040780
209.301295	-0.613848	-0.683140	0.034646
209.688022	-0.625438	-0.617320	-0.004059
210.074710	-0.623937	-0.572979	-0.025479
210.461360	-0.545456	-0.593581	0.024063
210.847972	-0.559161	-0.599015	0.019927
211.234546	-0.614581	-0.683776	0.034598
211.621081	-0.566754	-0.608331	0.020788
212.007578	-0.777069	-0.572250	-0.102409
212.394036	-0.666424	-0.710049	0.021813
212.780457	-0.608454	-0.619305	0.005426
213.166839	-0.573699	-0.608845	0.017573
213.553182	-0.577107	-0.682235	0.052564
213.939487	-0.643877	-0.631120	-0.006379
214.325754	-0.605079	-0.609507	0.002214
214.711983	-0.627597	-0.653111	0.012757
215.098173	-0.566067	-0.549822	-0.008122
215.484324	-0.540141	-0.620887	0.040373
215.870437	-0.579029	-0.550027	-0.014501
216.256512	-0.532216	-0.603397	0.035591
216.642548	-0.604203	-0.568203	-0.018000
217.028546	-0.559243	-0.576212	0.008484
217.414506	-0.553844	-0.549857	-0.001993
217.800427	-0.651643	-0.584705	-0.033469
218.186309	-0.634447	-0.613354	-0.010547
218.572153	-0.567876	-0.575833	0.003979
218.957959	-0.497264	-0.621117	0.061926
219.343726	-0.617843	-0.551718	-0.033063
219.729454	-0.528288	-0.579473	0.025592
220.115144	-0.558332	-0.518096	-0.020118
220.500795	-0.500668	-0.499483	-0.000593
220.886408	-0.553077	-0.544455	-0.004311
221.271983	-0.516536	-0.527629	0.005547
221.657518	-0.481599	-0.471171	-0.005214
222.043016	-0.515459	-0.518308	0.001425
222.428474	-0.468267	-0.470459	0.001096
222.813894	-0.442025	-0.488683	0.023329
223.199275	-0.466883	-0.461047	-0.002918
223.584618	-0.427994	-0.451820	0.011913
223.969922	-0.427645	-0.407362	-0.010142
224.355188	-0.370909	-0.398561	0.013826
224.740414	-0.371250	-0.424778	0.026764
225.125603	-0.376922	-0.392592	0.007835
225.510752	-0.369595	-0.359577	-0.005009
225.895863	-0.327259	-0.334777	0.003759
226.280935	-0.356085	-0.334270	-0.010907
226.665968	-0.349740	-0.348850	-0.000445
227.050963	-0.356779	-0.325779	-0.015500
227.435919	-0.312560	-0.345962	0.016701
227.820836	-0.336822	-0.331465	-0.002679
228.205715	-0.327611	-0.301829	-0.012891
228.590555	-0.269793	-0.298492	0.014349
228.975356	-0.283906	-0.319267	0.017681
229.360118	-0.276693	-0.295637	0.009472
229.744841	-0.269342	-0.266764	-0.001289
230.129526	-0.269796	-0.269940	0.000072
230.514172	-0.246483	-0.245089	-0.000697
230.898779	-0.268698	-0.272175	0.001738
231.283347	-0.261654	-0.255743	-0.002956
231.667877	-0.232127	-0.243995	0.005934
232.052367	-0.257700	-0.247124	-0.005288
232.436819	-0.244577	-0.244404	-0.000087
232.821232	-0.238169	-0.232348	-0.002910
233.205606	-0.249733	-0.236604	-0.006565
233.589941	-0.224693	-0.215973	-0.004360
233.974237	-0.229118	-0.227754	-0.000682
234.358495	-0.221517	-0.198256	-0.011630
234.742713	-0.216079	-0.206578	-0.004750
235.126893	-0.208684	-0.211036	0.001176
235.511033	-0.208297	-0.199428	-0.004434
235.895135	-0.193121	-0.200797	0.003838
236.279198	-0.187219	-0.196135	0.004458
236.663221	-0.186150	-0.193785	0.003818
237.047206	-0.178958	-0.180329	0.000685
237.431152	-0.190681	-0.174501	-0.008090
237.815059	-0.185074	-0.176221	-0.004426
238.198926	-0.185405	-0.172023	-0.006691
238.582755	-0.167726	-0.174406	0.003340
238.966545	-0.166320	-0.158865	-0.003728
239.350296	-0.161774	-0.165602	0.001914
239.734007	-0.165540	-0.161445	-0.002048
240.117680	-0.162120	-0.156754	-0.002683
240.501314	-0.162141	-0.159839	-0.001151
240.884908	-0.159808	-0.147801	-0.006004
241.268464	-0.158715	-0.156739	-0.000988
241.651980	-0.163463	-0.150806	-0.006328
242.035457	-0.154356	-0.154873	0.000259
242.418895	-0.155246	-0.149221	-0.003013
242.802294	-0.149118	-0.148112	-0.000503
243.185654	-0.143872	-0.144674	0.000401
243.568975	-0.143569	-0.142661	-0.000454
243.952257	-0.145720	-0.145311	-0.000204
244.335499	-0.134902	-0.141187	0.003142
244.718702	-0.138272	-0.143595	0.002661
245.101867	-0.139277	-0.132053	-0.003612
245.484991	-0.132540	-0.129025	-0.001758
245.868077	-0.134044	-0.129045	-0.002499
246.251124	-0.127684	-0.128185	0.000251
246.634131	-0.132925	-0.133397	0.000236
247.017099	-0.126744	-0.127931	0.000594
247.400028	-0.125222	-0.126862	0.000820
247.782917	-0.132302	-0.122436	-0.004933
248.165768	-0.129296	-0.129373	0.000039
248.548579	-0.128098	-0.121487	-0.003306
248.931350	-0.124182	-0.120026	-0.002078
249.314083	-0.123464	-0.116409	-0.003528
249.696776	-0.125731	-0.116074	-0.004828
250.079430	-0.124023	-0.117341	-0.003341
250.462044	-0.121663	-0.115365	-0.003149
250.844620	-0.119580	-0.118903	-0.000339
251.227155	-0.116923	-0.113427	-0.001748
251.609652	-0.118927	-0.113178	-0.002875
251.992109	-0.120567	-0.114403	-0.003082
252.374527	-0.118179	-0.113946	-0.002117
252.756905	-0.117091	-0.108696	-0.004197
253.139244	-0.115617	-0.110610	-0.002504
253.521544	-0.115210	-0.110771	-0.002219
253.903804	-0.112052	-0.111941	-0.000056
254.286025	-0.113081	-0.109441	-0.001820
254.668206	-0.116860	-0.108883	-0.003989
255.050348	-0.114052	-0.107884	-0.003084
255.432451	-0.111516	-0.109056	-0.001230
255.814514	-0.109514	-0.108204	-0.000655
256.196537	-0.112473	-0.108035	-0.002219
256.578521	-0.109101	-0.108334	-0.000384
256.960466	-0.109940	-0.106082	-0.001929
257.342371	-0.110687	-0.105964	-0.002362
257.724236	-0.109881	-0.103654	-0.003114
258.106062	-0.109374	-0.106538	-0.001418
258.487849	-0.110075	-0.102906	-0.003584
258.869596	-0.107344	-0.101971	-0.002686
259.251303	-0.108912	-0.101618	-0.003647
259.632971	-0.107799	-0.103336	-0.002232
260.014599	-0.107925	-0.102861	-0.002532
260.396188	-0.105938	-0.101464	-0.002237
260.777737	-0.105537	-0.102851	-0.001343
261.159247	-0.106082	-0.101982	-0.002050
261.540717	-0.105500	-0.101121	-0.002190
261.922147	-0.103941	-0.100179	-0.001881
262.303538	-0.104193	-0.098488	-0.002852
262.684889	-0.102849	-0.101313	-0.000768
263.066200	-0.103941	-0.098376	-0.002782
263.447472	-0.101255	-0.097286	-0.001985
263.828704	-0.101469	-0.097489	-0.001990
264.209896	-0.101581	-0.097790	-0.001896
264.591049	-0.098882	-0.096622	-0.001130
264.972162	-0.099766	-0.096659	-0.001554
265.353235	-0.101262	-0.095736	-0.002763
265.734268	-0.100605	-0.095591	-0.002507
266.115262	-0.099626	-0.095280	-0.002173
266.496216	-0.099799	-0.094977	-0.002411
266.877130	-0.097880	-0.095101	-0.001389
267.258005	-0.098007	-0.093918	-0.002045
267.638840	-0.097337	-0.094374	-0.001481
268.019635	-0.097630	-0.092524	-0.002553
268.400390	-0.097689	-0.093373	-0.002158
268.781105	-0.096351	-0.093637	-0.001357
269.161781	-0.096326	-0.092953	-0.001687
269.542417	-0.095711	-0.090053	-0.002829
269.923013	-0.096089	-0.091863	-0.002113
270.303569	-0.095251	-0.091744	-0.001754
270.684085	-0.093597	-0.089855	-0.001871
271.064561	-0.093405	-0.089497	-0.001954
271.444998	-0.093016	-0.088835	-0.002090
271.825394	-0.091765	-0.088482	-0.001642
272.205751	-0.091651	-0.088714	-0.001468
272.586068	-0.091390	-0.087696	-0.001847
272.966345	-0.090903	-0.087403	-0.001750
273.346582	-0.090016	-0.086544	-0.001736
273.726779	-0.090558	-0.085420	-0.002569
274.106936	-0.088381	-0.085410	-0.001486
274.487053	-0.089046	-0.083967	-0.002539
274.867130	-0.089079	-0.083309	-0.002885
275.247168	-0.087347	-0.082602	-0.002372
275.627165	-0.087175	-0.082520	-0.002327
276.007122	-0.085843	-0.082080	-0.001881
276.387040	-0.085192	-0.082399	-0.001396
276.766917	-0.085778	-0.081985	-0.001896
277.146754	-0.085253	-0.081285	-0.001984
277.526551	-0.084217	-0.081117	-0.001550
277.906308	-0.085759	-0.080254	-0.002752
278.286026	-0.084655	-0.080090	-0.002283
278.665703	-0.084866	-0.079930	-0.002468
279.045340	-0.084151	-0.079742	-0.002205
279.424936	-0.083001	-0.079192	-0.001904
279.804493	-0.083325	-0.079696	-0.001814
280.184010	-0.082563	-0.078756	-0.001904
280.563487	-0.082829	-0.078297	-0.002266
280.942923	-0.083332	-0.077689	-0.002821
281.322319	-0.081539	-0.076407	-0.002566
281.701676	-0.080464	-0.075830	-0.002317
282.080992	-0.078577	-0.077100	-0.000738
282.460268	-0.079608	-0.075289	-0.002159
282.839503	-0.078853	-0.073962	-0.002446
283.218699	-0.078637	-0.072589	-0.003024
283.597854	-0.077782	-0.073195	-0.002294
283.976969	-0.077314	-0.072145	-0.002585
284.356044	-0.076565	-0.072569	-0.001998
284.735079	-0.076210	-0.071228	-0.002491
285.114073	-0.075226	-0.070609	-0.002309
285.493028	-0.075277	-0.070939	-0.002169
285.871942	-0.076114	-0.071626	-0.002244
286.250815	-0.074921	-0.070175	-0.002373
286.629649	-0.074295	-0.069742	-0.002277
287.008442	-0.074066	-0.067104	-0.003481
287.387195	-0.072980	-0.067094	-0.002943
287.765907	-0.071592	-0.067318	-0.002137
288.144580	-0.070452	-0.065127	-0.002662
288.523212	-0.069001	-0.064226	-0.002388
288.901803	-0.068846	-0.062845	-0.003001
289.280355	-0.068105	-0.062666	-0.002720
289.658866	-0.067031	-0.061913	-0.002559
290.037336	-0.066359	-0.060722	-0.002819
290.415766	-0.065982	-0.060178	-0.002902
290.794156	-0.064730	-0.058678	-0.003026
291.172505	-0.064092	-0.058534	-0.002779
291.550814	-0.063991	-0.058643	-0.002674
291.929083	-0.063132	-0.057491	-0.002821
292.307311	-0.062532	-0.057610	-0.002461
292.685499	-0.061909	-0.057027	-0.002441
293.063646	-0.062062	-0.055722	-0.003170
293.441753	-0.059702	-0.055725	-0.001989
293.819820	-0.060034	-0.055045	-0.002494
294.197845	-0.060085	-0.054431	-0.002827
294.575831	-0.059090	-0.053882	-0.002604
294.953776	-0.058103	-0.052451	-0.002826
295.331680	-0.058295	-0.052319	-0.002988
295.709544	-0.056974	-0.051221	-0.002877
296.087368	-0.056779	-0.050835	-0.002972
296.465150	-0.056117	-0.050896	-0.002611
296.842893	-0.055601	-0.050191	-0.002705
297.220595	-0.054505	-0.049713	-0.002396
297.598256	-0.054165	-0.049014	-0.002575
297.975876	-0.053452	-0.047773	-0.002839
298.353457	-0.053094	-0.047407	-0.002843
298.730996	-0.052556	-0.046163	-0.003196
299.108495	-0.052270	-0.045832	-0.003219
299.485953	-0.051388	-0.045439	-0.002975
299.863371	-0.050800	-0.045364	-0.002718
300.240748	-0.050228	-0.044599	-0.002815
300.618084	-0.049931	-0.044591	-0.002670
300.995380	-0.049631	-0.043549	-0.003041
301.372635	-0.049163	-0.042811	-0.003176
301.749849	-0.048581	-0.042431	-0.003075
302.127023	-0.048119	-0.042292	-0.002914
302.504156	-0.047348	-0.041200	-0.003074
302.881248	-0.047032	-0.040307	-0.003363
303.258300	-0.046761	-0.040816	-0.002972
303.635311	-0.046201	-0.040714	-0.002743
304.012281	-0.046044	-0.040234	-0.002905
304.389210	-0.045923	-0.039675	-0.003124
304.766099	-0.045204	-0.038949	-0.003127
305.142947	-0.044733	-0.038741	-0.002996
305.519754	-0.044296	-0.038051	-0.003123
305.896520	-0.043633	-0.037544	-0.003045
306.273246	-0.043444	-0.036358	-0.003543
306.649930	-0.042423	-0.035777	-0.003323
307.026574	-0.041128	-0.035374	-0.002877
307.403177	-0.040394	-0.034545	-0.002925
307.779740	-0.039834	-0.033887	-0.002973
308.156261	-0.039662	-0.033433	-0.003115
308.532742	-0.039159	-0.032924	-0.003117
308.909181	-0.038322	-0.032403	-0.002959
309.285580	-0.037630	-0.031127	-0.003251
309.661938	-0.037139	-0.030956	-0.003092
310.038255	-0.036690	-0.030856	-0.002917
310.414531	-0.036362	-0.030106	-0.003128
310.790766	-0.035749	-0.030400	-0.002675
311.166961	-0.036056	-0.030025	-0.003015
311.543114	-0.035826	-0.029735	-0.003046
311.919226	-0.035584	-0.029811	-0.002887
312.295298	-0.035023	-0.029111	-0.002956
312.671328	-0.034942	-0.028670	-0.003136
313.047318	-0.034821	-0.028310	-0.003255
313.423267	-0.033471	-0.027422	-0.003024
313.799174	-0.032577	-0.027329	-0.002624
314.175041	-0.032230	-0.026292	-0.002969
314.550866	-0.031588	-0.025565	-0.003011
314.926651	-0.031442	-0.024914	-0.003264
315.302394	-0.030604	-0.024395	-0.003105
315.678097	-0.030297	-0.024155	-0.003071
316.053758	-0.030028	-0.023447	-0.003290
316.429378	-0.029398	-0.022952	-0.003223
316.804958	-0.028815	-0.023301	-0.002757
317.180496	-0.028605	-0.023345	-0.002630
317.555993	-0.028348	-0.022506	-0.002921
317.931449	-0.028513	-0.022298	-0.003108
318.306864	-0.028109	-0.021879	-0.003115
318.682238	-0.027384	-0.021622	-0.002881
319.057570	-0.027392	-0.021149	-0.003121
319.432862	-0.026908	-0.020830	-0.003039
319.808112	-0.026402	-0.020530	-0.002936
320.183321	-0.026067	-0.019991	-0.003038
320.558489	-0.025899	-0.019726	-0.003086
320.933616	-0.025440	-0.019556	-0.002942
321.308701	-0.024989	-0.019722	-0.002633
321.683746	-0.024882	-0.019404	-0.002739
322.058749	-0.024598	-0.018264	-0.003167
322.433711	-0.024262	-0.018133	-0.003065
322.808632	-0.024029	-0.017789	-0.003120
323.183511	-0.023417	-0.017660	-0.002878
323.558349	-0.023333	-0.017247	-0.003043
323.933146	-0.023106	-0.016781	-0.003163
324.307902	-0.022678	-0.016579	-0.003049
324.682617	-0.022268	-0.016333	-0.002967
325.057290	-0.022565	-0.016586	-0.002990
325.431921	-0.022193	-0.015715	-0.003239
325.806512	-0.021812	-0.015513	-0.003150
326.181061	-0.021180	-0.016128	-0.002526
326.555569	-0.020938	-0.015447	-0.002745
326.930035	-0.020845	-0.014687	-0.003079
327.304461	-0.020720	-0.014596	-0.003062
327.678844	-0.020330	-0.014263	-0.003034
328.053187	-0.020411	-0.014052	-0.003179
328.427488	-0.019780	-0.013435	-0.003172
328.801747	-0.019441	-0.013627	-0.002907
329.175966	-0.019451	-0.013264	-0.003093
329.550142	-0.018990	-0.013280	-0.002855
329.924278	-0.018810	-0.013065	-0.002873
330.298372	-0.017998	-0.012296	-0.002851
330.672424	-0.018004	-0.012039	-0.002982
331.046435	-0.017737	-0.012279	-0.002729
331.420405	-0.017849	-0.011470	-0.003189
331.794333	-0.017265	-0.011186	-0.003040
332.168220	-0.017062	-0.011466	-0.002798
332.542065	-0.016979	-0.010859	-0.003060
332.915869	-0.016635	-0.011176	-0.002729
333.289631	-0.016640	-0.010587	-0.003026
333.663351	-0.016279	-0.010542	-0.002869
334.037030	-0.016423	-0.010527	-0.002948
334.410668	-0.015910	-0.010135	-0.002887
334.784264	-0.015882	-0.010140	-0.002871
335.157818	-0.016040	-0.010161	-0.002940
335.531331	-0.015879	-0.010039	-0.002920
335.904802	-0.015880	-0.009881	-0.003000
336.278232	-0.015292	-0.009331	-0.002981
336.651620	-0.015257	-0.009543	-0.002857
337.024966	-0.015012	-0.008957	-0.003028
337.398271	-0.014716	-0.008972	-0.002872
337.771534	-0.014790	-0.008446	-0.003172
338.144756	-0.014397	-0.007980	-0.003208
338.517936	-0.013572	-0.007819	-0.002877
338.891074	-0.013645	-0.007769	-0.002938
339.264171	-0.013520	-0.007227	-0.003146
339.637225	-0.013576	-0.007216	-0.003180
340.010239	-0.013480	-0.007639	-0.002920
340.383210	-0.013923	-0.007475	-0.003224
340.756140	-0.014093	-0.008325	-0.002884
341.129028	-0.013813	-0.008116	-0.002849
341.501874	-0.014249	-0.008221	-0.003014
341.874679	-0.013914	-0.007634	-0.003140
342.247441	-0.013831	-0.007656	-0.003088
342.620162	-0.013806	-0.007373	-0.003217
342.992842	-0.013647	-0.007526	-0.003061
343.365479	-0.012622	-0.006853	-0.002884
343.738075	-0.012491	-0.006244	-0.003124
344.110629	-0.012435	-0.006189	-0.003123
344.483141	-0.012162	-0.005306	-0.003428
344.855611	-0.011927	-0.005454	-0.003237
345.228039	-0.010990	-0.005154	-0.002918
345.600426	-0.011190	-0.005895	-0.002648
345.972770	-0.011460	-0.005569	-0.002946
346.345073	-0.011861	-0.005901	-0.002980
346.717334	-0.011255	-0.005333	-0.002961
347.089553	-0.010761	-0.005174	-0.002794
347.461730	-0.010722	-0.004932	-0.002895
347.833866	-0.010193	-0.004434	-0.002879
348.205959	-0.009856	-0.004690	-0.002583
348.578010	-0.010742	-0.003856	-0.003443
348.950020	-0.010651	-0.004230	-0.003210
349.321987	-0.009855	-0.004034	-0.002911
349.693913	-0.009789	-0.003577	-0.003106
350.065797	-0.010068	-0.003915	-0.003077
350.437638	-0.010129	-0.003336	-0.003396
350.809438	-0.009228	-0.003684	-0.002772
351.181196	-0.009822	-0.003844	-0.002989
351.552911	-0.009554	-0.003487	-0.003033
351.924585	-0.008980	-0.003251	-0.002865
352.296217	-0.009252	-0.003343	-0.002954
352.667806	-0.009102	-0.003461	-0.002821
353.039354	-0.009304	-0.003146	-0.003079
353.410859	-0.008849	-0.003433	-0.002708
353.782323	-0.008936	-0.003291	-0.002823
354.153744	-0.008607	-0.002668	-0.002969
354.525123	-0.009236	-0.002752	-0.003242
354.896460	-0.008532	-0.003042	-0.002745
355.267756	-0.008632	-0.003258	-0.002687
355.639008	-0.008521	-0.002066	-0.003227
356.010219	-0.008540	-0.003155	-0.002692
356.381388	-0.008335	-0.002143	-0.003096
356.752515	-0.008131	-0.001854	-0.003138
357.123599	-0.007762	-0.001968	-0.002897
357.494641	-0.007728	-0.001971	-0.002879
357.865641	-0.006980	-0.001872	-0.002554
358.236599	-0.006853	-0.001267	-0.002793
358.607515	-0.006569	-0.000584	-0.002992
358.978388	-0.006146	-0.000708	-0.002719
359.349219	-0.005893	-0.000562	-0.002666
359.720008	-0.006266	-0.000068	-0.003099
360.090755	-0.005459	0.000257	-0.002858
360.461460	-0.005545	0.000281	-0.002913
360.832122	-0.005848	0.000152	-0.003000
361.202742	-0.005132	0.000306	-0.002719
361.573320	-0.004774	-0.000214	-0.002280
361.943855	-0.005303	0.000167	-0.002735
362.314348	-0.005808	-0.000195	-0.002806
362.684799	-0.005654	0.000327	-0.002991
363.055208	-0.005281	-0.000060	-0.002611
363.425574	-0.004934	-0.000020	-0.002457
363.795898	-0.005334	0.000052	-0.002693
364.166180	-0.004571	0.000424	-0.002497
364.536419	-0.004245	0.000687	-0.002466
364.906616	-0.003913	0.000969	-0.002441
365.276770	-0.003757	0.001112	-0.002435
365.646882	-0.003868	0.001378	-0.002623
366.016952	-0.003962	0.001486	-0.002724
366.386979	-0.002747	0.001552	-0.002149
366.756964	-0.002582	0.001921	-0.002251
367.126906	-0.003100	0.002183	-0.002641
367.496806	-0.002672	0.002487	-0.002580
367.866664	-0.002087	0.002754	-0.002420
368.236479	-0.002878	0.002875	-0.002876
368.606251	-0.002308	0.002199	-0.002253
368.975981	-0.001803	0.003086	-0.002445
369.345669	-0.002253	0.002627	-0.002440
369.715314	-0.002126	0.002368	-0.002247
370.084917	-0.002055	0.002145	-0.002100
370.454477	-0.001794	0.002714	-0.002254
370.823995	-0.001821	0.002929	-0.002375
371.193470	-0.001801	0.002962	-0.002381
371.562902	-0.001737	0.002355	-0.002046
371.932292	-0.002194	0.002211	-0.002202
372.301640	-0.001725	0.002086	-0.001906
372.670944	-0.001297	0.002761	-0.002029
373.040207	-0.001566	0.002381	-0.001974
373.409426	-0.001474	0.003051	-0.002263
373.778603	-0.000916	0.003388	-0.002152
374.147738	-0.000804	0.003769	-0.002286
374.516830	-0.000713	0.003512	-0.002113
374.885879	-0.000545	0.003871	-0.002208
375.254885	0.000278	0.004290	-0.002006
375.623849	0.000515	0.004112	-0.001799
375.992770	0.000930	0.004746	-0.001908
376.361649	0.001036	0.004588	-0.001776
376.730485	0.000785	0.005013	-0.002114
377.099278	0.001279	0.005464	-0.002092
377.468028	0.002014	0.005295	-0.001640
377.836736	0.001941	0.005774	-0.001916
378.205401	0.001273	0.005771	-0.002249
378.574023	0.001484	0.005181	-0.001848
378.942603	0.002207	0.005272	-0.001533
379.311139	0.001915	0.005409	-0.001747
379.679633	0.001069	0.005227	-0.002079
380.048085	0.001261	0.005043	-0.001891
380.416493	0.001429	0.005134	-0.001852
380.784859	0.001946	0.005364	-0.001709
381.153181	0.001590	0.004854	-0.001632
381.521461	0.002299	0.005435	-0.001568
381.889699	0.002420	0.005688	-0.001634
382.257893	0.002611	0.006055	-0.001722
382.626044	0.003170	0.006134	-0.001482
382.994153	0.003134	0.006463	-0.001664
383.362219	0.003298	0.006762	-0.001732
383.730242	0.004197	0.006927	-0.001365
384.098222	0.003504	0.006549	-0.001523
384.466159	0.004454	0.007446	-0.001496
384.834053	0.004270	0.007626	-0.001678
385.201904	0.004570	0.007761	-0.001596
385.569713	0.003695	0.007768	-0.002037
385.937478	0.004641	0.007772	-0.001566
386.305201	0.005305	0.007527	-0.001111
386.672880	0.004828	0.008024	-0.001598
387.040517	0.005362	0.008029	-0.001333
387.408110	0.005586	0.007657	-0.001035
387.775661	0.005105	0.007542	-0.001218
388.143168	0.005555	0.008438	-0.001442
388.510633	0.005497	0.008300	-0.001401
388.878055	0.006094	0.008172	-0.001039
389.245433	0.006117	0.008123	-0.001003
389.612769	0.005332	0.008123	-0.001395
389.980061	0.006194	0.007905	-0.000855
390.347310	0.006052	0.007993	-0.000971
390.714517	0.006222	0.007896	-0.000837
391.081680	0.006322	0.007995	-0.000836
391.448800	0.005588	0.008069	-0.001241
391.815877	0.006872	0.008265	-0.000697
392.182911	0.006393	0.009118	-0.001362
392.549902	0.007807	0.009133	-0.000663
392.916850	0.006993	0.009363	-0.001185
393.283754	0.007837	0.009600	-0.000882
393.650616	0.007602	0.009140	-0.000769
394.017434	0.007810	0.009281	-0.000735
394.384209	0.007395	0.009411	-0.001008
394.750941	0.007803	0.009927	-0.001062
395.117630	0.007982	0.009312	-0.000665
395.484275	0.007844	0.009153	-0.000655
395.850878	0.007287	0.009100	-0.000907
396.217437	0.007856	0.009590	-0.000867
396.583953	0.008148	0.009071	-0.000461
396.950425	0.007651	0.009535	-0.000942
397.316855	0.008166	0.009786	-0.000810
397.683241	0.008747	0.009087	-0.000170
398.049584	0.007963	0.009361	-0.000699
398.415884	0.008922	0.009820	-0.000449
398.782140	0.008485	0.010263	-0.000889
399.148353	0.008418	0.010367	-0.000975
399.514523	0.009845	0.010496	-0.000326
399.880649	0.009253	0.010380	-0.000563
400.246732	0.009202	0.009930	-0.000364
400.612772	0.009382	0.010947	-0.000783
400.978768	0.009188	0.010888	-0.000850
401.344721	0.009869	0.010919	-0.000525
401.710631	0.010237	0.011027	-0.000395
402.076497	0.010118	0.010833	-0.000357
402.442320	0.010668	0.011134	-0.000233
402.808100	0.010344	0.010779	-0.000217
403.173836	0.010425	0.010974	-0.000275
403.539528	0.011080	0.011366	-0.000143
403.905178	0.011132	0.011422	-0.000145
404.270783	0.010961	0.011467	-0.000253
404.636346	0.010648	0.011574	-0.000463
405.001865	0.011615	0.011430	0.000093
405.367340	0.010903	0.012071	-0.000584
405.732772	0.011420	0.012377	-0.000479
406.098161	0.011643	0.012140	-0.000248
406.463506	0.011220	0.011987	-0.000383
406.828807	0.012133	0.012166	-0.000016
407.194065	0.011997	0.012432	-0.000218
407.559279	0.011739	0.012069	-0.000165
407.924450	0.011681	0.011792	-0.000055
408.289578	0.011540	0.011848	-0.000154
408.654661	0.012185	0.012803	-0.000309
409.019702	0.012178	0.012429	-0.000125
409.384698	0.012231	0.012459	-0.000114
409.749651	0.012108	0.012259	-0.000076
410.114561	0.012183	0.012514	-0.000166
410.479427	0.012202	0.012442	-0.000120
410.844249	0.011835	0.012406	-0.000285
411.209027	0.012401	0.012361	0.000020
411.573762	0.012550	0.012528	0.000011
411.938454	0.012631	0.011897	0.000367
412.303101	0.013063	0.013320	-0.000129
412.667705	0.012317	0.012808	-0.000245
413.032266	0.012919	0.012698	0.000111
413.396782	0.012476	0.012564	-0.000044
413.761255	0.012276	0.013117	-0.000420
414.125684	0.012897	0.012456	0.000220
414.490070	0.013565	0.012363	0.000601
414.854412	0.012992	0.012147	0.000422
415.218710	0.013375	0.012364	0.000505
415.582964	0.012953	0.012632	0.000160
415.947175	0.013219	0.012917	0.000151
416.311341	0.012727	0.012601	0.000063
416.675464	0.013004	0.012691	0.000157
417.039543	0.012714	0.012976	-0.000131
417.403579	0.013127	0.012330	0.000399
417.767570	0.013215	0.012577	0.000319
418.131518	0.012552	0.013351	-0.000399
418.495422	0.013269	0.013462	-0.000097
418.859282	0.013582	0.013124	0.000229
419.223098	0.013190	0.013621	-0.000215
419.586871	0.014098	0.013509	0.000294
419.950599	0.013672	0.013054	0.000309
420.314284	0.013912	0.013569	0.000172
420.677925	0.014532	0.013424	0.000554
421.041522	0.014661	0.013885	0.000388
421.405075	0.013985	0.013659	0.000163
421.768584	0.014708	0.013604	0.000552
422.132049	0.014922	0.014043	0.000440
422.495470	0.014998	0.014300	0.000349
422.858847	0.014425	0.014290	0.000068
423.222180	0.014385	0.013402	0.000491
423.585470	0.014753	0.013602	0.000575
423.948715	0.014396	0.014007	0.000195
424.311916	0.014457	0.013799	0.000329
424.675074	0.014505	0.014006	0.000249
425.038187	0.014604	0.013873	0.000365
425.401256	0.014883	0.014079	0.000402
425.764281	0.014945	0.013977	0.000484
426.127263	0.014336	0.014197	0.000069
426.490200	0.014989	0.013097	0.000946
426.853093	0.014635	0.013676	0.000480
427.215942	0.014149	0.013667	0.000241
427.578747	0.014554	0.013775	0.000389
427.941508	0.014612	0.014015	0.000299
428.304225	0.014940	0.013868	0.000536
428.666897	0.014788	0.013647	0.000570
429.029526	0.015008	0.013888	0.000560
429.392110	0.015138	0.014224	0.000457
429.754651	0.014989	0.014300	0.000344
430.117147	0.015648	0.015266	0.000191
430.479599	0.015559	0.014913	0.000323
430.842007	0.015674	0.015073	0.000301
431.204370	0.015729	0.014767	0.000481
431.566690	0.015493	0.014440	0.000526
431.928965	0.015781	0.014315	0.000733
432.291196	0.015876	0.014689	0.000594
432.653383	0.015407	0.014285	0.000561
433.015525	0.015756	0.014489	0.000633
433.377624	0.015689	0.014558	0.000565
433.739678	0.016207	0.014879	0.000664
434.101688	0.016105	0.014963	0.000571
434.463653	0.016337	0.014935	0.000701
434.825575	0.016207	0.015133	0.000537
435.187452	0.016633	0.015600	0.000516
435.549284	0.016637	0.015349	0.000644
435.911073	0.016181	0.015117	0.000532
436.272817	0.016711	0.015359	0.000676
436.634516	0.016757	0.015463	0.000647
436.996172	0.017096	0.015797	0.000649
437.357783	0.017085	0.015482	0.000802
437.719350	0.017284	0.015878	0.000703
438.080872	0.017092	0.015996	0.000548
438.442350	0.016991	0.015980	0.000506
438.803783	0.017272	0.015868	0.000702
439.165173	0.017517	0.015748	0.000885
439.526517	0.017204	0.015839	0.000682
439.887818	0.017249	0.015903	0.000673
440.249074	0.017411	0.016055	0.000678
440.610285	0.017371	0.016126	0.000623
440.971452	0.017771	0.016455	0.000658
441.332575	0.017464	0.016104	0.000680
441.693653	0.017218	0.016186	0.000516
442.054686	0.017494	0.015935	0.000779
442.415676	0.017624	0.016045	0.000790
442.776620	0.017660	0.016121	0.000769
443.137520	0.017459	0.016105	0.000677
443.498376	0.017702	0.016054	0.000824
443.859187	0.017373	0.015884	0.000745
444.219953	0.017578	0.015843	0.000868
444.580675	0.017390	0.015883	0.000754
444.941353	0.017416	0.015982	0.000717
445.301986	0.017547	0.016221	0.000663
445.662574	0.017674	0.016041	0.000817
446.023118	0.017711	0.016121	0.000795
446.383617	0.017807	0.016310	0.000748
446.744071	0.017714	0.016197	0.000758
447.104481	0.017851	0.016416	0.000718
447.464846	0.018040	0.016515	0.000763
447.825167	0.018217	0.016665	0.000776
448.185443	0.018357	0.016691	0.000833
448.545674	0.018676	0.017083	0.000796
448.905861	0.018617	0.017092	0.000762
449.266002	0.018761	0.017173	0.000794
449.626100	0.018925	0.017335	0.000795
449.986152	0.019342	0.017411	0.000966
450.346160	0.019279	0.017854	0.000713
450.706123	0.019359	0.017859	0.000750
451.066041	0.019507	0.017820	0.000843
451.425915	0.019438	0.017849	0.000795
451.785744	0.019639	0.017915	0.000862
452.145528	0.019624	0.017803	0.000910
452.505267	0.019625	0.017729	0.000948
452.864962	0.019625	0.017948	0.000839
453.224612	0.019642	0.017771	0.000936
453.584217	0.019599	0.017578	0.001010
453.943777	0.019437	0.017594	0.000921
454.303292	0.019392	0.017663	0.000865
454.662763	0.019579	0.017708	0.000935
455.022188	0.019612	0.017802	0.000905
455.381569	0.019605	0.017703	0.000951
455.740905	0.019357	0.017679	0.000839
456.100196	0.019434	0.017635	0.000900
456.459443	0.019431	0.017564	0.000933
456.818644	0.019730	0.017996	0.000867
457.177800	0.019716	0.017878	0.000919
457.536912	0.019520	0.017753	0.000884
457.895978	0.019605	0.017850	0.000878
458.255000	0.019619	0.017824	0.000897
458.613977	0.019498	0.017768	0.000865
458.972909	0.019519	0.017929	0.000795
459.331795	0.019707	0.018063	0.000822
459.690637	0.019759	0.017956	0.000901
460.049434	0.020017	0.018134	0.000941
460.408186	0.020005	0.018264	0.000870
460.766893	0.020123	0.018369	0.000877
461.125555	0.020266	0.018325	0.000970
461.484172	0.020212	0.018396	0.000908
461.842743	0.020211	0.018336	0.000937
462.201270	0.020305	0.018327	0.000989
462.559752	0.020300	0.018579	0.000861
462.918188	0.020295	0.018442	0.000926
463.276580	0.020313	0.018427	0.000943
463.634927	0.020301	0.018517	0.000892
463.993228	0.020535	0.018574	0.000981
464.351484	0.020493	0.018504	0.000994
464.709696	0.020350	0.018659	0.000845
465.067862	0.020596	0.018556	0.001020
465.425983	0.020674	0.018783	0.000945
465.784058	0.020594	0.018774	0.000910
466.142089	0.020454	0.018722	0.000866
466.500075	0.020639	0.018934	0.000853
466.858015	0.020669	0.019015	0.000827
467.215910	0.020801	0.018997	0.000902
467.573760	0.020800	0.018928	0.000936
467.931565	0.020711	0.019092	0.000810
468.289324	0.021017	0.018984	0.001016
468.647039	0.020936	0.018982	0.000977
469.004708	0.020793	0.019025	0.000884
469.362332	0.020579	0.018762	0.000909
469.719910	0.020593	0.018688	0.000952
470.077443	0.020731	0.018755	0.000988
470.434932	0.020996	0.019103	0.000947
470.792374	0.021067	0.019169	0.000949
471.149772	0.020883	0.019227	0.000828
471.507124	0.020831	0.019004	0.000914
471.864431	0.020854	0.019043	0.000905
472.221693	0.021094	0.018978	0.001058
472.578909	0.021019	0.019267	0.000876
472.936080	0.021195	0.019229	0.000983
473.293205	0.021261	0.019237	0.001012
473.650285	0.021144	0.019238	0.000953
474.007320	0.021145	0.019316	0.000914
474.364310	0.021347	0.019544	0.000902
474.721254	0.021537	0.019447	0.001045
475.078152	0.021281	0.019552	0.000864
475.435006	0.021594	0.019682	0.000956
475.791813	0.021686	0.019838	0.000924
476.148576	0.021668	0.019853	0.000907
476.505293	0.021640	0.019687	0.000976
476.861964	0.021369	0.019644	0.000862
477.218590	0.021697	0.019857	0.000920
477.575171	0.021664	0.019912	0.000876
477.931706	0.021869	0.019876	0.000997
478.288195	0.021926	0.020154	0.000886
478.644639	0.021921	0.020149	0.000886
479.001038	0.021986	0.020145	0.000921
479.357391	0.022101	0.020246	0.000928
479.713699	0.022058	0.020256	0.000901
480.069960	0.022076	0.020315	0.000881
480.426177	0.022194	0.020267	0.000963
480.782348	0.022293	0.020336	0.000978
481.138473	0.022292	0.020541	0.000876
481.494553	0.022193	0.020425	0.000884
481.850587	0.022347	0.020565	0.000891
482.206575	0.022381	0.020747	0.000817
482.562518	0.022484	0.020505	0.000989
482.918416	0.022499	0.020732	0.000883
483.274267	0.022704	0.020814	0.000945
483.630073	0.022691	0.020707	0.000992
483.985834	0.022777	0.020915	0.000931
484.341548	0.022683	0.020935	0.000874
484.697217	0.022717	0.020948	0.000885
485.052841	0.022661	0.020905	0.000878
485.408418	0.022611	0.020840	0.000886
485.763950	0.022717	0.020765	0.000976
486.119436	0.022682	0.020934	0.000874
486.474877	0.022742	0.020982	0.000880
486.830272	0.022792	0.021008	0.000892
487.185621	0.022878	0.020962	0.000958
487.540924	0.022883	0.021099	0.000892
487.896182	0.022850	0.021107	0.000871
488.251393	0.022850	0.021148	0.000851
488.606559	0.022930	0.021150	0.000890
488.961679	0.023053	0.021275	0.000889
489.316754	0.023192	0.021484	0.000854
489.671782	0.023190	0.021487	0.000852
490.026765	0.023264	0.021436	0.000914
490.381702	0.023303	0.021471	0.000916
490.736593	0.023111	0.021493	0.000809
491.091438	0.023316	0.021638	0.000839
491.446238	0.023322	0.021784	0.000769
491.800991	0.023420	0.021735	0.000843
492.155699	0.023412	0.021686	0.000863
492.510360	0.023363	0.021887	0.000738
492.864976	0.023725	0.022124	0.000800
493.219546	0.023704	0.022144	0.000780
493.574070	0.023795	0.022139	0.000828
493.928548	0.023637	0.022076	0.000780
494.282980	0.023685	0.022166	0.000759
494.637366	0.023845	0.022197	0.000824
494.991707	0.023720	0.022167	0.000777
495.346001	0.023814	0.022289	0.000762
495.700249	0.023698	0.022135	0.000781
496.054451	0.023730	0.021935	0.000898
496.408607	0.023523	0.021896	0.000813
496.762718	0.023741	0.022028	0.000857
497.116782	0.023887	0.022155	0.000866
497.470800	0.023905	0.022377	0.000764
497.824772	0.023889	0.022343	0.000773
498.178698	0.023968	0.022304	0.000832
498.532578	0.024154	0.022556	0.000799
498.886412	0.024157	0.022470	0.000844
499.240200	0.024090	0.022485	0.000803
499.593942	0.024156	0.022504	0.000826
499.947637	0.023937	0.022447	0.000745
500.301287	0.024036	0.022299	0.000869
500.654890	0.024077	0.022563	0.000757
501.008448	0.023909	0.022557	0.000676
501.361959	0.024070	0.022421	0.000825
501.715424	0.023970	0.022499	0.000736
502.068843	0.023816	0.022186	0.000815
502.422215	0.023831	0.022277	0.000777
502.775542	0.023796	0.022350	0.000723
503.128822	0.023758	0.022374	0.000692
503.482056	0.023942	0.022314	0.000814
503.835244	0.023906	0.022389	0.000758
504.188386	0.024022	0.022530	0.000746
504.541481	0.024110	0.022614	0.000748
504.894530	0.024232	0.022814	0.000709
505.247533	0.024393	0.022776	0.000808
505.600490	0.024401	0.022978	0.000711
505.953400	0.024593	0.023133	0.000730
506.306264	0.024544	0.023281	0.000631
506.659082	0.024682	0.023357	0.000662
507.011854	0.024700	0.023355	0.000672
507.364579	0.024790	0.023466	0.000662
507.717258	0.024831	0.023426	0.000703
508.069890	0.024916	0.023477	0.000720
508.422477	0.024891	0.023734	0.000578
508.775016	0.024948	0.023702	0.000623
509.127510	0.024819	0.023419	0.000700
509.479957	0.024673	0.023414	0.000630
509.832358	0.024775	0.023494	0.000640
510.184712	0.024753	0.023412	0.000670
510.537020	0.024807	0.023632	0.000588
510.889281	0.024855	0.023465	0.000695
511.241497	0.024698	0.023550	0.000574
511.593665	0.024719	0.023561	0.000579
511.945787	0.024869	0.023634	0.000618
512.297863	0.025107	0.023840	0.000633
512.649892	0.024933	0.023814	0.000559
513.001875	0.025204	0.023897	0.000653
513.353812	0.025229	0.023997	0.000616
513.705701	0.025173	0.023954	0.000609
514.057545	0.025224	0.023946	0.000639
514.409342	0.025320	0.023980	0.000670
514.761092	0.025439	0.024230	0.000604
515.112796	0.025579	0.024396	0.000592
515.464453	0.025559	0.024449	0.000555
515.816064	0.025517	0.024435	0.000541
516.167628	0.025418	0.024344	0.000537
516.519145	0.025713	0.024505	0.000604
516.870616	0.025596	0.024511	0.000542
517.222041	0.025632	0.024378	0.000627
517.573418	0.025660	0.024659	0.000501
517.924750	0.025727	0.024514	0.000606
518.276034	0.025837	0.024594	0.000622
518.627272	0.025932	0.024690	0.000621
518.978463	0.025893	0.024925	0.000484
519.329608	0.026006	0.024876	0.000565
519.680706	0.026032	0.024802	0.000615
520.031757	0.026010	0.025030	0.000490
520.382762	0.026105	0.025000	0.000553
520.733719	0.026109	0.025074	0.000517
521.084631	0.026329	0.025108	0.000611
521.435495	0.026260	0.025191	0.000534
521.786313	0.026222	0.025246	0.000488
522.137084	0.026475	0.025285	0.000595
522.487808	0.026399	0.025236	0.000582
522.838486	0.026600	0.025358	0.000621
523.189116	0.026439	0.025388	0.000525
523.539700	0.026567	0.025571	0.000498
523.890237	0.026544	0.025555	0.000494
524.240728	0.026661	0.025740	0.000460
524.591171	0.026780	0.025903	0.000438
524.941568	0.027015	0.025947	0.000534
525.291918	0.026998	0.025887	0.000555
525.642221	0.026970	0.025944	0.000513
525.992478	0.026991	0.026009	0.000491
526.342687	0.027047	0.026170	0.000438
526.692850	0.027113	0.026134	0.000490
527.042965	0.027176	0.026400	0.000388
527.393034	0.027100	0.026153	0.000474
527.743056	0.027078	0.026168	0.000455
528.093031	0.027221	0.026189	0.000516
528.442959	0.027167	0.026260	0.000453
528.792840	0.027158	0.026313	0.000423
529.142674	0.027179	0.026411	0.000384
529.492462	0.027088	0.026264	0.000412
529.842202	0.027143	0.026127	0.000508
530.191895	0.027280	0.026230	0.000525
530.541542	0.027576	0.026471	0.000553
530.891141	0.027489	0.026611	0.000439
531.240694	0.027588	0.026710	0.000439
531.590199	0.027372	0.026667	0.000353
531.939657	0.027428	0.026621	0.000403
532.289069	0.027598	0.026757	0.000421
532.638433	0.027597	0.026683	0.000457
532.987750	0.027548	0.026632	0.000458
533.337021	0.027832	0.026952	0.000440
533.686244	0.027988	0.027048	0.000470
534.035420	0.028120	0.027238	0.000441
534.384549	0.028249	0.027371	0.000439
534.733631	0.028075	0.027399	0.000338
535.082666	0.028208	0.027378	0.000415
535.431653	0.028073	0.027476	0.000299
535.780594	0.028158	0.027446	0.000356
536.129487	0.028363	0.027452	0.000455
536.478334	0.028255	0.027523	0.000366
536.827133	0.028473	0.027806	0.000334
537.175885	0.028590	0.027905	0.000342
537.524590	0.028733	0.028185	0.000274
537.873247	0.028790	0.028119	0.000336
538.221858	0.029024	0.028105	0.000459
538.570421	0.028813	0.028025	0.000394
538.918937	0.028888	0.028067	0.000411
539.267406	0.028870	0.027998	0.000436
539.615827	0.028914	0.028042	0.000436
539.964202	0.028663	0.028213	0.000225
540.312529	0.028644	0.028023	0.000310
540.660808	0.028605	0.028038	0.000283
541.009041	0.028696	0.028248	0.000224
541.357226	0.028926	0.028445	0.000240
541.705364	0.029288	0.028502	0.000393
542.053455	0.029225	0.028565	0.000330
542.401498	0.029084	0.028407	0.000338
542.749494	0.028944	0.028502	0.000221
543.097443	0.029126	0.028416	0.000355
543.445344	0.029139	0.028278	0.000430
543.793198	0.029235	0.028672	0.000281
544.141005	0.028914	0.028362	0.000276
544.488764	0.029313	0.028666	0.000323
544.836476	0.029395	0.028796	0.000300
545.184140	0.029373	0.028671	0.000351
545.531757	0.029612	0.028958	0.000327
545.879327	0.029645	0.029048	0.000298
546.226849	0.029813	0.029323	0.000245
546.574324	0.029900	0.029320	0.000290
546.921751	0.029794	0.029589	0.000102
547.269131	0.029969	0.029452	0.000259
547.616463	0.029853	0.029422	0.000216
547.963748	0.029979	0.029648	0.000166
548.310985	0.030229	0.029644	0.000293
548.658175	0.030192	0.029558	0.000317
549.005318	0.030171	0.029803	0.000184
549.352413	0.030345	0.029918	0.000214
549.699460	0.030263	0.029858	0.000202
550.046460	0.030467	0.029884	0.000291
550.393412	0.030436	0.029905	0.000266
550.740317	0.030369	0.029923	0.000223
551.087174	0.030532	0.030011	0.000261
551.433984	0.030607	0.030078	0.000264
551.780746	0.030475	0.030096	0.000190
552.127460	0.030560	0.030182	0.000189
552.474127	0.030748	0.030356	0.000196
552.820746	0.030891	0.030513	0.000189
553.167318	0.030819	0.030488	0.000165
553.513842	0.030880	0.030489	0.000196
553.860318	0.030986	0.030666	0.000160
554.206747	0.030689	0.030350	0.000170
554.553128	0.030739	0.030542	0.000099
554.899461	0.030854	0.030425	0.000214
555.245747	0.030940	0.030536	0.000202
555.591985	0.030864	0.030335	0.000264
555.938175	0.030905	0.030421	0.000242
556.284317	0.030813	0.030375	0.000219
556.630412	0.031022	0.030667	0.000177
556.976459	0.031154	0.030902	0.000126
557.322459	0.031297	0.030951	0.000173
557.668410	0.031385	0.030899	0.000243
558.014314	0.031397	0.030976	0.000210
558.360170	0.031592	0.030822	0.000385
558.705978	0.031656	0.031123	0.000267
559.051739	0.031830	0.031338	0.000246
559.397451	0.031715	0.031463	0.000126
559.743116	0.031802	0.031445	0.000179
560.088733	0.031664	0.031206	0.000229
560.434302	0.031372	0.031549	-0.000089
560.779823	0.031603	0.031381	0.000111
561.125297	0.031778	0.031412	0.000183
561.470722	0.031982	0.031653	0.000165
561.816100	0.032073	0.031567	0.000253
562.161430	0.031910	0.031658	0.000126
562.506712	0.032326	0.031702	0.000312
562.851946	0.032092	0.031868	0.000112
563.197132	0.032200	0.031768	0.000216
563.542270	0.032059	0.031654	0.000202
563.887360	0.032292	0.031669	0.000312
564.232403	0.032329	0.031891	0.000219
564.577397	0.032188	0.032123	0.000033
564.922343	0.032325	0.031934	0.000196
565.267242	0.032049	0.031913	0.000068
565.612092	0.032221	0.032169	0.000026
565.956895	0.032395	0.032162	0.000117
566.301649	0.032575	0.032194	0.000191
566.646355	0.032488	0.032370	0.000059
566.991014	0.032685	0.032332	0.000177
567.335624	0.032615	0.032408	0.000103
567.680186	0.032440	0.032209	0.000115
568.024700	0.032649	0.032627	0.000011
568.369167	0.032415	0.032646	-0.000116
568.713585	0.032735	0.032364	0.000186
569.057955	0.032482	0.032402	0.000040
569.402277	0.032660	0.032449	0.000106
569.746550	0.032927	0.032855	0.000036
570.090776	0.033183	0.033096	0.000043
570.434954	0.033053	0.033013	0.000020
570.779083	0.033252	0.032897	0.000178
571.123164	0.033309	0.033078	0.000116
571.467197	0.033303	0.033290	0.000006
571.811182	0.033524	0.033329	0.000098
572.155119	0.033477	0.033482	-0.000003
572.499008	0.033197	0.033263	-0.000033
572.842848	0.033461	0.033256	0.000103
573.186640	0.033465	0.033155	0.000155
573.530384	0.033225	0.033275	-0.000025
573.874080	0.033332	0.033164	0.000084
574.217727	0.033245	0.032977	0.000134
574.561327	0.033328	0.033129	0.000099
574.904878	0.033291	0.033545	-0.000127
575.248380	0.033581	0.033652	-0.000036
575.591835	0.033841	0.033658	0.000092
575.935241	0.033857	0.033700	0.000078
576.278599	0.033912	0.033815	0.000048
576.621908	0.034025	0.033843	0.000091
576.965170	0.034090	0.033862	0.000114
577.308383	0.034147	0.033706	0.000220
577.651547	0.034442	0.033899	0.000272
577.994663	0.034311	0.034275	0.000018
578.337731	0.034392	0.034455	-0.000031
578.680751	0.034522	0.034354	0.000084
579.023722	0.034619	0.034508	0.000055
579.366645	0.034775	0.034835	-0.000030
579.709519	0.034752	0.034556	0.000098
580.052345	0.034729	0.034856	-0.000064
580.395123	0.034652	0.034444	0.000104
580.737852	0.034765	0.034766	-0.000001
581.080532	0.034883	0.034785	0.000049
581.423165	0.034557	0.034426	0.000066
581.765748	0.034665	0.034616	0.000025
582.108284	0.034693	0.034789	-0.000048
582.450770	0.034898	0.035010	-0.000056
582.793209	0.035080	0.034823	0.000128
583.135599	0.035097	0.035022	0.000037
583.477940	0.035074	0.034991	0.000042
583.820233	0.035171	0.035054	0.000058
584.162477	0.035400	0.035482	-0.000041
584.504673	0.035410	0.035383	0.000014
584.846820	0.035571	0.035334	0.000118
585.188919	0.035588	0.035522	0.000033
585.530969	0.035660	0.035520	0.000070
585.872970	0.035709	0.035718	-0.000004
586.214923	0.035698	0.035635	0.000032
586.556827	0.035907	0.035553	0.000177
586.898683	0.035734	0.036006	-0.000136
587.240490	0.036033	0.036229	-0.000098
587.582249	0.036068	0.036186	-0.000059
587.923958	0.036181	0.035886	0.000147
588.265620	0.036161	0.036053	0.000054
588.607232	0.036092	0.036084	0.000004
588.948796	0.036404	0.036276	0.000064
589.290311	0.036217	0.036450	-0.000116
589.631778	0.036119	0.036324	-0.000103
589.973196	0.036169	0.036300	-0.000066
590.314565	0.036253	0.036340	-0.000044
590.655885	0.036483	0.036400	0.000042
590.997157	0.036521	0.036716	-0.000097
591.338379	0.036825	0.037037	-0.000106
591.679554	0.036858	0.036942	-0.000042
592.020679	0.036940	0.036821	0.000060
592.361756	0.036727	0.036945	-0.000109
592.702784	0.037047	0.036756	0.000145
593.043763	0.037192	0.037128	0.000032
593.384693	0.037155	0.037126	0.000015
593.725574	0.036912	0.037222	-0.000155
594.066407	0.037363	0.037507	-0.000072
594.407191	0.037322	0.037226	0.000048
594.747926	0.037188	0.037295	-0.000053
595.088612	0.037166	0.037124	0.000021
595.429249	0.037248	0.037312	-0.000032
595.769838	0.037545	0.037383	0.000081
596.110377	0.037484	0.037472	0.000006
596.450868	0.037507	0.037620	-0.000056
596.791309	0.037864	0.037782	0.000041
597.131702	0.037772	0.038260	-0.000244
597.472046	0.038164	0.038166	-0.000001
597.812341	0.038023	0.038109	-0.000043
598.152587	0.038031	0.038204	-0.000087
598.492784	0.038210	0.038016	0.000097
598.832933	0.038359	0.038521	-0.000081
599.173032	0.038395	0.038388	0.000003
599.513082	0.038450	0.038193	0.000128
599.853083	0.038315	0.038270	0.000023
600.193035	0.038186	0.038454	-0.000134
600.532939	0.038073	0.038150	-0.000038
600.872793	0.037875	0.038280	-0.000203
601.212598	0.038260	0.038384	-0.000062
601.552354	0.038133	0.038265	-0.000066
601.892061	0.038285	0.038262	0.000012
602.231719	0.038517	0.038655	-0.000069
602.571328	0.038697	0.038958	-0.000131
602.910888	0.038753	0.038918	-0.000082
603.250399	0.038773	0.038875	-0.000051
603.589860	0.039004	0.039035	-0.000015
603.929273	0.038847	0.039173	-0.000163
604.268636	0.039077	0.039138	-0.000031
604.607951	0.038947	0.039100	-0.000076
604.947216	0.039102	0.039047	0.000028
605.286432	0.038989	0.039203	-0.000107
605.625599	0.039043	0.039248	-0.000103
605.964717	0.039113	0.039142	-0.000014
606.303785	0.039256	0.039358	-0.000051
606.642805	0.038993	0.038981	0.000006
606.981775	0.038929	0.039172	-0.000121
607.320696	0.039040	0.039298	-0.000129
607.659567	0.039064	0.039178	-0.000057
607.998390	0.039266	0.039548	-0.000141
608.337163	0.039611	0.039584	0.000013
608.675887	0.039455	0.039711	-0.000128
609.014562	0.039679	0.039768	-0.000045
609.353187	0.039786	0.040050	-0.000132
609.691764	0.039968	0.040267	-0.000150
610.030290	0.039973	0.039834	0.000069
610.368768	0.040002	0.040118	-0.000058
610.707196	0.040044	0.040014	0.000015
611.045575	0.040340	0.040504	-0.000082
611.383905	0.040327	0.040586	-0.000129
611.722185	0.040395	0.040365	0.000015
612.060416	0.040554	0.040576	-0.000011
612.398598	0.040432	0.040642	-0.000105
612.736730	0.040104	0.040495	-0.000196
613.074813	0.040276	0.040558	-0.000141
613.412847	0.040214	0.040469	-0.000127
613.750831	0.040029	0.040179	-0.000075
614.088765	0.040206	0.040262	-0.000028
614.426651	0.040322	0.040300	0.000011
614.764486	0.040530	0.040566	-0.000018
615.102273	0.040358	0.040614	-0.000128
615.440010	0.040328	0.040521	-0.000096
615.777697	0.040657	0.040778	-0.000061
616.115335	0.040745	0.040883	-0.000069
616.452924	0.041006	0.041233	-0.000114
616.790463	0.041136	0.041151	-0.000007
617.127952	0.040532	0.041149	-0.000309
617.465392	0.040808	0.041086	-0.000139
617.802783	0.041027	0.041308	-0.000140
618.140124	0.041266	0.041298	-0.000016
618.477415	0.041225	0.041338	-0.000057
618.814657	0.041500	0.041577	-0.000039
619.151850	0.041212	0.041462	-0.000125
619.488992	0.041095	0.041223	-0.000064
619.826086	0.041082	0.041080	0.000001
620.163129	0.041344	0.041564	-0.000110
620.500123	0.041498	0.041511	-0.000007
620.837068	0.041615	0.041793	-0.000089
621.173962	0.041669	0.041741	-0.000036
621.510808	0.041605	0.041893	-0.000144
621.847603	0.041540	0.041749	-0.000104
622.184349	0.041423	0.041794	-0.000185
622.521045	0.041508	0.041495	0.000006
622.857692	0.041629	0.041829	-0.000100
623.194289	0.041961	0.041828	0.000067
623.530836	0.042140	0.042023	0.000058
623.867333	0.042098	0.042196	-0.000049
624.203781	0.042027	0.042397	-0.000185
624.540179	0.042045	0.042193	-0.000074
624.876527	0.042427	0.042299	0.000064
625.212826	0.042130	0.042230	-0.000050
625.549075	0.042103	0.042358	-0.000128
625.885274	0.042261	0.042353	-0.000046
626.221423	0.041920	0.042267	-0.000174
626.557523	0.042144	0.042286	-0.000071
626.893572	0.042275	0.042489	-0.000107
627.229572	0.042481	0.042594	-0.000056
627.565522	0.042429	0.042845	-0.000208
627.901423	0.042549	0.042619	-0.000035
628.237273	0.042476	0.042873	-0.000198
628.573074	0.042746	0.042896	-0.000075
628.908825	0.042780	0.043216	-0.000218
629.244526	0.042973	0.043183	-0.000105
629.580177	0.042902	0.043317	-0.000208
629.915778	0.043045	0.043086	-0.000020
630.251329	0.042963	0.043432	-0.000234
630.586830	0.042958	0.043122	-0.000082
630.922282	0.042911	0.043030	-0.000060
631.257683	0.043084	0.043445	-0.000181
631.593035	0.043082	0.043448	-0.000183
631.928337	0.043249	0.043484	-0.000118
632.263588	0.043464	0.043662	-0.000099
632.598790	0.043812	0.043769	0.000022
632.933942	0.043744	0.044172	-0.000214
633.269044	0.043818	0.043854	-0.000018
633.604096	0.043702	0.043854	-0.000076
633.939098	0.043513	0.043930	-0.000209
634.274049	0.043524	0.043722	-0.000099
634.608951	0.043386	0.043681	-0.000147
634.943803	0.043578	0.043935	-0.000179
635.278605	0.043962	0.044144	-0.000091
635.613356	0.043976	0.044030	-0.000027
635.948058	0.044044	0.044297	-0.000126
636.282710	0.044305	0.044217	0.000044
636.617311	0.044045	0.044297	-0.000126
636.951862	0.043968	0.044170	-0.000101
637.286364	0.043713	0.043762	-0.000025
637.620815	0.043812	0.044107	-0.000148
637.955216	0.044049	0.044085	-0.000018
638.289567	0.043992	0.044467	-0.000238
638.623868	0.044411	0.044538	-0.000064
638.958118	0.044436	0.044622	-0.000093
639.292319	0.044413	0.044775	-0.000181
639.626469	0.044329	0.044544	-0.000107
639.960569	0.044508	0.044604	-0.000048
640.294619	0.044507	0.044938	-0.000216
640.628619	0.044542	0.044680	-0.000069
640.962568	0.045118	0.044986	0.000066
641.296468	0.045035	0.045047	-0.000006
641.630317	0.044986	0.044971	0.000007
641.964116	0.044684	0.045135	-0.000226
642.297864	0.044633	0.045128	-0.000247
642.631563	0.044771	0.045319	-0.000274
642.965211	0.045083	0.044952	0.000066
643.298808	0.044824	0.045186	-0.000181
643.632356	0.044732	0.044798	-0.000033
643.965853	0.045040	0.045251	-0.000105
644.299300	0.045017	0.045482	-0.000232
644.632697	0.045176	0.045400	-0.000112
644.966043	0.045306	0.045576	-0.000135
645.299339	0.045254	0.045469	-0.000108
645.632584	0.045371	0.045608	-0.000119
645.965779	0.045730	0.045709	0.000010
646.298924	0.045555	0.045560	-0.000002
646.632019	0.045454	0.045781	-0.000163
646.965063	0.045504	0.045655	-0.000075
647.298056	0.045708	0.045792	-0.000042
647.630999	0.045561	0.045899	-0.000169
647.963892	0.045577	0.045934	-0.000178
648.296735	0.045788	0.045926	-0.000069
648.629527	0.045690	0.045869	-0.000090
648.962268	0.046239	0.046337	-0.000049
649.294959	0.046200	0.046701	-0.000251
649.627600	0.046534	0.046462	0.000036
649.960190	0.046418	0.046619	-0.000100
650.292729	0.046394	0.046594	-0.000100
650.625218	0.046339	0.046953	-0.000307
650.957657	0.046412	0.046648	-0.000118
651.290045	0.046271	0.046313	-0.000021
651.622383	0.046318	0.046484	-0.000083
651.954669	0.046349	0.046227	0.000061
652.286906	0.046354	0.046378	-0.000012
652.619092	0.046094	0.046189	-0.000047
652.951227	0.046439	0.046371	0.000034
653.283312	0.046473	0.046650	-0.000088
653.615346	0.046297	0.046817	-0.000260
653.947329	0.046693	0.046906	-0.000107
654.279262	0.047160	0.047151	0.000005
654.611145	0.046905	0.047226	-0.000161
654.942976	0.046928	0.047166	-0.000119
655.274757	0.046883	0.046994	-0.000056
655.606488	0.046810	0.046831	-0.000011
655.938167	0.046895	0.047364	-0.000235
656.269796	0.046760	0.047056	-0.000148
656.601375	0.046724	0.047188	-0.000232
656.932902	0.046732	0.047068	-0.000168
657.264379	0.047225	0.047200	0.000013
657.595806	0.047355	0.047561	-0.000103
657.927181	0.047119	0.047268	-0.000074
658.258506	0.047520	0.047515	0.000003
658.589780	0.047322	0.047413	-0.000045
658.921003	0.047166	0.047509	-0.000172
659.252176	0.047161	0.047601	-0.000220
659.583298	0.047137	0.047639	-0.000251
659.914369	0.047469	0.047685	-0.000108
660.245389	0.047341	0.047592	-0.000126
660.576358	0.047154	0.047392	-0.000119
660.907277	0.047145	0.047347	-0.000101
661.238145	0.047304	0.047241	0.000032
661.568962	0.047278	0.047536	-0.000129
661.899728	0.047283	0.047593	-0.000155
662.230443	0.047329	0.047375	-0.000023
662.561107	0.047473	0.047734	-0.000130
662.891721	0.048134	0.048404	-0.000135
663.222283	0.048171	0.048240	-0.000034
663.552795	0.048105	0.048208	-0.000052
663.883256	0.048158	0.048525	-0.000183
664.213666	0.048234	0.048702	-0.000234
664.544025	0.048364	0.048397	-0.000016
664.874333	0.048146	0.048483	-0.000169
665.204590	0.048091	0.048333	-0.000121
665.534796	0.047847	0.048074	-0.000114
665.864952	0.047982	0.048049	-0.000033
666.195056	0.047984	0.048313	-0.000164
666.525109	0.047996	0.047944	0.000026
666.855111	0.048442	0.048333	0.000055
667.185063	0.048330	0.048491	-0.000080
667.514963	0.048413	0.048530	-0.000058
667.844812	0.048576	0.048577	-0.000001
668.174610	0.048422	0.048682	-0.000130
668.504357	0.048484	0.048739	-0.000128
668.834054	0.048676	0.048839	-0.000082
669.163699	0.048860	0.048637	0.000111
669.493293	0.048630	0.048855	-0.000112
669.822836	0.048886	0.049082	-0.000098
670.152327	0.048876	0.048666	0.000105
670.481768	0.048937	0.049146	-0.000105
670.811158	0.048627	0.048963	-0.000168
671.140496	0.048614	0.048887	-0.000137
671.469783	0.049003	0.049146	-0.000071
671.799020	0.049209	0.049161	0.000024
672.128205	0.049255	0.049194	0.000031
672.457339	0.049142	0.049318	-0.000088
672.786421	0.049209	0.049264	-0.000028
673.115453	0.048948	0.049349	-0.000201
673.444433	0.049028	0.049312	-0.000142
673.773362	0.049076	0.049435	-0.000179
674.102240	0.049395	0.049450	-0.000028
674.431067	0.049512	0.049293	0.000109
674.759842	0.049080	0.049277	-0.000099
675.088567	0.049360	0.049248	0.000056
675.417240	0.049430	0.049559	-0.000064
675.745861	0.049142	0.049392	-0.000125
676.074432	0.049211	0.049618	-0.000203
676.402951	0.048975	0.049560	-0.000292
676.731419	0.049016	0.049276	-0.000130
677.059835	0.049297	0.049479	-0.000091
677.388201	0.049747	0.049682	0.000032
677.716515	0.049420	0.049651	-0.000115
678.044777	0.049590	0.049846	-0.000128
678.372988	0.049763	0.049959	-0.000098
678.701148	0.050027	0.050064	-0.000018
679.029257	0.050048	0.050286	-0.000119
679.357314	0.050031	0.050119	-0.000044
679.685320	0.050159	0.050663	-0.000252
680.013274	0.050097	0.050179	-0.000041
680.341177	0.050205	0.050429	-0.000112
680.669029	0.050064	0.050128	-0.000032
680.996829	0.050173	0.050190	-0.000008
681.324578	0.050030	0.050284	-0.000127
681.652275	0.050225	0.050366	-0.000071
681.979921	0.050081	0.050497	-0.000208
682.307515	0.049758	0.050291	-0.000266
682.635058	0.049907	0.050281	-0.000187
682.962550	0.050221	0.050404	-0.000092
683.289989	0.050796	0.050780	0.000008
683.617378	0.050646	0.051146	-0.000250
683.944715	0.051044	0.050806	0.000119
684.272000	0.050813	0.050905	-0.000046
684.599234	0.051049	0.050967	0.000041
684.926416	0.050782	0.050958	-0.000088
685.253547	0.051059	0.050974	0.000042
685.580626	0.050669	0.050928	-0.000130
685.907654	0.050973	0.050940	0.000017
686.234630	0.050854	0.051106	-0.000126
686.561554	0.050798	0.051004	-0.000103
686.888427	0.050649	0.051068	-0.000209
687.215248	0.050723	0.051089	-0.000183
687.542018	0.051332	0.051264	0.000034
687.868736	0.051686	0.051596	0.000045
688.195402	0.051756	0.051672	0.000042
688.522017	0.051358	0.051643	-0.000143
688.848580	0.051529	0.051683	-0.000077
689.175091	0.051459	0.051763	-0.000152
689.501551	0.051494	0.051651	-0.000078
689.827959	0.051119	0.051398	-0.000139
690.154315	0.050947	0.051456	-0.000255
690.480620	0.051491	0.051951	-0.000230
690.806873	0.051333	0.051703	-0.000185
691.133074	0.051415	0.051751	-0.000168
691.459223	0.051419	0.051579	-0.000080
691.785321	0.051205	0.051477	-0.000136
692.111367	0.051255	0.051048	0.000103
692.437361	0.050982	0.051116	-0.000067
692.763303	0.051194	0.051188	0.000003
693.089193	0.051120	0.051224	-0.000052
693.415032	0.051251	0.051163	0.000044
693.740819	0.050835	0.051172	-0.000169
694.066554	0.050915	0.051331	-0.000208
694.392237	0.051466	0.051633	-0.000084
694.717869	0.051120	0.051524	-0.000202
695.043448	0.051452	0.051492	-0.000020
695.368976	0.051789	0.051839	-0.000025
695.694452	0.051936	0.051895	0.000021
696.019876	0.051613	0.052171	-0.000279
696.345248	0.051741	0.051844	-0.000051
696.670568	0.051881	0.052043	-0.000081
696.995836	0.052125	0.051695	0.000215
697.321052	0.051993	0.052204	-0.000105
697.646216	0.052059	0.052338	-0.000139
697.971329	0.052342	0.052471	-0.000065
698.296389	0.052211	0.052706	-0.000248
698.621398	0.052452	0.053019	-0.000284
698.946354	0.053050	0.052718	0.000166
699.271259	0.053006	0.053137	-0.000065
699.596111	0.052929	0.052999	-0.000035
699.920912	0.053034	0.052873	0.000081
700.245660	0.052671	0.052930	-0.000130
700.570357	0.052638	0.052870	-0.000116
700.895001	0.053110	0.052974	0.000068
701.219594	0.053053	0.053176	-0.000061
701.544134	0.052804	0.052740	0.000032
701.868622	0.052462	0.052839	-0.000188
702.193059	0.052783	0.053127	-0.000172
702.517443	0.053281	0.053316	-0.000017
702.841775	0.053303	0.053661	-0.000179
703.166055	0.053128	0.053205	-0.000038
703.490283	0.053325	0.053427	-0.000051
703.814458	0.053608	0.053468	0.000070
704.138582	0.053543	0.053837	-0.000147
704.462653	0.053417	0.053729	-0.000156
704.786673	0.053598	0.053738	-0.000070
705.110640	0.053586	0.053721	-0.000068
705.434555	0.053488	0.053367	0.000060
705.758417	0.053295	0.053218	0.000039
706.082228	0.053418	0.053701	-0.000141
706.405986	0.053186	0.053200	-0.000007
706.729692	0.052989	0.053286	-0.000148
707.053346	0.053438	0.053331	0.000053
707.376948	0.053613	0.053595	0.000009
707.700497	0.053282	0.053586	-0.000152
708.023995	0.053120	0.053292	-0.000086
708.347439	0.053665	0.053397	0.000134
708.670832	0.053597	0.053769	-0.000086
708.994173	0.053698	0.053926	-0.000114
709.317461	0.054065	0.053988	0.000039
709.640696	0.053800	0.053930	-0.000065
709.963880	0.054001	0.054239	-0.000119
710.287011	0.053519	0.053674	-0.000078
710.610090	0.053307	0.053763	-0.000228
710.933116	0.053843	0.053632	0.000106
711.256090	0.053751	0.053794	-0.000021
711.579012	0.053553	0.053976	-0.000212
711.901881	0.053362	0.054029	-0.000334
712.224698	0.053364	0.053449	-0.000043
712.547463	0.053115	0.053210	-0.000048
712.870175	0.053307	0.053278	0.000015
713.192835	0.053165	0.053537	-0.000186
713.515442	0.053159	0.053255	-0.000048
713.837997	0.052912	0.052655	0.000128
714.160499	0.053128	0.053087	0.000021
714.482949	0.053029	0.053304	-0.000137
714.805347	0.053012	0.053294	-0.000141
715.127692	0.053503	0.052852	0.000325
715.449985	0.053467	0.053164	0.000151
715.772225	0.053886	0.053584	0.000151
716.094412	0.053917	0.053925	-0.000004
716.416547	0.053967	0.053956	0.000005
716.738630	0.053315	0.053399	-0.000042
717.060660	0.053738	0.053737	0.000000
717.382637	0.053294	0.053512	-0.000109
717.704562	0.053343	0.053386	-0.000021
718.026435	0.053664	0.053680	-0.000008
718.348254	0.053382	0.053645	-0.000132
718.670022	0.053351	0.053943	-0.000296
718.991736	0.053504	0.053693	-0.000094
719.313398	0.053396	0.053507	-0.000055
719.635008	0.053637	0.053480	0.000079
719.956564	0.053469	0.053689	-0.000110
720.278068	0.053677	0.053798	-0.000060
720.599520	0.053826	0.054251	-0.000213
720.920919	0.054254	0.054528	-0.000137
721.242265	0.054696	0.054730	-0.000017
721.563558	0.054356	0.054389	-0.000016
721.884799	0.054484	0.054110	0.000187
722.205987	0.054622	0.054392	0.000115
722.527123	0.054322	0.054525	-0.000102
722.848205	0.054687	0.054955	-0.000134
723.169235	0.054714	0.054620	0.000047
723.490212	0.054337	0.054213	0.000062
723.811137	0.053919	0.054397	-0.000239
724.132009	0.053528	0.053690	-0.000081
724.452828	0.053616	0.053514	0.000051
724.773594	0.053895	0.054152	-0.000128
725.094307	0.054320	0.054201	0.000059
725.414968	0.054353	0.054295	0.000029
725.735576	0.054316	0.054333	-0.000008
726.056131	0.054092	0.054195	-0.000051
726.376633	0.054567	0.054419	0.000074
726.697082	0.054539	0.054504	0.000017
727.017478	0.054540	0.054335	0.000103
727.337822	0.054401	0.054515	-0.000057
727.658113	0.054684	0.054957	-0.000137
727.978351	0.054879	0.054902	-0.000011
728.298536	0.054757	0.054557	0.000100
728.618668	0.054701	0.054193	0.000254
728.938747	0.054392	0.054599	-0.000103
729.258773	0.054498	0.054446	0.000026
729.578747	0.054310	0.054366	-0.000028
729.898667	0.055044	0.054739	0.000152
730.218534	0.054814	0.054965	-0.000075
730.538349	0.055084	0.055187	-0.000052
730.858111	0.055053	0.055322	-0.000135
731.177819	0.055295	0.055469	-0.000087
731.497475	0.055261	0.055389	-0.000064
731.817077	0.055682	0.055456	0.000113
732.136627	0.055747	0.055462	0.000142
732.456123	0.055152	0.055300	-0.000074
732.775567	0.054664	0.054722	-0.000029
733.094958	0.055133	0.055188	-0.000028
733.414295	0.054988	0.055008	-0.000010
733.733579	0.055187	0.055152	0.000018
734.052811	0.055420	0.055054	0.000183
734.371989	0.055238	0.055468	-0.000115
734.691114	0.055548	0.055445	0.000052
735.010186	0.055416	0.055439	-0.000011
735.329205	0.055000	0.055188	-0.000094
735.648171	0.055290	0.054966	0.000162
735.967084	0.055106	0.055171	-0.000033
736.285944	0.054898	0.054514	0.000192
736.604750	0.055066	0.055265	-0.000099
736.923503	0.055630	0.055776	-0.000073
737.242203	0.055840	0.056023	-0.000091
737.560850	0.055778	0.055705	0.000037
737.879444	0.056066	0.055283	0.000392
738.197985	0.055458	0.055205	0.000126
738.516472	0.055976	0.055769	0.000104
738.834906	0.056277	0.056212	0.000033
739.153287	0.056636	0.056648	-0.000006
739.471615	0.056751	0.056640	0.000055
739.789889	0.056511	0.056563	-0.000026
740.108111	0.056553	0.056519	0.000017
740.426279	0.056141	0.056225	-0.000042
740.744393	0.055925	0.055784	0.000071
741.062455	0.055654	0.055700	-0.000023
741.380463	0.056059	0.056308	-0.000125
741.698417	0.056049	0.056267	-0.000109
742.016319	0.055808	0.055783	0.000013
742.334167	0.055611	0.055806	-0.000097
742.651962	0.055884	0.055968	-0.000042
742.969703	0.056101	0.056086	0.000007
743.287391	0.055302	0.055569	-0.000134
743.605026	0.055168	0.055669	-0.000250
743.922607	0.055490	0.055559	-0.000034
744.240135	0.055520	0.055454	0.000033
744.557610	0.055868	0.055807	0.000031
744.875031	0.055432	0.055478	-0.000023
745.192399	0.055720	0.055838	-0.000059
745.509713	0.055468	0.055728	-0.000130
745.826974	0.055460	0.055785	-0.000163
746.144182	0.056330	0.056044	0.000143
746.461336	0.056069	0.055809	0.000130
746.778436	0.056261	0.056104	0.000079
747.095483	0.056121	0.056126	-0.000002
747.412477	0.056004	0.056025	-0.000010
747.729417	0.056036	0.056096	-0.000030
748.046303	0.055878	0.055677	0.000101
748.363136	0.055774	0.055556	0.000109
748.679916	0.056098	0.056167	-0.000034
748.996642	0.056351	0.056498	-0.000074
749.313314	0.056591	0.057181	-0.000295
749.629933	0.057686	0.057742	-0.000028
749.946498	0.057246	0.057295	-0.000025
750.263010	0.057269	0.056667	0.000301
750.579468	0.057066	0.057042	0.000012
750.895873	0.056835	0.056432	0.000202
751.212224	0.056819	0.056807	0.000006
751.528521	0.056844	0.056937	-0.000047
751.844765	0.057508	0.057531	-0.000011
752.160955	0.057481	0.057510	-0.000014
752.477091	0.057342	0.057334	0.000004
752.793174	0.057642	0.057476	0.000083
753.109203	0.057577	0.057779	-0.000101
753.425178	0.057499	0.057650	-0.000076
753.741100	0.057684	0.057246	0.000219
754.056968	0.057991	0.057898	0.000046
754.372783	0.057842	0.057694	0.000074
754.688543	0.057693	0.057392	0.000151
755.004250	0.057545	0.057653	-0.000054
755.319903	0.058027	0.057604	0.000211
755.635503	0.058461	0.058075	0.000193
755.951048	0.058575	0.058814	-0.000119
756.266540	0.058558	0.058509	0.000024
756.581978	0.058890	0.058302	0.000294
756.897363	0.058640	0.058344	0.000148
757.212693	0.058631	0.058540	0.000046
757.527970	0.058824	0.058658	0.000083
757.843193	0.059061	0.059076	-0.000007
758.158362	0.059063	0.058553	0.000255
758.473477	0.059332	0.058933	0.000200
758.788538	0.059118	0.058495	0.000312
759.103546	0.058823	0.058633	0.000095
759.418499	0.058439	0.058151	0.000144
759.733399	0.058040	0.057679	0.000180
760.048245	0.058115	0.058193	-0.000039
760.363037	0.058659	0.058092	0.000283
760.677775	0.058489	0.058292	0.000099
760.992459	0.059060	0.058409	0.000325
761.307090	0.058193	0.058323	-0.000065
761.621666	0.058270	0.057913	0.000179
761.936188	0.058218	0.057826	0.000196
762.250657	0.059026	0.058477	0.000274
762.565071	0.058919	0.058646	0.000136
762.879432	0.058308	0.058674	-0.000183
763.193738	0.058378	0.057924	0.000227
763.507991	0.057957	0.058487	-0.000265
763.822189	0.058049	0.058128	-0.000039
764.136333	0.058881	0.058552	0.000165
764.450424	0.058839	0.058756	0.000041
764.764460	0.058854	0.058807	0.000023
765.078443	0.059213	0.059186	0.000013
765.392371	0.058976	0.058860	0.000058
765.706245	0.058196	0.057965	0.000116
766.020065	0.057615	0.057841	-0.000113
766.333831	0.058233	0.058214	0.000010
766.647543	0.057770	0.057785	-0.000008
766.961201	0.057966	0.057753	0.000107
767.274805	0.057877	0.057623	0.000127
767.588354	0.058193	0.057971	0.000111
767.901850	0.058517	0.058273	0.000122
768.215291	0.057854	0.057642	0.000106
768.528678	0.057448	0.057397	0.000025
768.842011	0.057812	0.057754	0.000029
769.155290	0.057609	0.058175	-0.000283
769.468515	0.057629	0.057310	0.000159
769.781685	0.058061	0.058619	-0.000279
770.094801	0.058295	0.058389	-0.000047
770.407864	0.058580	0.058232	0.000174
770.720871	0.058263	0.058515	-0.000126
771.033825	0.058212	0.058317	-0.000053
771.346724	0.058599	0.058167	0.000216
771.659569	0.058611	0.057858	0.000377
771.972360	0.058258	0.057469	0.000394
772.285096	0.058027	0.058387	-0.000180
772.597779	0.058324	0.057768	0.000278
772.910407	0.058352	0.057726	0.000313
773.222980	0.058298	0.057821	0.000238
773.535499	0.058262	0.057584	0.000339
773.847964	0.057761	0.057336	0.000212
774.160375	0.057032	0.057059	-0.000013
774.472731	0.056967	0.057291	-0.000162
774.785033	0.057312	0.057131	0.000091
775.097281	0.056821	0.057121	-0.000150
775.409474	0.057244	0.056609	0.000318
775.721613	0.057160	0.056975	0.000093
776.033697	0.056567	0.055863	0.000352
776.345727	0.056862	0.056715	0.000074
776.657702	0.057063	0.057073	-0.000005
776.969624	0.057055	0.057072	-0.000009
777.281490	0.057346	0.057233	0.000057
777.593303	0.057908	0.057399	0.000255
777.905060	0.057742	0.057769	-0.000014
778.216764	0.057592	0.057624	-0.000016
778.528412	0.058134	0.058214	-0.000040
778.840007	0.057987	0.058268	-0.000140
779.151547	0.058852	0.058263	0.000294
779.463032	0.058788	0.058060	0.000364
779.774463	0.058572	0.057840	0.000366
780.085839	0.057843	0.057152	0.000346
780.397161	0.057560	0.057965	-0.000202
780.708428	0.057837	0.058300	-0.000231
781.019641	0.057964	0.057727	0.000119
781.330799	0.057845	0.057627	0.000109
781.641902	0.057414	0.057226	0.000094
781.952951	0.057696	0.057517	0.000090
782.263946	0.057796	0.057305	0.000246
782.574885	0.056925	0.056989	-0.000032
782.885770	0.057688	0.056991	0.000349
783.196601	0.057363	0.056838	0.000263
783.507377	0.056810	0.057347	-0.000268
783.818098	0.057200	0.057278	-0.000039
784.128764	0.057146	0.057378	-0.000116
784.439376	0.056966	0.056367	0.000300
784.749933	0.056718	0.057005	-0.000144
785.060436	0.056865	0.056663	0.000101
785.370884	0.056861	0.056440	0.000210
785.681277	0.056680	0.055912	0.000384
785.991615	0.056634	0.056732	-0.000049
786.301899	0.056596	0.056663	-0.000033
786.612128	0.057041	0.057218	-0.000089
786.922302	0.056743	0.056220	0.000261
787.232421	0.057044	0.056542	0.000251
787.542486	0.057047	0.057040	0.000004
787.852496	0.057434	0.056993	0.000221
788.162451	0.057624	0.057478	0.000073
788.472351	0.056930	0.056754	0.000088
788.782196	0.056523	0.057116	-0.000296
789.091987	0.057708	0.056432	0.000638
789.401723	0.058047	0.056728	0.000660
789.711404	0.057084	0.057127	-0.000021
790.021030	0.057368	0.056818	0.000275
790.330601	0.057171	0.057314	-0.000072
790.640117	0.056981	0.056756	0.000112
790.949579	0.056900	0.056488	0.000206
791.258985	0.056299	0.055606	0.000347
791.568337	0.056245	0.056287	-0.000021
791.877634	0.056247	0.056411	-0.000082
792.186876	0.056384	0.055651	0.000366
792.496063	0.055908	0.055842	0.000033
792.805195	0.055679	0.055084	0.000298
793.114272	0.055913	0.055833	0.000040
793.423294	0.055806	0.055785	0.000011
793.732261	0.056928	0.056532	0.000198
794.041173	0.057076	0.055564	0.000756
794.350030	0.056672	0.056264	0.000204
794.658833	0.055988	0.056159	-0.000086
794.967580	0.056730	0.055702	0.000514
795.276272	0.056038	0.056502	-0.000232
795.584909	0.056044	0.055687	0.000178
795.893491	0.056206	0.055859	0.000174
796.202018	0.056221	0.055909	0.000156
796.510490	0.056683	0.056270	0.000207
796.818907	0.056822	0.055892	0.000465
797.127269	0.056558	0.056212	0.000173
797.435576	0.056853	0.056316	0.000269
797.743827	0.056843	0.056958	-0.000058
798.052024	0.056558	0.055991	0.000284
798.360165	0.056572	0.056266	0.000153
798.668251	0.056738	0.055917	0.000410
798.976283	0.056747	0.055570	0.000588
799.284259	0.056301	0.056301	-0.000000
799.592179	0.056429	0.056546	-0.000058
799.900045	0.056030	0.055721	0.000154
800.207855	0.055597	0.055594	0.000001
800.515611	0.055804	0.055086	0.000359
800.823311	0.055909	0.055171	0.000369
801.130956	0.055920	0.055309	0.000306
801.438545	0.056112	0.055036	0.000538
801.746080	0.055853	0.055363	0.000245
802.053559	0.056304	0.055899	0.000202
802.360983	0.056963	0.056116	0.000424
802.668352	0.056663	0.055524	0.000570
802.975665	0.056467	0.055649	0.000409
803.282923	0.056323	0.054650	0.000837
803.590126	0.055054	0.055447	-0.000196
803.897274	0.054831	0.053922	0.000454
804.204366	0.053897	0.054346	-0.000225
804.511403	0.054961	0.054213	0.000374
804.818384	0.054952	0.055075	-0.000062
805.125311	0.055544	0.054365	0.000589
805.432181	0.055330	0.055527	-0.000098
805.738997	0.055873	0.055429	0.000222
806.045757	0.054529	0.054082	0.000223
806.352462	0.055083	0.055212	-0.000065
806.659111	0.054621	0.055011	-0.000195
806.965705	0.055847	0.055105	0.000371
807.272244	0.054890	0.055499	-0.000304
807.578727	0.054895	0.054981	-0.000043
807.885155	0.055672	0.054634	0.000519
808.191527	0.054211	0.054833	-0.000311
808.497844	0.054708	0.053762	0.000473
808.804105	0.054818	0.054204	0.000307
809.110311	0.055243	0.054733	0.000255
809.416462	0.053645	0.054365	-0.000360
809.722557	0.056026	0.055133	0.000446
810.028596	0.054843	0.054404	0.000219
810.334580	0.055467	0.055338	0.000065
810.640508	0.056110	0.055071	0.000520
810.946381	0.055667	0.055690	-0.000011
811.252199	0.055442	0.054893	0.000275
811.557961	0.055241	0.054478	0.000382
811.863667	0.055437	0.054379	0.000529
812.169317	0.054978	0.054157	0.000411
812.474913	0.054747	0.054200	0.000274
812.780452	0.055599	0.054118	0.000741
813.085936	0.054303	0.053878	0.000213
813.391364	0.054463	0.055586	-0.000562
813.696737	0.054910	0.053544	0.000683
814.002054	0.054181	0.052882	0.000650
814.307315	0.054315	0.053463	0.000426
814.612521	0.053873	0.054019	-0.000073
814.917671	0.055701	0.053190	0.001256
815.222766	0.054717	0.054470	0.000124
815.527804	0.054014	0.053569	0.000222
815.832787	0.054876	0.054092	0.000392
816.137715	0.054358	0.054870	-0.000256
816.442586	0.054809	0.054821	-0.000006
816.747402	0.053486	0.053581	-0.000048
817.052162	0.053490	0.053413	0.000039
817.356867	0.054031	0.053816	0.000108
817.661516	0.053255	0.053148	0.000053
817.966109	0.052722	0.053175	-0.000227
818.270646	0.053594	0.052402	0.000596
818.575127	0.053453	0.053568	-0.000058
818.879553	0.052795	0.052739	0.000028
819.183922	0.053604	0.052787	0.000409
819.488236	0.053528	0.051839	0.000844
819.792495	0.052433	0.053749	-0.000658
820.096697	0.053160	0.052035	0.000562
820.400843	0.052743	0.053126	-0.000191
820.704934	0.052945	0.051648	0.000648
821.008969	0.051538	0.051219	0.000160
821.312948	0.052178	0.051331	0.000424
821.616871	0.051004	0.051450	-0.000223
821.920738	0.051203	0.051037	0.000083
822.224549	0.051512	0.052054	-0.000271
822.528305	0.052124	0.051548	0.000288
822.832004	0.051966	0.051785	0.000091
823.135647	0.052445	0.050633	0.000906
823.439235	0.051646	0.050602	0.000522
823.742767	0.051970	0.052034	-0.000032
824.046242	0.052305	0.051431	0.000437
824.349662	0.052155	0.053050	-0.000448
824.653026	0.053047	0.052029	0.000509
824.956333	0.053625	0.051585	0.001020
825.259585	0.051545	0.052357	-0.000406
825.562781	0.051809	0.051403	0.000203
825.865920	0.050849	0.050843	0.000003
826.169004	0.052293	0.051934	0.000179
826.472031	0.051854	0.050741	0.000557
826.775003	0.051931	0.051360	0.000286
827.077918	0.051642	0.050874	0.000384
827.380778	0.051711	0.051418	0.000147
827.683581	0.052344	0.052247	0.000048
827.986328	0.051363	0.050468	0.000447
828.289019	0.053095	0.051110	0.000993
828.591654	0.051505	0.050694	0.000405
828.894233	0.051094	0.051141	-0.000024
829.196756	0.051580	0.048322	0.001629
829.499223	0.050579	0.051186	-0.000303
829.801633	0.050294	0.050815	-0.000261
830.103988	0.051626	0.049827	0.000899
830.406286	0.050542	0.049990	0.000276
830.708528	0.050193	0.049194	0.000499
831.010713	0.050357	0.049931	0.000213
831.312843	0.050424	0.050328	0.000048
831.614916	0.049723	0.048319	0.000702
831.916933	0.048897	0.048742	0.000078
832.218894	0.048462	0.049362	-0.000450
832.520799	0.048669	0.048502	0.000083
832.822647	0.049206	0.047496	0.000855
833.124440	0.048961	0.049303	-0.000171
833.426175	0.048626	0.049968	-0.000671
833.727855	0.049241	0.050238	-0.000499
834.029478	0.049911	0.048513	0.000699
834.331045	0.048643	0.049206	-0.000281
834.632556	0.048992	0.048859	0.000067
834.934010	0.049340	0.047917	0.000712
835.235408	0.048851	0.047009	0.000921
835.536750	0.048353	0.047613	0.000370
835.838035	0.049071	0.047351	0.000860
836.139264	0.048579	0.047292	0.000644
836.440437	0.048807	0.047827	0.000490
836.741553	0.047562	0.047720	-0.000079
837.042613	0.047969	0.048149	-0.000090
837.343616	0.049348	0.048120	0.000614
837.644563	0.048343	0.046840	0.000752
837.945454	0.047595	0.046240	0.000678
838.246288	0.048491	0.046665	0.000913
838.547066	0.047403	0.046866	0.000268
838.847787	0.045869	0.046209	-0.000170
839.148452	0.046395	0.047368	-0.000486
839.449060	0.045601	0.045724	-0.000062
839.749612	0.045502	0.046879	-0.000689
840.050108	0.046700	0.045016	0.000842
840.350547	0.047912	0.046384	0.000764
840.650929	0.048372	0.045345	0.001513
840.951255	0.046044	0.045678	0.000183
841.251524	0.047891	0.045614	0.001139
841.551737	0.046960	0.043932	0.001514
841.851893	0.046584	0.046411	0.000086
842.151993	0.045281	0.045152	0.000065
842.452036	0.045330	0.044965	0.000183
842.752022	0.046479	0.042743	0.001868
843.051952	0.044712	0.044306	0.000203
843.351825	0.044247	0.044696	-0.000224
843.651642	0.043536	0.045669	-0.001066
843.951402	0.044702	0.046152	-0.000725
844.251106	0.046172	0.044259	0.000956
844.550752	0.044380	0.043245	0.000567
844.850343	0.044740	0.044928	-0.000094
845.149876	0.045688	0.044860	0.000414
845.449353	0.045731	0.043270	0.001230
845.748773	0.044844	0.042967	0.000939
846.048136	0.043243	0.043165	0.000039
846.347443	0.042765	0.043639	-0.000437
846.646693	0.044654	0.041842	0.001406
846.945886	0.043615	0.042080	0.000767
847.245023	0.044113	0.042152	0.000981
847.544103	0.042997	0.043892	-0.000448
847.843126	0.043090	0.043356	-0.000133
848.142092	0.043194	0.040785	0.001204
848.441002	0.042149	0.041182	0.000484
848.739854	0.041244	0.040934	0.000155
849.038650	0.042544	0.041762	0.000391
849.337390	0.043227	0.042262	0.000482
849.636072	0.042687	0.041375	0.000656
849.934697	0.042309	0.039527	0.001391
850.233266	0.042855	0.039543	0.001656
850.531778	0.042129	0.041901	0.000114
850.830233	0.042245	0.040788	0.000729
851.128631	0.041104	0.041049	0.000027
851.426972	0.042981	0.041096	0.000943
851.725257	0.042047	0.040365	0.000841
852.023484	0.041262	0.040467	0.000397
852.321655	0.039946	0.039882	0.000032
852.619768	0.041000	0.038900	0.001050
852.917825	0.042195	0.040051	0.001072
853.215825	0.041786	0.038738	0.001524
853.513768	0.041137	0.039602	0.000767
853.811654	0.039394	0.039370	0.000012
854.109483	0.039442	0.038160	0.000641
854.407255	0.039783	0.039097	0.000343
854.704970	0.040086	0.037863	0.001111
855.002628	0.040401	0.038199	0.001101
855.300229	0.037909	0.038154	-0.000123
855.597773	0.038513	0.037580	0.000467
855.895260	0.037778	0.039003	-0.000613
856.192690	0.036078	0.038349	-0.001136
856.490063	0.037088	0.037526	-0.000219
856.787378	0.038850	0.036042	0.001404
857.084637	0.037813	0.037667	0.000073
857.381839	0.038311	0.035637	0.001337
857.678984	0.037586	0.036264	0.000661
857.976071	0.038272	0.036277	0.000998
858.273101	0.037376	0.034924	0.001226
858.570075	0.036570	0.035571	0.000500
858.866991	0.034698	0.034801	-0.000052
859.163850	0.035984	0.034561	0.000711
859.460652	0.034807	0.034523	0.000142
859.757397	0.036237	0.034605	0.000816
860.054084	0.034685	0.035465	-0.000390
860.350715	0.034083	0.034422	-0.000170
860.647288	0.035618	0.034011	0.000804
860.943804	0.036375	0.033749	0.001313
861.240263	0.035058	0.032386	0.001336
861.536665	0.033632	0.033392	0.000120
861.833009	0.033792	0.033324	0.000234
862.129296	0.034467	0.032590	0.000938
862.425526	0.032494	0.033495	-0.000500
862.721699	0.035290	0.032693	0.001298
863.017814	0.033850	0.031226	0.001312
863.313872	0.034395	0.033670	0.000362
863.609873	0.035135	0.035492	-0.000179
863.905817	0.034292	0.034766	-0.000237
864.201703	0.033694	0.031275	0.001210
864.497532	0.032678	0.033312	-0.000317
864.793304	0.033191	0.031270	0.000961
865.089018	0.032532	0.031040	0.000746
865.384675	0.031971	0.031424	0.000273
865.680274	0.032448	0.029867	0.001291
865.975817	0.032503	0.031426	0.000538
866.271302	0.032376	0.030866	0.000755
866.566729	0.031475	0.031675	-0.000100
866.862099	0.031411	0.031604	-0.000097
867.157412	0.032206	0.032020	0.000093
867.452667	0.033832	0.028820	0.002506
867.747865	0.030956	0.028139	0.001408
868.043005	0.029159	0.027561	0.000799
868.338088	0.029774	0.028483	0.000645
868.633114	0.032298	0.030601	0.000848
868.928082	0.028441	0.028184	0.000129
869.222993	0.030989	0.028610	0.001189
869.517846	0.028472	0.031191	-0.001359
869.812641	0.030174	0.028875	0.000649
870.107379	0.031251	0.026497	0.002377
870.402060	0.029558	0.026979	0.001289
870.696683	0.026206	0.026706	-0.000250
870.991248	0.026292	0.028110	-0.000909
871.285756	0.027783	0.025993	0.000895
871.580207	0.029185	0.026895	0.001145
871.874600	0.027915	0.028255	-0.000170
872.168935	0.026574	0.027017	-0.000222
872.463213	0.028542	0.027105	0.000718
872.757433	0.026697	0.024770	0.000964
873.051595	0.025662	0.023263	0.001200
873.345700	0.027021	0.023531	0.001745
873.639748	0.025070	0.023285	0.000892
873.933737	0.024545	0.027290	-0.001373
874.227669	0.024049	0.026113	-0.001032
874.521544	0.028070	0.022843	0.002613
874.815360	0.023827	0.021109	0.001359
875.109119	0.027555	0.023188	0.002184
875.402821	0.025655	0.023295	0.001180
875.696464	0.026917	0.024665	0.001126
875.990050	0.025876	0.024785	0.000546
876.283578	0.025732	0.024367	0.000683
876.577049	0.025955	0.023617	0.001169
876.870462	0.023904	0.024016	-0.000056
877.163817	0.024854	0.022892	0.000981
877.457114	0.022934	0.021939	0.000498
877.750353	0.024396	0.020125	0.002135
878.043535	0.026089	0.020749	0.002670
878.336659	0.024826	0.020285	0.002270
878.629725	0.022119	0.019078	0.001520
878.922733	0.022270	0.021060	0.000605
879.215684	0.021242	0.020036	0.000603
879.508577	0.019021	0.020015	-0.000497
879.801411	0.020053	0.020002	0.000026
880.094189	0.019898	0.019339	0.000279
880.386908	0.020432	0.018225	0.001103
880.679569	0.018794	0.020172	-0.000689
880.972172	0.022808	0.021010	0.000899
881.264718	0.021686	0.019442	0.001122
881.557206	0.020195	0.018451	0.000872
881.849635	0.021516	0.019055	0.001231
882.142007	0.020255	0.020300	-0.000022
882.434321	0.019341	0.016163	0.001589
882.726577	0.018640	0.016543	0.001049
883.018775	0.018280	0.018084	0.000098
883.310915	0.017714	0.016531	0.000592
883.602997	0.018422	0.017833	0.000294
883.895021	0.019844	0.017642	0.001101
884.186987	0.019179	0.016503	0.001338
884.478896	0.020875	0.019144	0.000866
884.770746	0.016093	0.018095	-0.001001
885.062538	0.018613	0.017599	0.000507
885.354272	0.017295	0.018539	-0.000622
885.645948	0.015244	0.017221	-0.000988
885.937566	0.018022	0.016799	0.000612
886.229126	0.016129	0.017493	-0.000682
886.520628	0.016570	0.016254	0.000158
886.812072	0.018292	0.015107	0.001593
887.103458	0.018376	0.015031	0.001672
887.394785	0.017319	0.017268	0.000026
887.686055	0.016232	0.015764	0.000234
887.977266	0.015310	0.016403	-0.000547
888.268420	0.018498	0.012598	0.002950
888.559515	0.016772	0.014840	0.000966
888.850552	0.017297	0.014510	0.001393
889.141531	0.017157	0.013512	0.001823
889.432451	0.016141	0.016485	-0.000172
889.723314	0.018226	0.015242	0.001492
890.014118	0.018295	0.014697	0.001799
890.304864	0.018424	0.011266	0.003579
890.595552	0.015933	0.015297	0.000318
890.886182	0.014650	0.013706	0.000472
891.176754	0.015708	0.014820	0.000444
891.467267	0.014641	0.013924	0.000358
891.757722	0.017011	0.016843	0.000084
