6.542578	0.043138	0.043138	0.000000
6.529189	1043520046308321.625000	1043520046308321.625000	0.000000
6.515856	2.779456	3.417421	-0.318983
6.502578	2.934666	3.052229	-0.058782
6.489355	2.808323	3.241954	-0.216815
6.476188	3.442487	3.658448	-0.107980
6.463075	3.404831	2.701545	0.351643
6.450016	3.524143	3.482083	0.021030
6.437011	3.064715	3.466404	-0.200845
6.424060	2.701521	3.171187	-0.234833
6.411162	3.612780	4.074209	-0.230714
6.398317	3.465475	3.707068	-0.120797
6.385525	3.807191	3.306824	0.250183
6.372785	3.304782	3.161517	0.071632
6.360096	3.822844	3.882760	-0.029958
6.347460	3.406474	2.602908	0.401783
6.334875	3.949445	2.752224	0.598611
6.322341	3.963709	3.076875	0.443417
6.309857	3.994900	3.545806	0.224547
6.297424	3.572846	3.297077	0.137884
6.285042	3.098247	3.171650	-0.036701
6.272709	3.671755	3.426797	0.122479
6.260425	3.367067	2.748829	0.309119
6.248191	3.425924	2.704185	0.360869
6.236005	-7.861067	-7.487597	-0.186735
6.223868	-0.780909	-0.708459	-0.036225
6.211780	-0.678870	-0.685722	0.003426
6.199740	-0.671811	-0.680713	0.004451
6.187747	-0.683727	-0.666977	-0.008375
6.175802	-0.665868	-0.659779	-0.003044
6.163904	-0.639231	-0.658552	0.009660
6.152053	-0.676274	-0.623462	-0.026406
6.140248	-0.702058	-0.684478	-0.008790
6.128490	-0.652750	-0.649083	-0.001834
6.116778	-0.674287	-0.703224	0.014469
6.105112	-0.693255	-0.643446	-0.024905
6.093492	-0.622625	-0.693318	0.035346
6.081916	-0.685146	-0.671619	-0.006763
6.070386	-0.672894	-0.684742	0.005924
6.058901	-0.631605	-0.689247	0.028821
6.047460	-0.656569	-0.690991	0.017211
6.036063	-0.668532	-0.640253	-0.014139
6.024710	-0.674884	-0.624979	-0.024953
6.013401	-0.629523	-0.692345	0.031411
6.002135	-0.679162	-0.651466	-0.013848
5.990913	-0.693638	-0.653732	-0.019953
5.979734	-0.661038	-0.707174	0.023068
5.968597	-0.689047	-0.626419	-0.031314
5.957503	-0.664074	-0.622744	-0.020665
5.946451	-0.676224	-0.652402	-0.011911
5.935442	-0.660337	-0.660788	0.000226
5.924474	-0.656459	-0.640111	-0.008174
5.913547	-0.668896	-0.648044	-0.010426
5.902662	-0.612772	-0.602809	-0.004981
5.891818	-0.647034	-0.656646	0.004806
5.881015	-0.622074	-0.622459	0.000192
5.870252	-0.627544	-0.628646	0.000551
5.859530	-0.611728	-0.639978	0.014125
5.848848	-0.601490	-0.628663	0.013587
5.838205	-0.632730	-0.618140	-0.007295
5.827603	-0.606872	-0.639695	0.016411
5.817040	-0.656107	-0.624753	-0.015677
5.806516	-0.625847	-0.632391	0.003272
5.796031	-0.612857	-0.588981	-0.011938
5.785586	-0.612637	-0.691593	0.039478
5.775178	-0.626366	-0.623623	-0.001372
5.764810	-0.652258	-0.643031	-0.004613
5.754479	-0.648213	-0.598128	-0.025043
5.744186	-0.618673	-0.613404	-0.002634
5.733931	-0.613749	-0.615853	0.001052
5.723714	-0.589318	-0.609712	0.010197
5.713534	-0.633785	-0.656358	0.011287
5.703391	-0.593157	-0.615459	0.011151
5.693285	-0.617073	-0.576939	-0.020067
5.683216	-0.593795	-0.606694	0.006450
5.673184	-0.607800	-0.618517	0.005359
5.663188	-0.577167	-0.576251	-0.000458
5.653228	-0.552090	-0.592650	0.020280
5.643304	-0.574011	-0.555611	-0.009200
5.633415	-0.572357	-0.530031	-0.021163
5.623562	-0.543543	-0.542216	-0.000663
5.613745	-0.511250	-0.557388	0.023069
5.603963	-0.481522	-0.487192	0.002835
5.594216	-0.487323	-0.469422	-0.008951
5.584504	-0.424820	-0.460203	0.017691
5.574826	-0.401782	-0.424621	0.011420
5.565183	-0.421503	-0.392524	-0.014490
5.555574	-0.373106	-0.360768	-0.006169
5.545999	-0.339251	-0.351002	0.005875
5.536458	-0.314144	-0.319376	0.002616
5.526950	-0.287539	-0.308988	0.010724
5.517477	-0.284859	-0.278562	-0.003148
5.508036	-0.254267	-0.263346	0.004540
5.498629	-0.238956	-0.239602	0.000323
5.489255	-0.229210	-0.235005	0.002898
5.479914	-0.204294	-0.212402	0.004054
5.470605	-0.200001	-0.217581	0.008790
5.461329	-0.197024	-0.178707	-0.009159
5.452085	-0.167171	-0.168405	0.000617
5.442874	-0.161130	-0.174384	0.006627
5.433694	-0.148596	-0.139146	-0.004725
5.424546	-0.131203	-0.144144	0.006471
5.415430	-0.120498	-0.135016	0.007259
5.406345	-0.122546	-0.101496	-0.010525
5.397292	-0.098149	-0.103437	0.002644
5.388270	-0.096339	-0.092830	-0.001755
5.379279	-0.081302	-0.082079	0.000388
5.370319	-0.078115	-0.094632	0.008258
5.361389	-0.065298	-0.074327	0.004515
5.352490	-0.056554	-0.060884	0.002165
5.343621	-0.045963	-0.058167	0.006102
5.334783	-0.039757	-0.046760	0.003501
5.325975	-0.043880	-0.035528	-0.004176
5.317196	-0.033984	-0.026042	-0.003971
5.308448	-0.021840	-0.027608	0.002884
5.299729	-0.015031	-0.014087	-0.000472
5.291039	-0.011213	-0.012669	0.000728
5.282379	0.009389	0.002040	0.003674
5.273748	0.011701	0.005374	0.003163
5.265146	0.025189	0.019931	0.002629
5.256573	0.015927	0.025655	-0.004864
5.248029	0.030720	0.024568	0.003076
5.239513	0.041592	0.033473	0.004060
5.231026	0.052905	0.042374	0.005265
5.222567	0.045914	0.047363	-0.000725
5.214136	0.057449	0.051422	0.003013
5.205733	0.053315	0.053634	-0.000159
5.197358	0.067840	0.055481	0.006180
5.189011	0.069792	0.054609	0.007592
5.180691	0.069122	0.061811	0.003655
5.172399	0.069428	0.065386	0.002021
5.164135	0.074194	0.067446	0.003374
5.155897	0.074208	0.067317	0.003445
5.147687	0.079179	0.072043	0.003568
5.139503	0.082537	0.072698	0.004920
5.131346	0.084626	0.084412	0.000107
5.123216	0.093299	0.084792	0.004253
5.115113	0.092394	0.085167	0.003613
5.107036	0.099558	0.094119	0.002720
5.098985	0.100927	0.096235	0.002346
5.090960	0.106285	0.094257	0.006014
5.082962	0.106845	0.097813	0.004516
5.074989	0.108964	0.105892	0.001536
5.067042	0.116056	0.105861	0.005097
5.059121	0.113679	0.108057	0.002811
5.051225	0.118793	0.111179	0.003807
5.043355	0.121674	0.114694	0.003490
5.035510	0.125198	0.113312	0.005943
5.027690	0.123500	0.113456	0.005022
5.019895	0.126541	0.114026	0.006257
5.012126	0.124318	0.111963	0.006178
5.004381	0.119836	0.117532	0.001152
4.996660	0.126388	0.113337	0.006525
4.988964	0.123882	0.108939	0.007471
4.981293	0.120780	0.114323	0.003228
4.973646	0.121635	0.112376	0.004629
4.966023	0.123690	0.112362	0.005664
4.958425	0.120883	0.110140	0.005372
4.950850	0.123324	0.111557	0.005883
4.943299	0.122647	0.113447	0.004600
4.935772	0.121211	0.111751	0.004730
4.928269	0.122377	0.114329	0.004024
4.920789	0.122567	0.112900	0.004834
4.913333	0.123399	0.114988	0.004205
4.905900	0.125948	0.117970	0.003989
4.898490	0.125122	0.118721	0.003201
4.891103	0.127708	0.117235	0.005236
4.883739	0.130066	0.120236	0.004915
4.876399	0.129138	0.121291	0.003924
4.869081	0.128970	0.122045	0.003462
4.861785	0.132113	0.120169	0.005972
4.854512	0.131777	0.124172	0.003803
4.847262	0.132954	0.124411	0.004272
4.840034	0.129884	0.121863	0.004011
4.832829	0.129042	0.123012	0.003015
4.825645	0.130188	0.118532	0.005828
4.818484	0.128709	0.118591	0.005059
4.811344	0.124981	0.116143	0.004419
4.804227	0.122962	0.112843	0.005059
4.797131	0.118584	0.110293	0.004145
4.790057	0.115449	0.109100	0.003175
4.783004	0.114324	0.104933	0.004696
4.775973	0.109767	0.103310	0.003228
4.768963	0.106858	0.102050	0.002404
4.761974	0.108370	0.099411	0.004479
4.755007	0.105488	0.095241	0.005123
4.748061	0.104474	0.093619	0.005427
4.741136	0.102019	0.093271	0.004374
4.734231	0.101526	0.093133	0.004196
4.727348	0.101155	0.092115	0.004520
4.720485	0.099754	0.090494	0.004630
4.713642	0.099593	0.091190	0.004202
4.706821	0.099041	0.090643	0.004199
4.700019	0.099693	0.091795	0.003949
4.693238	0.097051	0.091151	0.002950
4.686478	0.099278	0.090898	0.004190
4.679737	0.098925	0.089323	0.004801
4.673016	0.098378	0.089623	0.004377
4.666316	0.099132	0.092677	0.003228
4.659635	0.098837	0.091668	0.003584
4.652974	0.098003	0.092730	0.002636
4.646333	0.098713	0.091496	0.003608
4.639711	0.097440	0.090351	0.003545
4.633109	0.098149	0.091582	0.003283
4.626527	0.095295	0.087423	0.003936
4.619963	0.094905	0.087601	0.003652
4.613420	0.093107	0.084778	0.004165
4.606895	0.091589	0.083231	0.004179
4.600389	0.087562	0.080984	0.003289
4.593902	0.087193	0.079640	0.003777
4.587435	0.084208	0.076840	0.003684
4.580986	0.084715	0.073806	0.005454
4.574556	0.080446	0.073260	0.003593
4.568145	0.076446	0.071599	0.002424
4.561752	0.076765	0.067984	0.004390
4.555378	0.074696	0.066866	0.003915
4.549022	0.072436	0.064679	0.003879
4.542685	0.071509	0.063241	0.004134
4.536365	0.068282	0.061834	0.003224
4.530065	0.066691	0.060282	0.003205
4.523782	0.065663	0.058627	0.003518
4.517517	0.065301	0.057614	0.003843
4.511271	0.063509	0.056071	0.003719
4.505042	0.062183	0.054296	0.003943
4.498831	0.060792	0.054008	0.003392
4.492638	0.060481	0.053512	0.003484
4.486462	0.060957	0.053182	0.003887
4.480304	0.060114	0.051206	0.004454
4.474164	0.059114	0.052540	0.003287
4.468041	0.058806	0.050604	0.004101
4.461935	0.058680	0.050858	0.003911
4.455847	0.057005	0.050929	0.003038
4.449776	0.057647	0.050222	0.003713
4.443722	0.057411	0.049956	0.003727
4.437686	0.056657	0.048823	0.003917
4.431666	0.056814	0.048109	0.004353
4.425663	0.056387	0.048407	0.003990
4.419677	0.054651	0.048601	0.003025
4.413708	0.054090	0.046807	0.003641
4.407755	0.052927	0.045725	0.003601
4.401820	0.052599	0.046472	0.003064
4.395901	0.052961	0.045526	0.003717
4.389998	0.051442	0.043841	0.003801
4.384112	0.049566	0.042644	0.003461
4.378242	0.049051	0.041741	0.003655
4.372389	0.046472	0.040305	0.003083
4.366551	0.044049	0.036766	0.003641
4.360730	0.042461	0.035826	0.003318
4.354925	0.040535	0.033605	0.003465
4.349136	0.037787	0.031902	0.002943
4.343364	0.035434	0.028936	0.003249
4.337607	0.033019	0.025889	0.003565
4.331865	0.030690	0.024269	0.003210
4.326140	0.028849	0.023527	0.002661
4.320430	0.028396	0.021835	0.003280
4.314736	0.026306	0.020432	0.002937
4.309058	0.025653	0.019484	0.003084
4.303395	0.025064	0.018415	0.003325
4.297748	0.023961	0.018222	0.002869
4.292116	0.023997	0.018037	0.002980
4.286499	0.024337	0.017516	0.003411
4.280898	0.022794	0.017777	0.002508
4.275312	0.023370	0.017541	0.002914
4.269741	0.022861	0.016813	0.003024
4.264185	0.022942	0.016912	0.003015
4.258644	0.022927	0.016987	0.002970
4.253118	0.023132	0.016406	0.003363
4.247607	0.023525	0.017261	0.003132
4.242111	0.023405	0.017455	0.002975
4.236629	0.024157	0.018348	0.002904
4.231163	0.023415	0.018157	0.002629
4.225711	0.024919	0.018943	0.002988
4.220274	0.025563	0.019160	0.003201
4.214851	0.025321	0.020159	0.002581
4.209442	0.026106	0.020916	0.002595
4.204049	0.025992	0.020267	0.002863
4.198669	0.025926	0.020365	0.002781
4.193304	0.026417	0.020820	0.002799
4.187953	0.026993	0.021116	0.002939
4.182616	0.027125	0.021291	0.002917
4.177294	0.026288	0.020893	0.002698
4.171985	0.026439	0.021342	0.002549
4.166691	0.026357	0.021144	0.002607
4.161411	0.026103	0.020923	0.002590
4.156144	0.025901	0.020785	0.002558
4.150892	0.024785	0.019181	0.002802
4.145653	0.023482	0.018541	0.002470
4.140428	0.022719	0.017702	0.002509
4.135217	0.021856	0.017070	0.002393
4.130019	0.020386	0.015846	0.002270
4.124835	0.019720	0.014816	0.002452
4.119665	0.018176	0.013222	0.002477
4.114508	0.015851	0.012091	0.001880
4.109364	0.014653	0.010424	0.002114
4.104234	0.012878	0.008975	0.001952
4.099117	0.011302	0.007273	0.002014
4.094014	0.009155	0.005264	0.001945
4.088924	0.008075	0.003724	0.002175
4.083846	0.006317	0.002596	0.001861
4.078783	0.004808	0.001356	0.001726
4.073732	0.003468	0.000237	0.001616
4.068694	0.001834	-0.001581	0.001707
4.063669	0.000658	-0.002671	0.001665
4.058657	0.000037	-0.003641	0.001839
4.053658	-0.000148	-0.004201	0.002027
4.048672	-0.001517	-0.004702	0.001592
4.043699	-0.002242	-0.004862	0.001310
4.038738	-0.001967	-0.004760	0.001396
4.033790	-0.001658	-0.004215	0.001279
4.028855	-0.002338	-0.005358	0.001510
4.023933	-0.002366	-0.004601	0.001118
4.019022	-0.002245	-0.005011	0.001383
4.014125	-0.002273	-0.004171	0.000949
4.009240	-0.001288	-0.004427	0.001570
4.004367	-0.000696	-0.003313	0.001309
3.999506	-0.001059	-0.003607	0.001274
3.994658	-0.000855	-0.003146	0.001145
3.989823	-0.000400	-0.002323	0.000961
3.984999	-0.000642	-0.002377	0.000867
3.980187	-0.000584	-0.001716	0.000566
3.975388	0.000233	-0.001372	0.000802
3.970601	0.000604	-0.000714	0.000659
3.965826	0.001664	-0.000013	0.000839
3.961063	0.002126	0.000034	0.001046
3.956311	0.002460	0.001187	0.000637
3.951572	0.002876	0.002757	0.000060
3.946844	0.004383	0.003115	0.000634
3.942129	0.004540	0.003992	0.000274
3.937425	0.005452	0.004808	0.000322
3.932733	0.006132	0.005362	0.000385
3.928052	0.006421	0.006118	0.000151
3.923383	0.006572	0.006425	0.000074
3.918726	0.006846	0.006592	0.000127
3.914080	0.007237	0.006677	0.000280
3.909446	0.007199	0.006503	0.000348
3.904823	0.006378	0.006553	-0.000087
3.900212	0.006919	0.006755	0.000082
3.895612	0.006082	0.006012	0.000035
3.891023	0.005732	0.005822	-0.000045
3.886446	0.005071	0.005131	-0.000030
3.881880	0.004991	0.005173	-0.000091
3.877325	0.003784	0.004145	-0.000180
3.872781	0.003041	0.002923	0.000059
3.868249	0.001958	0.002668	-0.000355
3.863727	0.000515	0.001770	-0.000628
3.859217	0.000142	0.001034	-0.000446
3.854718	-0.000670	-0.000351	-0.000160
3.850229	-0.002004	-0.000606	-0.000699
3.845752	-0.002913	-0.001369	-0.000772
3.841285	-0.003814	-0.002789	-0.000513
3.836829	-0.004814	-0.003123	-0.000845
3.832384	-0.005442	-0.004237	-0.000602
3.827950	-0.006684	-0.005520	-0.000582
3.823527	-0.008385	-0.006416	-0.000985
3.819114	-0.008888	-0.007627	-0.000631
3.814712	-0.009596	-0.008023	-0.000786
3.810321	-0.010487	-0.008504	-0.000992
3.805940	-0.011815	-0.009333	-0.001241
3.801570	-0.012171	-0.010123	-0.001024
3.797210	-0.013010	-0.011013	-0.000998
3.792860	-0.013403	-0.011227	-0.001088
3.788522	-0.013719	-0.011752	-0.000983
3.784193	-0.014647	-0.011960	-0.001344
3.779875	-0.014272	-0.012007	-0.001132
3.775567	-0.014915	-0.012303	-0.001306
3.771269	-0.015146	-0.012605	-0.001270
3.766982	-0.015152	-0.012784	-0.001184
3.762705	-0.015026	-0.012571	-0.001228
3.758438	-0.014762	-0.012296	-0.001233
3.754181	-0.014541	-0.011477	-0.001532
3.749935	-0.014096	-0.011269	-0.001414
3.745698	-0.013925	-0.011221	-0.001352
3.741472	-0.013340	-0.010397	-0.001472
3.737255	-0.012670	-0.009569	-0.001551
3.733048	-0.012102	-0.009960	-0.001071
3.728852	-0.011658	-0.008992	-0.001333
3.724665	-0.011084	-0.008056	-0.001514
3.720488	-0.010461	-0.008020	-0.001220
3.716321	-0.010232	-0.006794	-0.001719
3.712163	-0.008840	-0.006126	-0.001357
3.708016	-0.008959	-0.005074	-0.001943
3.703878	-0.008262	-0.005064	-0.001599
3.699750	-0.007901	-0.004967	-0.001467
3.695631	-0.007136	-0.004023	-0.001557
3.691522	-0.006390	-0.003151	-0.001619
3.687423	-0.005394	-0.001994	-0.001700
3.683333	-0.004790	-0.001031	-0.001880
3.679253	-0.004329	-0.001216	-0.001557
3.675182	-0.004299	-0.000888	-0.001705
3.671120	-0.003269	0.000452	-0.001860
3.667069	-0.002391	0.000719	-0.001555
3.663026	-0.001932	0.001256	-0.001594
3.658993	-0.002041	0.002086	-0.002064
3.654969	-0.001308	0.002512	-0.001910
3.650954	-0.000754	0.002699	-0.001727
3.646949	-0.000588	0.003221	-0.001905
3.642953	-0.001155	0.002586	-0.001871
3.638966	-0.001206	0.002277	-0.001742
3.634988	-0.002131	0.002430	-0.002280
3.631020	-0.001475	0.002311	-0.001893
3.627060	-0.001971	0.002490	-0.002230
3.623110	-0.002196	0.002249	-0.002222
3.619168	-0.002059	0.002507	-0.002283
3.615236	-0.001715	0.002602	-0.002159
3.611312	-0.001574	0.002428	-0.002001
3.607398	-0.002063	0.002527	-0.002295
3.603492	-0.002510	0.001798	-0.002154
3.599596	-0.003301	0.001585	-0.002443
3.595708	-0.003991	0.000714	-0.002353
3.591829	-0.003896	0.000901	-0.002399
3.587959	-0.004854	-0.000048	-0.002403
3.584097	-0.005563	-0.001064	-0.002250
3.580244	-0.006410	-0.001962	-0.002224
3.576400	-0.007105	-0.001607	-0.002749
3.572565	-0.007900	-0.002681	-0.002610
3.568738	-0.008673	-0.003286	-0.002693
3.564920	-0.008897	-0.004129	-0.002384
3.561111	-0.009456	-0.004717	-0.002369
3.557310	-0.010150	-0.005070	-0.002540
3.553517	-0.010940	-0.005896	-0.002522
3.549734	-0.012217	-0.006249	-0.002984
3.545958	-0.012580	-0.007390	-0.002595
3.542191	-0.013155	-0.007797	-0.002679
3.538433	-0.013776	-0.008581	-0.002597
3.534683	-0.014175	-0.008894	-0.002640
3.530941	-0.014568	-0.009755	-0.002406
3.527207	-0.015116	-0.009750	-0.002683
3.523482	-0.016085	-0.010123	-0.002981
3.519765	-0.016637	-0.010816	-0.002910
3.516057	-0.017261	-0.011272	-0.002995
3.512356	-0.017430	-0.011860	-0.002785
3.508664	-0.017434	-0.012359	-0.002538
3.504980	-0.018097	-0.011712	-0.003192
3.501304	-0.018705	-0.012553	-0.003076
3.497636	-0.018548	-0.012327	-0.003111
3.493977	-0.018097	-0.012406	-0.002846
3.490325	-0.018937	-0.012731	-0.003103
3.486682	-0.018514	-0.012698	-0.002908
3.483046	-0.018389	-0.012452	-0.002968
3.479419	-0.018630	-0.011704	-0.003463
3.475799	-0.017577	-0.011295	-0.003141
3.472187	-0.017521	-0.011092	-0.003215
3.468583	-0.016964	-0.010088	-0.003438
3.464988	-0.016838	-0.010082	-0.003378
3.461400	-0.015949	-0.008827	-0.003561
3.457819	-0.015490	-0.008451	-0.003519
3.454247	-0.014832	-0.007726	-0.003553
3.450682	-0.013959	-0.006928	-0.003516
3.447125	-0.013402	-0.006006	-0.003698
3.443576	-0.013123	-0.006108	-0.003507
3.440035	-0.012141	-0.004758	-0.003692
3.436501	-0.011450	-0.004448	-0.003501
3.432975	-0.011071	-0.003707	-0.003682
3.429457	-0.010803	-0.003294	-0.003754
3.425946	-0.010086	-0.002885	-0.003600
3.422442	-0.009621	-0.002096	-0.003762
3.418947	-0.009465	-0.002073	-0.003696
3.415459	-0.009435	-0.001440	-0.003997
3.411978	-0.008759	-0.000184	-0.004287
3.408505	-0.007820	0.000296	-0.004058
3.405039	-0.006905	0.001020	-0.003963
3.401581	-0.006400	0.001489	-0.003945
3.398130	-0.005723	0.002450	-0.004086
3.394686	-0.005156	0.003530	-0.004343
3.391250	-0.004197	0.004240	-0.004218
3.387821	-0.003734	0.004833	-0.004283
3.384400	-0.002778	0.005794	-0.004286
3.380986	-0.002191	0.006567	-0.004379
3.377579	-0.001789	0.007237	-0.004513
3.374179	-0.001592	0.007608	-0.004600
3.370787	-0.000874	0.007975	-0.004424
3.367401	-0.000708	0.007936	-0.004322
3.364023	-0.000299	0.008731	-0.004515
3.360652	-0.000354	0.008829	-0.004591
3.357289	-0.000738	0.008541	-0.004639
3.353932	-0.000631	0.008749	-0.004690
3.350582	-0.000563	0.008630	-0.004597
3.347240	-0.000712	0.008351	-0.004531
3.343904	-0.001444	0.008312	-0.004878
3.340576	-0.001356	0.008056	-0.004706
3.337255	-0.002088	0.007989	-0.005038
3.333940	-0.002160	0.008105	-0.005133
3.330633	-0.002535	0.007370	-0.004952
3.327332	-0.003133	0.006391	-0.004762
3.324038	-0.003802	0.006614	-0.005208
3.320752	-0.003452	0.006704	-0.005078
3.317472	-0.003973	0.006527	-0.005250
3.314199	-0.004074	0.006335	-0.005205
3.310933	-0.004916	0.006273	-0.005594
3.307673	-0.005010	0.006329	-0.005669
3.304421	-0.004851	0.006270	-0.005560
3.301175	-0.004813	0.006314	-0.005564
3.297936	-0.005407	0.005989	-0.005698
3.294703	-0.005333	0.005831	-0.005582
3.291478	-0.005493	0.005411	-0.005452
3.288259	-0.006725	0.004910	-0.005818
3.285046	-0.006482	0.004621	-0.005552
3.281841	-0.007749	0.003989	-0.005869
3.278642	-0.008304	0.003278	-0.005791
3.275449	-0.008622	0.002848	-0.005735
3.272263	-0.009591	0.002149	-0.005870
3.269084	-0.010346	0.001090	-0.005718
3.265911	-0.011336	0.000909	-0.006122
3.262745	-0.012077	0.000180	-0.006129
3.259585	-0.013094	-0.000444	-0.006325
3.256432	-0.013240	-0.001322	-0.005959
3.253285	-0.013575	-0.001591	-0.005992
3.250145	-0.015093	-0.002211	-0.006441
3.247011	-0.014801	-0.001689	-0.006556
3.243883	-0.015000	-0.002664	-0.006168
3.240762	-0.014625	-0.002386	-0.006120
3.237647	-0.015206	-0.002432	-0.006387
3.234539	-0.015507	-0.002643	-0.006432
3.231437	-0.015656	-0.002432	-0.006612
3.228341	-0.015959	-0.003001	-0.006479
3.225251	-0.015801	-0.002848	-0.006477
3.222168	-0.015880	-0.003325	-0.006277
3.219091	-0.016092	-0.003135	-0.006479
3.216020	-0.016321	-0.003289	-0.006516
3.212956	-0.016473	-0.003540	-0.006466
3.209897	-0.016413	-0.003398	-0.006508
3.206845	-0.016566	-0.003305	-0.006630
3.203799	-0.017035	-0.003031	-0.007002
3.200759	-0.016969	-0.003040	-0.006964
3.197725	-0.017158	-0.003364	-0.006897
3.194697	-0.016609	-0.003071	-0.006769
3.191676	-0.016903	-0.002354	-0.007275
3.188660	-0.016449	-0.002646	-0.006901
3.185651	-0.016598	-0.003388	-0.006605
3.182647	-0.017064	-0.002651	-0.007207
3.179650	-0.016790	-0.002989	-0.006900
3.176658	-0.016469	-0.002149	-0.007160
3.173673	-0.016320	-0.002083	-0.007119
3.170693	-0.015639	-0.001306	-0.007167
3.167720	-0.015291	-0.001487	-0.006902
3.164752	-0.014725	0.000193	-0.007459
3.161790	-0.014068	0.000788	-0.007428
3.158834	-0.013519	0.001783	-0.007651
3.155884	-0.012746	0.002249	-0.007498
3.152940	-0.012061	0.002708	-0.007384
3.150001	-0.011643	0.003036	-0.007340
3.147069	-0.011299	0.003011	-0.007155
3.144142	-0.011244	0.004158	-0.007701
3.141221	-0.010705	0.004187	-0.007446
3.138306	-0.010090	0.005179	-0.007635
3.135396	-0.010514	0.005055	-0.007784
3.132493	-0.009596	0.005463	-0.007529
3.129595	-0.009368	0.005630	-0.007499
3.126702	-0.008750	0.006658	-0.007704
3.123816	-0.008502	0.006715	-0.007608
3.120935	-0.007458	0.007449	-0.007454
3.118059	-0.007159	0.008626	-0.007893
3.115190	-0.005820	0.009691	-0.007756
3.112326	-0.004990	0.010660	-0.007825
3.109467	-0.004218	0.011296	-0.007757
3.106614	-0.004447	0.011139	-0.007793
3.103767	-0.003743	0.012379	-0.008061
3.100925	-0.003243	0.012511	-0.007877
3.098089	-0.002467	0.013280	-0.007874
3.095258	-0.002067	0.013584	-0.007825
3.092433	-0.001307	0.014513	-0.007910
3.089613	-0.000566	0.014561	-0.007563
3.086799	-0.000840	0.015062	-0.007951
3.083990	-0.000379	0.015813	-0.008096
3.081187	0.000034	0.016087	-0.008026
3.078389	0.000561	0.016262	-0.007851
3.075596	0.000881	0.016499	-0.007809
3.072809	0.001402	0.017241	-0.007920
3.070027	0.000963	0.017566	-0.008302
3.067251	0.001497	0.017869	-0.008186
3.064480	0.001593	0.018198	-0.008302
3.061714	0.001899	0.018156	-0.008129
3.058954	0.002610	0.018505	-0.007948
3.056199	0.002290	0.018872	-0.008291
3.053449	0.002366	0.018669	-0.008152
3.050704	0.002359	0.018507	-0.008074
3.047965	0.001962	0.018230	-0.008134
3.045231	0.001803	0.018308	-0.008253
3.042502	0.001646	0.018566	-0.008460
3.039779	0.001738	0.018357	-0.008310
3.037060	0.001898	0.018340	-0.008221
3.034347	0.001836	0.018336	-0.008250
3.031639	0.001453	0.018668	-0.008607
3.028936	0.002021	0.017915	-0.007947
3.026238	0.001755	0.017866	-0.008056
3.023545	0.001878	0.017590	-0.007856
3.020858	0.001130	0.017769	-0.008320
3.018175	0.000759	0.016999	-0.008120
3.015498	0.000387	0.017027	-0.008320
3.012826	0.000338	0.016411	-0.008036
3.010158	-0.000328	0.016536	-0.008432
3.007496	-0.000468	0.015986	-0.008227
3.004839	-0.001098	0.015713	-0.008405
3.002187	-0.001103	0.015173	-0.008138
2.999540	-0.001726	0.015089	-0.008408
2.996897	-0.002136	0.014702	-0.008419
2.994260	-0.002338	0.014441	-0.008389
2.991628	-0.003283	0.013679	-0.008481
2.989000	-0.003241	0.013479	-0.008360
2.986378	-0.004157	0.012947	-0.008552
2.983760	-0.003725	0.012751	-0.008238
2.981148	-0.004906	0.011834	-0.008370
2.978540	-0.005385	0.011526	-0.008455
2.975937	-0.005329	0.011569	-0.008449
2.973339	-0.005797	0.011117	-0.008457
2.970746	-0.006496	0.010563	-0.008530
2.968158	-0.006444	0.010603	-0.008524
2.965574	-0.007165	0.009938	-0.008552
2.962995	-0.007123	0.010108	-0.008615
2.960421	-0.007298	0.009267	-0.008282
2.957852	-0.007406	0.009183	-0.008294
2.955288	-0.007598	0.009601	-0.008599
2.952728	-0.008355	0.009003	-0.008679
2.950173	-0.007340	0.009290	-0.008315
2.947623	-0.007665	0.009133	-0.008399
2.945078	-0.007940	0.009144	-0.008542
2.942537	-0.007653	0.009341	-0.008497
2.940001	-0.008003	0.009463	-0.008733
2.937469	-0.008408	0.009213	-0.008810
2.934943	-0.008561	0.008732	-0.008647
2.932421	-0.008725	0.008822	-0.008773
2.929903	-0.009157	0.008180	-0.008669
2.927390	-0.009234	0.007763	-0.008499
2.924882	-0.009851	0.007515	-0.008683
2.922378	-0.010007	0.007063	-0.008535
2.919879	-0.010031	0.006974	-0.008502
2.917385	-0.010606	0.006874	-0.008740
2.914895	-0.010808	0.007005	-0.008906
2.912410	-0.010903	0.005992	-0.008448
2.909929	-0.010952	0.006326	-0.008639
2.907453	-0.011612	0.006080	-0.008846
2.904981	-0.011431	0.006154	-0.008792
2.902513	-0.011270	0.006071	-0.008671
2.900051	-0.010776	0.005867	-0.008321
2.897592	-0.010822	0.005815	-0.008318
2.895138	-0.011070	0.006201	-0.008635
2.892689	-0.010733	0.006427	-0.008580
2.890244	-0.010891	0.006537	-0.008714
2.887803	-0.010308	0.007487	-0.008898
2.885367	-0.009871	0.007572	-0.008721
2.882936	-0.008811	0.008265	-0.008538
2.880508	-0.009470	0.008541	-0.009005
2.878085	-0.009157	0.008496	-0.008827
2.875667	-0.009135	0.008131	-0.008633
2.873252	-0.009073	0.008239	-0.008656
2.870842	-0.009151	0.008489	-0.008820
2.868437	-0.008521	0.008669	-0.008595
2.866036	-0.008113	0.009169	-0.008641
2.863639	-0.007613	0.009987	-0.008800
2.861246	-0.007153	0.010184	-0.008669
2.858858	-0.006322	0.010926	-0.008624
2.856474	-0.006026	0.011630	-0.008828
2.854094	-0.005256	0.012046	-0.008651
2.851718	-0.004637	0.012824	-0.008730
2.849347	-0.004123	0.013593	-0.008858
2.846980	-0.003178	0.014193	-0.008685
2.844617	-0.002671	0.014589	-0.008630
2.842258	-0.002039	0.015358	-0.008698
2.839904	-0.001276	0.015962	-0.008619
2.837553	-0.000705	0.016989	-0.008847
2.835207	0.000234	0.017785	-0.008776
2.832865	0.000868	0.018425	-0.008779
2.830528	0.001461	0.018924	-0.008732
2.828194	0.002124	0.019695	-0.008785
2.825864	0.002698	0.020035	-0.008669
2.823539	0.003179	0.020660	-0.008741
2.821218	0.003933	0.021220	-0.008644
2.818901	0.004482	0.021974	-0.008746
2.816587	0.004786	0.022449	-0.008832
2.814278	0.005404	0.022866	-0.008731
2.811973	0.005975	0.023323	-0.008674
2.809673	0.006389	0.023582	-0.008597
2.807376	0.006799	0.024118	-0.008659
2.805083	0.007009	0.024340	-0.008665
2.802794	0.007381	0.024593	-0.008606
2.800509	0.007268	0.024805	-0.008768
2.798228	0.007802	0.025133	-0.008665
2.795952	0.008099	0.025613	-0.008757
2.793679	0.008224	0.025451	-0.008613
2.791410	0.008382	0.025717	-0.008667
2.789145	0.008441	0.025834	-0.008696
2.786884	0.008606	0.026092	-0.008743
2.784627	0.008824	0.026018	-0.008597
2.782374	0.008806	0.026052	-0.008623
2.780125	0.008952	0.026342	-0.008695
2.777880	0.008760	0.026239	-0.008739
2.775638	0.008940	0.026452	-0.008756
2.773401	0.009442	0.026790	-0.008674
2.771167	0.009560	0.026939	-0.008689
2.768938	0.009905	0.027394	-0.008744
2.766712	0.010487	0.027653	-0.008583
2.764490	0.010857	0.028069	-0.008606
2.762272	0.011255	0.028622	-0.008684
2.760058	0.011803	0.029103	-0.008650
2.757847	0.012284	0.029621	-0.008669
2.755640	0.013026	0.030088	-0.008531
2.753437	0.013433	0.030692	-0.008630
2.751238	0.013929	0.031289	-0.008680
2.749043	0.014235	0.031554	-0.008660
2.746852	0.014339	0.031664	-0.008662
2.744664	0.014777	0.031926	-0.008574
2.742480	0.015103	0.032197	-0.008547
2.740300	0.015305	0.032327	-0.008511
2.738123	0.015362	0.032557	-0.008597
2.735950	0.015511	0.032666	-0.008577
2.733781	0.015520	0.032488	-0.008484
2.731616	0.015517	0.032539	-0.008511
2.729454	0.015499	0.032496	-0.008499
2.727296	0.015730	0.032670	-0.008470
2.725142	0.015630	0.032501	-0.008436
2.722991	0.015462	0.032436	-0.008487
2.720844	0.015508	0.032330	-0.008411
2.718701	0.015346	0.032068	-0.008361
2.716561	0.015212	0.032018	-0.008403
2.714425	0.015161	0.031757	-0.008298
2.712293	0.015008	0.031686	-0.008339
2.710164	0.015008	0.031721	-0.008356
2.708039	0.014950	0.031667	-0.008358
2.705917	0.014928	0.031478	-0.008275
2.703799	0.014771	0.031196	-0.008213
2.701685	0.014609	0.031194	-0.008292
2.699574	0.014311	0.030695	-0.008192
2.697466	0.014130	0.030572	-0.008221
2.695363	0.014037	0.030400	-0.008182
2.693262	0.013789	0.030005	-0.008108
2.691166	0.013507	0.029891	-0.008192
2.689072	0.013511	0.029785	-0.008137
2.686983	0.013499	0.029725	-0.008113
2.684897	0.013306	0.029382	-0.008038
2.682814	0.012847	0.029100	-0.008127
2.680735	0.012635	0.028661	-0.008013
2.678659	0.012591	0.028500	-0.007954
2.676587	0.012261	0.028169	-0.007954
2.674518	0.012272	0.027981	-0.007854
2.672453	0.011974	0.027900	-0.007963
2.670391	0.011707	0.027516	-0.007905
2.668333	0.011469	0.027257	-0.007894
2.666278	0.011379	0.026999	-0.007810
2.664226	0.011341	0.026857	-0.007758
2.662178	0.011195	0.026625	-0.007715
2.660133	0.010854	0.026392	-0.007769
2.658092	0.010666	0.025968	-0.007651
2.656054	0.010289	0.025716	-0.007713
2.654019	0.010053	0.025452	-0.007699
2.651988	0.009949	0.025305	-0.007678
2.649960	0.009582	0.024867	-0.007642
2.647936	0.009186	0.024566	-0.007690
2.645915	0.009103	0.024198	-0.007548
2.643897	0.008646	0.023821	-0.007587
2.641882	0.008468	0.023588	-0.007560
2.639871	0.008151	0.023314	-0.007581
2.637863	0.008292	0.023109	-0.007409
2.635859	0.007969	0.022972	-0.007501
2.633857	0.007996	0.022914	-0.007459
2.631859	0.007818	0.022525	-0.007353
2.629865	0.007619	0.022330	-0.007356
2.627873	0.007439	0.022133	-0.007347
2.625885	0.007447	0.022048	-0.007300
2.623900	0.007169	0.021687	-0.007259
2.621919	0.006959	0.021410	-0.007226
2.619940	0.006774	0.021254	-0.007240
2.617965	0.006740	0.021113	-0.007187
2.615993	0.006668	0.020944	-0.007138
2.614025	0.006574	0.020847	-0.007137
2.612059	0.006401	0.020584	-0.007092
2.610097	0.006463	0.020448	-0.006993
2.608138	0.006443	0.020496	-0.007027
2.606182	0.006277	0.020222	-0.006973
2.604229	0.006286	0.020242	-0.006978
2.602280	0.006324	0.020119	-0.006898
2.600333	0.006193	0.020017	-0.006912
2.598390	0.006305	0.020040	-0.006867
2.596450	0.006235	0.019798	-0.006781
2.594513	0.006228	0.019680	-0.006726
2.592579	0.006225	0.019856	-0.006816
2.590648	0.006278	0.019744	-0.006733
2.588721	0.006335	0.019697	-0.006681
2.586796	0.006340	0.019581	-0.006620
2.584875	0.006334	0.019544	-0.006605
2.582957	0.006561	0.019630	-0.006535
2.581042	0.006668	0.019736	-0.006534
2.579130	0.006898	0.019878	-0.006490
2.577221	0.007076	0.019959	-0.006442
2.575315	0.007071	0.019841	-0.006385
2.573412	0.007005	0.019835	-0.006415
2.571512	0.007155	0.019733	-0.006289
2.569615	0.007235	0.019816	-0.006291
2.567722	0.007461	0.019973	-0.006256
2.565831	0.007465	0.019888	-0.006212
2.563943	0.007635	0.019978	-0.006172
2.562058	0.007877	0.020071	-0.006097
2.560177	0.008037	0.020233	-0.006098
2.558298	0.008374	0.020466	-0.006046
2.556423	0.008777	0.020683	-0.005953
2.554550	0.008892	0.020779	-0.005944
2.552680	0.009206	0.020982	-0.005888
2.550813	0.009382	0.021092	-0.005855
2.548950	0.009633	0.021258	-0.005812
2.547089	0.009967	0.021347	-0.005690
2.545231	0.010217	0.021510	-0.005646
2.543376	0.010545	0.021802	-0.005628
2.541524	0.010816	0.022012	-0.005598
2.539675	0.011091	0.022186	-0.005547
2.537829	0.011389	0.022324	-0.005468
2.535986	0.011703	0.022606	-0.005452
2.534146	0.012137	0.022963	-0.005413
2.532308	0.012486	0.023153	-0.005333
2.530474	0.012645	0.023197	-0.005276
2.528642	0.012939	0.023519	-0.005290
2.526814	0.013245	0.023736	-0.005246
2.524988	0.013659	0.023912	-0.005126
2.523165	0.014075	0.024322	-0.005124
2.521345	0.014521	0.024696	-0.005088
2.519528	0.014942	0.025090	-0.005074
2.517714	0.015456	0.025307	-0.004926
2.515902	0.015660	0.025633	-0.004987
2.514093	0.016116	0.025802	-0.004843
2.512288	0.016430	0.026059	-0.004814
2.510485	0.016681	0.026316	-0.004817
2.508684	0.017079	0.026545	-0.004733
2.506887	0.017361	0.026866	-0.004752
2.505092	0.017667	0.027017	-0.004675
2.503301	0.018077	0.027385	-0.004654
2.501512	0.018328	0.027518	-0.004595
2.499726	0.018715	0.027805	-0.004545
2.497942	0.019238	0.028248	-0.004505
2.496162	0.019622	0.028513	-0.004445
2.494384	0.020011	0.028688	-0.004338
2.492609	0.020435	0.029112	-0.004338
2.490836	0.020919	0.029521	-0.004301
2.489067	0.021391	0.029871	-0.004240
2.487300	0.021790	0.030309	-0.004259
2.485536	0.022171	0.030461	-0.004145
2.483774	0.022635	0.030947	-0.004156
2.482016	0.023084	0.031302	-0.004109
2.480260	0.023479	0.031509	-0.004015
2.478507	0.023750	0.031689	-0.003969
2.476756	0.024076	0.031972	-0.003948
2.475008	0.024305	0.032105	-0.003900
2.473263	0.024585	0.032316	-0.003865
2.471521	0.025058	0.032719	-0.003831
2.469781	0.025366	0.032940	-0.003787
2.468044	0.025931	0.033265	-0.003667
2.466309	0.026363	0.033699	-0.003668
2.464578	0.026664	0.034054	-0.003695
2.462848	0.027056	0.034204	-0.003574
2.461122	0.027239	0.034260	-0.003510
2.459398	0.027438	0.034463	-0.003512
2.457677	0.027635	0.034540	-0.003453
2.455958	0.028047	0.034951	-0.003452
2.454243	0.028378	0.035351	-0.003487
2.452529	0.028891	0.035678	-0.003394
2.450819	0.029317	0.036009	-0.003346
2.449111	0.029637	0.036206	-0.003285
2.447405	0.029813	0.036335	-0.003261
2.445702	0.029948	0.036420	-0.003236
2.444002	0.030122	0.036347	-0.003112
2.442304	0.030399	0.036606	-0.003103
2.440609	0.030769	0.036909	-0.003070
2.438917	0.030905	0.037104	-0.003100
2.437227	0.031325	0.037320	-0.002998
2.435539	0.031479	0.037440	-0.002981
2.433854	0.031766	0.037626	-0.002930
2.432172	0.032006	0.037784	-0.002889
2.430492	0.032109	0.037789	-0.002840
2.428815	0.032332	0.037936	-0.002802
2.427140	0.032580	0.038112	-0.002766
2.425468	0.032891	0.038297	-0.002703
2.423799	0.032937	0.038419	-0.002741
2.422131	0.033016	0.038431	-0.002708
2.420467	0.033212	0.038373	-0.002580
2.418805	0.033296	0.038479	-0.002591
2.417145	0.033412	0.038443	-0.002516
2.415488	0.033519	0.038668	-0.002574
2.413833	0.033684	0.038661	-0.002488
2.412181	0.033892	0.038734	-0.002421
2.410532	0.033958	0.038658	-0.002350
2.408884	0.034003	0.038774	-0.002385
2.407240	0.034066	0.038716	-0.002325
2.405598	0.034009	0.038637	-0.002314
2.403958	0.033983	0.038514	-0.002265
2.402320	0.033955	0.038377	-0.002211
2.400685	0.034052	0.038469	-0.002208
2.399053	0.034199	0.038610	-0.002205
2.397423	0.034350	0.038621	-0.002135
2.395795	0.034397	0.038552	-0.002078
2.394170	0.034537	0.038540	-0.002001
2.392547	0.034376	0.038347	-0.001985
2.390927	0.034198	0.038288	-0.002045
2.389309	0.034115	0.038153	-0.002019
2.387694	0.034217	0.038057	-0.001920
2.386081	0.034128	0.038055	-0.001964
2.384470	0.033984	0.037773	-0.001894
2.382861	0.033913	0.037646	-0.001867
2.381255	0.033876	0.037647	-0.001885
2.379652	0.033799	0.037512	-0.001856
2.378051	0.033676	0.037322	-0.001823
2.376452	0.033624	0.036993	-0.001685
2.374855	0.033509	0.036967	-0.001729
2.373261	0.033395	0.036750	-0.001677
2.371669	0.033243	0.036633	-0.001695
2.370080	0.033250	0.036492	-0.001621
2.368493	0.032815	0.036239	-0.001712
2.366908	0.032801	0.035999	-0.001599
2.365326	0.032850	0.036069	-0.001610
2.363745	0.032733	0.035779	-0.001523
2.362168	0.032578	0.035621	-0.001522
2.360592	0.032358	0.035321	-0.001481
2.359019	0.032207	0.035171	-0.001482
2.357448	0.031986	0.034954	-0.001484
2.355880	0.031755	0.034677	-0.001461
2.354313	0.031682	0.034572	-0.001445
2.352749	0.031496	0.034405	-0.001454
2.351188	0.031558	0.034338	-0.001390
2.349628	0.031266	0.033962	-0.001348
2.348071	0.031044	0.033800	-0.001378
2.346516	0.030904	0.033476	-0.001286
2.344964	0.030534	0.033179	-0.001322
2.343413	0.030496	0.033146	-0.001325
2.341865	0.030304	0.032928	-0.001312
2.340319	0.030138	0.032671	-0.001266
2.338776	0.029841	0.032173	-0.001166
2.337235	0.029615	0.031869	-0.001127
2.335695	0.029465	0.031751	-0.001143
2.334159	0.029411	0.031761	-0.001175
2.332624	0.029225	0.031526	-0.001151
2.331091	0.028841	0.031149	-0.001154
2.329561	0.028785	0.030995	-0.001105
2.328033	0.028559	0.030890	-0.001166
2.326508	0.028592	0.030741	-0.001074
2.324984	0.028425	0.030706	-0.001140
2.323463	0.028403	0.030630	-0.001113
2.321943	0.028309	0.030448	-0.001069
2.320426	0.028118	0.030369	-0.001125
2.318912	0.027875	0.030055	-0.001090
2.317399	0.027627	0.029728	-0.001050
2.315888	0.027683	0.029688	-0.001003
2.314380	0.027521	0.029648	-0.001063
2.312874	0.027348	0.029571	-0.001112
2.311370	0.027279	0.029379	-0.001050
2.309868	0.027219	0.029262	-0.001022
2.308369	0.026872	0.029092	-0.001110
2.306871	0.026832	0.028854	-0.001011
2.305376	0.026640	0.028681	-0.001021
2.303883	0.026303	0.028386	-0.001042
2.302392	0.026030	0.028025	-0.000997
2.300903	0.025929	0.027904	-0.000988
2.299416	0.025893	0.027559	-0.000833
2.297931	0.025458	0.027472	-0.001007
2.296449	0.025402	0.027274	-0.000936
2.294968	0.024966	0.027076	-0.001055
2.293490	0.025067	0.026847	-0.000890
2.292013	0.024702	0.026660	-0.000979
2.290539	0.024545	0.026414	-0.000935
2.289067	0.024464	0.026245	-0.000891
2.287597	0.024146	0.025823	-0.000839
2.286129	0.023860	0.025653	-0.000896
2.284664	0.023760	0.025611	-0.000925
2.283200	0.023616	0.025514	-0.000949
2.281738	0.023473	0.025301	-0.000914
2.280279	0.023416	0.025317	-0.000950
2.278821	0.023314	0.025152	-0.000919
2.277366	0.023447	0.025287	-0.000920
2.275912	0.023295	0.025119	-0.000912
2.274461	0.023035	0.024963	-0.000964
2.273012	0.022783	0.024724	-0.000971
2.271564	0.022834	0.024770	-0.000968
2.270119	0.022914	0.024659	-0.000872
2.268676	0.022884	0.024459	-0.000788
2.267235	0.022554	0.024534	-0.000990
2.265796	0.022639	0.024275	-0.000818
2.264359	0.022447	0.024143	-0.000848
2.262923	0.022463	0.024355	-0.000946
2.261490	0.022393	0.024215	-0.000911
2.260059	0.022380	0.024221	-0.000920
2.258630	0.022577	0.024294	-0.000858
2.257203	0.022444	0.024264	-0.000910
2.255778	0.022359	0.024226	-0.000934
2.254355	0.022296	0.024188	-0.000946
2.252934	0.022451	0.024240	-0.000895
2.251515	0.022602	0.024464	-0.000931
2.250098	0.022672	0.024601	-0.000965
2.248683	0.022609	0.024564	-0.000978
2.247269	0.022657	0.024512	-0.000928
2.245858	0.023055	0.024814	-0.000880
2.244449	0.023145	0.025008	-0.000931
2.243042	0.023315	0.025050	-0.000868
2.241636	0.023312	0.024920	-0.000804
2.240233	0.022873	0.025068	-0.001098
2.238832	0.023005	0.024962	-0.000979
2.237432	0.022972	0.024819	-0.000923
2.236035	0.022885	0.024730	-0.000923
2.234639	0.022834	0.024667	-0.000917
2.233245	0.022841	0.024692	-0.000926
2.231854	0.022844	0.024863	-0.001009
2.230464	0.022884	0.024758	-0.000937
2.229076	0.022818	0.024645	-0.000913
2.227690	0.022947	0.024865	-0.000959
2.226306	0.022913	0.024846	-0.000966
2.224924	0.023016	0.024984	-0.000984
2.223544	0.023136	0.025202	-0.001033
2.222165	0.023440	0.025429	-0.000994
2.220789	0.023555	0.025406	-0.000925
2.219414	0.023535	0.025636	-0.001050
2.218042	0.023627	0.025600	-0.000986
2.216671	0.023690	0.025990	-0.001150
2.215302	0.023889	0.026070	-0.001091
2.213935	0.023954	0.026119	-0.001082
2.212570	0.024096	0.026404	-0.001154
2.211207	0.024268	0.026514	-0.001123
2.209845	0.024470	0.026608	-0.001069
2.208486	0.024776	0.026819	-0.001022
2.207128	0.024649	0.026936	-0.001144
2.205772	0.025023	0.027162	-0.001069
2.204418	0.025423	0.027481	-0.001029
2.203066	0.025421	0.027486	-0.001033
2.201716	0.025214	0.027420	-0.001103
2.200367	0.025362	0.027660	-0.001149
2.199021	0.025745	0.028114	-0.001185
2.197676	0.025989	0.028201	-0.001106
2.196333	0.026054	0.028363	-0.001155
2.194992	0.026467	0.028488	-0.001011
2.193653	0.026739	0.028867	-0.001064
2.192315	0.026906	0.029151	-0.001122
2.190980	0.026931	0.029214	-0.001142
2.189646	0.027222	0.029713	-0.001245
2.188314	0.027526	0.029816	-0.001145
2.186984	0.027798	0.030194	-0.001198
2.185655	0.027908	0.030346	-0.001219
2.184328	0.028155	0.030620	-0.001232
2.183004	0.028507	0.031037	-0.001265
2.181681	0.028510	0.031015	-0.001253
2.180359	0.028795	0.031063	-0.001134
2.179040	0.028850	0.031533	-0.001342
2.177722	0.029084	0.031708	-0.001312
2.176406	0.029302	0.031921	-0.001310
2.175092	0.029588	0.032180	-0.001296
2.173780	0.029694	0.032408	-0.001357
2.172469	0.029727	0.032450	-0.001361
2.171160	0.029893	0.032752	-0.001429
2.169853	0.030388	0.033229	-0.001420
2.168548	0.030669	0.033198	-0.001264
2.167244	0.031078	0.033684	-0.001303
2.165943	0.031276	0.033939	-0.001331
2.164643	0.031473	0.034102	-0.001315
2.163344	0.031622	0.034422	-0.001400
2.162048	0.031907	0.034767	-0.001430
2.160753	0.032312	0.035007	-0.001348
2.159460	0.032293	0.035059	-0.001383
2.158168	0.032569	0.035408	-0.001419
2.156879	0.032876	0.035696	-0.001410
2.155591	0.033124	0.036046	-0.001461
2.154304	0.033537	0.036414	-0.001438
2.153020	0.033745	0.036831	-0.001543
2.151737	0.033999	0.037005	-0.001503
2.150456	0.034131	0.037160	-0.001515
2.149177	0.034422	0.037332	-0.001455
2.147899	0.034955	0.037955	-0.001500
2.146623	0.034950	0.038053	-0.001552
2.145349	0.035387	0.038433	-0.001523
2.144076	0.035666	0.038569	-0.001452
2.142805	0.035694	0.038786	-0.001546
2.141536	0.036145	0.039146	-0.001501
2.140268	0.036364	0.039275	-0.001456
2.139002	0.036554	0.039801	-0.001623
2.137738	0.036720	0.040106	-0.001693
2.136476	0.037234	0.040419	-0.001592
2.135215	0.037567	0.040749	-0.001591
2.133956	0.037760	0.041133	-0.001686
2.132698	0.038002	0.041203	-0.001601
2.131442	0.038111	0.041326	-0.001608
2.130188	0.038314	0.041620	-0.001653
2.128935	0.038569	0.041837	-0.001634
2.127684	0.038696	0.042121	-0.001713
2.126435	0.038880	0.042195	-0.001658
2.125187	0.038993	0.042408	-0.001707
2.123941	0.039361	0.042561	-0.001600
2.122697	0.039521	0.042864	-0.001671
2.121454	0.039783	0.043113	-0.001665
2.120213	0.039945	0.043375	-0.001715
2.118974	0.040126	0.043433	-0.001653
2.117736	0.040195	0.043743	-0.001774
2.116500	0.040548	0.043939	-0.001696
2.115265	0.040649	0.044030	-0.001691
2.114032	0.040842	0.044414	-0.001786
2.112801	0.040949	0.044367	-0.001709
2.111571	0.041361	0.044781	-0.001710
2.110343	0.041307	0.044741	-0.001717
2.109116	0.041385	0.045045	-0.001830
2.107891	0.041770	0.045529	-0.001879
2.106668	0.042080	0.045372	-0.001646
2.105446	0.042181	0.045719	-0.001769
2.104226	0.042193	0.045982	-0.001895
2.103007	0.042577	0.046148	-0.001786
2.101790	0.042803	0.046561	-0.001879
2.100575	0.042710	0.046535	-0.001913
2.099361	0.042975	0.046507	-0.001766
2.098149	0.043050	0.046809	-0.001879
2.096938	0.043243	0.046955	-0.001856
2.095729	0.043357	0.047181	-0.001912
2.094521	0.043545	0.047413	-0.001934
2.093315	0.043645	0.047519	-0.001937
2.092111	0.043665	0.047634	-0.001984
2.090908	0.043997	0.047562	-0.001783
2.089707	0.044016	0.047839	-0.001912
2.088507	0.044113	0.048093	-0.001990
2.087309	0.044449	0.048271	-0.001911
2.086112	0.044335	0.048318	-0.001991
2.084917	0.044149	0.048036	-0.001944
2.083723	0.044179	0.048112	-0.001967
2.082531	0.044330	0.048295	-0.001983
2.081341	0.044492	0.048360	-0.001934
2.080152	0.044708	0.048800	-0.002046
2.078964	0.044768	0.048840	-0.002036
2.077778	0.045038	0.048957	-0.001960
2.076594	0.045086	0.049159	-0.002037
2.075411	0.045201	0.049093	-0.001946
2.074230	0.045272	0.049498	-0.002113
2.073050	0.045253	0.049362	-0.002055
2.071871	0.045304	0.049342	-0.002019
2.070694	0.045302	0.049282	-0.001990
2.069519	0.045518	0.049428	-0.001955
2.068345	0.045528	0.049484	-0.001978
2.067173	0.045217	0.049422	-0.002102
2.066002	0.045263	0.049360	-0.002048
2.064833	0.045354	0.049371	-0.002008
2.063665	0.045451	0.049558	-0.002054
2.062498	0.045414	0.049668	-0.002127
2.061333	0.045506	0.049688	-0.002091
2.060170	0.045557	0.049692	-0.002067
2.059008	0.045376	0.049711	-0.002168
2.057848	0.045445	0.049802	-0.002178
2.056689	0.045586	0.049672	-0.002043
2.055531	0.045639	0.049840	-0.002101
2.054375	0.045720	0.049928	-0.002104
2.053221	0.045704	0.049953	-0.002125
2.052067	0.045566	0.049995	-0.002215
2.050916	0.045488	0.049851	-0.002182
2.049766	0.045400	0.049552	-0.002076
2.048617	0.045278	0.049474	-0.002098
2.047470	0.045055	0.049433	-0.002189
2.046324	0.044935	0.049348	-0.002206
2.045179	0.045097	0.049263	-0.002083
2.044036	0.044903	0.049231	-0.002164
2.042895	0.044758	0.049070	-0.002156
2.041755	0.044434	0.048777	-0.002172
2.040616	0.044383	0.048671	-0.002144
2.039479	0.044341	0.048725	-0.002192
2.038343	0.044646	0.048908	-0.002131
2.037209	0.044598	0.049015	-0.002208
2.036076	0.044716	0.048925	-0.002105
2.034945	0.044536	0.048843	-0.002153
2.033815	0.044656	0.048961	-0.002153
2.032686	0.044433	0.048922	-0.002245
2.031559	0.044627	0.048998	-0.002185
2.030433	0.044525	0.048870	-0.002173
2.029309	0.044446	0.048912	-0.002233
2.028186	0.044193	0.048733	-0.002270
2.027064	0.044101	0.048451	-0.002175
2.025944	0.043682	0.048220	-0.002269
2.024825	0.043521	0.047962	-0.002220
2.023708	0.043496	0.047695	-0.002100
2.022592	0.043404	0.047731	-0.002163
2.021477	0.043247	0.047685	-0.002219
2.020364	0.043197	0.047735	-0.002269
2.019252	0.043190	0.047561	-0.002185
2.018142	0.043082	0.047676	-0.002297
2.017033	0.043005	0.047262	-0.002128
2.015925	0.042669	0.047198	-0.002264
2.014819	0.042299	0.046941	-0.002321
2.013714	0.042401	0.047007	-0.002303
2.012610	0.042334	0.046739	-0.002203
2.011508	0.042140	0.046634	-0.002247
2.010407	0.042036	0.046565	-0.002264
2.009308	0.041834	0.046449	-0.002307
2.008210	0.041645	0.046208	-0.002282
2.007113	0.041501	0.046158	-0.002328
2.006018	0.041682	0.046190	-0.002254
2.004924	0.041668	0.046160	-0.002246
2.003831	0.041621	0.046199	-0.002289
2.002740	0.041193	0.045921	-0.002364
2.001650	0.041240	0.045725	-0.002242
2.000561	0.041067	0.045703	-0.002318
1.999474	0.040834	0.045408	-0.002287
1.998388	0.040578	0.045207	-0.002314
1.997303	0.040470	0.044991	-0.002260
1.996220	0.040343	0.045151	-0.002404
1.995138	0.040247	0.045073	-0.002413
1.994058	0.040433	0.044944	-0.002255
1.992978	0.040200	0.044919	-0.002360
1.991901	0.040363	0.044948	-0.002293
1.990824	0.040173	0.044806	-0.002317
1.989749	0.040006	0.044685	-0.002339
1.988675	0.039825	0.044500	-0.002338
1.987602	0.039677	0.044324	-0.002323
1.986531	0.039552	0.044258	-0.002353
1.985461	0.039596	0.044029	-0.002216
1.984392	0.039558	0.044122	-0.002282
1.983325	0.039505	0.043923	-0.002209
1.982259	0.039233	0.043894	-0.002331
1.981194	0.039253	0.043765	-0.002256
1.980130	0.039058	0.043578	-0.002260
1.979068	0.038905	0.043632	-0.002363
1.978007	0.038678	0.043468	-0.002395
1.976948	0.038812	0.043264	-0.002226
1.975889	0.038654	0.043359	-0.002353
1.974832	0.038466	0.043074	-0.002304
1.973777	0.038427	0.043002	-0.002287
1.972722	0.038240	0.042812	-0.002286
1.971669	0.038131	0.042643	-0.002256
1.970617	0.038183	0.042707	-0.002262
1.969566	0.037791	0.042497	-0.002353
1.968517	0.037740	0.042362	-0.002311
1.967469	0.037625	0.042264	-0.002320
1.966422	0.037808	0.042551	-0.002371
1.965377	0.037508	0.042274	-0.002383
1.964333	0.037536	0.042189	-0.002326
1.963290	0.037448	0.041956	-0.002254
1.962248	0.037085	0.041762	-0.002339
1.961207	0.036790	0.041476	-0.002343
1.960168	0.036681	0.041157	-0.002238
1.959130	0.036615	0.041202	-0.002293
1.958094	0.036650	0.041193	-0.002272
1.957058	0.036603	0.041333	-0.002365
1.956024	0.036585	0.041062	-0.002238
1.954991	0.036603	0.040966	-0.002182
1.953959	0.036315	0.041113	-0.002399
1.952929	0.036425	0.041075	-0.002325
1.951900	0.036450	0.040993	-0.002272
1.950872	0.036369	0.040900	-0.002266
1.949845	0.036152	0.040774	-0.002311
1.948819	0.036084	0.040733	-0.002324
1.947795	0.036128	0.040859	-0.002366
1.946772	0.036080	0.040730	-0.002325
1.945750	0.035809	0.040446	-0.002319
1.944729	0.035717	0.040194	-0.002239
1.943710	0.035643	0.040173	-0.002265
1.942692	0.035518	0.040114	-0.002298
1.941675	0.035566	0.040053	-0.002244
1.940659	0.035366	0.039912	-0.002273
1.939645	0.035254	0.039913	-0.002330
1.938631	0.035181	0.039753	-0.002286
1.937619	0.034992	0.039670	-0.002339
1.936608	0.035024	0.039420	-0.002198
1.935599	0.034901	0.039460	-0.002280
1.934590	0.034818	0.039342	-0.002262
1.933583	0.034723	0.039360	-0.002319
1.932577	0.034850	0.039389	-0.002270
1.931572	0.034717	0.039254	-0.002269
1.930568	0.034713	0.039328	-0.002308
1.929566	0.034903	0.039367	-0.002232
1.928565	0.034796	0.039480	-0.002342
1.927565	0.034637	0.039344	-0.002354
1.926566	0.034730	0.039344	-0.002307
1.925568	0.034632	0.039267	-0.002318
1.924571	0.034740	0.039155	-0.002208
1.923576	0.034597	0.039154	-0.002279
1.922582	0.034513	0.039058	-0.002272
1.921589	0.034535	0.039087	-0.002276
1.920597	0.034424	0.039061	-0.002319
1.919606	0.034414	0.038910	-0.002248
1.918617	0.034363	0.038886	-0.002261
1.917629	0.034317	0.038842	-0.002262
1.916641	0.034211	0.038777	-0.002283
1.915655	0.034431	0.038856	-0.002213
1.914671	0.034616	0.039243	-0.002313
1.913687	0.034735	0.039077	-0.002171
1.912704	0.034795	0.039130	-0.002168
1.911723	0.034577	0.038971	-0.002197
1.910743	0.034127	0.038625	-0.002249
1.909764	0.034160	0.038596	-0.002218
1.908786	0.034342	0.038562	-0.002110
1.907809	0.034003	0.038677	-0.002337
1.906834	0.034091	0.038624	-0.002266
1.905859	0.034281	0.038563	-0.002141
1.904886	0.034323	0.038726	-0.002201
1.903914	0.034357	0.038788	-0.002215
1.902943	0.034478	0.038927	-0.002225
1.901973	0.034545	0.038911	-0.002183
1.901004	0.034727	0.039248	-0.002260
1.900036	0.034778	0.038985	-0.002104
1.899070	0.034717	0.038978	-0.002131
1.898105	0.034879	0.039169	-0.002145
1.897140	0.034561	0.038840	-0.002140
1.896177	0.034582	0.038719	-0.002068
1.895215	0.034428	0.038855	-0.002214
1.894254	0.034392	0.038855	-0.002231
1.893295	0.034287	0.038768	-0.002240
1.892336	0.034565	0.038746	-0.002090
1.891378	0.034675	0.038933	-0.002129
1.890422	0.034567	0.038913	-0.002173
1.889467	0.034671	0.039067	-0.002198
1.888513	0.034870	0.039254	-0.002192
1.887560	0.034917	0.039092	-0.002088
1.886608	0.034950	0.039034	-0.002042
1.885657	0.034964	0.039160	-0.002098
1.884707	0.034811	0.039123	-0.002156
1.883758	0.034936	0.039129	-0.002097
1.882811	0.034960	0.039339	-0.002189
1.881864	0.035099	0.039299	-0.002100
1.880919	0.035398	0.039635	-0.002119
1.879975	0.035493	0.039544	-0.002025
1.879032	0.035588	0.039823	-0.002118
1.878090	0.035367	0.039712	-0.002172
1.877149	0.035554	0.039692	-0.002069
1.876209	0.035647	0.039733	-0.002043
1.875270	0.035916	0.040100	-0.002092
1.874332	0.035960	0.040090	-0.002065
1.873396	0.036161	0.040177	-0.002008
1.872460	0.036306	0.040389	-0.002042
1.871525	0.036387	0.040577	-0.002095
1.870592	0.036273	0.040454	-0.002091
1.869660	0.036655	0.040560	-0.001952
1.868728	0.036832	0.040800	-0.001984
1.867798	0.036712	0.040784	-0.002036
1.866869	0.036772	0.040864	-0.002046
1.865941	0.036751	0.040835	-0.002042
1.865014	0.036788	0.040792	-0.002002
1.864088	0.036842	0.040956	-0.002057
1.863163	0.036929	0.041005	-0.002038
1.862239	0.037037	0.041118	-0.002041
1.861317	0.037079	0.041054	-0.001988
1.860395	0.037178	0.041126	-0.001974
1.859474	0.037329	0.041325	-0.001998
1.858555	0.037572	0.041542	-0.001985
1.857636	0.037884	0.041971	-0.002043
1.856719	0.038124	0.041991	-0.001933
1.855802	0.038197	0.042180	-0.001991
1.854887	0.038265	0.042247	-0.001991
1.853973	0.038359	0.042172	-0.001907
1.853059	0.038417	0.042447	-0.002015
1.852147	0.038941	0.042850	-0.001954
1.851236	0.038975	0.043024	-0.002024
1.850326	0.039142	0.043006	-0.001932
1.849416	0.038961	0.042958	-0.001998
1.848508	0.039276	0.043194	-0.001959
1.847601	0.039617	0.043328	-0.001856
1.846695	0.039548	0.043496	-0.001974
1.845790	0.039737	0.043563	-0.001913
1.844886	0.040034	0.043743	-0.001854
1.843983	0.040246	0.043790	-0.001772
1.843081	0.040434	0.044150	-0.001858
1.842180	0.040454	0.044369	-0.001957
1.841280	0.040608	0.044156	-0.001774
1.840381	0.040755	0.044392	-0.001819
1.839484	0.040749	0.044526	-0.001889
1.838587	0.040975	0.044681	-0.001853
1.837691	0.041065	0.044927	-0.001931
1.836796	0.041492	0.045266	-0.001887
1.835902	0.041579	0.045355	-0.001888
1.835009	0.041690	0.045316	-0.001813
1.834118	0.041855	0.045519	-0.001832
1.833227	0.041902	0.045543	-0.001821
1.832337	0.042216	0.045738	-0.001761
1.831448	0.042458	0.046047	-0.001795
1.830560	0.042543	0.046180	-0.001818
1.829674	0.042740	0.046198	-0.001729
1.828788	0.042861	0.046463	-0.001801
1.827903	0.043138	0.046804	-0.001833
1.827019	0.043215	0.046936	-0.001861
1.826136	0.043202	0.046869	-0.001834
1.825255	0.043368	0.046934	-0.001783
1.824374	0.043710	0.047405	-0.001847
1.823494	0.043873	0.047492	-0.001810
1.822615	0.044104	0.047428	-0.001662
1.821737	0.044326	0.047819	-0.001747
1.820860	0.044382	0.047843	-0.001731
1.819984	0.044443	0.047902	-0.001729
1.819109	0.044606	0.048084	-0.001739
1.818235	0.044932	0.048263	-0.001666
1.817362	0.045088	0.048362	-0.001637
1.816490	0.045157	0.048546	-0.001694
1.815619	0.045306	0.048634	-0.001664
1.814749	0.045410	0.048818	-0.001704
1.813880	0.045426	0.048739	-0.001656
1.813012	0.045571	0.048958	-0.001693
1.812145	0.045803	0.049130	-0.001664
1.811279	0.045921	0.049249	-0.001664
1.810413	0.046122	0.049429	-0.001653
1.809549	0.046284	0.049765	-0.001740
1.808686	0.046756	0.050089	-0.001667
1.807824	0.046958	0.050237	-0.001639
1.806962	0.047131	0.050405	-0.001637
1.806102	0.047331	0.050382	-0.001525
1.805242	0.047466	0.050706	-0.001620
1.804384	0.047790	0.050795	-0.001502
1.803526	0.047726	0.051144	-0.001709
1.802670	0.047708	0.050936	-0.001614
1.801814	0.048001	0.051254	-0.001626
1.800959	0.048088	0.051131	-0.001522
1.800105	0.048221	0.051333	-0.001556
1.799252	0.048512	0.051601	-0.001544
1.798401	0.048492	0.051630	-0.001569
1.797550	0.048813	0.051776	-0.001482
1.796700	0.049010	0.052004	-0.001497
1.795851	0.049341	0.052235	-0.001447
1.795002	0.049536	0.052547	-0.001506
1.794155	0.049623	0.052626	-0.001501
1.793309	0.049713	0.052664	-0.001475
1.792464	0.049946	0.052818	-0.001436
1.791619	0.050079	0.053059	-0.001490
1.790776	0.050241	0.053260	-0.001509
1.789933	0.050688	0.053614	-0.001463
1.789092	0.050770	0.053784	-0.001507
1.788251	0.050831	0.053830	-0.001500
1.787411	0.051225	0.054099	-0.001437
1.786572	0.051243	0.054158	-0.001457
1.785734	0.051100	0.054199	-0.001549
1.784897	0.051190	0.054216	-0.001513
1.784061	0.051442	0.054328	-0.001443
1.783226	0.051720	0.054682	-0.001481
1.782392	0.052162	0.054958	-0.001398
1.781558	0.052551	0.055323	-0.001386
1.780726	0.052752	0.055603	-0.001425
1.779894	0.052960	0.055721	-0.001381
1.779064	0.053326	0.056038	-0.001356
1.778234	0.053627	0.056328	-0.001350
1.777405	0.053783	0.056655	-0.001436
1.776577	0.053884	0.056852	-0.001484
1.775750	0.053974	0.056653	-0.001339
1.774924	0.053952	0.056685	-0.001367
1.774099	0.053943	0.056652	-0.001355
1.773275	0.053798	0.056505	-0.001354
1.772451	0.053978	0.056523	-0.001272
1.771629	0.053972	0.056728	-0.001378
1.770807	0.053976	0.056733	-0.001378
1.769986	0.054126	0.056570	-0.001222
1.769167	0.054037	0.056510	-0.001237
1.768348	0.054219	0.056641	-0.001211
1.767530	0.054332	0.056967	-0.001317
1.766712	0.054546	0.057173	-0.001314
1.765896	0.054813	0.057185	-0.001186
1.765081	0.054818	0.057520	-0.001351
1.764266	0.055182	0.057751	-0.001285
1.763453	0.055330	0.057863	-0.001266
1.762640	0.055701	0.058218	-0.001259
1.761828	0.056061	0.058483	-0.001211
1.761017	0.056272	0.058655	-0.001191
1.760207	0.056323	0.058766	-0.001222
1.759398	0.056216	0.058671	-0.001227
1.758589	0.056117	0.058606	-0.001244
1.757782	0.056272	0.058635	-0.001182
1.756975	0.056477	0.058876	-0.001200
1.756169	0.056747	0.059045	-0.001149
1.755365	0.056758	0.059083	-0.001162
1.754560	0.056834	0.059029	-0.001098
1.753757	0.056950	0.059347	-0.001198
1.752955	0.057244	0.059481	-0.001118
1.752154	0.057410	0.059700	-0.001145
1.751353	0.057429	0.059681	-0.001126
1.750553	0.057333	0.059661	-0.001164
1.749755	0.057460	0.059661	-0.001101
1.748957	0.057487	0.059760	-0.001136
1.748159	0.057674	0.059987	-0.001157
1.747363	0.057680	0.059956	-0.001138
1.746568	0.057680	0.059770	-0.001045
1.745773	0.057379	0.059720	-0.001171
1.744979	0.057618	0.059873	-0.001128
1.744187	0.057847	0.060027	-0.001090
1.743395	0.057795	0.060142	-0.001173
1.742603	0.057978	0.060033	-0.001027
1.741813	0.058118	0.060460	-0.001171
1.741024	0.058414	0.060487	-0.001037
1.740235	0.058614	0.060812	-0.001099
1.739447	0.059149	0.061307	-0.001079
1.738660	0.059175	0.061247	-0.001036
1.737874	0.059025	0.061002	-0.000988
1.737089	0.058808	0.061067	-0.001130
1.736304	0.058748	0.060885	-0.001069
1.735521	0.058754	0.060829	-0.001038
1.734738	0.059175	0.060980	-0.000902
1.733956	0.058884	0.060901	-0.001009
1.733175	0.058962	0.060984	-0.001011
1.732395	0.059084	0.061099	-0.001007
1.731615	0.058957	0.060863	-0.000953
1.730837	0.059105	0.060882	-0.000889
1.730059	0.059188	0.061111	-0.000962
1.729282	0.059440	0.061226	-0.000893
1.728506	0.059508	0.061550	-0.001021
1.727730	0.059675	0.061598	-0.000961
1.726956	0.059486	0.061314	-0.000914
1.726182	0.059648	0.061404	-0.000878
1.725409	0.059750	0.061625	-0.000938
1.724637	0.059861	0.061652	-0.000895
1.723866	0.059895	0.061672	-0.000888
1.723096	0.059873	0.061637	-0.000882
1.722326	0.059946	0.061723	-0.000888
1.721557	0.059956	0.061688	-0.000866
1.720789	0.060085	0.061800	-0.000857
1.720022	0.060145	0.061807	-0.000831
1.719256	0.060105	0.061695	-0.000795
1.718490	0.060018	0.061570	-0.000776
1.717726	0.059973	0.061745	-0.000886
1.716962	0.060043	0.061726	-0.000841
1.716199	0.060080	0.061544	-0.000732
1.715436	0.060139	0.061816	-0.000838
1.714675	0.060256	0.061838	-0.000791
1.713914	0.060228	0.061982	-0.000877
1.713154	0.060454	0.061895	-0.000720
1.712395	0.060520	0.061957	-0.000718
1.711637	0.060242	0.061950	-0.000854
1.710879	0.060421	0.062013	-0.000796
1.710122	0.060374	0.061855	-0.000741
1.709366	0.060287	0.061749	-0.000731
1.708611	0.060150	0.061647	-0.000748
1.707857	0.059943	0.061398	-0.000728
1.707103	0.059849	0.061595	-0.000873
1.706351	0.060177	0.061577	-0.000700
1.705599	0.060069	0.061493	-0.000712
1.704847	0.059889	0.061387	-0.000749
1.704097	0.059892	0.061241	-0.000675
1.703347	0.059994	0.061328	-0.000667
1.702599	0.060225	0.061404	-0.000590
1.701850	0.060110	0.061345	-0.000618
1.701103	0.059944	0.061389	-0.000722
1.700357	0.059937	0.061247	-0.000655
1.699611	0.059767	0.061174	-0.000704
1.698866	0.059527	0.060927	-0.000700
1.698122	0.059548	0.060705	-0.000579
1.697378	0.059363	0.060492	-0.000565
1.696636	0.059471	0.060876	-0.000703
1.695894	0.059385	0.060698	-0.000656
1.695153	0.059229	0.060517	-0.000644
1.694412	0.059033	0.060401	-0.000684
1.693673	0.058930	0.060271	-0.000671
1.692934	0.059038	0.060385	-0.000673
1.692196	0.059091	0.060166	-0.000538
1.691459	0.059014	0.060260	-0.000623
1.690722	0.059075	0.060241	-0.000583
1.689987	0.059039	0.060217	-0.000589
1.689252	0.059019	0.060343	-0.000662
1.688518	0.058841	0.060072	-0.000615
1.687784	0.058898	0.060056	-0.000579
1.687051	0.058912	0.059932	-0.000510
1.686320	0.059056	0.060272	-0.000608
1.685588	0.058964	0.060052	-0.000544
1.684858	0.059168	0.060380	-0.000606
1.684128	0.059026	0.060117	-0.000546
1.683399	0.059079	0.060083	-0.000502
1.682671	0.058893	0.059936	-0.000522
1.681944	0.058835	0.059842	-0.000503
1.681217	0.058365	0.059429	-0.000532
1.680491	0.058088	0.059192	-0.000552
1.679766	0.058014	0.059152	-0.000569
1.679042	0.058156	0.059275	-0.000559
1.678318	0.058343	0.059371	-0.000514
1.677595	0.058406	0.059407	-0.000500
1.676873	0.058183	0.059283	-0.000550
1.676152	0.058194	0.059071	-0.000438
1.675431	0.057972	0.059053	-0.000540
1.674711	0.058004	0.058793	-0.000395
1.673992	0.057868	0.058813	-0.000473
1.673273	0.057931	0.058628	-0.000349
1.672556	0.057869	0.058705	-0.000418
1.671839	0.057732	0.058566	-0.000417
1.671122	0.057723	0.058458	-0.000368
1.670407	0.057791	0.058593	-0.000401
1.669692	0.057683	0.058607	-0.000462
1.668978	0.057741	0.058683	-0.000471
1.668265	0.057647	0.058469	-0.000411
1.667552	0.057578	0.058567	-0.000494
1.666840	0.057667	0.058391	-0.000362
1.666129	0.057493	0.058235	-0.000371
1.665418	0.057140	0.057829	-0.000345
1.664709	0.057133	0.057842	-0.000355
1.664000	0.057121	0.057724	-0.000301
1.663292	0.056955	0.057754	-0.000400
1.662584	0.056761	0.057496	-0.000368
1.661877	0.056624	0.057191	-0.000283
1.661171	0.056749	0.057287	-0.000269
1.660466	0.056987	0.057555	-0.000284
1.659761	0.057124	0.057619	-0.000247
1.659057	0.057138	0.057717	-0.000290
1.658354	0.057089	0.057507	-0.000209
1.657651	0.056838	0.057554	-0.000358
1.656950	0.056869	0.057452	-0.000292
1.656249	0.056987	0.057443	-0.000228
1.655548	0.056680	0.057269	-0.000294
1.654848	0.056720	0.057295	-0.000287
1.654150	0.056814	0.057298	-0.000242
1.653451	0.056813	0.057392	-0.000289
1.652754	0.056720	0.057247	-0.000263
1.652057	0.056404	0.056962	-0.000279
1.651361	0.056176	0.056665	-0.000245
1.650665	0.056064	0.056378	-0.000157
1.649971	0.055700	0.056222	-0.000261
1.649277	0.055929	0.056344	-0.000208
1.648583	0.055846	0.056329	-0.000242
1.647891	0.055798	0.056253	-0.000227
1.647199	0.055867	0.056205	-0.000169
1.646508	0.055643	0.055998	-0.000178
1.645817	0.055423	0.055869	-0.000223
1.645127	0.055354	0.055683	-0.000164
1.644438	0.055341	0.055643	-0.000151
1.643750	0.055256	0.055690	-0.000217
1.643062	0.055405	0.055796	-0.000195
1.642375	0.055460	0.056051	-0.000296
1.641689	0.055937	0.056211	-0.000137
1.641003	0.055762	0.056054	-0.000146
1.640318	0.055381	0.055726	-0.000173
1.639634	0.055042	0.055408	-0.000183
1.638950	0.054811	0.055055	-0.000122
1.638267	0.054675	0.054840	-0.000083
1.637585	0.054785	0.055006	-0.000111
1.636903	0.054766	0.055117	-0.000175
1.636222	0.054890	0.055000	-0.000055
1.635542	0.054559	0.054874	-0.000157
1.634863	0.054592	0.054622	-0.000015
1.634184	0.054059	0.054605	-0.000273
1.633506	0.053855	0.054147	-0.000146
1.632828	0.053632	0.053876	-0.000122
1.632151	0.053677	0.053870	-0.000096
1.631475	0.053431	0.053696	-0.000132
1.630800	0.053394	0.053367	0.000013
1.630125	0.053291	0.053580	-0.000144
1.629451	0.053492	0.053573	-0.000041
1.628778	0.053140	0.053380	-0.000120
1.628105	0.053034	0.053317	-0.000141
1.627433	0.053162	0.053295	-0.000067
1.626761	0.053107	0.053263	-0.000078
1.626091	0.053421	0.053401	0.000010
1.625421	0.053598	0.053752	-0.000077
1.624751	0.053504	0.053760	-0.000128
1.624083	0.053462	0.053393	0.000034
1.623414	0.052950	0.053124	-0.000087
1.622747	0.052797	0.052744	0.000027
1.622080	0.052210	0.052326	-0.000058
1.621414	0.052080	0.052149	-0.000035
1.620749	0.051753	0.051787	-0.000017
1.620084	0.051383	0.051566	-0.000092
1.619420	0.051252	0.051321	-0.000034
1.618757	0.051416	0.051429	-0.000006
1.618094	0.051338	0.051460	-0.000061
1.617432	0.050870	0.050816	0.000027
1.616770	0.050778	0.050930	-0.000076
1.616109	0.050893	0.050911	-0.000009
1.615449	0.050780	0.050708	0.000036
1.614790	0.050508	0.050616	-0.000054
1.614131	0.050695	0.050540	0.000077
1.613473	0.050476	0.050537	-0.000031
1.612815	0.050474	0.050318	0.000078
1.612158	0.050506	0.050312	0.000097
1.611502	0.050310	0.050373	-0.000031
1.610846	0.050588	0.050537	0.000025
1.610191	0.050565	0.050534	0.000016
1.609537	0.050318	0.050256	0.000031
1.608883	0.050337	0.050056	0.000141
1.608230	0.050175	0.050086	0.000045
1.607578	0.049925	0.049756	0.000084
1.606926	0.049736	0.049636	0.000050
1.606275	0.049810	0.049477	0.000166
1.605625	0.049823	0.049643	0.000090
1.604975	0.049701	0.049565	0.000068
1.604326	0.049754	0.049395	0.000180
1.603677	0.049619	0.049449	0.000085
1.603029	0.049282	0.049167	0.000058
1.602382	0.049130	0.048953	0.000089
1.601735	0.048861	0.048653	0.000104
1.601089	0.048861	0.048488	0.000186
1.600444	0.048723	0.048500	0.000112
1.599799	0.048650	0.048569	0.000041
1.599155	0.048835	0.048764	0.000036
1.598512	0.048685	0.048511	0.000087
1.597869	0.048586	0.048394	0.000096
1.597227	0.048565	0.048161	0.000202
1.596585	0.048874	0.048592	0.000141
1.595944	0.048811	0.048542	0.000135
1.595304	0.048686	0.048365	0.000160
1.594664	0.048693	0.048327	0.000183
1.594025	0.048645	0.048343	0.000151
1.593386	0.048354	0.048084	0.000135
1.592749	0.048081	0.047816	0.000133
1.592111	0.047804	0.047373	0.000216
1.591475	0.047510	0.047354	0.000078
1.590839	0.047529	0.047125	0.000202
1.590203	0.047422	0.047142	0.000140
1.589569	0.047381	0.046918	0.000232
1.588935	0.047108	0.046649	0.000230
1.588301	0.047218	0.046543	0.000337
1.587668	0.047096	0.046660	0.000218
1.587036	0.047339	0.046783	0.000278
1.586404	0.047215	0.046907	0.000154
1.585773	0.047286	0.046847	0.000220
1.585143	0.047076	0.046735	0.000170
1.584513	0.047117	0.046425	0.000346
1.583884	0.046936	0.046400	0.000268
1.583255	0.046934	0.046348	0.000293
1.582627	0.046883	0.046345	0.000269
1.582000	0.046520	0.046057	0.000232
1.581373	0.046543	0.046336	0.000103
1.580747	0.046362	0.046125	0.000118
1.580121	0.046238	0.046052	0.000093
1.579496	0.046521	0.046052	0.000235
1.578872	0.046667	0.046377	0.000145
1.578248	0.046484	0.046124	0.000180
1.577625	0.046510	0.045976	0.000267
1.577002	0.046737	0.046188	0.000275
1.576380	0.046810	0.046239	0.000285
1.575759	0.046396	0.046091	0.000153
1.575138	0.045914	0.045380	0.000267
1.574518	0.045604	0.045240	0.000182
1.573899	0.045529	0.045054	0.000238
1.573280	0.045798	0.045296	0.000251
1.572661	0.045705	0.044937	0.000384
1.572044	0.045795	0.045289	0.000253
1.571426	0.045877	0.045400	0.000238
1.570810	0.045748	0.045348	0.000200
1.570194	0.045961	0.045461	0.000250
1.569578	0.046163	0.045509	0.000327
1.568964	0.046025	0.045238	0.000393
1.568349	0.045746	0.045400	0.000173
1.567736	0.045488	0.044828	0.000330
1.567123	0.045438	0.044695	0.000372
1.566510	0.045235	0.044812	0.000211
1.565899	0.045401	0.044772	0.000315
1.565287	0.045364	0.044532	0.000416
1.564677	0.045235	0.044552	0.000342
1.564066	0.045044	0.044186	0.000429
1.563457	0.044623	0.043995	0.000314
1.562848	0.044585	0.043900	0.000342
1.562240	0.044765	0.044044	0.000361
1.561632	0.044603	0.044033	0.000285
1.561025	0.044869	0.043890	0.000490
1.560418	0.044751	0.044360	0.000195
1.559812	0.044789	0.044141	0.000324
1.559207	0.044740	0.043852	0.000444
1.558602	0.044519	0.043944	0.000287
1.557997	0.044180	0.043761	0.000210
1.557394	0.044551	0.043734	0.000409
1.556791	0.044471	0.043931	0.000270
1.556188	0.044399	0.043614	0.000393
1.555586	0.044452	0.043510	0.000471
1.554985	0.044568	0.043853	0.000358
1.554384	0.044401	0.043803	0.000299
1.553783	0.044552	0.043618	0.000467
1.553184	0.044305	0.043646	0.000330
1.552585	0.044381	0.043840	0.000270
1.551986	0.044553	0.043771	0.000391
1.551388	0.044646	0.044175	0.000236
1.550791	0.044682	0.044108	0.000287
1.550194	0.044497	0.043521	0.000488
1.549597	0.044687	0.043646	0.000520
1.549002	0.044377	0.043757	0.000310
1.548406	0.044573	0.043701	0.000436
1.547812	0.044514	0.043711	0.000402
1.547218	0.044411	0.043603	0.000404
1.546624	0.044577	0.043637	0.000470
1.546031	0.044013	0.043341	0.000336
1.545439	0.043658	0.042481	0.000588
1.544847	0.043744	0.042568	0.000588
1.544256	0.043814	0.043160	0.000327
1.543665	0.044060	0.043271	0.000394
1.543075	0.044365	0.043707	0.000329
1.542486	0.044187	0.043666	0.000261
1.541897	0.044341	0.043490	0.000426
1.541308	0.044369	0.043517	0.000426
1.540720	0.044204	0.043439	0.000383
1.540133	0.044264	0.043532	0.000366
1.539546	0.043828	0.043160	0.000334
1.538960	0.043974	0.043074	0.000450
1.538374	0.044131	0.043118	0.000506
1.537789	0.044094	0.043065	0.000514
1.537204	0.044404	0.043269	0.000568
1.536620	0.044566	0.043494	0.000536
1.536037	0.044387	0.043497	0.000445
1.535454	0.044347	0.043628	0.000359
1.534872	0.044222	0.043507	0.000358
1.534290	0.044292	0.043530	0.000381
1.533708	0.044368	0.043646	0.000361
1.533128	0.044422	0.043187	0.000618
1.532548	0.044980	0.043685	0.000648
1.531968	0.044859	0.044141	0.000359
1.531389	0.045048	0.043690	0.000679
1.530810	0.044592	0.043894	0.000349
1.530232	0.044400	0.043435	0.000482
1.529655	0.044458	0.043477	0.000491
1.529078	0.044341	0.043497	0.000422
1.528501	0.044052	0.043467	0.000293
1.527925	0.044096	0.043321	0.000387
1.527350	0.043946	0.042958	0.000494
1.526775	0.043617	0.042690	0.000463
1.526201	0.043727	0.042759	0.000484
1.525627	0.044093	0.042772	0.000660
1.525054	0.044289	0.043189	0.000550
1.524481	0.044017	0.042850	0.000584
1.523909	0.044495	0.043419	0.000538
1.523338	0.044315	0.043167	0.000574
1.522767	0.044592	0.043690	0.000451
1.522196	0.044883	0.043706	0.000589
1.521626	0.044766	0.043935	0.000416
1.521057	0.044709	0.044127	0.000291
1.520488	0.045059	0.043897	0.000581
1.519919	0.045102	0.044409	0.000347
1.519351	0.044928	0.044185	0.000372
1.518784	0.045090	0.043871	0.000610
1.518217	0.044950	0.043740	0.000605
1.517651	0.044994	0.043859	0.000567
1.517085	0.044751	0.043826	0.000463
1.516520	0.045444	0.044220	0.000612
1.515955	0.045542	0.044827	0.000358
1.515391	0.045991	0.044815	0.000588
1.514827	0.046016	0.044683	0.000667
1.514264	0.045927	0.044683	0.000622
1.513702	0.045419	0.044478	0.000470
1.513139	0.045307	0.044304	0.000502
1.512578	0.044976	0.044149	0.000414
1.512017	0.044882	0.043854	0.000514
1.511456	0.044969	0.043947	0.000511
1.510896	0.045263	0.044321	0.000471
1.510337	0.045480	0.044313	0.000583
1.509778	0.045644	0.044547	0.000548
1.509219	0.045974	0.044600	0.000687
1.508661	0.045823	0.044834	0.000494
1.508104	0.045834	0.044912	0.000461
1.507547	0.045898	0.044795	0.000552
1.506990	0.045605	0.044952	0.000327
1.506435	0.045787	0.044856	0.000465
1.505879	0.045792	0.044527	0.000632
1.505324	0.046069	0.044965	0.000552
1.504770	0.045959	0.044832	0.000563
1.504216	0.045674	0.044763	0.000455
1.503663	0.045767	0.044400	0.000683
1.503110	0.045928	0.044579	0.000675
1.502558	0.046098	0.044787	0.000655
1.502006	0.045941	0.044808	0.000567
1.501454	0.045704	0.044494	0.000605
1.500904	0.045696	0.044413	0.000641
1.500353	0.045860	0.044601	0.000630
1.499803	0.046094	0.044518	0.000788
1.499254	0.046460	0.044808	0.000826
1.498705	0.046204	0.045041	0.000582
1.498157	0.045989	0.044801	0.000594
1.497609	0.046255	0.045013	0.000621
1.497062	0.046518	0.045123	0.000698
1.496515	0.046528	0.045212	0.000658
1.495969	0.046985	0.045349	0.000818
1.495423	0.046061	0.044913	0.000574
1.494878	0.046191	0.045030	0.000581
1.494333	0.046213	0.044967	0.000623
1.493789	0.046479	0.044845	0.000817
1.493245	0.045965	0.044990	0.000487
1.492702	0.046247	0.044892	0.000678
1.492159	0.046119	0.044761	0.000679
1.491617	0.046477	0.044821	0.000828
1.491075	0.046213	0.045047	0.000583
1.490533	0.045907	0.045020	0.000444
1.489993	0.045974	0.044509	0.000732
1.489452	0.045856	0.044668	0.000594
1.488912	0.046048	0.044735	0.000657
1.488373	0.046274	0.044981	0.000646
1.487834	0.046342	0.045109	0.000617
1.487296	0.046444	0.045037	0.000703
1.486758	0.046774	0.045396	0.000689
1.486221	0.047106	0.045377	0.000865
1.485684	0.046302	0.045476	0.000413
1.485147	0.046784	0.045183	0.000800
1.484611	0.046715	0.045499	0.000608
1.484076	0.047082	0.045487	0.000798
1.483541	0.046928	0.045485	0.000721
1.483007	0.046908	0.045621	0.000644
1.482473	0.046999	0.045949	0.000525
1.481939	0.046811	0.045775	0.000518
1.481406	0.046955	0.045984	0.000486
1.480874	0.047065	0.045501	0.000782
1.480341	0.047112	0.045640	0.000736
1.479810	0.047014	0.045703	0.000655
1.479279	0.047201	0.045837	0.000682
1.478748	0.047122	0.045753	0.000684
1.478218	0.047042	0.045704	0.000669
1.477688	0.046779	0.045635	0.000572
1.477159	0.046720	0.045297	0.000711
1.476631	0.046437	0.045205	0.000616
1.476102	0.046497	0.045429	0.000534
1.475575	0.046751	0.045024	0.000864
1.475047	0.046681	0.045066	0.000807
1.474521	0.046574	0.045392	0.000591
1.473994	0.046856	0.045449	0.000703
1.473469	0.047091	0.045503	0.000794
1.472943	0.047372	0.045963	0.000704
1.472418	0.047627	0.045749	0.000939
1.471894	0.047759	0.046117	0.000821
1.471370	0.047506	0.046087	0.000709
1.470846	0.047815	0.045879	0.000968
1.470323	0.048138	0.046743	0.000697
1.469801	0.048254	0.046778	0.000738
1.469279	0.047865	0.046566	0.000650
1.468757	0.047876	0.046018	0.000929
1.468236	0.047875	0.046482	0.000696
1.467716	0.048049	0.046925	0.000562
1.467195	0.047993	0.046755	0.000619
1.466676	0.047936	0.046657	0.000639
1.466156	0.047612	0.046477	0.000568
1.465638	0.047648	0.046079	0.000785
1.465119	0.047239	0.046210	0.000514
1.464601	0.047654	0.046421	0.000616
1.464084	0.047155	0.045980	0.000588
1.463567	0.047529	0.046211	0.000659
1.463051	0.047689	0.046160	0.000764
1.462535	0.047674	0.046207	0.000734
1.462019	0.047933	0.046666	0.000634
1.461504	0.048566	0.046477	0.001045
1.460989	0.047874	0.046280	0.000797
1.460475	0.047872	0.046580	0.000646
1.459962	0.048064	0.046067	0.000998
1.459448	0.048115	0.046730	0.000693
1.458936	0.048630	0.046891	0.000870
1.458423	0.048451	0.047309	0.000571
1.457911	0.049283	0.047285	0.000999
1.457400	0.049045	0.047470	0.000787
1.456889	0.049039	0.047628	0.000705
1.456379	0.049766	0.048068	0.000849
1.455869	0.049529	0.047632	0.000949
1.455359	0.049083	0.047665	0.000709
1.454850	0.048847	0.047352	0.000748
1.454341	0.048840	0.047669	0.000585
1.453833	0.049067	0.047609	0.000729
1.453325	0.049192	0.047554	0.000819
1.452818	0.049199	0.047450	0.000875
1.452311	0.049139	0.047491	0.000824
1.451805	0.049106	0.047336	0.000885
1.451299	0.049729	0.047551	0.001089
1.450793	0.049704	0.048066	0.000819
1.450288	0.049923	0.048504	0.000709
1.449783	0.050033	0.048354	0.000840
1.449279	0.049736	0.048200	0.000768
1.448775	0.049881	0.048297	0.000792
1.448272	0.049151	0.047918	0.000616
1.447769	0.049413	0.047903	0.000755
1.447267	0.049573	0.047485	0.001044
1.446765	0.048839	0.047281	0.000779
1.446263	0.049385	0.047573	0.000906
1.445762	0.048878	0.047639	0.000620
1.445262	0.049573	0.048021	0.000776
1.444762	0.048895	0.047370	0.000762
1.444262	0.049126	0.047948	0.000589
1.443763	0.048922	0.047277	0.000823
1.443264	0.048758	0.048072	0.000343
1.442765	0.049120	0.047920	0.000600
1.442267	0.049265	0.047119	0.001073
1.441770	0.049005	0.047774	0.000615
1.441273	0.049392	0.047915	0.000738
1.440776	0.048975	0.047836	0.000570
1.440280	0.048895	0.047541	0.000677
1.439784	0.049330	0.047664	0.000833
1.439289	0.049213	0.047168	0.001023
1.438794	0.048260	0.047149	0.000555
1.438299	0.048630	0.047500	0.000565
1.437805	0.048804	0.046992	0.000906
1.437312	0.049159	0.046799	0.001180
1.436819	0.049037	0.047490	0.000773
1.436326	0.048612	0.047353	0.000629
1.435834	0.049445	0.048084	0.000680
1.435342	0.049444	0.048012	0.000716
1.434850	0.049405	0.047499	0.000953
1.434359	0.049621	0.047838	0.000892
1.433869	0.049819	0.047950	0.000934
1.433379	0.049914	0.048066	0.000924
1.432889	0.049769	0.047791	0.000989
1.432400	0.049930	0.047651	0.001140
1.431911	0.050035	0.047795	0.001120
1.431422	0.050053	0.047853	0.001100
1.430934	0.049716	0.048021	0.000847
1.430447	0.049538	0.048215	0.000662
1.429960	0.049185	0.047379	0.000903
1.429473	0.049412	0.048357	0.000528
1.428987	0.049116	0.048097	0.000510
1.428501	0.049626	0.048106	0.000760
1.428015	0.049450	0.047587	0.000931
1.427530	0.049681	0.048388	0.000646
1.427046	0.050212	0.048063	0.001075
1.426561	0.049588	0.048603	0.000492
1.426078	0.049816	0.047935	0.000941
1.425594	0.049432	0.047975	0.000728
1.425111	0.048551	0.046876	0.000837
1.424629	0.048675	0.046796	0.000939
1.424147	0.048635	0.046816	0.000909
1.423665	0.048800	0.046682	0.001059
1.423184	0.048200	0.047080	0.000560
1.422703	0.048587	0.046922	0.000832
1.422223	0.048526	0.046803	0.000861
1.421743	0.048769	0.047565	0.000602
1.421263	0.049208	0.046904	0.001152
1.420784	0.048955	0.047207	0.000874
1.420306	0.048399	0.047199	0.000600
1.419827	0.048675	0.047117	0.000779
1.419349	0.048525	0.046916	0.000805
1.418872	0.048267	0.046395	0.000936
1.418395	0.047444	0.046327	0.000559
1.417918	0.047925	0.047037	0.000444
1.417442	0.048712	0.046647	0.001033
1.416966	0.048589	0.046822	0.000883
1.416491	0.048991	0.047139	0.000926
1.416016	0.048849	0.047303	0.000773
1.415541	0.048221	0.047311	0.000455
1.415067	0.048455	0.046842	0.000807
1.414593	0.047958	0.046470	0.000744
1.414120	0.048810	0.046790	0.001010
1.413647	0.048390	0.046818	0.000786
1.413174	0.047192	0.046225	0.000484
1.412702	0.048068	0.046254	0.000907
1.412231	0.047867	0.046462	0.000703
1.411759	0.048107	0.046324	0.000891
1.411288	0.048027	0.046507	0.000760
1.410818	0.048119	0.046666	0.000727
1.410348	0.047864	0.045756	0.001054
1.409878	0.047115	0.046878	0.000119
1.409409	0.047453	0.045592	0.000931
1.408940	0.047155	0.046110	0.000523
1.408472	0.047347	0.045554	0.000897
1.408004	0.047908	0.045477	0.001215
1.407536	0.047235	0.045832	0.000702
1.407069	0.047435	0.044919	0.001258
1.406602	0.047472	0.046131	0.000670
1.406135	0.046794	0.045217	0.000788
1.405669	0.047091	0.045202	0.000944
1.405204	0.046185	0.044578	0.000803
1.404738	0.046717	0.044793	0.000962
1.404274	0.046539	0.045386	0.000576
1.403809	0.046956	0.044849	0.001054
1.403345	0.047283	0.044496	0.001393
1.402882	0.047127	0.044437	0.001345
1.402418	0.046624	0.044978	0.000823
1.401955	0.046907	0.045000	0.000953
1.401493	0.047007	0.045560	0.000723
1.401031	0.046991	0.045338	0.000826
1.400569	0.046764	0.045443	0.000661
1.400108	0.047230	0.045066	0.001082
1.399647	0.047413	0.045097	0.001158
1.399187	0.046783	0.045145	0.000819
1.398727	0.047498	0.044856	0.001321
1.398267	0.046975	0.045742	0.000617
1.397808	0.047081	0.045721	0.000680
1.397349	0.046312	0.044865	0.000724
1.396890	0.046268	0.044924	0.000672
1.396432	0.045970	0.045197	0.000387
1.395974	0.046132	0.044460	0.000836
1.395517	0.045788	0.044434	0.000677
1.395060	0.045856	0.044500	0.000678
1.394604	0.045861	0.044649	0.000606
1.394147	0.045870	0.044867	0.000502
1.393692	0.045962	0.043802	0.001080
1.393236	0.045372	0.045010	0.000181
1.392781	0.044987	0.044088	0.000450
1.392327	0.045595	0.044274	0.000661
1.391873	0.045656	0.043796	0.000930
1.391419	0.045901	0.043992	0.000954
1.390965	0.044744	0.043527	0.000608
1.390512	0.045751	0.043422	0.001165
