6.542578	0.043138	0.043138	0.000000
6.529189	1043520046308321.625000	1043520046308321.625000	0.000000
6.515856	-5.260600	-11.317357	3.028378
6.502578	-15.846659	119.539819	-67.693239
6.489355	-9.212730	-23.828154	7.307712
6.476188	-22.255507	-4.933238	-8.661135
6.463075	-5.746661	-5.460642	-0.143010
6.450016	-6.028053	-5.348545	-0.339754
6.437011	-8.753276	-5.697952	-1.527662
6.424060	-7.310597	-12.278610	2.484006
6.411162	-4.296009	-4.032728	-0.131641
6.398317	-6.763778	-5.541767	-0.611006
6.385525	-5.972170	-7.789469	0.908649
6.372785	-3.824063	-5.054511	0.615224
6.360096	-4.568452	-8.153693	1.792620
6.347460	-4.286949	-7.314491	1.513771
6.334875	-7.480250	-7.968751	0.244250
6.322341	-4.780292	-4.393774	-0.193259
6.309857	-6.070635	-4.847476	-0.611579
6.297424	-4.729183	-4.092406	-0.318388
6.285042	-6.315430	-6.626698	0.155634
6.272709	-3.503037	-7.137534	1.817248
6.260425	-3.729682	-7.280743	1.775531
6.248191	-4.459697	-4.859451	0.199877
6.236005	-0.795442	-0.937439	0.070998
6.223868	-0.250036	-0.265554	0.007759
6.211780	-0.250127	-0.248389	-0.000869
6.199740	-0.247182	-0.252172	0.002495
6.187747	-0.231464	-0.245208	0.006872
6.175802	-0.238088	-0.260433	0.011172
6.163904	-0.233665	-0.240312	0.003323
6.152053	-0.243277	-0.262909	0.009816
6.140248	-0.231081	-0.224898	-0.003092
6.128490	-0.229120	-0.247483	0.009181
6.116778	-0.231553	-0.256559	0.012503
6.105112	-0.236427	-0.232344	-0.002042
6.093492	-0.246194	-0.244444	-0.000875
6.081916	-0.225963	-0.249462	0.011749
6.070386	-0.248372	-0.237265	-0.005553
6.058901	-0.221141	-0.253082	0.015970
6.047460	-0.220367	-0.240471	0.010052
6.036063	-0.243237	-0.237224	-0.003006
6.024710	-0.220112	-0.246537	0.013213
6.013401	-0.231310	-0.240983	0.004836
6.002135	-0.246390	-0.236175	-0.005107
5.990913	-0.226524	-0.241843	0.007660
5.979734	-0.224344	-0.237995	0.006825
5.968597	-0.235154	-0.237877	0.001362
5.957503	-0.224810	-0.236270	0.005730
5.946451	-0.218368	-0.259314	0.020473
5.935442	-0.233628	-0.254344	0.010358
5.924474	-0.226917	-0.235953	0.004518
5.913547	-0.213373	-0.239994	0.013311
5.902662	-0.236208	-0.248480	0.006136
5.891818	-0.238386	-0.240833	0.001223
5.881015	-0.222974	-0.227092	0.002059
5.870252	-0.197271	-0.236175	0.019452
5.859530	-0.210412	-0.240157	0.014873
5.848848	-0.229653	-0.229609	-0.000022
5.838205	-0.218213	-0.224652	0.003219
5.827603	-0.208486	-0.231718	0.011616
5.817040	-0.220382	-0.231499	0.005559
5.806516	-0.209883	-0.234012	0.012064
5.796031	-0.223974	-0.235136	0.005581
5.785586	-0.232987	-0.223163	-0.004912
5.775178	-0.227089	-0.233374	0.003142
5.764810	-0.192904	-0.235477	0.021287
5.754479	-0.226602	-0.235340	0.004369
5.744186	-0.210395	-0.236621	0.013113
5.733931	-0.218775	-0.238142	0.009684
5.723714	-0.223627	-0.246969	0.011671
5.713534	-0.224364	-0.235546	0.005591
5.703391	-0.205221	-0.244026	0.019403
5.693285	-0.220380	-0.235814	0.007717
5.683216	-0.221583	-0.226802	0.002610
5.673184	-0.218066	-0.226041	0.003988
5.663188	-0.201295	-0.221581	0.010143
5.653228	-0.202223	-0.212717	0.005247
5.643304	-0.187992	-0.205695	0.008851
5.633415	-0.189899	-0.206567	0.008334
5.623562	-0.197984	-0.203414	0.002715
5.613745	-0.162924	-0.182218	0.009647
5.603963	-0.178034	-0.167776	-0.005129
5.594216	-0.146064	-0.168899	0.011418
5.584504	-0.146402	-0.162355	0.007977
5.574826	-0.129336	-0.135980	0.003322
5.565183	-0.125557	-0.142214	0.008328
5.555574	-0.079333	-0.112306	0.016486
5.545999	-0.091818	-0.105884	0.007033
5.536458	-0.078341	-0.069308	-0.004517
5.526950	-0.068166	-0.076812	0.004323
5.517477	-0.069224	-0.058749	-0.005238
5.508036	-0.050673	-0.061005	0.005166
5.498629	-0.052574	-0.046602	-0.002986
5.489255	-0.035246	-0.040337	0.002545
5.479914	-0.028917	-0.024968	-0.001974
5.470605	-0.017405	-0.025535	0.004065
5.461329	-0.012111	-0.026549	0.007219
5.452085	-0.002907	-0.018140	0.007617
5.442874	0.004003	-0.005887	0.004945
5.433694	0.017502	-0.002960	0.010231
5.424546	0.011751	-0.001727	0.006739
5.415430	0.019412	0.006733	0.006340
5.406345	0.028252	0.019204	0.004524
5.397292	0.043477	0.018304	0.012586
5.388270	0.040444	0.029153	0.005646
5.379279	0.041670	0.041581	0.000045
5.370319	0.049632	0.040801	0.004415
5.361389	0.050642	0.039444	0.005599
5.352490	0.063764	0.056928	0.003418
5.343621	0.067992	0.051679	0.008156
5.334783	0.063069	0.058076	0.002497
5.325975	0.068902	0.065436	0.001733
5.317196	0.076583	0.067322	0.004631
5.308448	0.079837	0.072959	0.003439
5.299729	0.080140	0.075463	0.002339
5.291039	0.088957	0.081177	0.003890
5.282379	0.088470	0.082479	0.002996
5.273748	0.101288	0.082386	0.009451
5.265146	0.105176	0.095542	0.004817
5.256573	0.104684	0.092113	0.006286
5.248029	0.104486	0.103336	0.000575
5.239513	0.112935	0.104860	0.004038
5.231026	0.119870	0.108638	0.005616
5.222567	0.122470	0.111313	0.005579
5.214136	0.124929	0.118000	0.003464
5.205733	0.125610	0.117018	0.004296
5.197358	0.125220	0.116400	0.004410
5.189011	0.127653	0.126879	0.000387
5.180691	0.127046	0.130337	-0.001645
5.172399	0.137763	0.129158	0.004303
5.164135	0.132647	0.129323	0.001662
5.155897	0.142135	0.132920	0.004608
5.147687	0.140899	0.135767	0.002566
5.139503	0.142099	0.133833	0.004133
5.131346	0.142198	0.141104	0.000547
5.123216	0.144150	0.143662	0.000244
5.115113	0.145951	0.142485	0.001733
5.107036	0.147051	0.144476	0.001287
5.098985	0.150895	0.144874	0.003011
5.090960	0.151955	0.147615	0.002170
5.082962	0.152472	0.150192	0.001140
5.074989	0.153339	0.146021	0.003659
5.067042	0.152586	0.149721	0.001432
5.059121	0.152132	0.150907	0.000612
5.051225	0.153892	0.149254	0.002319
5.043355	0.153932	0.151119	0.001406
5.035510	0.156567	0.152437	0.002065
5.027690	0.153107	0.156539	-0.001716
5.019895	0.158554	0.154890	0.001832
5.012126	0.157457	0.158693	-0.000618
5.004381	0.159196	0.155065	0.002066
4.996660	0.158195	0.156535	0.000830
4.988964	0.158604	0.158056	0.000274
4.981293	0.157350	0.158816	-0.000733
4.973646	0.162358	0.157908	0.002225
4.966023	0.161511	0.158284	0.001613
4.958425	0.159709	0.155941	0.001884
4.950850	0.159357	0.158988	0.000184
4.943299	0.160186	0.158821	0.000682
4.935772	0.159095	0.157196	0.000950
4.928269	0.159639	0.158567	0.000536
4.920789	0.157836	0.158232	-0.000198
4.913333	0.158223	0.159041	-0.000409
4.905900	0.158381	0.156422	0.000979
4.898490	0.159196	0.154676	0.002260
4.891103	0.158909	0.155294	0.001807
4.883739	0.156784	0.157651	-0.000433
4.876399	0.155239	0.156301	-0.000531
4.869081	0.157377	0.156585	0.000396
4.861785	0.155951	0.156331	-0.000190
4.854512	0.156011	0.155178	0.000417
4.847262	0.156565	0.155709	0.000428
4.840034	0.153396	0.153327	0.000034
4.832829	0.153585	0.152041	0.000772
4.825645	0.153312	0.152237	0.000537
4.818484	0.151233	0.152913	-0.000840
4.811344	0.150425	0.149836	0.000294
4.804227	0.151379	0.150205	0.000587
4.797131	0.149073	0.147563	0.000755
4.790057	0.145725	0.145346	0.000189
4.783004	0.146067	0.145262	0.000403
4.775973	0.145174	0.145988	-0.000407
4.768963	0.144358	0.144483	-0.000063
4.761974	0.141527	0.143063	-0.000768
4.755007	0.140409	0.142000	-0.000796
4.748061	0.139667	0.140353	-0.000343
4.741136	0.140218	0.139919	0.000150
4.734231	0.138132	0.140059	-0.000963
4.727348	0.136933	0.138374	-0.000721
4.720485	0.136544	0.138027	-0.000741
4.713642	0.133639	0.136609	-0.001485
4.706821	0.133955	0.134653	-0.000349
4.700019	0.132943	0.133907	-0.000482
4.693238	0.132414	0.131847	0.000284
4.686478	0.130065	0.131498	-0.000717
4.679737	0.130259	0.132154	-0.000947
4.673016	0.127663	0.129778	-0.001057
4.666316	0.127071	0.129058	-0.000994
4.659635	0.127336	0.128539	-0.000601
4.652974	0.126920	0.128386	-0.000733
4.646333	0.125328	0.127285	-0.000979
4.639711	0.124065	0.126814	-0.001375
4.633109	0.123275	0.125148	-0.000937
4.626527	0.120874	0.124369	-0.001747
4.619963	0.121199	0.123256	-0.001029
4.613420	0.119425	0.121265	-0.000920
4.606895	0.117858	0.120492	-0.001317
4.600389	0.116176	0.119188	-0.001506
4.593902	0.115595	0.117737	-0.001071
4.587435	0.115042	0.117259	-0.001108
4.580986	0.114034	0.116248	-0.001107
4.574556	0.113032	0.116856	-0.001912
4.568145	0.111381	0.114396	-0.001507
4.561752	0.111336	0.113812	-0.001238
4.555378	0.110857	0.114460	-0.001802
4.549022	0.109704	0.113327	-0.001812
4.542685	0.108469	0.110748	-0.001140
4.536365	0.107782	0.110913	-0.001566
4.530065	0.106849	0.109783	-0.001467
4.523782	0.105424	0.108423	-0.001499
4.517517	0.104371	0.107632	-0.001631
4.511271	0.102561	0.106214	-0.001827
4.505042	0.102360	0.105079	-0.001359
4.498831	0.100414	0.103759	-0.001672
4.492638	0.100043	0.103322	-0.001639
4.486462	0.097736	0.102672	-0.002468
4.480304	0.096717	0.100679	-0.001981
4.474164	0.096049	0.099579	-0.001765
4.468041	0.095192	0.097742	-0.001275
4.461935	0.093184	0.096831	-0.001823
4.455847	0.091980	0.094921	-0.001470
4.449776	0.090337	0.093889	-0.001776
4.443722	0.089010	0.092984	-0.001987
4.437686	0.088035	0.091043	-0.001504
4.431666	0.086274	0.091394	-0.002560
4.425663	0.085566	0.088970	-0.001702
4.419677	0.084418	0.088163	-0.001872
4.413708	0.083782	0.087108	-0.001663
4.407755	0.082166	0.086584	-0.002209
4.401820	0.082241	0.085514	-0.001637
4.395901	0.080358	0.084749	-0.002196
4.389998	0.079933	0.084302	-0.002185
4.384112	0.079229	0.082983	-0.001877
4.378242	0.077850	0.082571	-0.002360
4.372389	0.077460	0.081387	-0.001963
4.366551	0.074699	0.079822	-0.002562
4.360730	0.074773	0.079057	-0.002142
4.354925	0.073729	0.078295	-0.002283
4.349136	0.072789	0.077727	-0.002469
4.343364	0.072104	0.076178	-0.002037
4.337607	0.070279	0.075378	-0.002549
4.331865	0.069341	0.074295	-0.002477
4.326140	0.068512	0.073799	-0.002644
4.320430	0.068621	0.073497	-0.002438
4.314736	0.067900	0.072216	-0.002158
4.309058	0.067699	0.072527	-0.002414
4.303395	0.066664	0.072193	-0.002765
4.297748	0.066610	0.071913	-0.002651
4.292116	0.065934	0.071513	-0.002789
4.286499	0.066454	0.071878	-0.002712
4.280898	0.064823	0.070471	-0.002824
4.275312	0.065101	0.070198	-0.002548
4.269741	0.063340	0.069275	-0.002967
4.264185	0.063044	0.069574	-0.003265
4.258644	0.062444	0.067872	-0.002714
4.253118	0.061874	0.068079	-0.003102
4.247607	0.060943	0.066546	-0.002802
4.242111	0.060046	0.066762	-0.003358
4.236629	0.059548	0.065762	-0.003107
4.231163	0.059065	0.064438	-0.002686
4.225711	0.058686	0.064667	-0.002991
4.220274	0.057750	0.063951	-0.003100
4.214851	0.056786	0.062936	-0.003075
4.209442	0.056567	0.062423	-0.002928
4.204049	0.055477	0.062334	-0.003428
4.198669	0.054451	0.061393	-0.003471
4.193304	0.054092	0.060641	-0.003274
4.187953	0.053523	0.060259	-0.003368
4.182616	0.053092	0.060226	-0.003567
4.177294	0.051704	0.058695	-0.003496
4.171985	0.051764	0.058569	-0.003402
4.166691	0.050427	0.058417	-0.003995
4.161411	0.050254	0.057179	-0.003462
4.156144	0.049784	0.057094	-0.003655
4.150892	0.048856	0.055785	-0.003465
4.145653	0.048546	0.055744	-0.003599
4.140428	0.047729	0.054785	-0.003528
4.135217	0.046923	0.054823	-0.003950
4.130019	0.046047	0.053770	-0.003861
4.124835	0.045553	0.054068	-0.004257
4.119665	0.044332	0.053003	-0.004336
4.114508	0.044516	0.052329	-0.003907
4.109364	0.043964	0.051723	-0.003880
4.104234	0.043425	0.051041	-0.003808
4.099117	0.042503	0.051258	-0.004377
4.094014	0.041805	0.049433	-0.003814
4.088924	0.041378	0.049393	-0.004008
4.083846	0.040282	0.049482	-0.004600
4.078783	0.039961	0.048660	-0.004350
4.073732	0.039545	0.048122	-0.004289
4.068694	0.039333	0.047839	-0.004253
4.063669	0.038850	0.047859	-0.004504
4.058657	0.038042	0.046994	-0.004476
4.053658	0.037868	0.047024	-0.004578
4.048672	0.037373	0.046804	-0.004715
4.043699	0.037274	0.046235	-0.004481
4.038738	0.037038	0.046383	-0.004672
4.033790	0.036480	0.046343	-0.004932
4.028855	0.036243	0.045680	-0.004719
4.023933	0.035981	0.045504	-0.004761
4.019022	0.034982	0.045000	-0.005009
4.014125	0.034963	0.044737	-0.004887
4.009240	0.034884	0.044851	-0.004984
4.004367	0.034607	0.044210	-0.004802
3.999506	0.033939	0.043379	-0.004720
3.994658	0.033175	0.043528	-0.005176
3.989823	0.032870	0.043018	-0.005074
3.984999	0.032319	0.042428	-0.005055
3.980187	0.031372	0.042026	-0.005327
3.975388	0.031520	0.042008	-0.005244
3.970601	0.031254	0.041285	-0.005016
3.965826	0.030710	0.041533	-0.005412
3.961063	0.030595	0.041367	-0.005386
3.956311	0.030359	0.040428	-0.005034
3.951572	0.029421	0.040845	-0.005712
3.946844	0.029766	0.040638	-0.005436
3.942129	0.029515	0.040099	-0.005292
3.937425	0.029000	0.040065	-0.005533
3.932733	0.029256	0.040583	-0.005664
3.928052	0.028743	0.039845	-0.005551
3.923383	0.028452	0.039327	-0.005437
3.918726	0.028037	0.038958	-0.005460
3.914080	0.027928	0.039148	-0.005610
3.909446	0.027640	0.038839	-0.005600
3.904823	0.027130	0.038833	-0.005851
3.900212	0.027041	0.038473	-0.005716
3.895612	0.026419	0.037714	-0.005648
3.891023	0.025885	0.037715	-0.005915
3.886446	0.026196	0.037322	-0.005563
3.881880	0.025836	0.037334	-0.005749
3.877325	0.025491	0.036999	-0.005754
3.872781	0.025451	0.036718	-0.005634
3.868249	0.024794	0.036569	-0.005888
3.863727	0.024757	0.036263	-0.005753
3.859217	0.024747	0.036280	-0.005767
3.854718	0.023958	0.035729	-0.005886
3.850229	0.023867	0.035704	-0.005919
3.845752	0.023669	0.035242	-0.005786
3.841285	0.023372	0.035371	-0.005999
3.836829	0.023106	0.035168	-0.006031
3.832384	0.023298	0.035051	-0.005876
3.827950	0.022603	0.034522	-0.005960
3.823527	0.022621	0.034387	-0.005883
3.819114	0.022578	0.033875	-0.005649
3.814712	0.022026	0.034013	-0.005994
3.810321	0.022306	0.033892	-0.005793
3.805940	0.022075	0.033842	-0.005884
3.801570	0.021324	0.033306	-0.005991
3.797210	0.021045	0.033223	-0.006089
3.792860	0.020983	0.033100	-0.006058
3.788522	0.021157	0.032961	-0.005902
3.784193	0.020801	0.033057	-0.006128
3.779875	0.021009	0.032844	-0.005918
3.775567	0.021004	0.032754	-0.005875
3.771269	0.020386	0.032623	-0.006119
3.766982	0.020136	0.032283	-0.006074
3.762705	0.020118	0.031922	-0.005902
3.758438	0.020036	0.032073	-0.006019
3.754181	0.020002	0.031948	-0.005973
3.749935	0.019786	0.031569	-0.005892
3.745698	0.019162	0.031709	-0.006274
3.741472	0.019235	0.031633	-0.006199
3.737255	0.019306	0.031847	-0.006270
3.733048	0.019440	0.031171	-0.005865
3.728852	0.019654	0.031630	-0.005988
3.724665	0.019435	0.031173	-0.005869
3.720488	0.019187	0.031053	-0.005933
3.716321	0.018776	0.030620	-0.005922
3.712163	0.018624	0.030305	-0.005840
3.708016	0.018410	0.030678	-0.006134
3.703878	0.018148	0.030241	-0.006046
3.699750	0.018087	0.030078	-0.005995
3.695631	0.018006	0.030253	-0.006124
3.691522	0.017845	0.030179	-0.006167
3.687423	0.017425	0.030107	-0.006341
3.683333	0.017553	0.029557	-0.006002
3.679253	0.018031	0.029803	-0.005886
3.675182	0.017399	0.029820	-0.006210
3.671120	0.017272	0.029189	-0.005959
3.667069	0.017013	0.029611	-0.006299
3.663026	0.017666	0.029231	-0.005782
3.658993	0.017222	0.029741	-0.006260
3.654969	0.017270	0.030078	-0.006404
3.650954	0.017290	0.029453	-0.006082
3.646949	0.016578	0.029148	-0.006285
3.642953	0.016282	0.028682	-0.006200
3.638966	0.016040	0.028450	-0.006205
3.634988	0.015395	0.028223	-0.006414
3.631020	0.015334	0.028105	-0.006386
3.627060	0.015101	0.027986	-0.006443
3.623110	0.014990	0.027560	-0.006285
3.619168	0.015114	0.027763	-0.006324
3.615236	0.015741	0.028111	-0.006185
3.611312	0.015572	0.028473	-0.006450
3.607398	0.015883	0.028544	-0.006331
3.603492	0.015497	0.028162	-0.006333
3.599596	0.015416	0.028321	-0.006452
3.595708	0.015021	0.028183	-0.006581
3.591829	0.015399	0.027925	-0.006263
3.587959	0.015223	0.028137	-0.006457
3.584097	0.014864	0.028038	-0.006587
3.580244	0.014491	0.027585	-0.006547
3.576400	0.014348	0.027295	-0.006474
3.572565	0.014757	0.027767	-0.006505
3.568738	0.014423	0.027776	-0.006677
3.564920	0.014528	0.027563	-0.006517
3.561111	0.014204	0.027561	-0.006679
3.557310	0.014197	0.027715	-0.006759
3.553517	0.013762	0.027591	-0.006915
3.549734	0.014124	0.027730	-0.006803
3.545958	0.013910	0.027371	-0.006731
3.542191	0.013895	0.027542	-0.006823
3.538433	0.014122	0.027300	-0.006589
3.534683	0.013826	0.027198	-0.006686
3.530941	0.013575	0.027256	-0.006841
3.527207	0.013426	0.027362	-0.006968
3.523482	0.013441	0.027110	-0.006835
3.519765	0.013367	0.026895	-0.006764
3.516057	0.013193	0.026718	-0.006762
3.512356	0.013124	0.027087	-0.006982
3.508664	0.013163	0.026714	-0.006775
3.504980	0.012603	0.026634	-0.007016
3.501304	0.012659	0.026403	-0.006872
3.497636	0.012652	0.026016	-0.006682
3.493977	0.012217	0.026329	-0.007056
3.490325	0.012422	0.026218	-0.006898
3.486682	0.012180	0.025818	-0.006819
3.483046	0.012293	0.026388	-0.007048
3.479419	0.012205	0.026551	-0.007173
3.475799	0.012277	0.025859	-0.006791
3.472187	0.012114	0.026425	-0.007155
3.468583	0.011992	0.026536	-0.007272
3.464988	0.012233	0.026464	-0.007115
3.461400	0.012270	0.026610	-0.007170
3.457819	0.012776	0.026886	-0.007055
3.454247	0.012551	0.026719	-0.007084
3.450682	0.012227	0.026899	-0.007336
3.447125	0.012553	0.026711	-0.007079
3.443576	0.012199	0.026790	-0.007295
3.440035	0.012254	0.026743	-0.007245
3.436501	0.012209	0.026942	-0.007366
3.432975	0.012001	0.027023	-0.007511
3.429457	0.012212	0.026685	-0.007236
3.425946	0.012180	0.026535	-0.007177
3.422442	0.011554	0.026708	-0.007577
3.418947	0.011560	0.026484	-0.007462
3.415459	0.011471	0.026062	-0.007296
3.411978	0.010950	0.025869	-0.007459
3.408505	0.011292	0.025945	-0.007327
3.405039	0.010802	0.026260	-0.007729
3.401581	0.011108	0.026374	-0.007633
3.398130	0.011006	0.026326	-0.007660
3.394686	0.011037	0.026670	-0.007816
3.391250	0.011373	0.026468	-0.007547
3.387821	0.011408	0.026614	-0.007603
3.384400	0.011095	0.026576	-0.007741
3.380986	0.011259	0.026362	-0.007551
3.377579	0.011522	0.026581	-0.007530
3.374179	0.011541	0.026806	-0.007633
3.370787	0.011376	0.026866	-0.007745
3.367401	0.011493	0.026821	-0.007664
3.364023	0.011341	0.027136	-0.007897
3.360652	0.011112	0.026538	-0.007713
3.357289	0.010910	0.026459	-0.007775
3.353932	0.010837	0.026715	-0.007939
3.350582	0.010459	0.026248	-0.007894
3.347240	0.010711	0.025958	-0.007624
3.343904	0.009933	0.025705	-0.007886
3.340576	0.010172	0.025891	-0.007859
3.337255	0.010160	0.025290	-0.007565
3.333940	0.009633	0.025459	-0.007913
3.330633	0.009600	0.025487	-0.007944
3.327332	0.009740	0.025282	-0.007771
3.324038	0.009521	0.025094	-0.007787
3.320752	0.008994	0.025052	-0.008029
3.317472	0.009493	0.025720	-0.008114
3.314199	0.009727	0.025982	-0.008127
3.310933	0.009462	0.025482	-0.008010
3.307673	0.009769	0.025755	-0.007993
3.304421	0.009839	0.026208	-0.008184
3.301175	0.009994	0.026384	-0.008195
3.297936	0.009925	0.025989	-0.008032
3.294703	0.010009	0.026159	-0.008075
3.291478	0.009875	0.026397	-0.008261
3.288259	0.010242	0.026650	-0.008204
3.285046	0.010219	0.026039	-0.007910
3.281841	0.009903	0.026207	-0.008152
3.278642	0.010117	0.026186	-0.008034
3.275449	0.009546	0.026016	-0.008235
3.272263	0.009651	0.026541	-0.008445
3.269084	0.009408	0.026186	-0.008389
3.265911	0.009106	0.025779	-0.008337
3.262745	0.009121	0.025540	-0.008210
3.259585	0.008672	0.025497	-0.008413
3.256432	0.008755	0.025389	-0.008317
3.253285	0.008231	0.025290	-0.008530
3.250145	0.008651	0.025089	-0.008219
3.247011	0.008867	0.025626	-0.008380
3.243883	0.008909	0.025399	-0.008245
3.240762	0.008970	0.025663	-0.008346
3.237647	0.009019	0.025646	-0.008314
3.234539	0.009172	0.026159	-0.008494
3.231437	0.009065	0.026270	-0.008602
3.228341	0.009344	0.026299	-0.008477
3.225251	0.009209	0.026226	-0.008509
3.222168	0.009316	0.026035	-0.008359
3.219091	0.009337	0.026514	-0.008589
3.216020	0.009471	0.025815	-0.008172
3.212956	0.008993	0.026177	-0.008592
3.209897	0.008749	0.026112	-0.008681
3.206845	0.009503	0.026008	-0.008252
3.203799	0.009272	0.026008	-0.008368
3.200759	0.008896	0.025913	-0.008509
3.197725	0.008890	0.026055	-0.008582
3.194697	0.008938	0.026286	-0.008674
3.191676	0.008942	0.026016	-0.008537
3.188660	0.008977	0.025363	-0.008193
3.185651	0.008592	0.025344	-0.008376
3.182647	0.008737	0.025689	-0.008476
3.179650	0.008555	0.025656	-0.008550
3.176658	0.008099	0.025246	-0.008573
3.173673	0.008280	0.025265	-0.008493
3.170693	0.008489	0.025243	-0.008377
3.167720	0.008594	0.024773	-0.008090
3.164752	0.008422	0.025620	-0.008599
3.161790	0.009062	0.025925	-0.008431
3.158834	0.008958	0.026268	-0.008655
3.155884	0.009032	0.025926	-0.008447
3.152940	0.009328	0.025996	-0.008334
3.150001	0.008950	0.026096	-0.008573
3.147069	0.008738	0.025730	-0.008496
3.144142	0.008998	0.025743	-0.008372
3.141221	0.008672	0.025370	-0.008349
3.138306	0.009117	0.025458	-0.008170
3.135396	0.008367	0.025346	-0.008490
3.132493	0.008284	0.024853	-0.008285
3.129595	0.008593	0.024695	-0.008051
3.126702	0.008173	0.024915	-0.008371
3.123816	0.008230	0.024569	-0.008169
3.120935	0.008446	0.025167	-0.008360
3.118059	0.007924	0.025273	-0.008674
3.115190	0.008723	0.025641	-0.008459
3.112326	0.009010	0.025517	-0.008254
3.109467	0.008930	0.025893	-0.008481
3.106614	0.008815	0.025731	-0.008458
3.103767	0.008954	0.025698	-0.008372
3.100925	0.008848	0.025593	-0.008373
3.098089	0.009297	0.025417	-0.008060
3.095258	0.009072	0.025630	-0.008279
3.092433	0.009013	0.025609	-0.008298
3.089613	0.009190	0.025691	-0.008250
3.086799	0.009040	0.025744	-0.008352
3.083990	0.009015	0.025803	-0.008394
3.081187	0.009255	0.025357	-0.008051
3.078389	0.009412	0.025398	-0.007993
3.075596	0.009157	0.025784	-0.008313
3.072809	0.009388	0.025509	-0.008060
3.070027	0.009228	0.025449	-0.008110
3.067251	0.009000	0.025795	-0.008398
3.064480	0.009453	0.025509	-0.008028
3.061714	0.009378	0.025646	-0.008134
3.058954	0.009503	0.025383	-0.007940
3.056199	0.009278	0.025639	-0.008180
3.053449	0.009227	0.025167	-0.007970
3.050704	0.009096	0.025016	-0.007960
3.047965	0.008975	0.024991	-0.008008
3.045231	0.008772	0.024844	-0.008036
3.042502	0.008545	0.024856	-0.008156
3.039779	0.009073	0.025056	-0.007992
3.037060	0.009134	0.025115	-0.007991
3.034347	0.009200	0.025321	-0.008060
3.031639	0.009040	0.024845	-0.007902
3.028936	0.009164	0.025185	-0.008011
3.026238	0.008908	0.025400	-0.008246
3.023545	0.009525	0.025361	-0.007918
3.020858	0.008933	0.024770	-0.007919
3.018175	0.009309	0.024988	-0.007839
3.015498	0.009284	0.024936	-0.007826
3.012826	0.009510	0.025215	-0.007852
3.010158	0.009269	0.025245	-0.007988
3.007496	0.009431	0.024865	-0.007717
3.004839	0.009142	0.024854	-0.007856
3.002187	0.008947	0.024636	-0.007845
2.999540	0.009266	0.024652	-0.007693
2.996897	0.009027	0.024586	-0.007780
2.994260	0.009346	0.025101	-0.007878
2.991628	0.009055	0.024483	-0.007714
2.989000	0.008538	0.024440	-0.007951
2.986378	0.008916	0.024082	-0.007583
2.983760	0.008580	0.024447	-0.007934
2.981148	0.008293	0.023943	-0.007825
2.978540	0.008940	0.024222	-0.007641
2.975937	0.008870	0.024185	-0.007657
2.973339	0.008878	0.024114	-0.007618
2.970746	0.009028	0.023594	-0.007283
2.968158	0.009103	0.024028	-0.007463
2.965574	0.008950	0.024035	-0.007543
2.962995	0.009535	0.024397	-0.007431
2.960421	0.009150	0.024686	-0.007768
2.957852	0.009558	0.024344	-0.007393
2.955288	0.009539	0.024413	-0.007437
2.952728	0.009672	0.024355	-0.007342
2.950173	0.009369	0.024597	-0.007614
2.947623	0.009946	0.025119	-0.007586
2.945078	0.010606	0.025172	-0.007283
2.942537	0.010658	0.025691	-0.007516
2.940001	0.010428	0.025634	-0.007603
2.937469	0.010647	0.025555	-0.007454
2.934943	0.010585	0.025497	-0.007456
2.932421	0.010495	0.025550	-0.007527
2.929903	0.010504	0.025614	-0.007555
2.927390	0.010597	0.025215	-0.007309
2.924882	0.010473	0.025398	-0.007463
2.922378	0.010482	0.025092	-0.007305
2.919879	0.010224	0.025105	-0.007440
2.917385	0.010177	0.025084	-0.007453
2.914895	0.010292	0.024659	-0.007183
2.912410	0.009763	0.024683	-0.007460
2.909929	0.009897	0.024610	-0.007356
2.907453	0.009875	0.024554	-0.007339
2.904981	0.010220	0.024534	-0.007157
2.902513	0.010135	0.024270	-0.007068
2.900051	0.009970	0.024383	-0.007206
2.897592	0.009760	0.024497	-0.007369
2.895138	0.010200	0.024508	-0.007154
2.892689	0.010465	0.024648	-0.007092
2.890244	0.010339	0.024582	-0.007121
2.887803	0.010452	0.024688	-0.007118
2.885367	0.010620	0.024597	-0.006989
2.882936	0.010570	0.024733	-0.007081
2.880508	0.010512	0.025055	-0.007271
2.878085	0.010520	0.024848	-0.007164
2.875667	0.010392	0.024617	-0.007112
2.873252	0.010071	0.024375	-0.007152
2.870842	0.010083	0.024361	-0.007139
2.868437	0.010043	0.024089	-0.007023
2.866036	0.010186	0.024372	-0.007093
2.863639	0.010563	0.024592	-0.007014
2.861246	0.010826	0.024541	-0.006858
2.858858	0.010884	0.025115	-0.007115
2.856474	0.011217	0.025166	-0.006974
2.854094	0.011339	0.025510	-0.007086
2.851718	0.011634	0.025272	-0.006819
2.849347	0.011720	0.025731	-0.007005
2.846980	0.011755	0.025757	-0.007001
2.844617	0.012174	0.025787	-0.006806
2.842258	0.012362	0.026173	-0.006906
2.839904	0.012618	0.026384	-0.006883
2.837553	0.012663	0.026433	-0.006885
2.835207	0.012983	0.026623	-0.006820
2.832865	0.013025	0.026750	-0.006863
2.830528	0.013309	0.026982	-0.006837
2.828194	0.013788	0.027060	-0.006636
2.825864	0.013684	0.027218	-0.006767
2.823539	0.013712	0.027322	-0.006805
2.821218	0.013848	0.027438	-0.006795
2.818901	0.013884	0.027361	-0.006738
2.816587	0.014039	0.027477	-0.006719
2.814278	0.013986	0.027278	-0.006646
2.811973	0.014034	0.027194	-0.006580
2.809673	0.014152	0.027337	-0.006593
2.807376	0.014065	0.027163	-0.006549
2.805083	0.014021	0.027184	-0.006582
2.802794	0.014070	0.027014	-0.006472
2.800509	0.013868	0.026779	-0.006455
2.798228	0.013828	0.026856	-0.006514
2.795952	0.013623	0.026487	-0.006432
2.793679	0.013432	0.026321	-0.006445
2.791410	0.012943	0.025909	-0.006483
2.789145	0.012707	0.025529	-0.006411
2.786884	0.012586	0.025402	-0.006408
2.784627	0.012234	0.025000	-0.006383
2.782374	0.012153	0.024830	-0.006338
2.780125	0.011920	0.024569	-0.006325
2.777880	0.011683	0.024022	-0.006169
2.775638	0.011344	0.023965	-0.006310
2.773401	0.011262	0.023813	-0.006276
2.771167	0.011413	0.023873	-0.006230
2.768938	0.011439	0.023783	-0.006172
2.766712	0.011344	0.023912	-0.006284
2.764490	0.011584	0.023964	-0.006190
2.762272	0.011683	0.024105	-0.006211
2.760058	0.011910	0.024177	-0.006134
2.757847	0.012076	0.024323	-0.006124
2.755640	0.012354	0.024475	-0.006060
2.753437	0.012646	0.024752	-0.006053
2.751238	0.012899	0.024861	-0.005981
2.749043	0.013027	0.025111	-0.006042
2.746852	0.013111	0.025125	-0.006007
2.744664	0.013340	0.025241	-0.005950
2.742480	0.013518	0.025359	-0.005920
2.740300	0.013619	0.025318	-0.005849
2.738123	0.013721	0.025309	-0.005794
2.735950	0.013772	0.025374	-0.005801
2.733781	0.013853	0.025355	-0.005751
2.731616	0.013897	0.025331	-0.005717
2.729454	0.014125	0.025489	-0.005682
2.727296	0.014006	0.025401	-0.005698
2.725142	0.013849	0.025188	-0.005669
2.722991	0.014006	0.025156	-0.005575
2.720844	0.014045	0.025272	-0.005614
2.718701	0.014003	0.025187	-0.005592
2.716561	0.014242	0.025182	-0.005470
2.714425	0.014039	0.025092	-0.005526
2.712293	0.014267	0.025037	-0.005385
2.710164	0.014245	0.025074	-0.005414
2.708039	0.014357	0.025159	-0.005401
2.705917	0.014322	0.025110	-0.005394
2.703799	0.014385	0.025083	-0.005349
2.701685	0.014522	0.025002	-0.005240
2.699574	0.014387	0.024813	-0.005213
2.697466	0.014310	0.024703	-0.005196
2.695363	0.014203	0.024696	-0.005246
2.693262	0.014448	0.024708	-0.005130
2.691166	0.014532	0.024752	-0.005110
2.689072	0.014580	0.024765	-0.005093
2.686983	0.014732	0.024884	-0.005076
2.684897	0.014845	0.024874	-0.005015
2.682814	0.014915	0.024798	-0.004942
2.680735	0.014883	0.024778	-0.004948
2.678659	0.014983	0.024776	-0.004896
2.676587	0.014941	0.024537	-0.004798
2.674518	0.015173	0.024790	-0.004809
2.672453	0.015269	0.024741	-0.004736
2.670391	0.015278	0.024787	-0.004754
2.668333	0.015331	0.024857	-0.004763
2.666278	0.015437	0.024774	-0.004669
2.664226	0.015497	0.024853	-0.004678
2.662178	0.015656	0.024924	-0.004634
2.660133	0.015790	0.024847	-0.004529
2.658092	0.015845	0.024781	-0.004468
2.656054	0.015714	0.024842	-0.004564
2.654019	0.015845	0.024700	-0.004428
2.651988	0.016117	0.024896	-0.004389
2.649960	0.016047	0.024811	-0.004382
2.647936	0.015962	0.024567	-0.004303
2.645915	0.016266	0.024711	-0.004223
2.643897	0.016423	0.024831	-0.004204
2.641882	0.016442	0.024708	-0.004133
2.639871	0.016372	0.024686	-0.004157
2.637863	0.016524	0.024646	-0.004061
2.635859	0.016600	0.024745	-0.004072
2.633857	0.016669	0.024818	-0.004074
2.631859	0.016708	0.024738	-0.004015
2.629865	0.016728	0.024784	-0.004028
2.627873	0.016928	0.024731	-0.003901
2.625885	0.017086	0.024859	-0.003887
2.623900	0.017135	0.024708	-0.003786
2.621919	0.017170	0.024602	-0.003716
2.619940	0.017213	0.024623	-0.003705
2.617965	0.017155	0.024532	-0.003689
2.615993	0.017111	0.024464	-0.003677
2.614025	0.017268	0.024556	-0.003644
2.612059	0.017554	0.024704	-0.003575
2.610097	0.017620	0.024694	-0.003537
2.608138	0.017750	0.024652	-0.003451
2.606182	0.017683	0.024547	-0.003432
2.604229	0.017816	0.024577	-0.003381
2.602280	0.017778	0.024420	-0.003321
2.600333	0.017918	0.024515	-0.003298
2.598390	0.017995	0.024638	-0.003322
2.596450	0.018061	0.024567	-0.003253
2.594513	0.018277	0.024700	-0.003211
2.592579	0.018323	0.024657	-0.003167
2.590648	0.018431	0.024743	-0.003156
2.588721	0.018569	0.024648	-0.003040
2.586796	0.018541	0.024674	-0.003066
2.584875	0.018554	0.024484	-0.002965
2.582957	0.018703	0.024668	-0.002983
2.581042	0.018804	0.024581	-0.002888
2.579130	0.018945	0.024660	-0.002858
2.577221	0.019010	0.024618	-0.002804
2.575315	0.019046	0.024570	-0.002762
2.573412	0.019161	0.024545	-0.002692
2.571512	0.019180	0.024500	-0.002660
2.569615	0.019208	0.024468	-0.002630
2.567722	0.019198	0.024369	-0.002585
2.565831	0.019305	0.024408	-0.002552
2.563943	0.019502	0.024539	-0.002519
2.562058	0.019689	0.024627	-0.002469
2.560177	0.019765	0.024545	-0.002390
2.558298	0.019764	0.024492	-0.002364
2.556423	0.019771	0.024442	-0.002336
2.554550	0.019736	0.024282	-0.002273
2.552680	0.019876	0.024341	-0.002232
2.550813	0.019980	0.024358	-0.002189
2.548950	0.020069	0.024398	-0.002165
2.547089	0.020068	0.024335	-0.002134
2.545231	0.020091	0.024295	-0.002102
2.543376	0.020125	0.024248	-0.002061
2.541524	0.020054	0.024076	-0.002011
2.539675	0.020168	0.024096	-0.001964
2.537829	0.020367	0.024202	-0.001917
2.535986	0.020531	0.024254	-0.001862
2.534146	0.020657	0.024270	-0.001807
2.532308	0.020710	0.024307	-0.001798
2.530474	0.020752	0.024321	-0.001785
2.528642	0.020841	0.024220	-0.001690
2.526814	0.020870	0.024244	-0.001687
2.524988	0.021025	0.024191	-0.001583
2.523165	0.021068	0.024169	-0.001550
2.521345	0.021203	0.024176	-0.001487
2.519528	0.021146	0.024192	-0.001523
2.517714	0.021094	0.023968	-0.001437
2.515902	0.021103	0.023913	-0.001405
2.514093	0.021093	0.023837	-0.001372
2.512288	0.021231	0.023891	-0.001330
2.510485	0.021343	0.023850	-0.001254
2.508684	0.021521	0.023992	-0.001235
2.506887	0.021626	0.024036	-0.001205
2.505092	0.021531	0.023893	-0.001181
2.503301	0.021648	0.023876	-0.001114
2.501512	0.021547	0.023748	-0.001101
2.499726	0.021537	0.023621	-0.001042
2.497942	0.021505	0.023604	-0.001050
2.496162	0.021608	0.023465	-0.000928
2.494384	0.021562	0.023403	-0.000920
2.492609	0.021601	0.023406	-0.000903
2.490836	0.021653	0.023289	-0.000818
2.489067	0.021723	0.023347	-0.000812
2.487300	0.021743	0.023285	-0.000771
2.485536	0.021850	0.023402	-0.000776
2.483774	0.021970	0.023331	-0.000681
2.482016	0.022006	0.023342	-0.000668
2.480260	0.022041	0.023337	-0.000648
2.478507	0.021972	0.023278	-0.000653
2.476756	0.022105	0.023189	-0.000542
2.475008	0.022068	0.023102	-0.000517
2.473263	0.022137	0.023070	-0.000467
2.471521	0.022093	0.023076	-0.000491
2.469781	0.022144	0.023078	-0.000467
2.468044	0.022154	0.023100	-0.000473
2.466309	0.022261	0.023053	-0.000396
2.464578	0.022348	0.023006	-0.000329
2.462848	0.022286	0.022892	-0.000303
2.461122	0.022455	0.023003	-0.000274
2.459398	0.022449	0.023018	-0.000284
2.457677	0.022504	0.022877	-0.000186
2.455958	0.022427	0.022871	-0.000222
2.454243	0.022536	0.022805	-0.000134
2.452529	0.022686	0.022814	-0.000064
2.450819	0.022623	0.022767	-0.000072
2.449111	0.022598	0.022696	-0.000049
2.447405	0.022605	0.022724	-0.000060
2.445702	0.022690	0.022653	0.000019
2.444002	0.022689	0.022703	-0.000007
2.442304	0.022756	0.022707	0.000024
2.440609	0.022717	0.022669	0.000024
2.438917	0.022653	0.022525	0.000064
2.437227	0.022732	0.022372	0.000180
2.435539	0.022728	0.022373	0.000177
2.433854	0.022817	0.022423	0.000197
2.432172	0.022777	0.022477	0.000150
2.430492	0.022767	0.022277	0.000245
2.428815	0.022722	0.022197	0.000262
2.427140	0.022895	0.022401	0.000247
2.425468	0.023019	0.022504	0.000257
2.423799	0.022995	0.022398	0.000299
2.422131	0.022971	0.022305	0.000333
2.420467	0.023067	0.022358	0.000355
2.418805	0.023003	0.022330	0.000336
2.417145	0.023014	0.022192	0.000411
2.415488	0.022991	0.022258	0.000367
2.413833	0.022934	0.022216	0.000359
2.412181	0.023118	0.022220	0.000449
2.410532	0.023069	0.022236	0.000416
2.408884	0.023115	0.022223	0.000446
2.407240	0.023113	0.022210	0.000451
2.405598	0.023220	0.022290	0.000465
2.403958	0.023287	0.022267	0.000510
2.402320	0.023199	0.022144	0.000528
2.400685	0.023236	0.022079	0.000579
2.399053	0.023346	0.022233	0.000557
2.397423	0.023458	0.022246	0.000606
2.395795	0.023478	0.022308	0.000585
2.394170	0.023414	0.022204	0.000605
2.392547	0.023431	0.022170	0.000631
2.390927	0.023442	0.022113	0.000665
2.389309	0.023427	0.022047	0.000690
2.387694	0.023376	0.022010	0.000683
2.386081	0.023444	0.022113	0.000666
2.384470	0.023552	0.022221	0.000666
2.382861	0.023734	0.022229	0.000753
2.381255	0.023750	0.022474	0.000638
2.379652	0.023832	0.022384	0.000724
2.378051	0.023738	0.022450	0.000644
2.376452	0.023847	0.022401	0.000723
2.374855	0.023731	0.022283	0.000724
2.373261	0.023894	0.022324	0.000785
2.371669	0.023873	0.022156	0.000859
2.370080	0.023833	0.022360	0.000736
2.368493	0.023968	0.022407	0.000780
2.366908	0.023937	0.022454	0.000742
2.365326	0.024008	0.022260	0.000874
2.363745	0.023929	0.022198	0.000865
2.362168	0.024109	0.022420	0.000845
2.360592	0.024042	0.022430	0.000806
2.359019	0.023894	0.022244	0.000825
2.357448	0.023954	0.022311	0.000821
2.355880	0.024105	0.022372	0.000867
2.354313	0.024138	0.022484	0.000827
2.352749	0.024197	0.022600	0.000799
2.351188	0.024306	0.022566	0.000870
2.349628	0.024388	0.022495	0.000947
2.348071	0.024205	0.022408	0.000899
2.346516	0.024128	0.022378	0.000875
2.344964	0.024176	0.022594	0.000791
2.343413	0.024342	0.022641	0.000850
2.341865	0.024449	0.022721	0.000864
2.340319	0.024476	0.022742	0.000867
2.338776	0.024301	0.022617	0.000842
2.337235	0.024464	0.022779	0.000843
2.335695	0.024362	0.022651	0.000856
2.334159	0.024372	0.022790	0.000791
2.332624	0.024307	0.022558	0.000874
2.331091	0.024315	0.022632	0.000841
2.329561	0.024195	0.022552	0.000822
2.328033	0.024350	0.022737	0.000807
2.326508	0.024599	0.022912	0.000843
2.324984	0.024626	0.022903	0.000862
2.323463	0.024566	0.022948	0.000809
2.321943	0.024700	0.022934	0.000883
2.320426	0.024658	0.023002	0.000828
2.318912	0.024697	0.022959	0.000869
2.317399	0.024520	0.023008	0.000756
2.315888	0.024727	0.022904	0.000912
2.314380	0.024658	0.023097	0.000780
2.312874	0.024809	0.023104	0.000853
2.311370	0.024812	0.023166	0.000823
2.309868	0.024844	0.023257	0.000794
2.308369	0.024813	0.023236	0.000788
2.306871	0.024852	0.023276	0.000788
2.305376	0.024947	0.023316	0.000816
2.303883	0.024893	0.023264	0.000814
2.302392	0.024798	0.023310	0.000744
2.300903	0.024697	0.023295	0.000701
2.299416	0.024747	0.023163	0.000792
2.297931	0.024795	0.023197	0.000799
2.296449	0.024788	0.023283	0.000752
2.294968	0.024711	0.023236	0.000737
2.293490	0.024718	0.023307	0.000705
2.292013	0.024905	0.023329	0.000788
2.290539	0.024750	0.023223	0.000764
2.289067	0.024648	0.023226	0.000711
2.287597	0.024587	0.023262	0.000662
2.286129	0.024615	0.023229	0.000693
2.284664	0.024669	0.023233	0.000718
2.283200	0.024819	0.023301	0.000759
2.281738	0.024738	0.023389	0.000675
2.280279	0.024645	0.023430	0.000608
2.278821	0.024765	0.023436	0.000664
2.277366	0.024663	0.023360	0.000651
2.275912	0.024814	0.023460	0.000677
2.274461	0.024787	0.023472	0.000657
2.273012	0.024752	0.023612	0.000570
2.271564	0.024742	0.023477	0.000633
2.270119	0.024936	0.023661	0.000638
2.268676	0.024900	0.023759	0.000571
2.267235	0.025128	0.023848	0.000640
2.265796	0.025115	0.023924	0.000595
2.264359	0.025000	0.023992	0.000504
2.262923	0.025148	0.024036	0.000556
2.261490	0.025147	0.023864	0.000642
2.260059	0.025171	0.023949	0.000611
2.258630	0.024946	0.023940	0.000503
2.257203	0.024817	0.023744	0.000537
2.255778	0.024780	0.023951	0.000414
2.254355	0.024921	0.023933	0.000494
2.252934	0.024861	0.023892	0.000484
2.251515	0.024769	0.023919	0.000425
2.250098	0.024929	0.024101	0.000414
2.248683	0.025161	0.024178	0.000492
2.247269	0.025269	0.024376	0.000447
2.245858	0.025339	0.024439	0.000450
2.244449	0.025393	0.024432	0.000481
2.243042	0.025282	0.024726	0.000278
2.241636	0.025469	0.024902	0.000283
2.240233	0.025503	0.024790	0.000357
2.238832	0.025429	0.024877	0.000276
2.237432	0.025525	0.024919	0.000303
2.236035	0.025507	0.024888	0.000309
2.234639	0.025361	0.024758	0.000302
2.233245	0.025299	0.024668	0.000315
2.231854	0.025264	0.024582	0.000341
2.230464	0.025286	0.024617	0.000335
2.229076	0.025202	0.024620	0.000291
2.227690	0.025123	0.024744	0.000189
2.226306	0.025213	0.024781	0.000216
2.224924	0.025426	0.024889	0.000268
2.223544	0.025307	0.024869	0.000219
2.222165	0.025279	0.024862	0.000208
2.220789	0.025141	0.024933	0.000104
2.219414	0.025108	0.024858	0.000125
2.218042	0.025309	0.024929	0.000190
2.216671	0.025109	0.024845	0.000132
2.215302	0.025141	0.024809	0.000166
2.213935	0.024868	0.024645	0.000111
2.212570	0.024988	0.024671	0.000159
2.211207	0.024966	0.024811	0.000077
2.209845	0.024893	0.024921	-0.000014
2.208486	0.025060	0.025026	0.000017
2.207128	0.025212	0.025157	0.000027
2.205772	0.025372	0.025218	0.000077
2.204418	0.025477	0.025284	0.000097
2.203066	0.025564	0.025559	0.000003
2.201716	0.025621	0.025580	0.000021
2.200367	0.025652	0.025701	-0.000024
2.199021	0.025565	0.025654	-0.000045
2.197676	0.025570	0.025800	-0.000115
2.196333	0.025597	0.025824	-0.000114
2.194992	0.025694	0.025794	-0.000050
2.193653	0.025841	0.025936	-0.000047
2.192315	0.025562	0.025783	-0.000111
2.190980	0.025602	0.025631	-0.000014
2.189646	0.025526	0.025594	-0.000034
2.188314	0.025520	0.025767	-0.000124
2.186984	0.025348	0.025770	-0.000211
2.185655	0.025565	0.025639	-0.000037
2.184328	0.025634	0.025972	-0.000169
2.183004	0.025749	0.025969	-0.000110
2.181681	0.025683	0.026168	-0.000242
2.180359	0.025626	0.026080	-0.000227
2.179040	0.025704	0.026047	-0.000171
2.177722	0.025687	0.026264	-0.000289
2.176406	0.025726	0.026006	-0.000140
2.175092	0.025543	0.026292	-0.000374
2.173780	0.025576	0.026206	-0.000315
2.172469	0.025450	0.026057	-0.000303
2.171160	0.025546	0.026085	-0.000269
2.169853	0.025647	0.026281	-0.000317
2.168548	0.025615	0.026361	-0.000373
2.167244	0.025746	0.026301	-0.000278
2.165943	0.025881	0.026530	-0.000324
2.164643	0.025979	0.026680	-0.000351
2.163344	0.025853	0.026455	-0.000301
2.162048	0.025850	0.026609	-0.000380
2.160753	0.025890	0.026610	-0.000360
2.159460	0.025693	0.026450	-0.000378
2.158168	0.025767	0.026530	-0.000381
2.156879	0.025724	0.026644	-0.000460
2.155591	0.025841	0.026700	-0.000429
2.154304	0.026015	0.027005	-0.000495
2.153020	0.025905	0.027140	-0.000618
2.151737	0.026043	0.027057	-0.000507
2.150456	0.026124	0.027147	-0.000511
2.149177	0.026062	0.027103	-0.000520
2.147899	0.025939	0.027007	-0.000534
2.146623	0.026015	0.026991	-0.000488
2.145349	0.026012	0.027017	-0.000503
2.144076	0.026013	0.027218	-0.000602
2.142805	0.026127	0.027254	-0.000564
2.141536	0.026234	0.027382	-0.000574
2.140268	0.026311	0.027492	-0.000591
2.139002	0.026464	0.027591	-0.000563
2.137738	0.026424	0.027761	-0.000668
2.136476	0.026462	0.027605	-0.000571
2.135215	0.026424	0.027679	-0.000627
2.133956	0.026362	0.027616	-0.000627
2.132698	0.026337	0.027814	-0.000738
2.131442	0.026359	0.027619	-0.000630
2.130188	0.026256	0.027584	-0.000664
2.128935	0.026326	0.027730	-0.000702
2.127684	0.026318	0.027730	-0.000706
2.126435	0.026297	0.027684	-0.000693
2.125187	0.026291	0.027809	-0.000759
2.123941	0.026672	0.028014	-0.000671
2.122697	0.026600	0.028130	-0.000765
2.121454	0.026615	0.028142	-0.000763
2.120213	0.026617	0.028169	-0.000776
2.118974	0.026712	0.028124	-0.000706
2.117736	0.026546	0.028135	-0.000795
2.116500	0.026611	0.028008	-0.000698
2.115265	0.026556	0.028085	-0.000765
2.114032	0.026705	0.028213	-0.000754
2.112801	0.026808	0.028407	-0.000800
2.111571	0.026968	0.028553	-0.000792
2.110343	0.026959	0.028570	-0.000806
2.109116	0.026930	0.028578	-0.000824
2.107891	0.026955	0.028567	-0.000806
2.106668	0.026962	0.028586	-0.000812
2.105446	0.027042	0.028661	-0.000809
2.104226	0.027019	0.028809	-0.000895
2.103007	0.027012	0.028750	-0.000869
2.101790	0.027159	0.028817	-0.000829
2.100575	0.027042	0.028814	-0.000886
2.099361	0.027040	0.028787	-0.000873
2.098149	0.027197	0.028897	-0.000850
2.096938	0.027272	0.028961	-0.000845
2.095729	0.027129	0.028895	-0.000883
2.094521	0.027245	0.029031	-0.000893
2.093315	0.027265	0.029046	-0.000891
2.092111	0.027563	0.029178	-0.000808
2.090908	0.027474	0.029481	-0.001004
2.089707	0.027271	0.029152	-0.000941
2.088507	0.027549	0.029338	-0.000895
2.087309	0.027438	0.029287	-0.000925
2.086112	0.027437	0.029369	-0.000966
2.084917	0.027596	0.029454	-0.000929
2.083723	0.027425	0.029358	-0.000967
2.082531	0.027536	0.029409	-0.000937
2.081341	0.027416	0.029454	-0.001019
2.080152	0.027526	0.029497	-0.000986
2.078964	0.027573	0.029529	-0.000978
2.077778	0.027658	0.029742	-0.001042
2.076594	0.027713	0.029736	-0.001012
2.075411	0.027650	0.029627	-0.000989
2.074230	0.027645	0.029650	-0.001003
2.073050	0.027680	0.029740	-0.001030
2.071871	0.027699	0.029686	-0.000993
2.070694	0.027789	0.029818	-0.001014
2.069519	0.027761	0.029922	-0.001081
2.068345	0.027988	0.030078	-0.001045
2.067173	0.028110	0.029936	-0.000913
2.066002	0.028025	0.030170	-0.001072
2.064833	0.027893	0.030195	-0.001151
2.063665	0.028045	0.030199	-0.001077
2.062498	0.028294	0.030367	-0.001037
2.061333	0.028281	0.030322	-0.001021
2.060170	0.028213	0.030349	-0.001068
2.059008	0.028059	0.030151	-0.001046
2.057848	0.028244	0.030312	-0.001034
2.056689	0.028065	0.030290	-0.001112
2.055531	0.028189	0.030207	-0.001009
2.054375	0.028057	0.030256	-0.001100
2.053221	0.028227	0.030430	-0.001101
2.052067	0.028340	0.030484	-0.001072
2.050916	0.028360	0.030551	-0.001096
2.049766	0.028370	0.030515	-0.001072
2.048617	0.028432	0.030554	-0.001061
2.047470	0.028484	0.030472	-0.000994
2.046324	0.028475	0.030701	-0.001113
2.045179	0.028451	0.030666	-0.001107
2.044036	0.028324	0.030679	-0.001177
2.042895	0.028470	0.030683	-0.001107
2.041755	0.028398	0.030690	-0.001146
2.040616	0.028515	0.030820	-0.001153
2.039479	0.028517	0.030830	-0.001156
2.038343	0.028621	0.030780	-0.001079
2.037209	0.028511	0.030825	-0.001157
2.036076	0.028537	0.030775	-0.001119
2.034945	0.028671	0.030994	-0.001161
2.033815	0.028749	0.031023	-0.001137
2.032686	0.028724	0.031041	-0.001158
2.031559	0.028835	0.030900	-0.001032
2.030433	0.028750	0.031085	-0.001167
2.029309	0.028832	0.031192	-0.001180
2.028186	0.028827	0.031136	-0.001155
2.027064	0.028962	0.031207	-0.001123
2.025944	0.028787	0.031051	-0.001132
2.024825	0.028749	0.031046	-0.001148
2.023708	0.028757	0.031061	-0.001152
2.022592	0.028721	0.031037	-0.001158
2.021477	0.028947	0.031152	-0.001103
2.020364	0.028971	0.031384	-0.001206
2.019252	0.028984	0.031431	-0.001223
2.018142	0.029024	0.031372	-0.001174
2.017033	0.029130	0.031432	-0.001151
2.015925	0.029054	0.031306	-0.001126
2.014819	0.029077	0.031327	-0.001125
2.013714	0.029166	0.031344	-0.001089
2.012610	0.029149	0.031425	-0.001138
2.011508	0.029193	0.031359	-0.001083
2.010407	0.029207	0.031486	-0.001139
2.009308	0.029174	0.031343	-0.001084
2.008210	0.029237	0.031324	-0.001043
2.007113	0.029444	0.031827	-0.001191
2.006018	0.029475	0.031801	-0.001163
2.004924	0.029470	0.031696	-0.001113
2.003831	0.029414	0.031651	-0.001118
2.002740	0.029200	0.031420	-0.001110
2.001650	0.029185	0.031501	-0.001158
2.000561	0.029367	0.031675	-0.001154
1.999474	0.029382	0.031835	-0.001227
1.998388	0.029415	0.031638	-0.001112
1.997303	0.029386	0.031612	-0.001113
1.996220	0.029249	0.031553	-0.001152
1.995138	0.029259	0.031452	-0.001097
1.994058	0.029257	0.031556	-0.001149
1.992978	0.029411	0.031578	-0.001083
1.991901	0.029487	0.031803	-0.001158
1.990824	0.029674	0.031900	-0.001113
1.989749	0.029714	0.031965	-0.001126
1.988675	0.029814	0.032059	-0.001122
1.987602	0.029834	0.032022	-0.001094
1.986531	0.029992	0.032205	-0.001107
1.985461	0.029841	0.032184	-0.001172
1.984392	0.029837	0.032044	-0.001103
1.983325	0.029607	0.031892	-0.001143
1.982259	0.029777	0.032031	-0.001127
1.981194	0.030046	0.032316	-0.001135
1.980130	0.030140	0.032385	-0.001123
1.979068	0.030119	0.032564	-0.001223
1.978007	0.030288	0.032510	-0.001111
1.976948	0.030171	0.032547	-0.001188
1.975889	0.030183	0.032618	-0.001217
1.974832	0.030251	0.032509	-0.001129
1.973777	0.030268	0.032416	-0.001074
1.972722	0.030262	0.032552	-0.001145
1.971669	0.030489	0.032641	-0.001076
1.970617	0.030503	0.032485	-0.000991
1.969566	0.030409	0.032644	-0.001118
1.968517	0.030602	0.032787	-0.001093
1.967469	0.030787	0.032926	-0.001069
1.966422	0.030822	0.032972	-0.001075
1.965377	0.030754	0.033125	-0.001185
1.964333	0.030741	0.032920	-0.001090
1.963290	0.030663	0.032779	-0.001058
1.962248	0.030592	0.032773	-0.001091
1.961207	0.030668	0.032751	-0.001042
1.960168	0.030761	0.032883	-0.001061
1.959130	0.030857	0.033068	-0.001106
1.958094	0.030884	0.033059	-0.001088
1.957058	0.030789	0.032938	-0.001075
1.956024	0.030951	0.033144	-0.001097
1.954991	0.030811	0.033092	-0.001141
1.953959	0.031035	0.033095	-0.001030
1.952929	0.030934	0.033019	-0.001042
1.951900	0.030983	0.032993	-0.001005
1.950872	0.031093	0.033252	-0.001080
1.949845	0.031180	0.033327	-0.001074
1.948819	0.031376	0.033535	-0.001079
1.947795	0.031462	0.033512	-0.001025
1.946772	0.031405	0.033483	-0.001039
1.945750	0.031443	0.033562	-0.001060
1.944729	0.031430	0.033527	-0.001048
1.943710	0.031426	0.033483	-0.001029
1.942692	0.031575	0.033571	-0.000998
1.941675	0.031464	0.033393	-0.000964
1.940659	0.031353	0.033486	-0.001067
1.939645	0.031392	0.033533	-0.001071
1.938631	0.031380	0.033384	-0.001002
1.937619	0.031293	0.033513	-0.001110
1.936608	0.031492	0.033447	-0.000978
1.935599	0.031463	0.033509	-0.001023
1.934590	0.031534	0.033453	-0.000959
1.933583	0.031497	0.033545	-0.001024
1.932577	0.031579	0.033509	-0.000965
1.931572	0.031660	0.033693	-0.001016
1.930568	0.031798	0.033800	-0.001001
1.929566	0.031861	0.033849	-0.000994
1.928565	0.031884	0.033858	-0.000987
1.927565	0.031782	0.033758	-0.000988
1.926566	0.031883	0.033829	-0.000973
1.925568	0.032011	0.033977	-0.000983
1.924571	0.031925	0.033916	-0.000995
1.923576	0.031855	0.033981	-0.001063
1.922582	0.031814	0.033694	-0.000940
1.921589	0.031795	0.033769	-0.000987
1.920597	0.031936	0.033789	-0.000926
1.919606	0.032043	0.033736	-0.000847
1.918617	0.032079	0.033886	-0.000904
1.917629	0.032317	0.033983	-0.000833
1.916641	0.032307	0.034080	-0.000886
1.915655	0.032375	0.034150	-0.000887
1.914671	0.032285	0.034130	-0.000922
1.913687	0.032295	0.034155	-0.000930
1.912704	0.032421	0.034188	-0.000884
1.911723	0.032482	0.034131	-0.000825
1.910743	0.032371	0.034254	-0.000942
1.909764	0.032451	0.034302	-0.000925
1.908786	0.032635	0.034359	-0.000862
1.907809	0.032479	0.034379	-0.000950
1.906834	0.032534	0.034264	-0.000865
1.905859	0.032487	0.034319	-0.000916
1.904886	0.032629	0.034277	-0.000824
1.903914	0.032751	0.034558	-0.000903
1.902943	0.032855	0.034703	-0.000924
1.901973	0.032910	0.034672	-0.000881
1.901004	0.032906	0.034717	-0.000905
1.900036	0.032984	0.034640	-0.000828
1.899070	0.032768	0.034366	-0.000799
1.898105	0.032812	0.034433	-0.000811
1.897140	0.032730	0.034522	-0.000896
1.896177	0.032924	0.034444	-0.000760
1.895215	0.032895	0.034468	-0.000786
1.894254	0.032918	0.034712	-0.000897
1.893295	0.033200	0.034739	-0.000769
1.892336	0.033209	0.034700	-0.000746
1.891378	0.033036	0.034712	-0.000838
1.890422	0.033107	0.034615	-0.000754
1.889467	0.033074	0.034754	-0.000840
1.888513	0.033096	0.034747	-0.000825
1.887560	0.033198	0.034970	-0.000886
1.886608	0.033395	0.034924	-0.000765
1.885657	0.033288	0.034838	-0.000775
1.884707	0.033277	0.034730	-0.000727
1.883758	0.033203	0.034759	-0.000778
1.882811	0.033284	0.034799	-0.000758
1.881864	0.033352	0.034676	-0.000662
1.880919	0.033317	0.034861	-0.000772
1.879975	0.033504	0.034938	-0.000717
1.879032	0.033583	0.035185	-0.000801
1.878090	0.033643	0.035021	-0.000689
1.877149	0.033617	0.035033	-0.000708
1.876209	0.033569	0.034938	-0.000684
1.875270	0.033544	0.034826	-0.000641
1.874332	0.033628	0.034978	-0.000675
1.873396	0.033817	0.035109	-0.000646
1.872460	0.033742	0.035163	-0.000710
1.871525	0.033838	0.035129	-0.000646
1.870592	0.033956	0.035138	-0.000591
1.869660	0.033880	0.035276	-0.000698
1.868728	0.033997	0.035386	-0.000694
1.867798	0.033888	0.035217	-0.000664
1.866869	0.033918	0.035025	-0.000553
1.865941	0.033791	0.034914	-0.000561
1.865014	0.033784	0.035102	-0.000659
1.864088	0.033833	0.035148	-0.000657
1.863163	0.033852	0.035103	-0.000626
1.862239	0.033926	0.035137	-0.000606
1.861317	0.033942	0.035031	-0.000544
1.860395	0.033786	0.035245	-0.000730
1.859474	0.033964	0.035009	-0.000523
1.858555	0.033822	0.034971	-0.000575
1.857636	0.033910	0.035100	-0.000595
1.856719	0.033860	0.035041	-0.000591
1.855802	0.034073	0.035286	-0.000607
1.854887	0.034255	0.035451	-0.000598
1.853973	0.034346	0.035619	-0.000637
1.853059	0.034265	0.035511	-0.000623
1.852147	0.034386	0.035478	-0.000546
1.851236	0.034310	0.035464	-0.000577
1.850326	0.034405	0.035441	-0.000518
1.849416	0.034392	0.035499	-0.000553
1.848508	0.034364	0.035475	-0.000556
1.847601	0.034398	0.035473	-0.000537
1.846695	0.034412	0.035408	-0.000498
1.845790	0.034501	0.035484	-0.000492
1.844886	0.034614	0.035615	-0.000501
1.843983	0.034521	0.035467	-0.000473
1.843081	0.034593	0.035559	-0.000483
1.842180	0.034579	0.035499	-0.000460
1.841280	0.034649	0.035443	-0.000397
1.840381	0.034639	0.035547	-0.000454
1.839484	0.034767	0.035604	-0.000418
1.838587	0.034754	0.035607	-0.000427
1.837691	0.034678	0.035537	-0.000429
1.836796	0.034800	0.035680	-0.000440
1.835902	0.034728	0.035655	-0.000464
1.835009	0.034737	0.035519	-0.000391
1.834118	0.034850	0.035657	-0.000403
1.833227	0.034738	0.035694	-0.000478
1.832337	0.034794	0.035629	-0.000417
1.831448	0.034904	0.035679	-0.000387
1.830560	0.034990	0.035789	-0.000399
1.829674	0.035158	0.035817	-0.000330
1.828788	0.035184	0.035953	-0.000385
1.827903	0.035141	0.035859	-0.000359
1.827019	0.035223	0.036015	-0.000396
1.826136	0.035372	0.036054	-0.000341
1.825255	0.035308	0.036078	-0.000385
1.824374	0.035390	0.035994	-0.000302
1.823494	0.035368	0.035996	-0.000314
1.822615	0.035445	0.036061	-0.000308
1.821737	0.035380	0.036124	-0.000372
1.820860	0.035530	0.036167	-0.000319
1.819984	0.035465	0.036153	-0.000344
1.819109	0.035589	0.036184	-0.000298
1.818235	0.035470	0.036008	-0.000269
1.817362	0.035517	0.036027	-0.000255
1.816490	0.035425	0.035926	-0.000251
1.815619	0.035579	0.036034	-0.000227
1.814749	0.035614	0.036174	-0.000280
1.813880	0.035757	0.036259	-0.000251
1.813012	0.035700	0.036282	-0.000291
1.812145	0.035782	0.036148	-0.000183
1.811279	0.035547	0.036129	-0.000291
1.810413	0.035662	0.036049	-0.000193
1.809549	0.035681	0.036053	-0.000186
1.808686	0.035715	0.036161	-0.000223
1.807824	0.035684	0.036111	-0.000213
1.806962	0.035651	0.036149	-0.000249
1.806102	0.035836	0.036071	-0.000118
1.805242	0.035739	0.036026	-0.000143
1.804384	0.035741	0.036002	-0.000130
1.803526	0.035581	0.035982	-0.000201
1.802670	0.035564	0.035989	-0.000212
1.801814	0.035917	0.036160	-0.000121
1.800959	0.035859	0.036123	-0.000132
1.800105	0.035967	0.036171	-0.000102
1.799252	0.035939	0.036371	-0.000216
1.798401	0.036123	0.036383	-0.000130
1.797550	0.036224	0.036593	-0.000185
1.796700	0.036353	0.036676	-0.000162
1.795851	0.036433	0.036490	-0.000028
1.795002	0.036292	0.036582	-0.000145
1.794155	0.036461	0.036520	-0.000029
1.793309	0.036379	0.036511	-0.000066
1.792464	0.036396	0.036572	-0.000088
1.791619	0.036402	0.036491	-0.000044
1.790776	0.036375	0.036465	-0.000045
1.789933	0.036272	0.036421	-0.000075
1.789092	0.036213	0.036402	-0.000094
1.788251	0.036319	0.036265	0.000027
1.787411	0.036290	0.036418	-0.000064
1.786572	0.036377	0.036586	-0.000104
1.785734	0.036461	0.036508	-0.000023
1.784897	0.036493	0.036545	-0.000026
1.784061	0.036581	0.036772	-0.000095
1.783226	0.036749	0.036771	-0.000011
1.782392	0.036698	0.036760	-0.000031
1.781558	0.036828	0.036840	-0.000006
1.780726	0.036830	0.036786	0.000022
1.779894	0.036858	0.036783	0.000038
1.779064	0.036912	0.036832	0.000040
1.778234	0.037046	0.037026	0.000010
1.777405	0.036775	0.036863	-0.000044
1.776577	0.036926	0.036750	0.000088
1.775750	0.036956	0.036860	0.000048
1.774924	0.037086	0.036879	0.000103
1.774099	0.037042	0.036867	0.000088
1.773275	0.037193	0.036949	0.000122
1.772451	0.037143	0.036956	0.000094
1.771629	0.037093	0.036892	0.000101
1.770807	0.037213	0.036992	0.000111
1.769986	0.037037	0.036724	0.000156
1.769167	0.037089	0.036895	0.000097
1.768348	0.037108	0.036965	0.000071
1.767530	0.037311	0.037016	0.000148
1.766712	0.037499	0.037097	0.000201
1.765896	0.037394	0.037068	0.000163
1.765081	0.037530	0.037065	0.000232
1.764266	0.037443	0.037188	0.000128
1.763453	0.037586	0.037196	0.000195
1.762640	0.037682	0.037245	0.000219
1.761828	0.037447	0.037098	0.000175
1.761017	0.037468	0.037085	0.000192
1.760207	0.037425	0.037136	0.000145
1.759398	0.037559	0.037066	0.000246
1.758589	0.037669	0.037122	0.000274
1.757782	0.037539	0.037170	0.000184
1.756975	0.037247	0.036854	0.000196
1.756169	0.037307	0.036853	0.000227
1.755365	0.037251	0.036685	0.000283
1.754560	0.037335	0.036716	0.000309
1.753757	0.037374	0.036887	0.000244
1.752955	0.037358	0.036877	0.000240
1.752154	0.037361	0.036824	0.000269
1.751353	0.037735	0.037079	0.000328
1.750553	0.037716	0.037314	0.000201
1.749755	0.037773	0.037171	0.000301
1.748957	0.037885	0.037392	0.000247
1.748159	0.037870	0.037164	0.000353
1.747363	0.037798	0.037171	0.000313
1.746568	0.037899	0.037172	0.000364
1.745773	0.037964	0.037295	0.000335
1.744979	0.037860	0.037190	0.000335
1.744187	0.037726	0.037028	0.000349
1.743395	0.037700	0.037049	0.000326
1.742603	0.037868	0.037144	0.000362
1.741813	0.037896	0.037263	0.000317
1.741024	0.038184	0.037409	0.000387
1.740235	0.038046	0.037380	0.000333
1.739447	0.038139	0.037294	0.000422
1.738660	0.038080	0.037305	0.000388
1.737874	0.037967	0.037234	0.000367
1.737089	0.038076	0.037370	0.000353
1.736304	0.038018	0.037147	0.000435
1.735521	0.038140	0.037218	0.000461
1.734738	0.038139	0.037303	0.000418
1.733956	0.038238	0.037456	0.000391
1.733175	0.038376	0.037563	0.000406
1.732395	0.038387	0.037665	0.000361
1.731615	0.038534	0.037543	0.000495
1.730837	0.038495	0.037640	0.000427
1.730059	0.038458	0.037671	0.000394
1.729282	0.038432	0.037550	0.000441
1.728506	0.038199	0.037404	0.000397
1.727730	0.038214	0.037289	0.000463
1.726956	0.038094	0.037145	0.000474
1.726182	0.038300	0.037232	0.000534
1.725409	0.038180	0.037162	0.000509
1.724637	0.038293	0.037319	0.000487
1.723866	0.038199	0.037468	0.000366
1.723096	0.038469	0.037476	0.000496
1.722326	0.038506	0.037558	0.000474
1.721557	0.038430	0.037425	0.000502
1.720789	0.038674	0.037549	0.000563
1.720022	0.038638	0.037584	0.000527
1.719256	0.038443	0.037500	0.000471
1.718490	0.038607	0.037457	0.000575
1.717726	0.038619	0.037565	0.000527
1.716962	0.038582	0.037495	0.000543
1.716199	0.038552	0.037372	0.000590
1.715436	0.038568	0.037436	0.000566
1.714675	0.038443	0.037429	0.000507
1.713914	0.038524	0.037386	0.000569
1.713154	0.038352	0.037263	0.000544
1.712395	0.038371	0.037223	0.000574
1.711637	0.038299	0.037269	0.000515
1.710879	0.038381	0.037117	0.000632
1.710122	0.038438	0.037046	0.000696
1.709366	0.038219	0.036995	0.000612
1.708611	0.038158	0.036845	0.000657
1.707857	0.038030	0.036856	0.000587
1.707103	0.037993	0.036751	0.000621
1.706351	0.037932	0.036775	0.000578
1.705599	0.038068	0.036823	0.000622
1.704847	0.038229	0.036904	0.000662
1.704097	0.038163	0.037062	0.000551
1.703347	0.038493	0.037072	0.000710
1.702599	0.038628	0.037230	0.000699
1.701850	0.038608	0.037315	0.000646
1.701103	0.038577	0.037229	0.000674
1.700357	0.038463	0.037060	0.000702
1.699611	0.038465	0.037205	0.000630
1.698866	0.038691	0.037258	0.000717
1.698122	0.038561	0.037215	0.000673
1.697378	0.038537	0.036986	0.000775
1.696636	0.038424	0.037072	0.000676
1.695894	0.038518	0.036944	0.000787
1.695153	0.038458	0.037031	0.000713
1.694412	0.038507	0.037103	0.000702
1.693673	0.038469	0.036997	0.000736
1.692934	0.038549	0.037008	0.000770
1.692196	0.038446	0.037087	0.000680
1.691459	0.038595	0.037017	0.000789
1.690722	0.038493	0.037200	0.000646
1.689987	0.038542	0.037050	0.000746
1.689252	0.038625	0.037068	0.000779
1.688518	0.038631	0.036959	0.000836
1.687784	0.038717	0.037190	0.000763
1.687051	0.038785	0.037324	0.000731
1.686320	0.038924	0.037408	0.000758
1.685588	0.038970	0.037360	0.000805
1.684858	0.038958	0.037400	0.000779
1.684128	0.039054	0.037395	0.000829
1.683399	0.039039	0.037365	0.000837
1.682671	0.038942	0.037247	0.000848
1.681944	0.039077	0.037315	0.000881
1.681217	0.038897	0.037358	0.000770
1.680491	0.038987	0.037392	0.000798
1.679766	0.038903	0.037402	0.000750
1.679042	0.038963	0.037317	0.000823
1.678318	0.038981	0.037356	0.000812
1.677595	0.039326	0.037472	0.000927
1.676873	0.039212	0.037449	0.000882
1.676152	0.039365	0.037671	0.000847
1.675431	0.039534	0.037853	0.000840
1.674711	0.039389	0.037653	0.000868
1.673992	0.039367	0.037544	0.000912
1.673273	0.039256	0.037506	0.000875
1.672556	0.039147	0.037423	0.000862
1.671839	0.039237	0.037331	0.000953
1.671122	0.039273	0.037415	0.000929
1.670407	0.039306	0.037406	0.000950
1.669692	0.039404	0.037520	0.000942
1.668978	0.039376	0.037538	0.000919
1.668265	0.039449	0.037700	0.000875
1.667552	0.039524	0.037607	0.000958
1.666840	0.039424	0.037544	0.000940
1.666129	0.039325	0.037419	0.000953
1.665418	0.039269	0.037537	0.000866
1.664709	0.039436	0.037392	0.001022
1.664000	0.039554	0.037592	0.000981
1.663292	0.039428	0.037630	0.000899
1.662584	0.039690	0.037693	0.000998
1.661877	0.039739	0.038084	0.000827
1.661171	0.039841	0.038103	0.000869
1.660466	0.040177	0.038249	0.000964
1.659761	0.039920	0.038122	0.000899
1.659057	0.039899	0.037842	0.001028
1.658354	0.039544	0.037789	0.000877
1.657651	0.039680	0.037803	0.000939
1.656950	0.039733	0.037693	0.001020
1.656249	0.039852	0.037722	0.001065
1.655548	0.039795	0.037921	0.000937
1.654848	0.039884	0.038033	0.000926
1.654150	0.040053	0.038053	0.001000
1.653451	0.040088	0.038297	0.000895
1.652754	0.040130	0.038165	0.000983
1.652057	0.040325	0.038249	0.001038
1.651361	0.040334	0.038419	0.000957
1.650665	0.040327	0.038397	0.000965
1.649971	0.040360	0.038373	0.000993
1.649277	0.040378	0.038299	0.001039
1.648583	0.040271	0.038250	0.001010
1.647891	0.040207	0.038140	0.001033
1.647199	0.040129	0.038191	0.000969
1.646508	0.040193	0.038213	0.000990
1.645817	0.040184	0.038062	0.001061
1.645127	0.039922	0.037905	0.001008
1.644438	0.039985	0.038011	0.000987
1.643750	0.040043	0.037944	0.001049
1.643062	0.040191	0.038010	0.001090
1.642375	0.040182	0.038052	0.001065
1.641689	0.040327	0.038212	0.001058
1.641003	0.040260	0.038309	0.000976
1.640318	0.040321	0.038287	0.001017
1.639634	0.040328	0.038129	0.001099
1.638950	0.040606	0.038202	0.001202
1.638267	0.040386	0.038199	0.001094
1.637585	0.040054	0.038012	0.001021
1.636903	0.039977	0.037864	0.001057
1.636222	0.040103	0.037906	0.001099
1.635542	0.040134	0.037951	0.001091
1.634863	0.040122	0.037922	0.001100
1.634184	0.040134	0.038061	0.001037
1.633506	0.040289	0.038109	0.001090
1.632828	0.040067	0.037972	0.001048
1.632151	0.040050	0.037817	0.001117
1.631475	0.039990	0.037758	0.001116
1.630800	0.040012	0.037882	0.001065
1.630125	0.039897	0.037719	0.001089
1.629451	0.039922	0.037601	0.001160
1.628778	0.039871	0.037600	0.001135
1.628105	0.039896	0.037766	0.001065
1.627433	0.039836	0.037584	0.001126
1.626761	0.040059	0.037636	0.001211
1.626091	0.040337	0.038079	0.001129
1.625421	0.040433	0.038202	0.001115
1.624751	0.040428	0.038200	0.001114
1.624083	0.040321	0.037988	0.001167
1.623414	0.040372	0.037950	0.001211
1.622747	0.040299	0.038047	0.001126
1.622080	0.040296	0.037951	0.001173
1.621414	0.040360	0.038013	0.001173
1.620749	0.040253	0.037898	0.001177
1.620084	0.039989	0.037610	0.001189
1.619420	0.040022	0.037700	0.001161
1.618757	0.039935	0.037637	0.001149
1.618094	0.039878	0.037554	0.001162
1.617432	0.039969	0.037565	0.001202
1.616770	0.039917	0.037637	0.001140
1.616109	0.040035	0.037689	0.001173
1.615449	0.040153	0.037825	0.001164
1.614790	0.040347	0.037835	0.001256
1.614131	0.040303	0.037925	0.001189
1.613473	0.040288	0.038029	0.001130
1.612815	0.040326	0.038049	0.001139
1.612158	0.040335	0.037902	0.001217
1.611502	0.040222	0.037890	0.001166
1.610846	0.040163	0.037612	0.001276
1.610191	0.040152	0.037740	0.001206
1.609537	0.040123	0.037952	0.001086
1.608883	0.040088	0.037743	0.001172
1.608230	0.040214	0.037891	0.001161
1.607578	0.040091	0.037586	0.001252
1.606926	0.040120	0.037494	0.001313
1.606275	0.040027	0.037562	0.001232
1.605625	0.039950	0.037367	0.001292
1.604975	0.039846	0.037337	0.001255
1.604326	0.039842	0.037433	0.001204
1.603677	0.039922	0.037652	0.001135
1.603029	0.040164	0.037636	0.001264
1.602382	0.040170	0.037833	0.001168
1.601735	0.040341	0.038059	0.001141
1.601089	0.040331	0.037897	0.001217
1.600444	0.040324	0.037813	0.001256
1.599799	0.040241	0.037725	0.001258
1.599155	0.040013	0.037612	0.001201
1.598512	0.040153	0.037619	0.001267
1.597869	0.040286	0.037677	0.001305
1.597227	0.039988	0.037701	0.001143
1.596585	0.040263	0.037694	0.001285
1.595944	0.040246	0.037724	0.001261
1.595304	0.040206	0.037682	0.001262
1.594664	0.040220	0.037812	0.001204
1.594025	0.040335	0.037677	0.001329
1.593386	0.040359	0.037758	0.001301
1.592749	0.040441	0.037824	0.001309
1.592111	0.040354	0.037766	0.001294
1.591475	0.040150	0.037456	0.001347
1.590839	0.039953	0.037551	0.001201
1.590203	0.040169	0.037438	0.001365
1.589569	0.039863	0.037410	0.001226
1.588935	0.040089	0.037644	0.001223
1.588301	0.040117	0.037641	0.001238
1.587668	0.040331	0.037503	0.001414
1.587036	0.040143	0.037505	0.001319
1.586404	0.039976	0.037598	0.001189
1.585773	0.040129	0.037540	0.001295
1.585143	0.040360	0.037608	0.001376
1.584513	0.040239	0.037742	0.001249
1.583884	0.040261	0.037582	0.001339
1.583255	0.040007	0.037390	0.001308
1.582627	0.040042	0.037345	0.001348
1.582000	0.039851	0.037193	0.001329
1.581373	0.039930	0.037230	0.001350
1.580747	0.040064	0.037436	0.001314
1.580121	0.040088	0.037440	0.001324
1.579496	0.040275	0.037647	0.001314
1.578872	0.040039	0.037487	0.001276
1.578248	0.040050	0.037487	0.001281
1.577625	0.040034	0.037370	0.001332
1.577002	0.040079	0.037404	0.001338
1.576380	0.039967	0.037223	0.001372
1.575759	0.039894	0.037212	0.001341
1.575138	0.039555	0.037040	0.001258
1.574518	0.039762	0.037270	0.001246
1.573899	0.040028	0.037104	0.001462
1.573280	0.039809	0.037133	0.001338
1.572661	0.039961	0.037036	0.001462
1.572044	0.039741	0.036961	0.001390
1.571426	0.039662	0.037060	0.001301
1.570810	0.039718	0.037008	0.001355
1.570194	0.039940	0.037133	0.001403
1.569578	0.039969	0.037172	0.001399
1.568964	0.039686	0.037100	0.001293
1.568349	0.039764	0.037091	0.001336
1.567736	0.039911	0.036938	0.001487
1.567123	0.039969	0.037196	0.001386
1.566510	0.039679	0.036857	0.001411
1.565899	0.039761	0.036898	0.001432
1.565287	0.039786	0.036920	0.001433
1.564677	0.039906	0.037006	0.001450
1.564066	0.039696	0.036962	0.001367
1.563457	0.039742	0.036887	0.001428
1.562848	0.039714	0.036981	0.001367
1.562240	0.039930	0.037177	0.001377
1.561632	0.040073	0.037152	0.001461
1.561025	0.040042	0.037097	0.001473
1.560418	0.040044	0.037307	0.001369
1.559812	0.040060	0.037002	0.001529
1.559207	0.039939	0.037294	0.001322
1.558602	0.039901	0.036934	0.001483
1.557997	0.039923	0.037280	0.001321
1.557394	0.040194	0.037231	0.001482
1.556791	0.040249	0.037347	0.001451
1.556188	0.040271	0.037414	0.001429
1.555586	0.040162	0.037356	0.001403
1.554985	0.040128	0.037477	0.001325
1.554384	0.040289	0.037571	0.001359
1.553783	0.040617	0.037756	0.001430
1.553184	0.040721	0.037699	0.001511
1.552585	0.040949	0.037833	0.001558
1.551986	0.040781	0.037927	0.001427
1.551388	0.040620	0.037888	0.001366
1.550791	0.040703	0.037772	0.001465
1.550194	0.040594	0.037650	0.001472
1.549597	0.040489	0.037579	0.001455
1.549002	0.040456	0.037514	0.001471
1.548406	0.039998	0.037033	0.001483
1.547812	0.040063	0.037297	0.001383
1.547218	0.039953	0.037182	0.001385
1.546624	0.039929	0.037082	0.001424
1.546031	0.039990	0.036899	0.001546
1.545439	0.039908	0.037027	0.001440
1.544847	0.040057	0.037042	0.001507
1.544256	0.039759	0.037028	0.001366
1.543665	0.039684	0.036839	0.001423
1.543075	0.039970	0.036821	0.001574
1.542486	0.039755	0.037155	0.001300
1.541897	0.039937	0.037197	0.001370
1.541308	0.040045	0.037201	0.001422
1.540720	0.040204	0.037295	0.001454
1.540133	0.040155	0.037301	0.001427
1.539546	0.040062	0.037137	0.001462
1.538960	0.040105	0.037245	0.001430
1.538374	0.039979	0.036984	0.001498
1.537789	0.039623	0.037019	0.001302
1.537204	0.039991	0.037307	0.001342
1.536620	0.040083	0.037226	0.001429
1.536037	0.040135	0.037269	0.001433
1.535454	0.040194	0.037261	0.001466
1.534872	0.039934	0.037156	0.001389
1.534290	0.040126	0.037133	0.001497
1.533708	0.040238	0.037332	0.001453
1.533128	0.040350	0.037477	0.001436
1.532548	0.040008	0.037245	0.001381
1.531968	0.040242	0.037084	0.001579
1.531389	0.040166	0.037080	0.001543
1.530810	0.040160	0.037026	0.001567
1.530232	0.039967	0.037152	0.001408
1.529655	0.040023	0.036851	0.001586
1.529078	0.040034	0.037127	0.001453
1.528501	0.040160	0.037139	0.001510
1.527925	0.040037	0.037299	0.001369
1.527350	0.040341	0.037333	0.001504
1.526775	0.040274	0.037290	0.001492
1.526201	0.040631	0.037506	0.001562
1.525627	0.040554	0.037391	0.001581
1.525054	0.040506	0.037417	0.001544
1.524481	0.040499	0.037596	0.001452
1.523909	0.040511	0.037533	0.001489
1.523338	0.040522	0.037311	0.001606
1.522767	0.040235	0.037111	0.001562
1.522196	0.040211	0.037300	0.001455
1.521626	0.040242	0.037111	0.001565
1.521057	0.040209	0.037401	0.001404
1.520488	0.040164	0.037179	0.001493
1.519919	0.040298	0.037452	0.001423
1.519351	0.040153	0.036996	0.001578
1.518784	0.040122	0.036905	0.001608
1.518217	0.040123	0.037025	0.001549
1.517651	0.040130	0.037435	0.001347
1.517085	0.040374	0.037178	0.001598
1.516520	0.040143	0.037229	0.001457
1.515955	0.040410	0.037114	0.001648
1.515391	0.040181	0.037032	0.001575
1.514827	0.040339	0.037112	0.001613
1.514264	0.040189	0.036964	0.001612
1.513702	0.040279	0.037016	0.001631
1.513139	0.040536	0.037395	0.001571
1.512578	0.040510	0.037150	0.001680
1.512017	0.040314	0.037301	0.001507
1.511456	0.040205	0.037155	0.001525
1.510896	0.040336	0.037129	0.001604
1.510337	0.040064	0.037151	0.001456
1.509778	0.040376	0.037445	0.001466
1.509219	0.040511	0.037723	0.001394
1.508661	0.040638	0.037654	0.001492
1.508104	0.041033	0.037874	0.001580
1.507547	0.040773	0.037732	0.001520
1.506990	0.040814	0.037782	0.001516
1.506435	0.040780	0.037924	0.001428
1.505879	0.041262	0.038072	0.001595
1.505324	0.040992	0.038007	0.001493
1.504770	0.041044	0.037745	0.001649
1.504216	0.040933	0.037813	0.001560
1.503663	0.040916	0.037632	0.001642
1.503110	0.040459	0.037548	0.001456
1.502558	0.040854	0.037402	0.001726
1.502006	0.040600	0.037411	0.001594
1.501454	0.040672	0.037915	0.001379
1.500904	0.040745	0.037591	0.001577
1.500353	0.040896	0.037491	0.001702
1.499803	0.040410	0.037415	0.001498
1.499254	0.040791	0.037443	0.001674
1.498705	0.040358	0.037480	0.001439
1.498157	0.040177	0.037057	0.001560
1.497609	0.040532	0.037163	0.001684
1.497062	0.040461	0.037225	0.001618
1.496515	0.040702	0.037246	0.001728
1.495969	0.040246	0.037163	0.001542
1.495423	0.040151	0.036912	0.001620
1.494878	0.040330	0.037041	0.001644
1.494333	0.040244	0.036868	0.001688
1.493789	0.040353	0.036953	0.001700
1.493245	0.040021	0.037083	0.001469
1.492702	0.040529	0.037309	0.001610
1.492159	0.040707	0.037735	0.001486
1.491617	0.040549	0.037928	0.001310
1.491075	0.040437	0.037718	0.001360
1.490533	0.040589	0.037421	0.001584
1.489993	0.040450	0.037352	0.001549
1.489452	0.040673	0.037437	0.001618
1.488912	0.040779	0.037223	0.001778
1.488373	0.040465	0.037198	0.001633
1.487834	0.040710	0.037405	0.001652
1.487296	0.040685	0.037370	0.001657
1.486758	0.040275	0.037297	0.001489
1.486221	0.040520	0.037196	0.001662
1.485684	0.040274	0.036958	0.001658
1.485147	0.040116	0.037259	0.001428
1.484611	0.040284	0.036644	0.001820
1.484076	0.039718	0.036720	0.001499
1.483541	0.040132	0.036912	0.001610
1.483007	0.040004	0.036925	0.001540
1.482473	0.040085	0.036611	0.001737
1.481939	0.040126	0.036971	0.001578
1.481406	0.040221	0.036816	0.001703
1.480874	0.039968	0.036874	0.001547
1.480341	0.040146	0.036827	0.001660
1.479810	0.039701	0.036528	0.001587
1.479279	0.039778	0.036548	0.001615
1.478748	0.040010	0.036859	0.001575
1.478218	0.040357	0.037016	0.001671
1.477688	0.040363	0.036721	0.001821
1.477159	0.040444	0.037035	0.001705
1.476631	0.039647	0.036624	0.001511
1.476102	0.039832	0.036376	0.001728
1.475575	0.039908	0.036645	0.001631
1.475047	0.039676	0.036741	0.001468
1.474521	0.039545	0.036523	0.001511
1.473994	0.039971	0.036458	0.001756
1.473469	0.039845	0.036569	0.001638
1.472943	0.039602	0.036531	0.001536
1.472418	0.039264	0.036372	0.001446
1.471894	0.039235	0.036085	0.001575
1.471370	0.039147	0.036311	0.001418
1.470846	0.039357	0.035987	0.001685
1.470323	0.039291	0.036308	0.001492
1.469801	0.039840	0.036207	0.001816
1.469279	0.039340	0.036034	0.001653
1.468757	0.039120	0.035964	0.001578
1.468236	0.039694	0.036043	0.001826
1.467716	0.039129	0.035933	0.001598
1.467195	0.039416	0.036285	0.001565
1.466676	0.039180	0.036052	0.001564
1.466156	0.039256	0.036038	0.001609
1.465638	0.039365	0.036300	0.001532
1.465119	0.039440	0.035720	0.001860
1.464601	0.038925	0.035562	0.001682
1.464084	0.038998	0.035299	0.001850
1.463567	0.038841	0.035618	0.001612
1.463051	0.038916	0.035327	0.001794
1.462535	0.039063	0.035490	0.001786
1.462019	0.038996	0.035275	0.001860
1.461504	0.038846	0.035842	0.001502
1.460989	0.039015	0.035403	0.001806
1.460475	0.038584	0.035473	0.001556
1.459962	0.038611	0.035357	0.001627
1.459448	0.038536	0.035023	0.001756
1.458936	0.038837	0.035536	0.001651
1.458423	0.038766	0.035377	0.001695
1.457911	0.038703	0.035267	0.001718
1.457400	0.038877	0.035563	0.001657
1.456889	0.038693	0.035409	0.001642
1.456379	0.038693	0.035743	0.001475
1.455869	0.038871	0.035518	0.001677
1.455359	0.038973	0.035288	0.001843
1.454850	0.038607	0.035611	0.001498
1.454341	0.038579	0.035392	0.001593
1.453833	0.038457	0.035350	0.001553
1.453325	0.038763	0.035382	0.001691
1.452818	0.038760	0.035133	0.001813
1.452311	0.038519	0.035096	0.001711
1.451805	0.038081	0.034706	0.001687
1.451299	0.038063	0.035064	0.001499
1.450793	0.038097	0.034679	0.001709
1.450288	0.038329	0.034649	0.001840
1.449783	0.038570	0.034721	0.001924
1.449279	0.038183	0.034996	0.001593
1.448775	0.038041	0.034448	0.001796
1.448272	0.037916	0.035140	0.001388
1.447769	0.037995	0.034737	0.001629
1.447267	0.038146	0.034780	0.001683
1.446765	0.037693	0.034589	0.001552
1.446263	0.038272	0.034784	0.001744
1.445762	0.038141	0.034930	0.001606
1.445262	0.038340	0.034897	0.001722
1.444762	0.038299	0.034233	0.002033
1.444262	0.037794	0.034618	0.001588
1.443763	0.037978	0.034517	0.001730
1.443264	0.037963	0.034452	0.001755
1.442765	0.037973	0.034095	0.001939
1.442267	0.037573	0.034572	0.001501
1.441770	0.037932	0.034342	0.001795
1.441273	0.037604	0.034412	0.001596
1.440776	0.037626	0.034126	0.001750
1.440280	0.037147	0.033946	0.001600
1.439784	0.037496	0.033858	0.001819
1.439289	0.037289	0.033679	0.001805
1.438794	0.037173	0.033923	0.001625
1.438299	0.037438	0.033620	0.001909
1.437805	0.037694	0.033686	0.002004
1.437312	0.037641	0.034116	0.001762
1.436819	0.036818	0.033892	0.001463
1.436326	0.037319	0.034165	0.001577
1.435834	0.037432	0.034182	0.001625
1.435342	0.037341	0.033597	0.001872
1.434850	0.036744	0.033708	0.001518
1.434359	0.037145	0.033578	0.001784
1.433869	0.036914	0.033773	0.001571
1.433379	0.037086	0.033743	0.001672
1.432889	0.036852	0.033657	0.001598
1.432400	0.036804	0.033144	0.001830
1.431911	0.036588	0.033604	0.001492
1.431422	0.037140	0.032911	0.002114
1.430934	0.037081	0.033027	0.002027
1.430447	0.036751	0.032819	0.001966
1.429960	0.036438	0.033055	0.001691
1.429473	0.036808	0.032935	0.001937
1.428987	0.036128	0.032853	0.001638
1.428501	0.036511	0.033037	0.001737
1.428015	0.036361	0.032749	0.001806
1.427530	0.036663	0.033088	0.001787
1.427046	0.036728	0.032940	0.001894
1.426561	0.036554	0.033140	0.001707
1.426078	0.036413	0.033137	0.001638
1.425594	0.036125	0.032888	0.001618
1.425111	0.036496	0.032779	0.001858
1.424629	0.036724	0.032977	0.001873
1.424147	0.036395	0.033223	0.001586
1.423665	0.036657	0.033033	0.001812
1.423184	0.036400	0.032807	0.001796
1.422703	0.036027	0.033081	0.001473
1.422223	0.035975	0.032377	0.001799
1.421743	0.035742	0.032452	0.001645
1.421263	0.035947	0.032045	0.001951
1.420784	0.035876	0.031861	0.002008
1.420306	0.035452	0.032798	0.001327
1.419827	0.035371	0.031838	0.001767
1.419349	0.035455	0.031899	0.001778
1.418872	0.035715	0.032448	0.001634
1.418395	0.035655	0.032091	0.001782
1.417918	0.035481	0.032244	0.001619
1.417442	0.034923	0.031871	0.001526
1.416966	0.035003	0.031918	0.001542
1.416491	0.035291	0.031731	0.001780
1.416016	0.034802	0.031438	0.001682
1.415541	0.034847	0.031630	0.001609
1.415067	0.034930	0.032042	0.001444
1.414593	0.035296	0.030990	0.002153
1.414120	0.034519	0.031256	0.001631
1.413647	0.034477	0.031222	0.001627
1.413174	0.034582	0.031373	0.001605
1.412702	0.034816	0.030854	0.001981
1.412231	0.034967	0.031009	0.001979
1.411759	0.034999	0.031354	0.001822
1.411288	0.035089	0.031351	0.001869
1.410818	0.034417	0.031500	0.001458
1.410348	0.035412	0.031362	0.002025
1.409878	0.035291	0.031169	0.002061
1.409409	0.034801	0.030625	0.002088
1.408940	0.034377	0.031552	0.001413
1.408472	0.035362	0.031088	0.002137
1.408004	0.034434	0.031300	0.001567
1.407536	0.034152	0.031209	0.001472
1.407069	0.033905	0.030484	0.001710
1.406602	0.034527	0.030677	0.001925
1.406135	0.034959	0.030347	0.002306
1.405669	0.034603	0.030875	0.001864
1.405204	0.034326	0.030622	0.001852
1.404738	0.033774	0.030190	0.001792
1.404274	0.033949	0.029954	0.001997
1.403809	0.034046	0.030087	0.001980
1.403345	0.033945	0.030437	0.001754
1.402882	0.033950	0.030015	0.001967
1.402418	0.034055	0.030857	0.001599
1.401955	0.033900	0.030631	0.001634
1.401493	0.033663	0.030403	0.001630
1.401031	0.034343	0.030402	0.001970
1.400569	0.033746	0.030012	0.001867
1.400108	0.034016	0.030634	0.001691
1.399647	0.034099	0.029935	0.002082
1.399187	0.034180	0.030348	0.001916
1.398727	0.033469	0.030250	0.001609
1.398267	0.033700	0.029813	0.001944
1.397808	0.033584	0.030341	0.001621
1.397349	0.033141	0.029924	0.001608
1.396890	0.033328	0.029917	0.001706
1.396432	0.033227	0.030152	0.001538
1.395974	0.033565	0.029582	0.001992
1.395517	0.033564	0.030081	0.001742
1.395060	0.033084	0.029640	0.001722
1.394604	0.033362	0.029718	0.001822
1.394147	0.033274	0.028958	0.002158
1.393692	0.033327	0.029188	0.002070
1.393236	0.033033	0.028890	0.002072
1.392781	0.033339	0.028934	0.002203
1.392327	0.032760	0.029050	0.001855
1.391873	0.032068	0.029397	0.001336
1.391419	0.033280	0.029109	0.002086
1.390965	0.032363	0.029096	0.001633
1.390512	0.032920	0.029070	0.001925
