6.542578	0.149158	0.149158	0.000000
6.529189	-2722533753606622.000000	-2722533753606622.000000	0.000000
6.515856	-2.740579	-1.242615	-0.748982
6.502578	-0.797226	1.655462	-1.226344
6.489355	-1.596251	-0.226831	-0.684710
6.476188	-0.509293	-0.661568	0.076137
6.463075	-0.991183	-4.920733	1.964775
6.450016	-1.379443	-0.326091	-0.526676
6.437011	-10.283336	-0.276207	-5.003564
6.424060	0.385445	-0.420123	0.402784
6.411162	-0.079384	-0.315723	0.118169
6.398317	0.730716	1.549698	-0.409491
6.385525	-0.316084	-0.608074	0.145995
6.372785	-0.618565	-0.563693	-0.027436
6.360096	-1.009637	-0.270214	-0.369712
6.347460	-0.200036	0.059733	-0.129885
6.334875	1.193302	-1.865647	1.529475
6.322341	-0.637861	-1.140352	0.251246
6.309857	-7.069417	-0.195987	-3.436715
6.297424	-0.251161	-1.163769	0.456304
6.285042	-0.428175	2.964391	-1.696283
6.272709	-0.331371	0.019058	-0.175215
6.260425	-0.847188	-3.752007	1.452409
6.248191	-1.057877	-118.231106	58.586615
6.236005	0.055200	-0.089706	0.072453
6.223868	-0.024414	0.020884	-0.022649
6.211780	-0.004226	-0.022216	0.008995
6.199740	-0.066908	0.054037	-0.060472
6.187747	-0.048108	-0.010296	-0.018906
6.175802	-0.040784	0.010341	-0.025562
6.163904	0.003809	-0.006276	0.005042
6.152053	-0.069789	-0.002623	-0.033583
6.140248	0.018174	-0.039891	0.029033
6.128490	0.012617	0.007062	0.002778
6.116778	-0.031452	0.022902	-0.027177
6.105112	-0.055952	-0.016315	-0.019819
6.093492	0.032191	0.015252	0.008470
6.081916	0.007806	-0.032823	0.020314
6.070386	0.067886	-0.011097	0.039491
6.058901	-0.021017	-0.022007	0.000495
6.047460	-0.035780	0.010550	-0.023165
6.036063	-0.002668	-0.011620	0.004476
6.024710	-0.026835	-0.018671	-0.004082
6.013401	-0.142963	-0.037665	-0.052649
6.002135	0.050360	0.051195	-0.000417
5.990913	-0.009716	-0.012932	0.001608
5.979734	-0.037416	-0.040750	0.001667
5.968597	-0.065428	0.019007	-0.042217
5.957503	0.045358	0.014192	0.015583
5.946451	0.057510	-0.017369	0.037440
5.935442	-0.012826	0.010828	-0.011827
5.924474	0.070014	0.000630	0.034692
5.913547	0.006395	-0.018225	0.012310
5.902662	-0.067759	-0.020629	-0.023565
5.891818	0.034233	0.067944	-0.016856
5.881015	0.010717	0.058247	-0.023765
5.870252	-0.057228	0.062309	-0.059769
5.859530	-0.048833	0.006664	-0.027749
5.848848	0.046301	-0.026883	0.036592
5.838205	-0.049775	0.042454	-0.046114
5.827603	0.010147	0.000163	0.004992
5.817040	0.002322	0.005624	-0.001651
5.806516	0.032871	-0.059076	0.045974
5.796031	0.033780	-0.030365	0.032072
5.785586	0.002531	0.055580	-0.026524
5.775178	-0.006604	0.037826	-0.022215
5.764810	-0.025562	-0.048569	0.011503
5.754479	0.003197	0.004395	-0.000599
5.744186	0.000342	-0.099491	0.049917
5.733931	0.011334	0.007572	0.001881
5.723714	-0.012854	-0.078244	0.032695
5.713534	0.079131	-0.073353	0.076242
5.703391	-0.035446	0.003100	-0.019273
5.693285	0.038402	-0.005516	0.021959
5.683216	0.000703	0.054709	-0.027003
5.673184	-0.050486	0.038121	-0.044303
5.663188	0.000754	0.097152	-0.048199
5.653228	0.055032	0.042086	0.006473
5.643304	0.039395	0.003758	0.017818
5.633415	0.009523	0.013111	-0.001794
5.623562	0.016487	0.082651	-0.033082
5.613745	0.032160	0.036982	-0.002411
5.603963	0.105623	0.022296	0.041663
5.594216	0.101559	0.060894	0.020333
5.584504	0.019254	0.085473	-0.033109
5.574826	0.104273	0.157692	-0.026709
5.565183	0.096939	0.053390	0.021775
5.555574	0.071558	0.101444	-0.014943
5.545999	0.142554	0.093484	0.024535
5.536458	0.098093	0.075799	0.011147
5.526950	0.127175	0.145888	-0.009357
5.517477	0.094927	0.121082	-0.013077
5.508036	0.161384	0.159494	0.000945
5.498629	0.156562	0.115019	0.020772
5.489255	0.148064	0.162395	-0.007166
5.479914	0.194473	0.165093	0.014690
5.470605	0.141577	0.155907	-0.007165
5.461329	0.132127	0.139495	-0.003684
5.452085	0.150849	0.173715	-0.011433
5.442874	0.195398	0.149775	0.022811
5.433694	0.185384	0.167447	0.008968
5.424546	0.202311	0.179256	0.011528
5.415430	0.174252	0.176378	-0.001063
5.406345	0.132224	0.137803	-0.002789
5.397292	0.195028	0.182871	0.006079
5.388270	0.143792	0.171448	-0.013828
5.379279	0.181818	0.155196	0.013311
5.370319	0.183259	0.208197	-0.012469
5.361389	0.170722	0.178844	-0.004061
5.352490	0.200278	0.162924	0.018677
5.343621	0.139371	0.204551	-0.032590
5.334783	0.178921	0.192321	-0.006700
5.325975	0.168790	0.172654	-0.001932
5.317196	0.184796	0.180897	0.001950
5.308448	0.196970	0.195570	0.000700
5.299729	0.206899	0.190339	0.008280
5.291039	0.206530	0.200004	0.003263
5.282379	0.237331	0.195476	0.020928
5.273748	0.217079	0.201294	0.007892
5.265146	0.197398	0.218836	-0.010719
5.256573	0.206036	0.204606	0.000715
5.248029	0.213824	0.186268	0.013778
5.239513	0.220167	0.201392	0.009387
5.231026	0.210160	0.237306	-0.013573
5.222567	0.211027	0.227125	-0.008049
5.214136	0.198788	0.209597	-0.005405
5.205733	0.184727	0.207364	-0.011318
5.197358	0.227342	0.216004	0.005669
5.189011	0.225820	0.202463	0.011679
5.180691	0.201592	0.164490	0.018551
5.172399	0.181890	0.221996	-0.020053
5.164135	0.199996	0.195315	0.002340
5.155897	0.201811	0.168970	0.016420
5.147687	0.217825	0.201456	0.008185
5.139503	0.213055	0.199951	0.006552
5.131346	0.207066	0.178204	0.014431
5.123216	0.214223	0.212650	0.000787
5.115113	0.207594	0.209479	-0.000942
5.107036	0.208770	0.197014	0.005878
5.098985	0.208528	0.200981	0.003773
5.090960	0.195428	0.195016	0.000206
5.082962	0.201168	0.198942	0.001113
5.074989	0.216333	0.201234	0.007549
5.067042	0.216079	0.205841	0.005119
5.059121	0.207566	0.190744	0.008411
5.051225	0.205106	0.226815	-0.010854
5.043355	0.202077	0.211949	-0.004936
5.035510	0.206842	0.197140	0.004851
5.027690	0.228991	0.215657	0.006667
5.019895	0.230361	0.206613	0.011874
5.012126	0.206699	0.205103	0.000798
5.004381	0.199042	0.185069	0.006987
4.996660	0.194137	0.192981	0.000578
4.988964	0.198014	0.184223	0.006895
4.981293	0.208227	0.185804	0.011212
4.973646	0.189530	0.184694	0.002418
4.966023	0.193916	0.186746	0.003585
4.958425	0.185958	0.184004	0.000977
4.950850	0.181206	0.179069	0.001068
4.943299	0.188380	0.167172	0.010604
4.935772	0.183535	0.183049	0.000243
4.928269	0.190546	0.184055	0.003246
4.920789	0.190011	0.188634	0.000688
4.913333	0.188107	0.174833	0.006637
4.905900	0.189329	0.177158	0.006086
4.898490	0.188239	0.172488	0.007875
4.891103	0.187925	0.180668	0.003629
4.883739	0.179676	0.174675	0.002500
4.876399	0.177456	0.181465	-0.002005
4.869081	0.183047	0.179686	0.001681
4.861785	0.194300	0.175522	0.009389
4.854512	0.178548	0.178831	-0.000142
4.847262	0.188649	0.171596	0.008526
4.840034	0.179615	0.181292	-0.000838
4.832829	0.186196	0.171839	0.007178
4.825645	0.183343	0.164073	0.009635
4.818484	0.191643	0.169331	0.011156
4.811344	0.175310	0.165570	0.004870
4.804227	0.171272	0.155540	0.007866
4.797131	0.171274	0.162250	0.004512
4.790057	0.171237	0.156195	0.007521
4.783004	0.155443	0.162288	-0.003423
4.775973	0.162758	0.147984	0.007387
4.768963	0.158065	0.151334	0.003366
4.761974	0.148372	0.138430	0.004971
4.755007	0.148683	0.148221	0.000231
4.748061	0.154892	0.137609	0.008642
4.741136	0.139773	0.136230	0.001772
4.734231	0.142402	0.138636	0.001883
4.727348	0.145596	0.141361	0.002117
4.720485	0.138514	0.129590	0.004462
4.713642	0.140605	0.132718	0.003944
4.706821	0.137750	0.137458	0.000146
4.700019	0.139829	0.129702	0.005064
4.693238	0.132759	0.131041	0.000859
4.686478	0.137361	0.124827	0.006267
4.679737	0.140795	0.130203	0.005296
4.673016	0.139595	0.126076	0.006759
4.666316	0.141853	0.129665	0.006094
4.659635	0.134736	0.130491	0.002123
4.652974	0.131711	0.136779	-0.002534
4.646333	0.136658	0.127289	0.004684
4.639711	0.133411	0.131724	0.000844
4.633109	0.133811	0.126042	0.003885
4.626527	0.134095	0.119116	0.007490
4.619963	0.130665	0.119857	0.005404
4.613420	0.125567	0.117478	0.004044
4.606895	0.121891	0.113625	0.004133
4.600389	0.117401	0.111367	0.003017
4.593902	0.119341	0.112457	0.003442
4.587435	0.113954	0.112380	0.000787
4.580986	0.115514	0.104820	0.005347
4.574556	0.114168	0.105839	0.004164
4.568145	0.110951	0.097555	0.006698
4.561752	0.108170	0.103615	0.002277
4.555378	0.100105	0.097317	0.001394
4.549022	0.094880	0.095087	-0.000103
4.542685	0.101876	0.092710	0.004583
4.536365	0.103493	0.088289	0.007602
4.530065	0.098720	0.091023	0.003849
4.523782	0.091217	0.091135	0.000041
4.517517	0.091512	0.091358	0.000077
4.511271	0.091956	0.082081	0.004937
4.505042	0.091281	0.082528	0.004377
4.498831	0.092768	0.079137	0.006816
4.492638	0.085587	0.082107	0.001740
4.486462	0.085103	0.081862	0.001621
4.480304	0.084712	0.075888	0.004412
4.474164	0.085246	0.080322	0.002462
4.468041	0.083722	0.077672	0.003025
4.461935	0.082846	0.079234	0.001806
4.455847	0.080970	0.077459	0.001755
4.449776	0.085075	0.074044	0.005515
4.443722	0.083487	0.076594	0.003447
4.437686	0.084966	0.077243	0.003862
4.431666	0.080829	0.071172	0.004829
4.425663	0.083314	0.076657	0.003329
4.419677	0.081516	0.073834	0.003841
4.413708	0.081790	0.071958	0.004916
4.407755	0.080626	0.070210	0.005208
4.401820	0.081104	0.069046	0.006029
4.395901	0.076444	0.070120	0.003162
4.389998	0.076702	0.070633	0.003034
4.384112	0.075401	0.071478	0.001962
4.378242	0.072993	0.066360	0.003317
4.372389	0.073378	0.067841	0.002769
4.366551	0.065719	0.065840	-0.000061
4.360730	0.069518	0.060123	0.004697
4.354925	0.068068	0.057958	0.005055
4.349136	0.061058	0.058958	0.001050
4.343364	0.059179	0.052468	0.003356
4.337607	0.056080	0.050234	0.002923
4.331865	0.059466	0.050711	0.004378
4.326140	0.055479	0.047279	0.004100
4.320430	0.053759	0.042429	0.005665
4.314736	0.055211	0.041927	0.006642
4.309058	0.051403	0.043548	0.003927
4.303395	0.050201	0.041075	0.004563
4.297748	0.050493	0.042587	0.003953
4.292116	0.047996	0.039506	0.004245
4.286499	0.048534	0.040541	0.003996
4.280898	0.046166	0.039879	0.003143
4.275312	0.046382	0.040333	0.003024
4.269741	0.044949	0.038420	0.003264
4.264185	0.042771	0.035648	0.003561
4.258644	0.041447	0.035667	0.002890
4.253118	0.043722	0.036401	0.003661
4.247607	0.041762	0.034325	0.003719
4.242111	0.041765	0.036831	0.002467
4.236629	0.043771	0.036623	0.003574
4.231163	0.040981	0.034937	0.003022
4.225711	0.041353	0.036487	0.002433
4.220274	0.042526	0.037870	0.002328
4.214851	0.044191	0.038852	0.002669
4.209442	0.040472	0.039068	0.000702
4.204049	0.044793	0.038809	0.002992
4.198669	0.044128	0.040868	0.001630
4.193304	0.045430	0.039408	0.003011
4.187953	0.044354	0.039536	0.002409
4.182616	0.045513	0.038911	0.003301
4.177294	0.044295	0.037767	0.003264
4.171985	0.044228	0.040021	0.002103
4.166691	0.041964	0.039669	0.001147
4.161411	0.042476	0.039922	0.001277
4.156144	0.041977	0.036137	0.002920
4.150892	0.043688	0.037235	0.003227
4.145653	0.038501	0.035562	0.001469
4.140428	0.038337	0.035287	0.001525
4.135217	0.037985	0.036381	0.000802
4.130019	0.036387	0.033358	0.001515
4.124835	0.038219	0.031481	0.003369
4.119665	0.037891	0.030938	0.003476
4.114508	0.035829	0.030283	0.002773
4.109364	0.034483	0.028839	0.002822
4.104234	0.030730	0.023747	0.003491
4.099117	0.028436	0.024468	0.001984
4.094014	0.027864	0.023357	0.002254
4.088924	0.028051	0.021279	0.003386
4.083846	0.026906	0.021327	0.002790
4.078783	0.020229	0.020617	-0.000194
4.073732	0.021814	0.017987	0.001913
4.068694	0.022677	0.017504	0.002586
4.063669	0.020051	0.016405	0.001823
4.058657	0.015320	0.014055	0.000633
4.053658	0.018844	0.013098	0.002873
4.048672	0.017803	0.014192	0.001805
4.043699	0.013476	0.013750	-0.000137
4.038738	0.012964	0.011682	0.000641
4.033790	0.015758	0.010732	0.002513
4.028855	0.014141	0.012835	0.000653
4.023933	0.015507	0.012332	0.001588
4.019022	0.015444	0.012055	0.001694
4.014125	0.014675	0.015016	-0.000170
4.009240	0.014701	0.010499	0.002101
4.004367	0.013660	0.013784	-0.000062
3.999506	0.014832	0.015433	-0.000301
3.994658	0.012556	0.013161	-0.000303
3.989823	0.014588	0.009977	0.002305
3.984999	0.012582	0.015341	-0.001380
3.980187	0.014689	0.013446	0.000621
3.975388	0.015353	0.012872	0.001240
3.970601	0.019408	0.014444	0.002482
3.965826	0.016281	0.015859	0.000211
3.961063	0.017165	0.014586	0.001289
3.956311	0.021076	0.016752	0.002162
3.951572	0.020178	0.018990	0.000594
3.946844	0.018823	0.018685	0.000069
3.942129	0.021414	0.018503	0.001456
3.937425	0.018587	0.019484	-0.000449
3.932733	0.021512	0.018711	0.001400
3.928052	0.021150	0.021713	-0.000282
3.923383	0.021095	0.019720	0.000688
3.918726	0.020011	0.020466	-0.000228
3.914080	0.022621	0.021539	0.000541
3.909446	0.022303	0.019467	0.001418
3.904823	0.019866	0.020627	-0.000380
3.900212	0.021700	0.020038	0.000831
3.895612	0.020437	0.021808	-0.000685
3.891023	0.020764	0.019679	0.000543
3.886446	0.017989	0.018001	-0.000006
3.881880	0.017077	0.018498	-0.000710
3.877325	0.016514	0.018869	-0.001177
3.872781	0.016741	0.019015	-0.001137
3.868249	0.018433	0.017856	0.000289
3.863727	0.013244	0.014579	-0.000667
3.859217	0.015322	0.015171	0.000075
3.854718	0.015105	0.013876	0.000615
3.850229	0.012075	0.014413	-0.001169
3.845752	0.010692	0.013478	-0.001393
3.841285	0.009380	0.012249	-0.001434
3.836829	0.011499	0.012262	-0.000382
3.832384	0.007332	0.010966	-0.001817
3.827950	0.007411	0.011039	-0.001814
3.823527	0.004246	0.006707	-0.001231
3.819114	0.002457	0.006575	-0.002059
3.814712	0.005390	0.006628	-0.000619
3.810321	0.003020	0.004395	-0.000688
3.805940	0.002445	0.002137	0.000154
3.801570	0.001872	0.002516	-0.000322
3.797210	0.001715	0.004161	-0.001223
3.792860	-0.000767	0.001263	-0.001015
3.788522	-0.001214	0.000610	-0.000912
3.784193	0.000737	0.003153	-0.001208
3.779875	-0.003260	0.000774	-0.002017
3.775567	-0.000723	0.000898	-0.000810
3.771269	-0.002326	0.000899	-0.001613
3.766982	-0.003019	-0.000263	-0.001378
3.762705	-0.002288	-0.000182	-0.001053
3.758438	-0.002767	0.001110	-0.001939
3.754181	-0.000712	0.000102	-0.000407
3.749935	-0.001329	0.002128	-0.001729
3.745698	-0.001516	0.001742	-0.001629
3.741472	0.000096	0.002557	-0.001231
3.737255	-0.001141	0.003385	-0.002263
3.733048	0.000823	0.004992	-0.002084
3.728852	0.001848	0.003941	-0.001047
3.724665	0.003377	0.004280	-0.000451
3.720488	0.002103	0.004112	-0.001005
3.716321	0.002520	0.004996	-0.001238
3.712163	0.003979	0.007162	-0.001591
3.708016	0.004190	0.006186	-0.000998
3.703878	0.004994	0.008409	-0.001708
3.699750	0.006157	0.008054	-0.000948
3.695631	0.004403	0.009846	-0.002722
3.691522	0.008007	0.009685	-0.000839
3.687423	0.005741	0.011210	-0.002735
3.683333	0.006961	0.011849	-0.002444
3.679253	0.008256	0.010233	-0.000989
3.675182	0.009653	0.014674	-0.002511
3.671120	0.007779	0.011961	-0.002091
3.667069	0.009576	0.011642	-0.001033
3.663026	0.009546	0.013131	-0.001793
3.658993	0.011847	0.014076	-0.001114
3.654969	0.010712	0.013921	-0.001605
3.650954	0.011340	0.016966	-0.002813
3.646949	0.011984	0.016053	-0.002035
3.642953	0.012957	0.015862	-0.001452
3.638966	0.009519	0.013905	-0.002193
3.634988	0.008665	0.013978	-0.002656
3.631020	0.010764	0.012611	-0.000924
3.627060	0.011996	0.013088	-0.000546
3.623110	0.012392	0.013932	-0.000770
3.619168	0.008393	0.016651	-0.004129
3.615236	0.010361	0.013767	-0.001703
3.611312	0.009978	0.014383	-0.002203
3.607398	0.008648	0.011890	-0.001621
3.603492	0.009061	0.012755	-0.001847
3.599596	0.007832	0.012688	-0.002428
3.595708	0.008355	0.013805	-0.002725
3.591829	0.007036	0.013054	-0.003009
3.587959	0.006245	0.011352	-0.002553
3.584097	0.006267	0.011558	-0.002645
3.580244	0.005611	0.010910	-0.002649
3.576400	0.003823	0.010784	-0.003481
3.572565	0.005351	0.008615	-0.001632
3.568738	0.004099	0.008011	-0.001956
3.564920	0.003980	0.006902	-0.001461
3.561111	0.000959	0.007072	-0.003057
3.557310	0.000641	0.005385	-0.002372
3.553517	0.000522	0.006046	-0.002762
3.549734	-0.000225	0.005430	-0.002827
3.545958	-0.001383	0.004275	-0.002829
3.542191	-0.001701	0.003854	-0.002778
3.538433	-0.003167	0.003446	-0.003307
3.534683	-0.001847	0.002026	-0.001937
3.530941	-0.002155	0.001697	-0.001926
3.527207	-0.002960	0.000201	-0.001581
3.523482	-0.003769	0.000964	-0.002366
3.519765	-0.006201	-0.000651	-0.002775
3.516057	-0.004229	0.001409	-0.002819
3.512356	-0.006137	-0.000835	-0.002651
3.508664	-0.007582	-0.001226	-0.003178
3.504980	-0.008766	-0.000137	-0.004315
3.501304	-0.006727	0.000391	-0.003559
3.497636	-0.006954	-0.001156	-0.002899
3.493977	-0.006638	0.000057	-0.003347
3.490325	-0.007845	-0.001273	-0.003286
3.486682	-0.006663	-0.001956	-0.002354
3.483046	-0.007467	-0.001478	-0.002994
3.479419	-0.006435	-0.000626	-0.002905
3.475799	-0.005801	-0.001192	-0.002305
3.472187	-0.004697	0.001106	-0.002901
3.468583	-0.007121	0.001089	-0.004105
3.464988	-0.005864	0.000649	-0.003256
3.461400	-0.003328	0.001126	-0.002227
3.457819	-0.003924	0.003711	-0.003818
3.454247	-0.003810	0.003820	-0.003815
3.450682	-0.002432	0.003508	-0.002970
3.447125	-0.004915	0.003140	-0.004027
3.443576	-0.001745	0.005778	-0.003761
3.440035	-0.001592	0.004956	-0.003274
3.436501	0.000170	0.004800	-0.002315
3.432975	-0.000094	0.005925	-0.003009
3.429457	0.000040	0.008813	-0.004386
3.425946	0.000215	0.008474	-0.004129
3.422442	0.001336	0.009182	-0.003923
3.418947	0.003736	0.008654	-0.002459
3.415459	0.002026	0.009875	-0.003925
3.411978	0.003239	0.009383	-0.003072
3.408505	0.003531	0.009909	-0.003189
3.405039	0.004125	0.010605	-0.003240
3.401581	0.004787	0.012852	-0.004033
3.398130	0.003472	0.011908	-0.004218
3.394686	0.005554	0.013129	-0.003788
3.391250	0.006917	0.012949	-0.003016
3.387821	0.007184	0.017266	-0.005041
3.384400	0.006711	0.015367	-0.004328
3.380986	0.008099	0.015683	-0.003792
3.377579	0.008567	0.018919	-0.005176
3.374179	0.007713	0.017380	-0.004833
3.370787	0.009548	0.016922	-0.003687
3.367401	0.008822	0.017480	-0.004329
3.364023	0.011442	0.018793	-0.003675
3.360652	0.008629	0.019635	-0.005503
3.357289	0.007971	0.017161	-0.004595
3.353932	0.009591	0.019442	-0.004925
3.350582	0.009927	0.018508	-0.004291
3.347240	0.010389	0.017475	-0.003543
3.343904	0.008359	0.018434	-0.005037
3.340576	0.009293	0.018256	-0.004481
3.337255	0.007756	0.017705	-0.004975
3.333940	0.008815	0.019291	-0.005238
3.330633	0.008924	0.017783	-0.004429
3.327332	0.006435	0.017927	-0.005746
3.324038	0.008023	0.017267	-0.004622
3.320752	0.006332	0.017666	-0.005667
3.317472	0.007838	0.020457	-0.006309
3.314199	0.009492	0.017194	-0.003851
3.310933	0.006427	0.017298	-0.005436
3.307673	0.005210	0.014890	-0.004840
3.304421	0.007630	0.017165	-0.004768
3.301175	0.005234	0.016772	-0.005769
3.297936	0.003640	0.017634	-0.006997
3.294703	0.004895	0.016599	-0.005852
3.291478	0.005428	0.016588	-0.005580
3.288259	0.006295	0.015826	-0.004765
3.285046	0.003667	0.016226	-0.006280
3.281841	0.003835	0.012921	-0.004543
3.278642	0.001777	0.014348	-0.006286
3.275449	0.002426	0.015225	-0.006400
3.272263	0.002166	0.011961	-0.004898
3.269084	0.001083	0.011622	-0.005269
3.265911	0.000719	0.013231	-0.006256
3.262745	-0.001124	0.009225	-0.005175
3.259585	0.000277	0.010115	-0.004919
3.256432	-0.001423	0.010133	-0.005778
3.253285	-0.002665	0.010547	-0.006606
3.250145	-0.001853	0.010152	-0.006002
3.247011	-0.003234	0.008787	-0.006011
3.243883	-0.004362	0.008792	-0.006577
3.240762	-0.005655	0.007188	-0.006421
3.237647	-0.003945	0.007597	-0.005771
3.234539	-0.006171	0.009408	-0.007789
3.231437	-0.003437	0.007124	-0.005281
3.228341	-0.006024	0.005771	-0.005898
3.225251	-0.005080	0.007224	-0.006152
3.222168	-0.007804	0.004642	-0.006223
3.219091	-0.005500	0.006637	-0.006068
3.216020	-0.004949	0.006675	-0.005812
3.212956	-0.006307	0.006082	-0.006195
3.209897	-0.005940	0.006555	-0.006248
3.206845	-0.007041	0.007783	-0.007412
3.203799	-0.007491	0.008198	-0.007845
3.200759	-0.005571	0.008189	-0.006880
3.197725	-0.005605	0.007897	-0.006751
3.194697	-0.005574	0.006707	-0.006141
3.191676	-0.007224	0.006914	-0.007069
3.188660	-0.005918	0.008109	-0.007013
3.185651	-0.006562	0.008643	-0.007602
3.182647	-0.006447	0.007831	-0.007139
3.179650	-0.005720	0.007790	-0.006755
3.176658	-0.007018	0.007711	-0.007364
3.173673	-0.005514	0.008425	-0.006970
3.170693	-0.003755	0.010317	-0.007036
3.167720	-0.005176	0.010055	-0.007616
3.164752	-0.004184	0.010920	-0.007552
3.161790	-0.004865	0.010400	-0.007632
3.158834	-0.000640	0.010619	-0.005629
3.155884	-0.002296	0.012950	-0.007623
3.152940	-0.003026	0.014816	-0.008921
3.150001	-0.002800	0.012527	-0.007664
3.147069	-0.002085	0.013485	-0.007785
3.144142	0.000745	0.013204	-0.006229
3.141221	0.000478	0.015121	-0.007321
3.138306	0.000845	0.015221	-0.007188
3.135396	-0.001839	0.015390	-0.008614
3.132493	0.003083	0.018395	-0.007656
3.129595	0.002839	0.017129	-0.007145
3.126702	0.003558	0.019179	-0.007811
3.123816	0.002330	0.017062	-0.007366
3.120935	0.001994	0.019390	-0.008698
3.118059	0.003551	0.019226	-0.007838
3.115190	0.005387	0.021192	-0.007903
3.112326	0.004639	0.021374	-0.008368
3.109467	0.004694	0.022091	-0.008699
3.106614	0.006331	0.021518	-0.007593
3.103767	0.007320	0.021981	-0.007331
3.100925	0.004999	0.024143	-0.009572
3.098089	0.006583	0.024137	-0.008777
3.095258	0.008772	0.024355	-0.007791
3.092433	0.008118	0.024446	-0.008164
3.089613	0.007479	0.024832	-0.008676
3.086799	0.008710	0.025212	-0.008251
3.083990	0.009350	0.026287	-0.008469
3.081187	0.007818	0.026533	-0.009357
3.078389	0.010199	0.026121	-0.007961
3.075596	0.010095	0.026296	-0.008101
3.072809	0.009776	0.026402	-0.008313
3.070027	0.010700	0.026260	-0.007780
3.067251	0.011384	0.028445	-0.008530
3.064480	0.012963	0.025828	-0.006432
3.061714	0.011947	0.027208	-0.007630
3.058954	0.012944	0.029754	-0.008405
3.056199	0.013175	0.026935	-0.006880
3.053449	0.011764	0.029923	-0.009080
3.050704	0.013313	0.026228	-0.006457
3.047965	0.012791	0.030680	-0.008945
3.045231	0.011312	0.027005	-0.007847
3.042502	0.012153	0.027146	-0.007497
3.039779	0.012991	0.028848	-0.007929
3.037060	0.009539	0.029351	-0.009906
3.034347	0.011466	0.028036	-0.008285
3.031639	0.012355	0.026122	-0.006884
3.028936	0.009295	0.028042	-0.009374
3.026238	0.011721	0.025937	-0.007108
3.023545	0.010720	0.028970	-0.009125
3.020858	0.008722	0.026252	-0.008765
3.018175	0.010059	0.026487	-0.008214
3.015498	0.010989	0.025807	-0.007409
3.012826	0.009610	0.026579	-0.008484
3.010158	0.007644	0.025702	-0.009029
3.007496	0.007877	0.025747	-0.008935
3.004839	0.009113	0.025553	-0.008220
3.002187	0.008482	0.024521	-0.008020
2.999540	0.009403	0.025514	-0.008055
2.996897	0.009262	0.026455	-0.008596
2.994260	0.005658	0.023648	-0.008995
2.991628	0.005059	0.023400	-0.009171
2.989000	0.007362	0.023555	-0.008097
2.986378	0.006607	0.023231	-0.008312
2.983760	0.008482	0.022829	-0.007173
2.981148	0.005613	0.021439	-0.007913
2.978540	0.006260	0.022335	-0.008038
2.975937	0.005033	0.021160	-0.008063
2.973339	0.004007	0.023025	-0.009509
2.970746	0.006111	0.022687	-0.008288
2.968158	0.003289	0.021270	-0.008990
2.965574	0.006068	0.018830	-0.006381
2.962995	0.003094	0.019853	-0.008380
2.960421	0.002466	0.020103	-0.008819
2.957852	0.003850	0.021562	-0.008856
2.955288	0.001832	0.019654	-0.008911
2.952728	0.003637	0.018666	-0.007514
2.950173	0.002432	0.018620	-0.008094
2.947623	0.002084	0.020387	-0.009151
2.945078	0.002996	0.019426	-0.008215
2.942537	0.001392	0.015722	-0.007165
2.940001	0.002563	0.018148	-0.007792
2.937469	0.000975	0.019231	-0.009128
2.934943	0.000719	0.018278	-0.008779
2.932421	-0.000160	0.017955	-0.009057
2.929903	-0.000470	0.018029	-0.009249
2.927390	0.000199	0.017005	-0.008403
2.924882	0.000273	0.016853	-0.008290
2.922378	-0.000489	0.017173	-0.008831
2.919879	-0.000010	0.017755	-0.008883
2.917385	-0.001074	0.015525	-0.008300
2.914895	-0.001460	0.016176	-0.008818
2.912410	-0.001400	0.014817	-0.008109
2.909929	-0.003895	0.015786	-0.009841
2.907453	-0.001514	0.016329	-0.008921
2.904981	-0.001681	0.015864	-0.008773
2.902513	-0.001107	0.014657	-0.007882
2.900051	-0.000934	0.014502	-0.007718
2.897592	-0.002295	0.015247	-0.008771
2.895138	-0.001641	0.014064	-0.007853
2.892689	-0.002544	0.013889	-0.008216
2.890244	-0.002531	0.015189	-0.008860
2.887803	-0.001897	0.015051	-0.008474
2.885367	-0.001283	0.016696	-0.008990
2.882936	-0.000821	0.016311	-0.008566
2.880508	-0.002505	0.014786	-0.008645
2.878085	-0.002359	0.013709	-0.008034
2.875667	-0.001354	0.013983	-0.007669
2.873252	-0.002244	0.014688	-0.008466
2.870842	-0.001808	0.013370	-0.007589
2.868437	-0.001101	0.015928	-0.008515
2.866036	-0.001542	0.016381	-0.008962
2.863639	-0.001269	0.016116	-0.008692
2.861246	-0.000568	0.015827	-0.008198
2.858858	0.000021	0.015404	-0.007691
2.856474	0.000063	0.017086	-0.008511
2.854094	0.000012	0.017657	-0.008823
2.851718	0.000012	0.017376	-0.008682
2.849347	0.000869	0.017925	-0.008528
2.846980	0.002410	0.018557	-0.008074
2.844617	0.001120	0.019430	-0.009155
2.842258	0.003840	0.019745	-0.007952
2.839904	0.003231	0.021213	-0.008991
2.837553	0.004834	0.022558	-0.008862
2.835207	0.004238	0.021985	-0.008873
2.832865	0.005784	0.022210	-0.008213
2.830528	0.005516	0.023278	-0.008881
2.828194	0.006244	0.023688	-0.008722
2.825864	0.006702	0.024129	-0.008713
2.823539	0.008231	0.024824	-0.008296
2.821218	0.008019	0.025601	-0.008791
2.818901	0.007952	0.025582	-0.008815
2.816587	0.009059	0.024802	-0.007872
2.814278	0.009330	0.027294	-0.008982
2.811973	0.009903	0.027210	-0.008653
2.809673	0.009854	0.027596	-0.008871
2.807376	0.011605	0.028052	-0.008224
2.805083	0.010711	0.027340	-0.008315
2.802794	0.011696	0.028386	-0.008345
2.800509	0.011495	0.028984	-0.008744
2.798228	0.012673	0.029360	-0.008343
2.795952	0.012433	0.028869	-0.008218
2.793679	0.010904	0.029330	-0.009213
2.791410	0.012033	0.029281	-0.008624
2.789145	0.012932	0.029171	-0.008120
2.786884	0.012128	0.029261	-0.008567
2.784627	0.012208	0.029259	-0.008525
2.782374	0.012279	0.029411	-0.008566
2.780125	0.012355	0.030392	-0.009019
2.777880	0.011830	0.029064	-0.008617
2.775638	0.012177	0.029609	-0.008716
2.773401	0.012807	0.029708	-0.008450
2.771167	0.012500	0.030041	-0.008770
2.768938	0.012946	0.029552	-0.008303
2.766712	0.012706	0.029907	-0.008601
2.764490	0.013092	0.030504	-0.008706
2.762272	0.013694	0.030397	-0.008351
2.760058	0.013869	0.031065	-0.008598
2.757847	0.014441	0.031799	-0.008679
2.755640	0.014578	0.031976	-0.008699
2.753437	0.015783	0.032585	-0.008401
2.751238	0.016232	0.032956	-0.008362
2.749043	0.016176	0.033299	-0.008561
2.746852	0.016866	0.033437	-0.008285
2.744664	0.017162	0.033971	-0.008404
2.742480	0.017576	0.034462	-0.008443
2.740300	0.016736	0.034914	-0.009089
2.738123	0.017517	0.034998	-0.008740
2.735950	0.017155	0.034483	-0.008664
2.733781	0.017623	0.034617	-0.008497
2.731616	0.017022	0.035211	-0.009094
2.729454	0.017698	0.034076	-0.008189
2.727296	0.017843	0.034232	-0.008194
2.725142	0.017601	0.034602	-0.008500
2.722991	0.017956	0.034573	-0.008309
2.720844	0.017387	0.034436	-0.008524
2.718701	0.017089	0.034429	-0.008670
2.716561	0.017612	0.033670	-0.008029
2.714425	0.017243	0.034212	-0.008484
2.712293	0.017568	0.033985	-0.008208
2.710164	0.017356	0.033663	-0.008154
2.708039	0.017144	0.033508	-0.008182
2.705917	0.016632	0.033044	-0.008206
2.703799	0.016698	0.033022	-0.008162
2.701685	0.016519	0.032829	-0.008155
2.699574	0.016048	0.031978	-0.007965
2.697466	0.015873	0.032063	-0.008095
2.695363	0.016439	0.032417	-0.007989
2.693262	0.015637	0.032115	-0.008239
2.691166	0.015639	0.032106	-0.008234
2.689072	0.015697	0.031200	-0.007751
2.686983	0.015103	0.031339	-0.008118
2.684897	0.014974	0.030726	-0.007876
2.682814	0.014878	0.031137	-0.008130
2.680735	0.014510	0.030232	-0.007861
2.678659	0.014447	0.029703	-0.007628
2.676587	0.014465	0.029997	-0.007766
2.674518	0.014263	0.029981	-0.007859
2.672453	0.014158	0.029406	-0.007624
2.670391	0.013767	0.028830	-0.007531
2.668333	0.013263	0.028743	-0.007740
2.666278	0.013201	0.028618	-0.007708
2.664226	0.013141	0.028370	-0.007614
2.662178	0.012714	0.028087	-0.007687
2.660133	0.012608	0.027966	-0.007679
2.658092	0.012629	0.027963	-0.007667
2.656054	0.012302	0.027375	-0.007537
2.654019	0.011447	0.027366	-0.007960
2.651988	0.011779	0.026749	-0.007485
2.649960	0.011254	0.026823	-0.007784
2.647936	0.011238	0.026638	-0.007700
2.645915	0.011233	0.025819	-0.007293
2.643897	0.010545	0.026234	-0.007844
2.641882	0.010766	0.025173	-0.007203
2.639871	0.009989	0.024784	-0.007398
2.637863	0.009758	0.024956	-0.007599
2.635859	0.009959	0.024900	-0.007470
2.633857	0.009633	0.024553	-0.007460
2.631859	0.009658	0.024451	-0.007397
2.629865	0.009155	0.024460	-0.007653
2.627873	0.009034	0.023822	-0.007394
2.625885	0.008502	0.023706	-0.007602
2.623900	0.008518	0.023690	-0.007586
2.621919	0.009038	0.023077	-0.007020
2.619940	0.008921	0.023077	-0.007078
2.617965	0.008847	0.022146	-0.006650
2.615993	0.008533	0.021817	-0.006642
2.614025	0.007986	0.021961	-0.006988
2.612059	0.007941	0.021752	-0.006905
2.610097	0.007549	0.021845	-0.007148
2.608138	0.008270	0.022080	-0.006905
2.606182	0.007707	0.021500	-0.006896
2.604229	0.007835	0.021665	-0.006915
2.602280	0.007739	0.021250	-0.006755
2.600333	0.007442	0.021128	-0.006843
2.598390	0.007811	0.020929	-0.006559
2.596450	0.007117	0.020918	-0.006901
2.594513	0.007603	0.020407	-0.006402
2.592579	0.007618	0.021177	-0.006780
2.590648	0.007536	0.020925	-0.006694
2.588721	0.007876	0.020919	-0.006522
2.586796	0.007806	0.020437	-0.006316
2.584875	0.007611	0.020488	-0.006439
2.582957	0.007648	0.020541	-0.006446
2.581042	0.008051	0.020689	-0.006319
2.579130	0.007560	0.020421	-0.006431
2.577221	0.008148	0.020887	-0.006369
2.575315	0.008423	0.020646	-0.006111
2.573412	0.008342	0.020776	-0.006217
2.571512	0.008631	0.020605	-0.005987
2.569615	0.008708	0.021017	-0.006154
2.567722	0.008757	0.021110	-0.006176
2.565831	0.009063	0.021173	-0.006055
2.563943	0.009010	0.021504	-0.006247
2.562058	0.009624	0.021630	-0.006003
2.560177	0.009475	0.021847	-0.006186
2.558298	0.009590	0.022041	-0.006225
2.556423	0.009670	0.021835	-0.006083
2.554550	0.010036	0.022055	-0.006010
2.552680	0.010238	0.022040	-0.005901
2.550813	0.010584	0.022440	-0.005928
2.548950	0.010770	0.022130	-0.005680
2.547089	0.011193	0.022373	-0.005590
2.545231	0.011748	0.022791	-0.005521
2.543376	0.011690	0.022800	-0.005555
2.541524	0.011775	0.022854	-0.005539
2.539675	0.012208	0.023533	-0.005663
2.537829	0.012628	0.023591	-0.005482
2.535986	0.012967	0.023754	-0.005394
2.534146	0.013415	0.023853	-0.005219
2.532308	0.013721	0.024235	-0.005257
2.530474	0.014099	0.024812	-0.005356
2.528642	0.014277	0.024551	-0.005137
2.526814	0.014746	0.024932	-0.005093
2.524988	0.014954	0.025064	-0.005055
2.523165	0.015390	0.025649	-0.005129
2.521345	0.015746	0.025714	-0.004984
2.519528	0.015984	0.025724	-0.004870
2.517714	0.016189	0.026160	-0.004985
2.515902	0.016450	0.026749	-0.005149
2.514093	0.017020	0.026755	-0.004868
2.512288	0.017386	0.027038	-0.004826
2.510485	0.017999	0.027182	-0.004591
2.508684	0.017900	0.027616	-0.004858
2.506887	0.018516	0.027979	-0.004731
2.505092	0.019227	0.028085	-0.004429
2.503301	0.019547	0.028449	-0.004451
2.501512	0.019453	0.028835	-0.004691
2.499726	0.020112	0.028860	-0.004374
2.497942	0.020527	0.029802	-0.004638
2.496162	0.020648	0.029456	-0.004404
2.494384	0.021393	0.030325	-0.004466
2.492609	0.021641	0.030075	-0.004217
2.490836	0.022533	0.030586	-0.004026
2.489067	0.022164	0.030631	-0.004234
2.487300	0.022869	0.031101	-0.004116
2.485536	0.023070	0.031378	-0.004154
2.483774	0.023298	0.032164	-0.004433
2.482016	0.024096	0.032001	-0.003952
2.480260	0.024556	0.032459	-0.003952
2.478507	0.025095	0.032822	-0.003864
2.476756	0.025178	0.032921	-0.003872
2.475008	0.025439	0.032870	-0.003715
2.473263	0.026430	0.034053	-0.003812
2.471521	0.026046	0.033825	-0.003889
2.469781	0.027057	0.034161	-0.003552
2.468044	0.027571	0.034576	-0.003502
2.466309	0.027447	0.034655	-0.003604
2.464578	0.027997	0.035016	-0.003509
2.462848	0.027752	0.034744	-0.003496
2.461122	0.028524	0.035683	-0.003580
2.459398	0.028633	0.035672	-0.003520
2.457677	0.029077	0.036156	-0.003539
2.455958	0.029620	0.036119	-0.003249
2.454243	0.029888	0.036328	-0.003220
2.452529	0.029942	0.037031	-0.003544
2.450819	0.030399	0.036928	-0.003264
2.449111	0.030938	0.037095	-0.003079
2.447405	0.030915	0.037377	-0.003231
2.445702	0.030922	0.037743	-0.003410
2.444002	0.031513	0.037104	-0.002796
2.442304	0.032080	0.037786	-0.002853
2.440609	0.032363	0.038449	-0.003043
2.438917	0.032241	0.037981	-0.002870
2.437227	0.032561	0.038542	-0.002990
2.435539	0.032560	0.038562	-0.003001
2.433854	0.033137	0.038875	-0.002869
2.432172	0.032900	0.038857	-0.002979
2.430492	0.033466	0.039051	-0.002792
2.428815	0.033520	0.038835	-0.002657
2.427140	0.033601	0.039077	-0.002738
2.425468	0.034084	0.039415	-0.002666
2.423799	0.033986	0.039516	-0.002765
2.422131	0.034583	0.040097	-0.002757
2.420467	0.034461	0.039759	-0.002649
2.418805	0.034474	0.039865	-0.002695
2.417145	0.034699	0.039002	-0.002151
2.415488	0.034718	0.039795	-0.002539
2.413833	0.034762	0.039812	-0.002525
2.412181	0.035278	0.039658	-0.002190
2.410532	0.034924	0.040058	-0.002567
2.408884	0.035545	0.039354	-0.001904
2.407240	0.035017	0.039869	-0.002426
2.405598	0.035554	0.040099	-0.002273
2.403958	0.035127	0.039561	-0.002217
2.402320	0.035613	0.039273	-0.001830
2.400685	0.035001	0.039198	-0.002098
2.399053	0.035207	0.039388	-0.002090
2.397423	0.035117	0.039284	-0.002084
2.395795	0.035292	0.039432	-0.002070
2.394170	0.035247	0.039367	-0.002060
2.392547	0.035678	0.039684	-0.002003
2.390927	0.035384	0.039057	-0.001836
2.389309	0.035113	0.039351	-0.002119
2.387694	0.034999	0.039363	-0.002182
2.386081	0.035661	0.038831	-0.001585
2.384470	0.034915	0.039156	-0.002120
2.382861	0.035010	0.038953	-0.001972
2.381255	0.035277	0.038497	-0.001610
2.379652	0.034908	0.038436	-0.001764
2.378051	0.035049	0.038765	-0.001858
2.376452	0.034596	0.038565	-0.001984
2.374855	0.034317	0.037979	-0.001831
2.373261	0.034989	0.037911	-0.001461
2.371669	0.034608	0.037771	-0.001581
2.370080	0.034606	0.038112	-0.001753
2.368493	0.034372	0.037544	-0.001586
2.366908	0.034159	0.037969	-0.001905
2.365326	0.034108	0.037145	-0.001519
2.363745	0.033981	0.036763	-0.001391
2.362168	0.033854	0.037071	-0.001609
2.360592	0.033983	0.036966	-0.001491
2.359019	0.033849	0.036368	-0.001260
2.357448	0.033843	0.036333	-0.001245
2.355880	0.033493	0.036031	-0.001269
2.354313	0.033453	0.036056	-0.001301
2.352749	0.033064	0.035460	-0.001198
2.351188	0.033119	0.035579	-0.001230
2.349628	0.032801	0.035374	-0.001287
2.348071	0.032565	0.035504	-0.001470
2.346516	0.033102	0.035484	-0.001191
2.344964	0.032276	0.034581	-0.001153
2.343413	0.032118	0.034256	-0.001069
2.341865	0.032141	0.034504	-0.001181
2.340319	0.031820	0.034166	-0.001173
2.338776	0.031260	0.034348	-0.001544
2.337235	0.031700	0.034263	-0.001281
2.335695	0.031100	0.034387	-0.001644
2.334159	0.030674	0.033180	-0.001253
2.332624	0.030948	0.033055	-0.001053
2.331091	0.030784	0.033068	-0.001142
2.329561	0.030732	0.033481	-0.001374
2.328033	0.030515	0.032557	-0.001021
2.326508	0.030619	0.032484	-0.000932
2.324984	0.030359	0.031941	-0.000791
2.323463	0.030232	0.031262	-0.000515
2.321943	0.029713	0.032180	-0.001233
2.320426	0.029596	0.031806	-0.001105
2.318912	0.029126	0.031676	-0.001275
2.317399	0.029291	0.031457	-0.001083
2.315888	0.029248	0.030737	-0.000745
2.314380	0.029060	0.030433	-0.000686
2.312874	0.028673	0.030455	-0.000891
2.311370	0.028876	0.030189	-0.000656
2.309868	0.029001	0.030562	-0.000780
2.308369	0.028527	0.030790	-0.001132
2.306871	0.028746	0.029967	-0.000611
2.305376	0.027936	0.029752	-0.000908
2.303883	0.027904	0.029717	-0.000907
2.302392	0.027725	0.029458	-0.000866
2.300903	0.027470	0.029613	-0.001071
2.299416	0.027941	0.029331	-0.000695
2.297931	0.027411	0.029022	-0.000805
2.296449	0.027395	0.028683	-0.000644
2.294968	0.026837	0.028077	-0.000620
2.293490	0.026581	0.028395	-0.000907
2.292013	0.026222	0.028350	-0.001064
2.290539	0.025420	0.028580	-0.001580
2.289067	0.025456	0.027993	-0.001269
2.287597	0.026012	0.028119	-0.001054
2.286129	0.025983	0.027738	-0.000877
2.284664	0.025276	0.027709	-0.001217
2.283200	0.026162	0.027225	-0.000531
2.281738	0.025979	0.027727	-0.000874
2.280279	0.025352	0.027169	-0.000909
2.278821	0.025357	0.027358	-0.001001
2.277366	0.024872	0.026567	-0.000847
2.275912	0.025766	0.026716	-0.000475
2.274461	0.024934	0.027076	-0.001071
2.273012	0.024427	0.026510	-0.001042
2.271564	0.024910	0.026269	-0.000680
2.270119	0.024670	0.026764	-0.001047
2.268676	0.024965	0.026251	-0.000643
2.267235	0.024792	0.026419	-0.000813
2.265796	0.025149	0.026104	-0.000478
2.264359	0.025093	0.026796	-0.000852
2.262923	0.024728	0.026272	-0.000772
2.261490	0.024632	0.026576	-0.000972
2.260059	0.024007	0.025817	-0.000905
2.258630	0.024382	0.026723	-0.001171
2.257203	0.025058	0.026464	-0.000703
2.255778	0.024897	0.026731	-0.000917
2.254355	0.024651	0.026243	-0.000796
2.252934	0.024693	0.026437	-0.000872
2.251515	0.024582	0.026522	-0.000970
2.250098	0.024498	0.026126	-0.000814
2.248683	0.024455	0.026214	-0.000879
2.247269	0.024486	0.026655	-0.001085
2.245858	0.024399	0.026253	-0.000927
2.244449	0.024022	0.025773	-0.000875
2.243042	0.024697	0.026455	-0.000879
2.241636	0.024157	0.026237	-0.001040
2.240233	0.024748	0.026423	-0.000837
2.238832	0.024217	0.026984	-0.001384
2.237432	0.024964	0.026163	-0.000600
2.236035	0.024895	0.026405	-0.000755
2.234639	0.024611	0.026530	-0.000960
2.233245	0.025476	0.026715	-0.000620
2.231854	0.024717	0.026340	-0.000812
2.230464	0.024895	0.026582	-0.000843
2.229076	0.025293	0.026130	-0.000419
2.227690	0.025469	0.026760	-0.000646
2.226306	0.025066	0.026787	-0.000861
2.224924	0.025091	0.027346	-0.001127
2.223544	0.025887	0.026647	-0.000380
2.222165	0.025616	0.027728	-0.001056
2.220789	0.025793	0.027648	-0.000928
2.219414	0.025985	0.027300	-0.000657
2.218042	0.025702	0.028269	-0.001284
2.216671	0.025343	0.027890	-0.001273
2.215302	0.026160	0.027945	-0.000892
2.213935	0.025895	0.028451	-0.001278
2.212570	0.026266	0.028233	-0.000983
2.211207	0.026149	0.028738	-0.001294
2.209845	0.026347	0.028047	-0.000850
2.208486	0.026657	0.028696	-0.001019
2.207128	0.026676	0.029577	-0.001451
2.205772	0.027148	0.029178	-0.001015
2.204418	0.027462	0.028904	-0.000721
2.203066	0.027541	0.029098	-0.000779
2.201716	0.027759	0.029788	-0.001015
2.200367	0.027079	0.030470	-0.001696
2.199021	0.028424	0.029954	-0.000765
2.197676	0.028144	0.030727	-0.001292
2.196333	0.028417	0.030686	-0.001135
2.194992	0.029184	0.030249	-0.000533
2.193653	0.028567	0.031136	-0.001284
2.192315	0.029102	0.031687	-0.001293
2.190980	0.028634	0.031455	-0.001410
2.189646	0.029552	0.031514	-0.000981
2.188314	0.029472	0.031742	-0.001135
2.186984	0.029300	0.031749	-0.001225
2.185655	0.029870	0.031804	-0.000967
2.184328	0.029589	0.032183	-0.001297
2.183004	0.029941	0.032534	-0.001297
2.181681	0.030768	0.032921	-0.001076
2.180359	0.030996	0.033231	-0.001118
2.179040	0.030925	0.033770	-0.001422
2.177722	0.031664	0.034202	-0.001269
2.176406	0.031600	0.034173	-0.001287
2.175092	0.032045	0.034112	-0.001033
2.173780	0.032270	0.034527	-0.001128
2.172469	0.032009	0.034912	-0.001452
2.171160	0.032290	0.034730	-0.001220
2.169853	0.032922	0.034838	-0.000958
2.168548	0.032025	0.035733	-0.001854
2.167244	0.033487	0.036020	-0.001267
2.165943	0.033725	0.035712	-0.000994
2.164643	0.033802	0.035954	-0.001076
2.163344	0.034471	0.036138	-0.000834
2.162048	0.033782	0.036619	-0.001418
2.160753	0.034304	0.036793	-0.001245
2.159460	0.034855	0.037635	-0.001390
2.158168	0.035254	0.037245	-0.000996
2.156879	0.035404	0.037888	-0.001242
2.155591	0.034733	0.038073	-0.001670
2.154304	0.035301	0.038640	-0.001669
2.153020	0.034922	0.038824	-0.001951
2.151737	0.036103	0.038472	-0.001184
2.150456	0.035900	0.039383	-0.001742
2.149177	0.036620	0.039827	-0.001603
2.147899	0.036784	0.039293	-0.001255
2.146623	0.036692	0.039568	-0.001438
2.145349	0.036663	0.039858	-0.001598
2.144076	0.037260	0.040254	-0.001497
2.142805	0.037718	0.040333	-0.001308
2.141536	0.037834	0.041048	-0.001607
2.140268	0.037894	0.040976	-0.001541
2.139002	0.037927	0.041224	-0.001649
2.137738	0.039471	0.041831	-0.001180
2.136476	0.039094	0.042366	-0.001636
2.135215	0.039159	0.042275	-0.001558
2.133956	0.039178	0.042209	-0.001516
2.132698	0.039340	0.043232	-0.001946
2.131442	0.039763	0.043311	-0.001774
2.130188	0.040040	0.043302	-0.001631
2.128935	0.040449	0.043547	-0.001549
2.127684	0.039991	0.043654	-0.001832
2.126435	0.040635	0.043750	-0.001558
2.125187	0.041185	0.044417	-0.001616
2.123941	0.041045	0.044450	-0.001702
2.122697	0.040835	0.044865	-0.002015
2.121454	0.041611	0.044396	-0.001393
2.120213	0.042505	0.045279	-0.001387
2.118974	0.042359	0.045168	-0.001404
2.117736	0.042530	0.045894	-0.001682
2.116500	0.042742	0.045852	-0.001555
2.115265	0.042300	0.045945	-0.001822
2.114032	0.043134	0.046107	-0.001486
2.112801	0.043163	0.046386	-0.001612
2.111571	0.043099	0.046816	-0.001858
2.110343	0.043520	0.046956	-0.001718
2.109116	0.043421	0.046487	-0.001533
2.107891	0.044032	0.047361	-0.001664
2.106668	0.043624	0.047363	-0.001869
2.105446	0.044366	0.047591	-0.001613
2.104226	0.044849	0.047389	-0.001270
2.103007	0.044466	0.047772	-0.001653
2.101790	0.044158	0.047854	-0.001848
2.100575	0.044673	0.048051	-0.001689
2.099361	0.045114	0.048311	-0.001599
2.098149	0.044803	0.048939	-0.002068
2.096938	0.044978	0.048557	-0.001790
2.095729	0.044818	0.049494	-0.002338
2.094521	0.044879	0.049468	-0.002294
2.093315	0.045403	0.048389	-0.001493
2.092111	0.045657	0.048648	-0.001496
2.090908	0.045730	0.049718	-0.001994
2.089707	0.045696	0.050069	-0.002186
2.088507	0.045367	0.049648	-0.002140
2.087309	0.046245	0.049504	-0.001630
2.086112	0.046551	0.049829	-0.001639
2.084917	0.045902	0.050215	-0.002157
2.083723	0.045985	0.050004	-0.002009
2.082531	0.046041	0.050026	-0.001993
2.081341	0.046756	0.050493	-0.001869
2.080152	0.046061	0.050811	-0.002375
2.078964	0.046685	0.051490	-0.002403
2.077778	0.046343	0.050759	-0.002208
2.076594	0.046431	0.051035	-0.002302
2.075411	0.046492	0.050764	-0.002136
2.074230	0.047062	0.050500	-0.001719
2.073050	0.046828	0.050195	-0.001683
2.071871	0.046234	0.050664	-0.002215
2.070694	0.046796	0.051165	-0.002185
2.069519	0.046941	0.051091	-0.002075
2.068345	0.047389	0.051642	-0.002127
2.067173	0.047719	0.050845	-0.001563
2.066002	0.047119	0.051286	-0.002083
2.064833	0.046914	0.051502	-0.002294
2.063665	0.046657	0.051299	-0.002321
2.062498	0.047508	0.050902	-0.001697
2.061333	0.047067	0.051617	-0.002275
2.060170	0.046837	0.051789	-0.002476
2.059008	0.046840	0.051688	-0.002424
2.057848	0.047225	0.051528	-0.002151
2.056689	0.046836	0.050803	-0.001983
2.055531	0.047082	0.051223	-0.002070
2.054375	0.046555	0.050755	-0.002100
2.053221	0.047619	0.050878	-0.001629
2.052067	0.047067	0.050825	-0.001879
2.050916	0.047070	0.051815	-0.002372
2.049766	0.046600	0.051194	-0.002297
2.048617	0.046626	0.051368	-0.002371
2.047470	0.047210	0.050609	-0.001700
2.046324	0.047049	0.051236	-0.002093
2.045179	0.046804	0.051800	-0.002498
2.044036	0.046014	0.051375	-0.002681
2.042895	0.046982	0.051008	-0.002013
2.041755	0.046589	0.051088	-0.002250
2.040616	0.046469	0.050640	-0.002086
2.039479	0.046968	0.050954	-0.001993
2.038343	0.045880	0.050132	-0.002126
2.037209	0.045975	0.050481	-0.002253
2.036076	0.046437	0.050595	-0.002079
2.034945	0.046175	0.050746	-0.002286
2.033815	0.046057	0.050263	-0.002103
2.032686	0.045401	0.050892	-0.002746
2.031559	0.046143	0.050674	-0.002265
2.030433	0.046085	0.050042	-0.001979
2.029309	0.045737	0.049486	-0.001874
2.028186	0.045536	0.049385	-0.001925
2.027064	0.044648	0.050076	-0.002714
2.025944	0.045015	0.050036	-0.002511
2.024825	0.045203	0.049736	-0.002267
2.023708	0.044857	0.049294	-0.002219
2.022592	0.045307	0.050000	-0.002347
2.021477	0.045463	0.049829	-0.002183
2.020364	0.045416	0.049695	-0.002140
2.019252	0.044881	0.049349	-0.002234
2.018142	0.044597	0.049488	-0.002446
2.017033	0.044968	0.049278	-0.002155
2.015925	0.044943	0.049496	-0.002276
2.014819	0.044269	0.049433	-0.002582
2.013714	0.044467	0.049163	-0.002348
2.012610	0.044085	0.048414	-0.002165
2.011508	0.044106	0.048803	-0.002348
2.010407	0.044043	0.048799	-0.002378
2.009308	0.044007	0.048159	-0.002076
2.008210	0.043853	0.048502	-0.002325
2.007113	0.043245	0.048006	-0.002381
2.006018	0.043528	0.048894	-0.002683
2.004924	0.043463	0.048154	-0.002345
2.003831	0.043536	0.047921	-0.002193
2.002740	0.043156	0.047718	-0.002281
2.001650	0.043442	0.047816	-0.002187
2.000561	0.043563	0.048149	-0.002293
1.999474	0.043202	0.047882	-0.002340
1.998388	0.043430	0.047418	-0.001994
1.997303	0.042800	0.047200	-0.002200
1.996220	0.041998	0.046309	-0.002155
1.995138	0.042315	0.047340	-0.002513
1.994058	0.042551	0.046399	-0.001924
1.992978	0.042227	0.046407	-0.002090
1.991901	0.042089	0.045932	-0.001921
1.990824	0.042345	0.046647	-0.002151
1.989749	0.042148	0.045628	-0.001740
1.988675	0.042276	0.046279	-0.002001
1.987602	0.041494	0.045745	-0.002125
1.986531	0.041604	0.045530	-0.001963
1.985461	0.041922	0.045712	-0.001895
1.984392	0.041111	0.046159	-0.002524
1.983325	0.041557	0.045650	-0.002047
1.982259	0.041234	0.045936	-0.002351
1.981194	0.040959	0.045237	-0.002139
1.980130	0.041394	0.045390	-0.001998
1.979068	0.041207	0.045273	-0.002033
1.978007	0.040461	0.045278	-0.002409
1.976948	0.040298	0.044989	-0.002346
1.975889	0.040149	0.044470	-0.002161
1.974832	0.039783	0.044951	-0.002584
1.973777	0.040307	0.045011	-0.002352
1.972722	0.040238	0.044775	-0.002269
1.971669	0.040155	0.044769	-0.002307
1.970617	0.040047	0.044619	-0.002286
1.969566	0.040586	0.044552	-0.001983
1.968517	0.039441	0.043972	-0.002265
1.967469	0.039229	0.043476	-0.002124
1.966422	0.038803	0.043464	-0.002331
1.965377	0.039046	0.043858	-0.002406
1.964333	0.038919	0.043610	-0.002346
1.963290	0.038830	0.043040	-0.002105
1.962248	0.038787	0.042997	-0.002105
1.961207	0.038996	0.043069	-0.002036
1.960168	0.038701	0.043039	-0.002169
1.959130	0.038713	0.042979	-0.002133
1.958094	0.039087	0.043040	-0.001976
1.957058	0.038695	0.043176	-0.002240
1.956024	0.038411	0.042957	-0.002273
1.954991	0.038236	0.042800	-0.002282
1.953959	0.037655	0.043108	-0.002727
1.952929	0.037980	0.042536	-0.002278
1.951900	0.038278	0.042320	-0.002021
1.950872	0.037351	0.041953	-0.002301
1.949845	0.037759	0.042955	-0.002598
1.948819	0.038159	0.042231	-0.002036
1.947795	0.037770	0.041777	-0.002004
1.946772	0.037769	0.042256	-0.002244
1.945750	0.037124	0.041903	-0.002390
1.944729	0.037642	0.041821	-0.002090
1.943710	0.037434	0.041849	-0.002208
1.942692	0.037331	0.041978	-0.002323
1.941675	0.037015	0.041164	-0.002074
1.940659	0.037251	0.040995	-0.001872
1.939645	0.036883	0.041523	-0.002320
1.938631	0.037266	0.041144	-0.001939
1.937619	0.036629	0.040740	-0.002055
1.936608	0.036311	0.041082	-0.002386
1.935599	0.036316	0.040774	-0.002229
1.934590	0.036709	0.041279	-0.002285
1.933583	0.036255	0.041309	-0.002527
1.932577	0.036478	0.040416	-0.001969
1.931572	0.036773	0.040843	-0.002035
1.930568	0.036334	0.041496	-0.002581
1.929566	0.036375	0.040653	-0.002139
1.928565	0.036508	0.041234	-0.002363
1.927565	0.036694	0.040517	-0.001912
1.926566	0.036118	0.041067	-0.002475
1.925568	0.035729	0.040566	-0.002418
1.924571	0.036224	0.040676	-0.002226
1.923576	0.035919	0.040488	-0.002285
1.922582	0.036215	0.040253	-0.002019
1.921589	0.036010	0.040469	-0.002229
1.920597	0.035897	0.040480	-0.002292
1.919606	0.035935	0.040366	-0.002216
1.918617	0.035868	0.039998	-0.002065
1.917629	0.035879	0.040411	-0.002266
1.916641	0.036389	0.040676	-0.002143
1.915655	0.035964	0.040583	-0.002309
1.914671	0.036038	0.040789	-0.002375
1.913687	0.036408	0.040297	-0.001944
1.912704	0.036065	0.040655	-0.002295
1.911723	0.036404	0.040791	-0.002193
1.910743	0.036316	0.040562	-0.002123
1.909764	0.036117	0.040549	-0.002216
1.908786	0.035800	0.040154	-0.002177
1.907809	0.035791	0.040614	-0.002412
1.906834	0.035837	0.040294	-0.002228
1.905859	0.035726	0.040568	-0.002421
1.904886	0.036617	0.040174	-0.001779
1.903914	0.036203	0.040652	-0.002224
1.902943	0.035755	0.040725	-0.002485
1.901973	0.035846	0.040743	-0.002448
1.901004	0.036213	0.040712	-0.002249
1.900036	0.036553	0.041056	-0.002251
1.899070	0.036417	0.040978	-0.002281
1.898105	0.036012	0.040590	-0.002289
1.897140	0.035782	0.040358	-0.002288
1.896177	0.036470	0.039951	-0.001741
1.895215	0.036599	0.040944	-0.002172
1.894254	0.036290	0.041122	-0.002416
1.893295	0.036642	0.040977	-0.002167
1.892336	0.035768	0.040678	-0.002455
1.891378	0.036513	0.040484	-0.001985
1.890422	0.036417	0.040664	-0.002123
1.889467	0.036953	0.040897	-0.001972
1.888513	0.036587	0.040681	-0.002047
1.887560	0.036725	0.040810	-0.002042
1.886608	0.036543	0.040760	-0.002109
1.885657	0.036802	0.040580	-0.001889
1.884707	0.037208	0.040843	-0.001817
1.883758	0.037319	0.041072	-0.001876
1.882811	0.037681	0.041418	-0.001869
1.881864	0.037409	0.041637	-0.002114
1.880919	0.037943	0.041570	-0.001813
1.879975	0.037724	0.040853	-0.001564
1.879032	0.037512	0.041659	-0.002074
1.878090	0.037660	0.041695	-0.002017
1.877149	0.037483	0.041358	-0.001938
1.876209	0.037613	0.041949	-0.002168
1.875270	0.037491	0.041502	-0.002006
1.874332	0.037654	0.042069	-0.002207
1.873396	0.037758	0.041707	-0.001974
1.872460	0.038015	0.042049	-0.002017
1.871525	0.037984	0.042577	-0.002297
1.870592	0.038200	0.042407	-0.002103
1.869660	0.038244	0.042377	-0.002066
1.868728	0.038668	0.042468	-0.001900
1.867798	0.038335	0.042410	-0.002037
1.866869	0.038767	0.042624	-0.001929
1.865941	0.039129	0.043126	-0.001999
1.865014	0.038759	0.043087	-0.002164
1.864088	0.038913	0.042418	-0.001753
1.863163	0.038693	0.043192	-0.002250
1.862239	0.039196	0.043502	-0.002153
1.861317	0.039069	0.043257	-0.002094
1.860395	0.040088	0.043381	-0.001647
1.859474	0.040030	0.043612	-0.001791
1.858555	0.040194	0.043419	-0.001613
1.857636	0.040341	0.043714	-0.001687
1.856719	0.039913	0.043610	-0.001848
1.855802	0.039768	0.043977	-0.002104
1.854887	0.040145	0.043497	-0.001676
1.853973	0.040826	0.044359	-0.001767
1.853059	0.040019	0.044557	-0.002269
1.852147	0.040684	0.044067	-0.001691
1.851236	0.040903	0.044184	-0.001641
1.850326	0.040732	0.044612	-0.001940
1.849416	0.041059	0.044310	-0.001625
1.848508	0.041138	0.044998	-0.001930
1.847601	0.040866	0.045037	-0.002086
1.846695	0.040754	0.045244	-0.002245
1.845790	0.041686	0.045213	-0.001763
1.844886	0.041919	0.045254	-0.001668
1.843983	0.042620	0.045592	-0.001486
1.843081	0.041738	0.045906	-0.002084
1.842180	0.042186	0.046123	-0.001969
1.841280	0.041904	0.045738	-0.001917
1.840381	0.042450	0.046112	-0.001831
1.839484	0.042591	0.046060	-0.001735
1.838587	0.042422	0.046772	-0.002175
1.837691	0.043044	0.046666	-0.001811
1.836796	0.042927	0.046856	-0.001965
1.835902	0.042931	0.046766	-0.001918
1.835009	0.043041	0.047079	-0.002019
1.834118	0.043499	0.046962	-0.001731
1.833227	0.042824	0.047170	-0.002173
1.832337	0.043659	0.047096	-0.001718
1.831448	0.044213	0.047632	-0.001709
1.830560	0.043969	0.047875	-0.001953
1.829674	0.044238	0.048029	-0.001895
1.828788	0.044739	0.048172	-0.001717
1.827903	0.044524	0.048831	-0.002154
1.827019	0.044826	0.048421	-0.001797
1.826136	0.044553	0.048883	-0.002165
1.825255	0.045580	0.048874	-0.001647
1.824374	0.045689	0.049184	-0.001748
1.823494	0.045718	0.048732	-0.001507
1.822615	0.045728	0.048992	-0.001632
1.821737	0.045771	0.049183	-0.001706
1.820860	0.045841	0.049557	-0.001858
1.819984	0.046306	0.049518	-0.001606
1.819109	0.045830	0.050236	-0.002203
1.818235	0.046045	0.049587	-0.001771
1.817362	0.046331	0.049960	-0.001814
1.816490	0.046539	0.049700	-0.001580
1.815619	0.047221	0.049623	-0.001201
1.814749	0.047328	0.050687	-0.001679
1.813880	0.047941	0.050612	-0.001336
1.813012	0.047375	0.051141	-0.001883
1.812145	0.047449	0.051141	-0.001846
1.811279	0.047699	0.050938	-0.001620
1.810413	0.047990	0.051296	-0.001653
1.809549	0.048060	0.051571	-0.001756
1.808686	0.048812	0.051725	-0.001457
1.807824	0.048671	0.052542	-0.001936
1.806962	0.049485	0.052241	-0.001378
1.806102	0.049328	0.052078	-0.001375
1.805242	0.049254	0.052922	-0.001834
1.804384	0.049464	0.052477	-0.001507
1.803526	0.049511	0.052296	-0.001393
1.802670	0.050041	0.052374	-0.001167
1.801814	0.049333	0.052489	-0.001578
1.800959	0.050260	0.052486	-0.001113
1.800105	0.050309	0.053353	-0.001522
1.799252	0.050793	0.053317	-0.001262
1.798401	0.050696	0.053730	-0.001517
1.797550	0.051221	0.053606	-0.001193
1.796700	0.051104	0.054394	-0.001645
1.795851	0.050746	0.054475	-0.001864
1.795002	0.050986	0.054739	-0.001877
1.794155	0.052056	0.054767	-0.001355
1.793309	0.052047	0.055405	-0.001679
1.792464	0.051741	0.054947	-0.001603
1.791619	0.052348	0.054880	-0.001266
1.790776	0.052820	0.055684	-0.001432
1.789933	0.052652	0.055648	-0.001498
1.789092	0.052191	0.055401	-0.001605
1.788251	0.052953	0.055329	-0.001188
1.787411	0.052627	0.055748	-0.001560
1.786572	0.052954	0.055246	-0.001146
1.785734	0.053137	0.056032	-0.001448
1.784897	0.053305	0.056337	-0.001516
1.784061	0.052915	0.055914	-0.001500
1.783226	0.053119	0.056035	-0.001458
1.782392	0.053659	0.055977	-0.001159
1.781558	0.054149	0.056656	-0.001253
1.780726	0.054208	0.056672	-0.001232
1.779894	0.053670	0.056973	-0.001652
1.779064	0.054297	0.056973	-0.001338
1.778234	0.054851	0.057548	-0.001348
1.777405	0.054650	0.057788	-0.001569
1.776577	0.054643	0.057899	-0.001628
1.775750	0.054862	0.057388	-0.001263
1.774924	0.055084	0.058048	-0.001482
1.774099	0.054534	0.058079	-0.001772
1.773275	0.055582	0.057986	-0.001202
1.772451	0.055633	0.057404	-0.000885
1.771629	0.055475	0.057724	-0.001124
1.770807	0.054994	0.058272	-0.001639
1.769986	0.055433	0.058543	-0.001555
1.769167	0.055199	0.058440	-0.001620
1.768348	0.056342	0.059138	-0.001398
1.767530	0.056169	0.058675	-0.001253
1.766712	0.056607	0.059101	-0.001247
1.765896	0.057178	0.059000	-0.000911
1.765081	0.057191	0.059316	-0.001063
1.764266	0.057168	0.058921	-0.000876
1.763453	0.056836	0.059526	-0.001345
1.762640	0.056922	0.060147	-0.001613
1.761828	0.057544	0.059739	-0.001098
1.761017	0.057443	0.059702	-0.001130
1.760207	0.057542	0.060329	-0.001393
1.759398	0.057228	0.060028	-0.001400
1.758589	0.058062	0.060039	-0.000988
1.757782	0.057999	0.060610	-0.001305
1.756975	0.057984	0.059866	-0.000941
1.756169	0.058503	0.060922	-0.001210
1.755365	0.057487	0.060131	-0.001322
1.754560	0.058635	0.059930	-0.000647
1.753757	0.058444	0.060638	-0.001097
1.752955	0.058588	0.060470	-0.000941
1.752154	0.058232	0.060436	-0.001102
1.751353	0.058507	0.060579	-0.001036
1.750553	0.059017	0.060340	-0.000662
1.749755	0.059171	0.061150	-0.000989
1.748957	0.059957	0.060838	-0.000440
1.748159	0.059243	0.061688	-0.001222
1.747363	0.059391	0.062092	-0.001350
1.746568	0.059390	0.061360	-0.000985
1.745773	0.059260	0.061813	-0.001276
1.744979	0.059252	0.062039	-0.001393
1.744187	0.059939	0.061330	-0.000695
1.743395	0.059575	0.062350	-0.001388
1.742603	0.060214	0.062030	-0.000908
1.741813	0.060195	0.062335	-0.001070
1.741024	0.059891	0.061645	-0.000877
1.740235	0.060217	0.061486	-0.000635
1.739447	0.059788	0.061940	-0.001076
1.738660	0.059756	0.062054	-0.001149
1.737874	0.060204	0.061982	-0.000889
1.737089	0.060403	0.062896	-0.001246
1.736304	0.060461	0.062079	-0.000809
1.735521	0.060572	0.062545	-0.000987
1.734738	0.060504	0.063005	-0.001251
1.733956	0.060372	0.062726	-0.001177
1.733175	0.061006	0.062507	-0.000750
1.732395	0.061174	0.062885	-0.000856
1.731615	0.061421	0.062671	-0.000625
1.730837	0.060946	0.062762	-0.000908
1.730059	0.061414	0.063070	-0.000828
1.729282	0.060951	0.063329	-0.001189
1.728506	0.061029	0.063326	-0.001148
1.727730	0.061041	0.062995	-0.000977
1.726956	0.060691	0.063469	-0.001389
1.726182	0.061256	0.063916	-0.001330
1.725409	0.060735	0.062924	-0.001094
1.724637	0.061172	0.062715	-0.000772
1.723866	0.061744	0.063276	-0.000766
1.723096	0.061376	0.063324	-0.000974
1.722326	0.061701	0.063103	-0.000701
1.721557	0.061470	0.063220	-0.000875
1.720789	0.061966	0.063689	-0.000862
1.720022	0.062107	0.063134	-0.000513
1.719256	0.062207	0.064008	-0.000900
1.718490	0.061809	0.063942	-0.001067
1.717726	0.062052	0.063281	-0.000614
1.716962	0.061396	0.063860	-0.001232
1.716199	0.061388	0.063361	-0.000986
1.715436	0.061853	0.063716	-0.000932
1.714675	0.061890	0.063687	-0.000898
1.713914	0.061990	0.063762	-0.000886
1.713154	0.061301	0.062601	-0.000650
1.712395	0.061753	0.063141	-0.000694
1.711637	0.061389	0.062692	-0.000652
1.710879	0.061530	0.062809	-0.000639
1.710122	0.062382	0.063723	-0.000671
1.709366	0.061978	0.063780	-0.000901
1.708611	0.062383	0.063178	-0.000398
1.707857	0.061863	0.062587	-0.000362
1.707103	0.062060	0.063499	-0.000720
1.706351	0.061579	0.062830	-0.000625
1.705599	0.061664	0.063098	-0.000717
1.704847	0.061314	0.063214	-0.000950
1.704097	0.061590	0.063248	-0.000829
1.703347	0.061872	0.063260	-0.000694
1.702599	0.061616	0.063058	-0.000721
1.701850	0.061789	0.063756	-0.000983
1.701103	0.061816	0.062984	-0.000584
1.700357	0.060756	0.062631	-0.000937
1.699611	0.061912	0.063387	-0.000738
1.698866	0.061746	0.062803	-0.000528
1.698122	0.061805	0.062847	-0.000521
1.697378	0.061919	0.062656	-0.000368
1.696636	0.061530	0.062804	-0.000637
1.695894	0.061617	0.063074	-0.000728
1.695153	0.061389	0.063603	-0.001107
1.694412	0.061679	0.062758	-0.000540
1.693673	0.061277	0.062624	-0.000673
1.692934	0.062030	0.062572	-0.000271
1.692196	0.061307	0.062120	-0.000407
1.691459	0.062369	0.063161	-0.000396
1.690722	0.061577	0.063187	-0.000805
1.689987	0.061174	0.062675	-0.000750
1.689252	0.062168	0.062697	-0.000265
1.688518	0.062053	0.062628	-0.000287
1.687784	0.061236	0.062268	-0.000516
1.687051	0.061323	0.062515	-0.000596
1.686320	0.061204	0.062097	-0.000447
1.685588	0.061421	0.061801	-0.000190
1.684858	0.061309	0.062652	-0.000672
1.684128	0.061298	0.062144	-0.000423
1.683399	0.060717	0.062369	-0.000826
1.682671	0.060885	0.061627	-0.000371
1.681944	0.060861	0.061866	-0.000503
1.681217	0.060615	0.061552	-0.000468
1.680491	0.060703	0.061642	-0.000470
1.679766	0.060870	0.061247	-0.000189
1.679042	0.060727	0.061565	-0.000419
1.678318	0.059762	0.061248	-0.000743
1.677595	0.060654	0.061701	-0.000523
1.676873	0.060570	0.061209	-0.000319
1.676152	0.060385	0.060907	-0.000261
1.675431	0.059903	0.061020	-0.000558
1.674711	0.060189	0.061036	-0.000423
1.673992	0.061205	0.060924	0.000141
1.673273	0.060024	0.060950	-0.000463
1.672556	0.060096	0.061755	-0.000829
1.671839	0.059850	0.060751	-0.000450
1.671122	0.060188	0.060679	-0.000246
1.670407	0.059975	0.060962	-0.000493
1.669692	0.060149	0.060695	-0.000273
1.668978	0.059743	0.060945	-0.000601
1.668265	0.059780	0.060370	-0.000295
1.667552	0.060023	0.060096	-0.000037
1.666840	0.059389	0.060019	-0.000315
1.666129	0.059248	0.059859	-0.000305
1.665418	0.059576	0.059846	-0.000135
1.664709	0.058966	0.060288	-0.000661
1.664000	0.059311	0.060544	-0.000617
1.663292	0.058863	0.059395	-0.000266
1.662584	0.059559	0.058905	0.000327
1.661877	0.058719	0.060254	-0.000768
1.661171	0.058730	0.058997	-0.000134
1.660466	0.058388	0.058832	-0.000222
1.659761	0.058976	0.059052	-0.000038
1.659057	0.059066	0.059070	-0.000002
1.658354	0.058655	0.059550	-0.000448
1.657651	0.058221	0.059450	-0.000615
1.656950	0.058852	0.058821	0.000015
1.656249	0.058376	0.059032	-0.000328
1.655548	0.058608	0.059311	-0.000352
1.654848	0.058412	0.058889	-0.000238
1.654150	0.058243	0.058796	-0.000277
1.653451	0.058575	0.058646	-0.000035
1.652754	0.058553	0.058547	0.000003
1.652057	0.058404	0.058800	-0.000198
1.651361	0.058417	0.058154	0.000131
1.650665	0.058174	0.058038	0.000068
1.649971	0.057729	0.058331	-0.000301
1.649277	0.057471	0.058004	-0.000266
1.648583	0.057347	0.057910	-0.000282
1.647891	0.057388	0.057612	-0.000112
1.647199	0.057300	0.057265	0.000018
1.646508	0.057027	0.056743	0.000142
1.645817	0.056503	0.057258	-0.000378
1.645127	0.056822	0.058064	-0.000621
1.644438	0.056815	0.056828	-0.000007
1.643750	0.057165	0.057280	-0.000057
1.643062	0.056445	0.056676	-0.000115
1.642375	0.056748	0.057130	-0.000191
1.641689	0.056371	0.057191	-0.000410
1.641003	0.056376	0.056856	-0.000240
1.640318	0.057389	0.056790	0.000299
1.639634	0.057093	0.056520	0.000286
1.638950	0.056586	0.056517	0.000034
1.638267	0.056089	0.055848	0.000121
1.637585	0.055828	0.056624	-0.000398
1.636903	0.056072	0.056380	-0.000154
1.636222	0.055959	0.056327	-0.000184
1.635542	0.055785	0.056783	-0.000499
1.634863	0.055797	0.056043	-0.000123
1.634184	0.056474	0.056580	-0.000053
1.633506	0.055658	0.056101	-0.000222
1.632828	0.054757	0.055478	-0.000360
1.632151	0.055637	0.055403	0.000117
1.631475	0.055239	0.055066	0.000086
1.630800	0.054856	0.055378	-0.000261
1.630125	0.055500	0.055289	0.000106
1.629451	0.055109	0.054769	0.000170
1.628778	0.055058	0.054885	0.000086
1.628105	0.055549	0.054781	0.000384
1.627433	0.053682	0.054592	-0.000455
1.626761	0.054630	0.054974	-0.000172
1.626091	0.055065	0.055077	-0.000006
1.625421	0.054419	0.054474	-0.000027
1.624751	0.055042	0.055261	-0.000110
1.624083	0.054379	0.054632	-0.000126
1.623414	0.053839	0.054674	-0.000418
1.622747	0.054047	0.054641	-0.000297
1.622080	0.053914	0.054526	-0.000306
1.621414	0.053875	0.054117	-0.000121
1.620749	0.053690	0.053977	-0.000143
1.620084	0.052880	0.054471	-0.000795
1.619420	0.052955	0.053471	-0.000258
1.618757	0.053688	0.053351	0.000168
1.618094	0.053671	0.053081	0.000295
1.617432	0.053256	0.053124	0.000066
1.616770	0.053042	0.053470	-0.000214
1.616109	0.053796	0.052687	0.000554
1.615449	0.052575	0.053423	-0.000424
1.614790	0.053347	0.053024	0.000161
1.614131	0.052679	0.053012	-0.000167
1.613473	0.053320	0.052532	0.000394
1.612815	0.052838	0.053204	-0.000183
1.612158	0.052631	0.052561	0.000035
1.611502	0.052097	0.052534	-0.000219
1.610846	0.053048	0.052089	0.000479
1.610191	0.052998	0.052359	0.000320
1.609537	0.052695	0.051687	0.000504
1.608883	0.052148	0.052394	-0.000123
1.608230	0.051744	0.051863	-0.000060
1.607578	0.051856	0.052129	-0.000137
1.606926	0.051576	0.052408	-0.000416
1.606275	0.051738	0.052326	-0.000294
1.605625	0.052019	0.051757	0.000131
1.604975	0.051473	0.051518	-0.000023
1.604326	0.051847	0.051423	0.000212
1.603677	0.051462	0.051292	0.000085
1.603029	0.051659	0.050386	0.000637
1.602382	0.051393	0.051341	0.000026
1.601735	0.051293	0.050364	0.000465
1.601089	0.050747	0.050797	-0.000025
1.600444	0.050620	0.050791	-0.000085
1.599799	0.050706	0.051027	-0.000161
1.599155	0.051252	0.051669	-0.000209
1.598512	0.050570	0.050762	-0.000096
1.597869	0.050020	0.050626	-0.000303
1.597227	0.051465	0.050694	0.000385
1.596585	0.051687	0.050907	0.000390
1.595944	0.050675	0.051190	-0.000258
1.595304	0.050406	0.051133	-0.000364
1.594664	0.050854	0.050823	0.000016
1.594025	0.050697	0.049575	0.000561
1.593386	0.050443	0.049499	0.000472
1.592749	0.050095	0.050417	-0.000161
1.592111	0.049961	0.049675	0.000143
1.591475	0.050846	0.049453	0.000696
1.590839	0.050054	0.050547	-0.000247
1.590203	0.050102	0.049696	0.000203
1.589569	0.049535	0.049836	-0.000151
1.588935	0.049718	0.049358	0.000180
1.588301	0.049588	0.050035	-0.000224
1.587668	0.049371	0.048685	0.000343
1.587036	0.049103	0.049473	-0.000185
1.586404	0.049219	0.048862	0.000178
1.585773	0.050240	0.048295	0.000973
1.585143	0.049489	0.049149	0.000170
1.584513	0.049582	0.049509	0.000037
1.583884	0.049822	0.048565	0.000629
1.583255	0.049471	0.047750	0.000860
1.582627	0.049601	0.048252	0.000674
1.582000	0.049175	0.048930	0.000122
1.581373	0.048819	0.049095	-0.000138
1.580747	0.049353	0.048834	0.000259
1.580121	0.049618	0.049028	0.000295
1.579496	0.049322	0.048207	0.000557
1.578872	0.049510	0.048679	0.000416
1.578248	0.049692	0.047852	0.000920
1.577625	0.048538	0.048108	0.000215
1.577002	0.049306	0.049169	0.000069
1.576380	0.048795	0.048361	0.000217
1.575759	0.047884	0.048150	-0.000133
1.575138	0.048351	0.048063	0.000144
1.574518	0.048209	0.049555	-0.000673
1.573899	0.048219	0.047769	0.000225
1.573280	0.048301	0.047614	0.000344
1.572661	0.048179	0.049105	-0.000463
1.572044	0.049144	0.047710	0.000717
1.571426	0.049271	0.047302	0.000984
1.570810	0.048712	0.047842	0.000435
1.570194	0.048886	0.047778	0.000554
1.569578	0.049108	0.047426	0.000841
1.568964	0.048494	0.047097	0.000698
1.568349	0.048650	0.048131	0.000260
1.567736	0.047767	0.047769	-0.000001
1.567123	0.047931	0.047558	0.000187
1.566510	0.048153	0.047897	0.000128
1.565899	0.047570	0.048442	-0.000436
1.565287	0.047944	0.048259	-0.000158
1.564677	0.047785	0.047908	-0.000061
1.564066	0.048307	0.047368	0.000469
1.563457	0.050110	0.047007	0.001551
1.562848	0.047402	0.047303	0.000050
1.562240	0.048450	0.046989	0.000730
1.561632	0.047757	0.047216	0.000270
1.561025	0.047617	0.047356	0.000130
1.560418	0.047878	0.047776	0.000051
1.559812	0.047874	0.047113	0.000380
1.559207	0.048289	0.046554	0.000867
1.558602	0.048797	0.048114	0.000341
1.557997	0.048413	0.047933	0.000240
1.557394	0.047794	0.047201	0.000297
1.556791	0.047313	0.047731	-0.000209
1.556188	0.047680	0.047526	0.000077
1.555586	0.047956	0.046869	0.000544
1.554985	0.047484	0.048516	-0.000516
1.554384	0.048369	0.045998	0.001185
1.553783	0.047459	0.046981	0.000239
1.553184	0.048022	0.048400	-0.000189
1.552585	0.047659	0.047309	0.000175
1.551986	0.047820	0.047436	0.000192
1.551388	0.048066	0.046953	0.000556
1.550791	0.047924	0.047550	0.000187
1.550194	0.047600	0.047222	0.000189
1.549597	0.047852	0.046822	0.000515
1.549002	0.047638	0.047527	0.000055
1.548406	0.048319	0.046635	0.000842
1.547812	0.048399	0.047359	0.000520
1.547218	0.048088	0.047463	0.000313
1.546624	0.048114	0.047525	0.000294
1.546031	0.047975	0.046801	0.000587
1.545439	0.048351	0.047677	0.000337
1.544847	0.047995	0.046228	0.000883
1.544256	0.048541	0.046785	0.000878
1.543665	0.048216	0.046730	0.000743
1.543075	0.047703	0.046112	0.000795
1.542486	0.047921	0.046633	0.000644
1.541897	0.047381	0.048068	-0.000343
1.541308	0.048366	0.048274	0.000046
1.540720	0.047968	0.047241	0.000363
1.540133	0.049109	0.046714	0.001197
1.539546	0.048831	0.047087	0.000872
1.538960	0.048984	0.046822	0.001081
1.538374	0.048067	0.047433	0.000317
1.537789	0.048044	0.047420	0.000312
1.537204	0.047458	0.046870	0.000294
1.536620	0.048522	0.046621	0.000951
1.536037	0.047674	0.047389	0.000143
1.535454	0.047369	0.047189	0.000090
1.534872	0.048662	0.047352	0.000655
1.534290	0.048632	0.047246	0.000693
1.533708	0.048879	0.047994	0.000443
1.533128	0.048765	0.046308	0.001228
1.532548	0.048439	0.046599	0.000920
1.531968	0.048391	0.047233	0.000579
1.531389	0.047959	0.047565	0.000197
1.530810	0.047145	0.047136	0.000004
1.530232	0.048105	0.047642	0.000231
1.529655	0.048299	0.047328	0.000486
1.529078	0.048752	0.047904	0.000424
1.528501	0.049379	0.046793	0.001293
1.527925	0.047872	0.047923	-0.000025
1.527350	0.049002	0.047864	0.000569
1.526775	0.048365	0.046655	0.000855
1.526201	0.048500	0.048010	0.000245
1.525627	0.048319	0.048004	0.000158
1.525054	0.048454	0.047097	0.000679
1.524481	0.048224	0.046093	0.001066
1.523909	0.047935	0.047713	0.000111
1.523338	0.048948	0.047378	0.000785
1.522767	0.048302	0.047818	0.000242
1.522196	0.048464	0.046328	0.001068
1.521626	0.048040	0.047209	0.000415
1.521057	0.048164	0.046561	0.000801
1.520488	0.048310	0.047623	0.000343
1.519919	0.049054	0.047244	0.000905
1.519351	0.049482	0.047642	0.000920
1.518784	0.050176	0.048328	0.000924
1.518217	0.049155	0.047795	0.000680
1.517651	0.048785	0.047877	0.000454
1.517085	0.048870	0.047855	0.000507
1.516520	0.050917	0.048429	0.001244
1.515955	0.048981	0.048624	0.000178
1.515391	0.049515	0.049494	0.000011
1.514827	0.048912	0.048558	0.000177
1.514264	0.049716	0.048878	0.000419
1.513702	0.050125	0.048528	0.000799
1.513139	0.049567	0.047976	0.000795
1.512578	0.050363	0.047773	0.001295
1.512017	0.049449	0.049678	-0.000114
1.511456	0.049958	0.048634	0.000662
1.510896	0.050113	0.049183	0.000465
1.510337	0.049242	0.048733	0.000255
1.509778	0.050174	0.048486	0.000844
1.509219	0.049564	0.049342	0.000111
1.508661	0.049168	0.048507	0.000330
1.508104	0.049465	0.049235	0.000115
1.507547	0.050262	0.049097	0.000583
1.506990	0.049960	0.048636	0.000662
1.506435	0.050486	0.049640	0.000423
1.505879	0.049649	0.048339	0.000655
1.505324	0.050649	0.050463	0.000093
1.504770	0.051278	0.049415	0.000932
1.504216	0.052031	0.051012	0.000509
1.503663	0.050574	0.049099	0.000738
1.503110	0.051715	0.049744	0.000985
1.502558	0.052713	0.051318	0.000697
1.502006	0.052232	0.048748	0.001742
1.501454	0.050150	0.049893	0.000128
1.500904	0.051403	0.050374	0.000514
1.500353	0.050257	0.049801	0.000228
1.499803	0.049919	0.050494	-0.000287
1.499254	0.050769	0.049609	0.000580
1.498705	0.052695	0.050457	0.001119
1.498157	0.050941	0.049560	0.000690
1.497609	0.049928	0.049886	0.000021
1.497062	0.050531	0.050516	0.000007
1.496515	0.052586	0.050355	0.001116
1.495969	0.051727	0.050042	0.000842
1.495423	0.052215	0.049605	0.001305
1.494878	0.051674	0.051307	0.000183
1.494333	0.052090	0.051716	0.000187
1.493789	0.052007	0.051998	0.000005
1.493245	0.051921	0.050799	0.000561
1.492702	0.050850	0.050275	0.000287
1.492159	0.053484	0.050544	0.001470
1.491617	0.052591	0.049080	0.001755
1.491075	0.050250	0.051059	-0.000405
1.490533	0.053252	0.049628	0.001812
1.489993	0.052803	0.051204	0.000800
1.489452	0.053578	0.050650	0.001464
1.488912	0.052699	0.051346	0.000676
1.488373	0.052131	0.051133	0.000499
1.487834	0.052979	0.052226	0.000377
1.487296	0.052656	0.051702	0.000477
1.486758	0.052784	0.051423	0.000681
1.486221	0.052827	0.051527	0.000650
1.485684	0.053747	0.052132	0.000808
1.485147	0.052313	0.051647	0.000333
1.484611	0.052476	0.052574	-0.000049
1.484076	0.052843	0.051783	0.000530
1.483541	0.053038	0.052652	0.000193
1.483007	0.054209	0.052336	0.000937
1.482473	0.054341	0.051779	0.001281
1.481939	0.053891	0.053331	0.000280
1.481406	0.052985	0.051917	0.000534
1.480874	0.053165	0.050823	0.001171
1.480341	0.052780	0.052800	-0.000010
1.479810	0.053384	0.052871	0.000256
1.479279	0.053538	0.053248	0.000145
1.478748	0.053927	0.052378	0.000775
1.478218	0.054039	0.053549	0.000245
1.477688	0.054588	0.051958	0.001315
1.477159	0.053551	0.053148	0.000201
1.476631	0.054380	0.052927	0.000726
1.476102	0.054114	0.053773	0.000170
1.475575	0.054876	0.052448	0.001214
1.475047	0.054564	0.052069	0.001248
1.474521	0.053829	0.052329	0.000750
1.473994	0.054031	0.051784	0.001124
1.473469	0.053819	0.053821	-0.000001
1.472943	0.055365	0.051952	0.001706
1.472418	0.056026	0.053018	0.001504
1.471894	0.055316	0.052876	0.001220
1.471370	0.055919	0.054670	0.000624
1.470846	0.056726	0.053357	0.001684
1.470323	0.056253	0.053462	0.001395
1.469801	0.054982	0.052242	0.001370
1.469279	0.054416	0.053499	0.000459
1.468757	0.054494	0.052821	0.000836
1.468236	0.054915	0.054561	0.000177
1.467716	0.055373	0.054911	0.000231
1.467195	0.054018	0.053844	0.000087
1.466676	0.056062	0.054036	0.001013
1.466156	0.055476	0.055090	0.000193
1.465638	0.056572	0.054608	0.000982
1.465119	0.055549	0.053341	0.001104
1.464601	0.055516	0.054368	0.000574
1.464084	0.056123	0.054650	0.000736
1.463567	0.057257	0.054056	0.001601
1.463051	0.056880	0.056008	0.000436
1.462535	0.056861	0.054544	0.001158
1.462019	0.056714	0.054628	0.001043
1.461504	0.054991	0.055700	-0.000355
1.460989	0.055948	0.053971	0.000989
1.460475	0.056586	0.053014	0.001786
1.459962	0.057265	0.053052	0.002107
1.459448	0.058304	0.053936	0.002184
1.458936	0.058496	0.054428	0.002034
1.458423	0.056498	0.054352	0.001073
1.457911	0.056858	0.055740	0.000559
1.457400	0.055129	0.056128	-0.000499
1.456889	0.055242	0.056147	-0.000453
1.456379	0.058041	0.057364	0.000339
1.455869	0.056082	0.056105	-0.000011
1.455359	0.057967	0.055093	0.001437
1.454850	0.058036	0.055148	0.001444
1.454341	0.057913	0.057191	0.000361
1.453833	0.058007	0.055968	0.001020
1.453325	0.058158	0.055528	0.001315
1.452818	0.056400	0.055647	0.000376
1.452311	0.058120	0.057191	0.000464
1.451805	0.057425	0.056696	0.000365
1.451299	0.058676	0.055530	0.001573
1.450793	0.057695	0.056240	0.000728
1.450288	0.056378	0.058054	-0.000838
1.449783	0.059725	0.055383	0.002171
1.449279	0.057890	0.055690	0.001100
1.448775	0.059912	0.055905	0.002004
1.448272	0.059217	0.057837	0.000690
1.447769	0.058514	0.057335	0.000589
1.447267	0.057916	0.055236	0.001340
1.446765	0.056668	0.055883	0.000393
1.446263	0.057030	0.057384	-0.000177
1.445762	0.057424	0.054771	0.001327
1.445262	0.058099	0.057264	0.000417
1.444762	0.059240	0.056277	0.001482
1.444262	0.059508	0.057954	0.000777
1.443763	0.058667	0.058691	-0.000012
1.443264	0.057932	0.057466	0.000233
1.442765	0.058324	0.056506	0.000909
1.442267	0.059796	0.056985	0.001405
1.441770	0.059944	0.058127	0.000909
1.441273	0.059114	0.055753	0.001680
1.440776	0.056919	0.059209	-0.001145
1.440280	0.060943	0.057852	0.001546
1.439784	0.057620	0.058861	-0.000620
1.439289	0.059448	0.060321	-0.000437
1.438794	0.059161	0.057536	0.000812
1.438299	0.059894	0.057395	0.001249
1.437805	0.057626	0.058427	-0.000401
1.437312	0.062227	0.059188	0.001519
1.436819	0.059722	0.057013	0.001355
1.436326	0.059690	0.058311	0.000690
1.435834	0.057618	0.057921	-0.000152
1.435342	0.061197	0.056860	0.002169
1.434850	0.059190	0.058511	0.000340
1.434359	0.057575	0.060093	-0.001259
1.433869	0.060717	0.057375	0.001671
1.433379	0.059582	0.059214	0.000184
1.432889	0.061860	0.057292	0.002284
1.432400	0.061258	0.058296	0.001481
1.431911	0.060839	0.059563	0.000638
1.431422	0.060728	0.059407	0.000661
1.430934	0.060436	0.059255	0.000590
1.430447	0.061202	0.060454	0.000374
1.429960	0.059837	0.060177	-0.000170
1.429473	0.060895	0.059347	0.000774
1.428987	0.061153	0.056465	0.002344
1.428501	0.060970	0.060438	0.000266
1.428015	0.061531	0.060415	0.000558
1.427530	0.059171	0.058588	0.000292
1.427046	0.060200	0.058320	0.000940
1.426561	0.062272	0.059034	0.001619
1.426078	0.061409	0.058327	0.001541
1.425594	0.061182	0.060221	0.000481
1.425111	0.059689	0.058662	0.000513
1.424629	0.058860	0.058802	0.000029
1.424147	0.060573	0.059705	0.000434
1.423665	0.063249	0.059368	0.001941
1.423184	0.061777	0.059943	0.000917
1.422703	0.059704	0.057815	0.000945
1.422223	0.062619	0.058195	0.002212
1.421743	0.061130	0.060612	0.000259
1.421263	0.064201	0.060040	0.002081
1.420784	0.063132	0.059203	0.001965
1.420306	0.060780	0.059585	0.000598
1.419827	0.063312	0.057785	0.002763
1.419349	0.063116	0.059627	0.001744
1.418872	0.062861	0.056105	0.003378
1.418395	0.061349	0.060064	0.000643
1.417918	0.060105	0.059804	0.000150
1.417442	0.064219	0.059555	0.002332
1.416966	0.062592	0.059854	0.001369
1.416491	0.063176	0.062282	0.000447
1.416016	0.060361	0.060187	0.000087
1.415541	0.059967	0.059816	0.000076
1.415067	0.065634	0.059852	0.002891
1.414593	0.065139	0.060075	0.002532
1.414120	0.064694	0.056997	0.003849
1.413647	0.063971	0.060434	0.001769
1.413174	0.063330	0.059994	0.001668
1.412702	0.062457	0.060767	0.000845
1.412231	0.062015	0.061201	0.000407
1.411759	0.063276	0.059323	0.001977
1.411288	0.060526	0.059220	0.000653
1.410818	0.060660	0.058828	0.000916
1.410348	0.062338	0.062393	-0.000028
1.409878	0.063748	0.056515	0.003617
1.409409	0.062796	0.058332	0.002232
1.408940	0.064882	0.059290	0.002796
1.408472	0.063239	0.059601	0.001819
1.408004	0.062128	0.059095	0.001517
1.407536	0.062621	0.061858	0.000381
1.407069	0.062614	0.061056	0.000779
1.406602	0.063719	0.062992	0.000363
1.406135	0.063229	0.059847	0.001691
1.405669	0.060193	0.057541	0.001326
1.405204	0.063794	0.063638	0.000078
1.404738	0.063473	0.060920	0.001277
1.404274	0.061449	0.061688	-0.000119
1.403809	0.063206	0.060755	0.001225
1.403345	0.062134	0.060412	0.000861
1.402882	0.066402	0.061581	0.002410
1.402418	0.059821	0.061986	-0.001083
1.401955	0.060672	0.061424	-0.000376
1.401493	0.062684	0.061672	0.000506
1.401031	0.060570	0.057553	0.001509
1.400569	0.062107	0.061415	0.000346
1.400108	0.061516	0.061800	-0.000142
1.399647	0.061247	0.059728	0.000760
1.399187	0.062492	0.060412	0.001040
1.398727	0.061415	0.061936	-0.000260
1.398267	0.061915	0.060205	0.000855
1.397808	0.064234	0.060851	0.001692
1.397349	0.062956	0.060824	0.001066
1.396890	0.062703	0.059595	0.001554
1.396432	0.062388	0.058852	0.001768
1.395974	0.061107	0.060684	0.000212
1.395517	0.061586	0.063314	-0.000864
1.395060	0.061861	0.058513	0.001674
1.394604	0.063782	0.060811	0.001486
1.394147	0.061673	0.060950	0.000361
1.393692	0.060805	0.062015	-0.000605
1.393236	0.061921	0.060624	0.000649
1.392781	0.063888	0.059857	0.002015
1.392327	0.063679	0.058943	0.002368
1.391873	0.061550	0.061081	0.000234
1.391419	0.061362	0.062499	-0.000568
1.390965	0.065460	0.060999	0.002230
1.390512	0.061910	0.064703	-0.001397
