6.542578	0.000000	0.000000	0.000000
6.529189	0.065490	0.065490	0.000000
6.515856	-0.004608	-0.800872	0.398132
6.502578	0.560806	2.804328	-1.121761
6.489355	-0.076121	-1.354782	0.639331
6.476188	0.698883	-13.636537	7.167710
6.463075	-0.271260	0.187829	-0.229544
6.450016	0.336689	0.411013	-0.037162
6.437011	-1.255886	-0.145738	-0.555074
6.424060	-0.150515	-0.135846	-0.007335
6.411162	0.174842	1.074107	-0.449633
6.398317	0.365824	0.571720	-0.102948
6.385525	0.355504	-0.399708	0.377606
6.372785	0.471037	-0.357760	0.414399
6.360096	0.193066	0.321429	-0.064182
6.347460	0.251771	0.326054	-0.037141
6.334875	-0.616402	12.452138	-6.534270
6.322341	0.026394	-0.374848	0.200621
6.309857	-0.084898	0.062888	-0.073893
6.297424	0.236021	-0.113009	0.174515
6.285042	-0.483070	-0.609617	0.063273
6.272709	0.153370	-0.340432	0.246901
6.260425	-0.270897	-0.113946	-0.078476
6.248191	-5.330555	-0.301920	-2.514317
6.236005	-0.201731	-0.029365	-0.086183
6.223868	0.013570	-0.068283	0.040927
6.211780	0.048021	0.002987	0.022517
6.199740	-0.053396	0.049572	-0.051484
6.187747	-0.050055	0.034146	-0.042101
6.175802	0.064707	0.031929	0.016389
6.163904	-0.013966	0.024766	-0.019366
6.152053	0.085688	0.097266	-0.005789
6.140248	-0.006657	0.008963	-0.007810
6.128490	0.022934	0.018484	0.002225
6.116778	0.086618	-0.026357	0.056487
6.105112	-0.008422	0.059767	-0.034094
6.093492	-0.010918	0.035083	-0.023000
6.081916	0.078907	-0.003309	0.041108
6.070386	0.070493	0.007463	0.031515
6.058901	0.054137	0.065790	-0.005826
6.047460	0.001882	0.005483	-0.001800
6.036063	0.032920	0.175214	-0.071147
6.024710	0.199770	0.125139	0.037316
6.013401	0.046015	0.004037	0.020989
6.002135	0.065165	0.020866	0.022150
5.990913	0.034305	0.000944	0.016680
5.979734	0.165134	0.007695	0.078720
5.968597	0.016344	-0.006876	0.011610
5.957503	0.009719	-0.018186	0.013953
5.946451	0.160792	0.128325	0.016233
5.935442	0.066933	-0.017672	0.042303
5.924474	0.015981	-0.034061	0.025021
5.913547	0.039414	0.038874	0.000270
5.902662	0.082233	-0.026567	0.054400
5.891818	0.089128	0.005250	0.041939
5.881015	0.087515	0.071568	0.007974
5.870252	0.047836	0.062809	-0.007486
5.859530	0.015552	0.053357	-0.018903
5.848848	0.002127	-0.016063	0.009095
5.838205	-0.007742	0.145062	-0.076402
5.827603	0.005481	0.011280	-0.002899
5.817040	-0.017587	0.038122	-0.027855
5.806516	0.001859	0.064232	-0.031187
5.796031	0.140970	0.112892	0.014039
5.785586	0.115385	0.016657	0.049364
5.775178	0.090221	0.095712	-0.002745
5.764810	0.022246	0.056270	-0.017012
5.754479	0.183932	-0.016506	0.100219
5.744186	0.082174	0.018332	0.031921
5.733931	0.034747	0.007961	0.013393
5.723714	0.056862	-0.011927	0.034394
5.713534	0.030321	0.000580	0.014871
5.703391	0.002976	0.077627	-0.037326
5.693285	0.034281	0.015215	0.009533
5.683216	0.009656	-0.002323	0.005989
5.673184	0.092935	0.021526	0.035705
5.663188	0.005489	0.040301	-0.017406
5.653228	0.040460	0.088470	-0.024005
5.643304	0.103734	0.009445	0.047145
5.633415	0.102459	0.039366	0.031547
5.623562	0.117115	0.071622	0.022747
5.613745	-0.054946	0.116815	-0.085880
5.603963	0.102017	-0.021721	0.061869
5.594216	0.162422	0.079404	0.041509
5.584504	0.089816	0.061790	0.014013
5.574826	0.067574	0.077972	-0.005199
5.565183	0.190388	0.113196	0.038596
5.555574	0.124462	0.121071	0.001696
5.545999	0.130132	0.112043	0.009044
5.536458	0.106052	0.120488	-0.007218
5.526950	0.037792	0.131441	-0.046824
5.517477	0.109442	0.124242	-0.007400
5.508036	0.120594	0.107720	0.006437
5.498629	0.137985	0.158530	-0.010272
5.489255	0.148858	0.207246	-0.029194
5.479914	0.156022	0.187895	-0.015936
5.470605	0.167494	0.156310	0.005592
5.461329	0.145746	0.145940	-0.000097
5.452085	0.135317	0.197531	-0.031107
5.442874	0.109442	0.128104	-0.009331
5.433694	0.185303	0.156098	0.014602
5.424546	0.179349	0.126207	0.026571
5.415430	0.196916	0.158364	0.019276
5.406345	0.180983	0.190478	-0.004748
5.397292	0.178174	0.182395	-0.002110
5.388270	0.194506	0.175121	0.009693
5.379279	0.198486	0.184213	0.007137
5.370319	0.126124	0.197224	-0.035550
5.361389	0.185619	0.180798	0.002410
5.352490	0.159826	0.163744	-0.001959
5.343621	0.178192	0.174495	0.001848
5.334783	0.173640	0.181170	-0.003765
5.325975	0.207476	0.165443	0.021016
5.317196	0.189309	0.194693	-0.002692
5.308448	0.224068	0.185714	0.019177
5.299729	0.205788	0.210755	-0.002483
5.291039	0.145011	0.160691	-0.007840
5.282379	0.157478	0.215666	-0.029094
5.273748	0.179084	0.158577	0.010253
5.265146	0.176635	0.185731	-0.004548
5.256573	0.186742	0.181840	0.002451
5.248029	0.168424	0.187144	-0.009360
5.239513	0.182662	0.198466	-0.007902
5.231026	0.177250	0.193347	-0.008048
5.222567	0.187551	0.216997	-0.014723
5.214136	0.211319	0.213886	-0.001284
5.205733	0.178654	0.178146	0.000254
5.197358	0.190133	0.167097	0.011518
5.189011	0.187364	0.193857	-0.003246
5.180691	0.182779	0.205003	-0.011112
5.172399	0.161044	0.199550	-0.019253
5.164135	0.213656	0.195165	0.009245
5.155897	0.193731	0.194266	-0.000268
5.147687	0.213197	0.212845	0.000176
5.139503	0.193111	0.201232	-0.004060
5.131346	0.205769	0.219149	-0.006690
5.123216	0.235258	0.186981	0.024138
5.115113	0.187674	0.203109	-0.007717
5.107036	0.210685	0.189225	0.010730
5.098985	0.198068	0.213650	-0.007791
5.090960	0.200295	0.182333	0.008981
5.082962	0.175857	0.185278	-0.004711
5.074989	0.170330	0.198548	-0.014109
5.067042	0.188937	0.204319	-0.007691
5.059121	0.199352	0.194839	0.002256
5.051225	0.212762	0.207603	0.002579
5.043355	0.197901	0.198173	-0.000136
5.035510	0.192341	0.191069	0.000636
5.027690	0.201689	0.204346	-0.001329
5.019895	0.178318	0.201153	-0.011418
5.012126	0.188196	0.179121	0.004538
5.004381	0.174024	0.155581	0.009221
4.996660	0.192492	0.183269	0.004611
4.988964	0.213251	0.200046	0.006602
4.981293	0.189847	0.176302	0.006772
4.973646	0.199668	0.184709	0.007479
4.966023	0.186279	0.173608	0.006335
4.958425	0.183374	0.187456	-0.002041
4.950850	0.192250	0.185814	0.003218
4.943299	0.174301	0.177349	-0.001524
4.935772	0.178089	0.190316	-0.006114
4.928269	0.181275	0.194840	-0.006782
4.920789	0.188494	0.165272	0.011611
4.913333	0.176246	0.167067	0.004589
4.905900	0.180450	0.179017	0.000717
4.898490	0.176955	0.171377	0.002789
4.891103	0.159498	0.170420	-0.005461
4.883739	0.170945	0.179965	-0.004510
4.876399	0.173713	0.169671	0.002021
4.869081	0.170787	0.181932	-0.005572
4.861785	0.168776	0.172032	-0.001628
4.854512	0.173288	0.179584	-0.003148
4.847262	0.169902	0.170192	-0.000145
4.840034	0.169976	0.167515	0.001231
4.832829	0.170053	0.169974	0.000040
4.825645	0.162170	0.182022	-0.009926
4.818484	0.167141	0.162513	0.002314
4.811344	0.168248	0.169627	-0.000689
4.804227	0.165092	0.161591	0.001750
4.797131	0.155889	0.169475	-0.006793
4.790057	0.154772	0.157278	-0.001253
4.783004	0.160454	0.163829	-0.001687
4.775973	0.164570	0.157709	0.003431
4.768963	0.153907	0.158295	-0.002194
4.761974	0.153140	0.162708	-0.004784
4.755007	0.145106	0.151430	-0.003162
4.748061	0.149219	0.147764	0.000727
4.741136	0.151983	0.148513	0.001735
4.734231	0.146396	0.147151	-0.000378
4.727348	0.146746	0.150771	-0.002013
4.720485	0.149031	0.147751	0.000640
4.713642	0.139322	0.153625	-0.007151
4.706821	0.144840	0.145908	-0.000534
4.700019	0.143597	0.137927	0.002835
4.693238	0.136935	0.140354	-0.001709
4.686478	0.136249	0.143119	-0.003435
4.679737	0.144920	0.139379	0.002771
4.673016	0.130274	0.143077	-0.006402
4.666316	0.137201	0.130738	0.003232
4.659635	0.135880	0.137881	-0.001000
4.652974	0.126925	0.129421	-0.001248
4.646333	0.144298	0.135180	0.004559
4.639711	0.130014	0.138397	-0.004191
4.633109	0.141373	0.132030	0.004671
4.626527	0.124513	0.132426	-0.003956
4.619963	0.130182	0.134328	-0.002073
4.613420	0.130831	0.139555	-0.004362
4.606895	0.127844	0.132532	-0.002344
4.600389	0.125311	0.129349	-0.002019
4.593902	0.128841	0.130376	-0.000767
4.587435	0.122944	0.124970	-0.001013
4.580986	0.121226	0.121681	-0.000227
4.574556	0.119229	0.118629	0.000300
4.568145	0.113393	0.122279	-0.004443
4.561752	0.121974	0.122099	-0.000062
4.555378	0.119522	0.115050	0.002236
4.549022	0.111778	0.109478	0.001150
4.542685	0.111991	0.121190	-0.004599
4.536365	0.114641	0.112949	0.000846
4.530065	0.108221	0.114677	-0.003228
4.523782	0.114970	0.111502	0.001734
4.517517	0.106323	0.105749	0.000287
4.511271	0.108533	0.111361	-0.001414
4.505042	0.104459	0.107266	-0.001403
4.498831	0.109555	0.105391	0.002082
4.492638	0.100391	0.110136	-0.004873
4.486462	0.093527	0.111946	-0.009210
4.480304	0.100761	0.105497	-0.002368
4.474164	0.104406	0.104449	-0.000021
4.468041	0.101272	0.103357	-0.001042
4.461935	0.101594	0.098849	0.001372
4.455847	0.097819	0.099005	-0.000593
4.449776	0.095517	0.099886	-0.002185
4.443722	0.091426	0.101018	-0.004796
4.437686	0.090770	0.101416	-0.005323
4.431666	0.091849	0.096222	-0.002187
4.425663	0.087097	0.094104	-0.003503
4.419677	0.086635	0.099713	-0.006539
4.413708	0.083818	0.094834	-0.005508
4.407755	0.082322	0.089809	-0.003743
4.401820	0.088511	0.093920	-0.002705
4.395901	0.083432	0.093321	-0.004944
4.389998	0.090414	0.091951	-0.000769
4.384112	0.079430	0.086636	-0.003603
4.378242	0.083408	0.089481	-0.003036
4.372389	0.078300	0.083925	-0.002813
4.366551	0.078908	0.089058	-0.005075
4.360730	0.080337	0.081641	-0.000652
4.354925	0.076601	0.084385	-0.003892
4.349136	0.078424	0.078107	0.000158
4.343364	0.079468	0.082263	-0.001397
4.337607	0.078640	0.075089	0.001775
4.331865	0.073934	0.080504	-0.003285
4.326140	0.074037	0.079261	-0.002612
4.320430	0.076889	0.078512	-0.000811
4.314736	0.079022	0.075613	0.001705
4.309058	0.073378	0.080328	-0.003475
4.303395	0.072379	0.074401	-0.001011
4.297748	0.071825	0.078075	-0.003125
4.292116	0.069129	0.078934	-0.004902
4.286499	0.073074	0.076600	-0.001763
4.280898	0.073264	0.075169	-0.000952
4.275312	0.065905	0.074685	-0.004390
4.269741	0.068397	0.077127	-0.004365
4.264185	0.068207	0.075759	-0.003776
4.258644	0.064384	0.070741	-0.003179
4.253118	0.063693	0.071962	-0.004135
4.247607	0.063044	0.070054	-0.003505
4.242111	0.062647	0.067565	-0.002459
4.236629	0.061876	0.067591	-0.002857
4.231163	0.061728	0.067453	-0.002862
4.225711	0.061824	0.066908	-0.002542
4.220274	0.058784	0.068749	-0.004983
4.214851	0.058573	0.068069	-0.004748
4.209442	0.052777	0.066761	-0.006992
4.204049	0.056131	0.061588	-0.002728
4.198669	0.059757	0.064938	-0.002591
4.193304	0.056271	0.063262	-0.003495
4.187953	0.052454	0.063579	-0.005563
4.182616	0.054576	0.066541	-0.005983
4.177294	0.052805	0.060211	-0.003703
4.171985	0.054418	0.058971	-0.002276
4.166691	0.051548	0.060922	-0.004687
4.161411	0.053458	0.060000	-0.003271
4.156144	0.053613	0.058607	-0.002497
4.150892	0.049124	0.056851	-0.003864
4.145653	0.054327	0.059448	-0.002560
4.140428	0.049246	0.059063	-0.004908
4.135217	0.047578	0.058155	-0.005288
4.130019	0.053805	0.056138	-0.001166
4.124835	0.051507	0.059620	-0.004057
4.119665	0.047530	0.053824	-0.003147
4.114508	0.049048	0.056751	-0.003851
4.109364	0.048201	0.057812	-0.004805
4.104234	0.041067	0.052755	-0.005844
4.099117	0.045269	0.054178	-0.004455
4.094014	0.045451	0.054047	-0.004298
4.088924	0.046548	0.053807	-0.003629
4.083846	0.044650	0.055420	-0.005385
4.078783	0.044955	0.051768	-0.003406
4.073732	0.047638	0.055897	-0.004130
4.068694	0.043554	0.052155	-0.004301
4.063669	0.044031	0.051701	-0.003835
4.058657	0.043641	0.054233	-0.005296
4.053658	0.042547	0.049520	-0.003487
4.048672	0.039536	0.051927	-0.006195
4.043699	0.044247	0.051738	-0.003745
4.038738	0.042850	0.051256	-0.004203
4.033790	0.039695	0.051480	-0.005893
4.028855	0.042381	0.049404	-0.003511
4.023933	0.039770	0.049524	-0.004877
4.019022	0.040227	0.053566	-0.006670
4.014125	0.039811	0.051849	-0.006019
4.009240	0.037626	0.050599	-0.006486
4.004367	0.037001	0.049479	-0.006239
3.999506	0.036658	0.048052	-0.005697
3.994658	0.036685	0.045186	-0.004251
3.989823	0.035876	0.048046	-0.006085
3.984999	0.037187	0.046375	-0.004594
3.980187	0.038412	0.049062	-0.005325
3.975388	0.034104	0.047844	-0.006870
3.970601	0.037613	0.049056	-0.005722
3.965826	0.035367	0.049766	-0.007200
3.961063	0.035725	0.045541	-0.004908
3.956311	0.033842	0.047602	-0.006880
3.951572	0.031955	0.045968	-0.007007
3.946844	0.033170	0.041305	-0.004067
3.942129	0.032161	0.044043	-0.005941
3.937425	0.034290	0.046007	-0.005859
3.932733	0.036474	0.042270	-0.002898
3.928052	0.037630	0.045298	-0.003834
3.923383	0.031061	0.044222	-0.006580
3.918726	0.030043	0.045525	-0.007741
3.914080	0.031119	0.044906	-0.006894
3.909446	0.031116	0.043651	-0.006268
3.904823	0.030935	0.041246	-0.005156
3.900212	0.032619	0.043995	-0.005688
3.895612	0.031442	0.042372	-0.005465
3.891023	0.030462	0.042810	-0.006174
3.886446	0.029035	0.041612	-0.006289
3.881880	0.030668	0.039975	-0.004653
3.877325	0.031158	0.038889	-0.003866
3.872781	0.031363	0.043400	-0.006019
3.868249	0.028262	0.039111	-0.005424
3.863727	0.029479	0.039604	-0.005063
3.859217	0.027350	0.039151	-0.005900
3.854718	0.028005	0.039162	-0.005578
3.850229	0.030334	0.042856	-0.006261
3.845752	0.028229	0.038859	-0.005315
3.841285	0.028386	0.039094	-0.005354
3.836829	0.027694	0.040714	-0.006510
3.832384	0.028896	0.040571	-0.005837
3.827950	0.026317	0.039419	-0.006551
3.823527	0.024787	0.039147	-0.007180
3.819114	0.026511	0.037368	-0.005429
3.814712	0.028150	0.040523	-0.006187
3.810321	0.024249	0.040257	-0.008004
3.805940	0.026107	0.037240	-0.005566
3.801570	0.026019	0.038522	-0.006251
3.797210	0.025922	0.038189	-0.006134
3.792860	0.027106	0.036183	-0.004538
3.788522	0.024659	0.035180	-0.005261
3.784193	0.025614	0.037872	-0.006129
3.779875	0.026136	0.036094	-0.004979
3.775567	0.025945	0.039079	-0.006567
3.771269	0.024378	0.036617	-0.006119
3.766982	0.025083	0.037195	-0.006056
3.762705	0.024684	0.036908	-0.006112
3.758438	0.023935	0.035603	-0.005834
3.754181	0.026085	0.036968	-0.005441
3.749935	0.024279	0.036632	-0.006176
3.745698	0.024654	0.035774	-0.005560
3.741472	0.024427	0.035958	-0.005765
3.737255	0.024812	0.034669	-0.004929
3.733048	0.024230	0.035269	-0.005520
3.728852	0.024186	0.035345	-0.005580
3.724665	0.024030	0.034531	-0.005251
3.720488	0.022638	0.036348	-0.006855
3.716321	0.022041	0.035311	-0.006635
3.712163	0.021146	0.037058	-0.007956
3.708016	0.020576	0.036361	-0.007893
3.703878	0.023457	0.033538	-0.005040
3.699750	0.023304	0.033306	-0.005001
3.695631	0.023707	0.034740	-0.005517
3.691522	0.024560	0.033727	-0.004584
3.687423	0.022670	0.034773	-0.006051
3.683333	0.023319	0.033996	-0.005339
3.679253	0.021564	0.037180	-0.007808
3.675182	0.021500	0.033847	-0.006173
3.671120	0.020688	0.035462	-0.007387
3.667069	0.023632	0.037372	-0.006870
3.663026	0.022482	0.035112	-0.006315
3.658993	0.021907	0.033544	-0.005818
3.654969	0.022903	0.033624	-0.005361
3.650954	0.020293	0.035720	-0.007713
3.646949	0.023085	0.034374	-0.005644
3.642953	0.022377	0.033713	-0.005668
3.638966	0.019588	0.033785	-0.007099
3.634988	0.020600	0.031910	-0.005655
3.631020	0.016580	0.031933	-0.007676
3.627060	0.022569	0.032651	-0.005041
3.623110	0.019530	0.032471	-0.006471
3.619168	0.018226	0.032312	-0.007043
3.615236	0.020956	0.030582	-0.004813
3.611312	0.020926	0.032123	-0.005599
3.607398	0.020935	0.033353	-0.006209
3.603492	0.020669	0.031262	-0.005297
3.599596	0.019380	0.035037	-0.007829
3.595708	0.017979	0.033072	-0.007546
3.591829	0.019179	0.034027	-0.007424
3.587959	0.020095	0.032779	-0.006342
3.584097	0.018685	0.032837	-0.007076
3.580244	0.017496	0.033937	-0.008221
3.576400	0.018747	0.030507	-0.005880
3.572565	0.019419	0.029587	-0.005084
3.568738	0.019199	0.031950	-0.006376
3.564920	0.019381	0.031140	-0.005880
3.561111	0.018122	0.034068	-0.007973
3.557310	0.019730	0.029334	-0.004802
3.553517	0.019023	0.034134	-0.007556
3.549734	0.018585	0.032087	-0.006751
3.545958	0.017944	0.033229	-0.007642
3.542191	0.019577	0.032420	-0.006422
3.538433	0.018125	0.033246	-0.007561
3.534683	0.021010	0.029836	-0.004413
3.530941	0.019227	0.031765	-0.006269
3.527207	0.018050	0.030612	-0.006281
3.523482	0.018404	0.031667	-0.006631
3.519765	0.017503	0.031902	-0.007199
3.516057	0.017221	0.032909	-0.007844
3.512356	0.017197	0.029395	-0.006099
3.508664	0.019637	0.031493	-0.005928
3.504980	0.018710	0.032338	-0.006814
3.501304	0.020019	0.030777	-0.005379
3.497636	0.017769	0.031486	-0.006859
3.493977	0.014756	0.031218	-0.008231
3.490325	0.017868	0.029329	-0.005731
3.486682	0.018590	0.029659	-0.005534
3.483046	0.017612	0.030145	-0.006267
3.479419	0.013964	0.031383	-0.008709
3.475799	0.017624	0.033207	-0.007792
3.472187	0.017946	0.032914	-0.007484
3.468583	0.017480	0.032560	-0.007540
3.464988	0.017912	0.033061	-0.007575
3.461400	0.018432	0.032439	-0.007004
3.457819	0.019869	0.032455	-0.006293
3.454247	0.018062	0.031477	-0.006708
3.450682	0.019808	0.029196	-0.004694
3.447125	0.016060	0.028445	-0.006193
3.443576	0.018474	0.031523	-0.006524
3.440035	0.018238	0.033190	-0.007476
3.436501	0.016469	0.032059	-0.007795
3.432975	0.015303	0.032415	-0.008556
3.429457	0.016372	0.031555	-0.007591
3.425946	0.017583	0.030204	-0.006311
3.422442	0.016443	0.031150	-0.007354
3.418947	0.015665	0.031501	-0.007918
3.415459	0.017661	0.032702	-0.007521
3.411978	0.016885	0.029404	-0.006259
3.408505	0.016480	0.033700	-0.008610
3.405039	0.017505	0.031104	-0.006800
3.401581	0.014947	0.031362	-0.008207
3.398130	0.016976	0.031508	-0.007266
3.394686	0.015220	0.031998	-0.008389
3.391250	0.015564	0.032591	-0.008513
3.387821	0.016514	0.029416	-0.006451
3.384400	0.017865	0.033619	-0.007877
3.380986	0.015095	0.030655	-0.007780
3.377579	0.016668	0.030136	-0.006734
3.374179	0.015039	0.029728	-0.007344
3.370787	0.016030	0.029332	-0.006651
3.367401	0.016712	0.031599	-0.007443
3.364023	0.017006	0.030894	-0.006944
3.360652	0.014792	0.030249	-0.007729
3.357289	0.015994	0.026992	-0.005499
3.353932	0.015166	0.030643	-0.007738
3.350582	0.013972	0.031075	-0.008551
3.347240	0.015273	0.031933	-0.008330
3.343904	0.013336	0.030208	-0.008436
3.340576	0.015841	0.031213	-0.007686
3.337255	0.016975	0.030576	-0.006800
3.333940	0.014163	0.029759	-0.007798
3.330633	0.016910	0.027984	-0.005537
3.327332	0.012156	0.027798	-0.007821
3.324038	0.015698	0.031644	-0.007973
3.320752	0.015760	0.031481	-0.007861
3.317472	0.013027	0.028473	-0.007723
3.314199	0.015167	0.032542	-0.008687
3.310933	0.014236	0.029614	-0.007689
3.307673	0.015631	0.033359	-0.008864
3.304421	0.017228	0.031641	-0.007207
3.301175	0.017155	0.031014	-0.006929
3.297936	0.014123	0.033116	-0.009497
3.294703	0.016041	0.031489	-0.007724
3.291478	0.015741	0.029488	-0.006874
3.288259	0.017039	0.032611	-0.007786
3.285046	0.015876	0.032643	-0.008384
3.281841	0.015726	0.032919	-0.008596
3.278642	0.015949	0.031913	-0.007982
3.275449	0.015824	0.031269	-0.007723
3.272263	0.014462	0.031212	-0.008375
3.269084	0.014282	0.029850	-0.007784
3.265911	0.015114	0.031925	-0.008406
3.262745	0.012195	0.030049	-0.008927
3.259585	0.013479	0.028711	-0.007616
3.256432	0.014583	0.030772	-0.008095
3.253285	0.015436	0.029893	-0.007228
3.250145	0.014948	0.030391	-0.007722
3.247011	0.015308	0.030288	-0.007490
3.243883	0.013671	0.032523	-0.009426
3.240762	0.014002	0.030183	-0.008091
3.237647	0.015643	0.033042	-0.008699
3.234539	0.014774	0.032647	-0.008936
3.231437	0.012354	0.032820	-0.010233
3.228341	0.014647	0.031062	-0.008207
3.225251	0.014397	0.031201	-0.008402
3.222168	0.015695	0.032801	-0.008553
3.219091	0.015690	0.033281	-0.008795
3.216020	0.016563	0.032119	-0.007778
3.212956	0.014109	0.029727	-0.007809
3.209897	0.014377	0.031731	-0.008677
3.206845	0.014536	0.030202	-0.007833
3.203799	0.014336	0.031052	-0.008358
3.200759	0.013966	0.028921	-0.007477
3.197725	0.013569	0.031335	-0.008883
3.194697	0.014974	0.028836	-0.006931
3.191676	0.013826	0.031246	-0.008710
3.188660	0.014781	0.029977	-0.007598
3.185651	0.014165	0.028715	-0.007275
3.182647	0.015245	0.030296	-0.007525
3.179650	0.015744	0.032216	-0.008236
3.176658	0.017080	0.033002	-0.007961
3.173673	0.013154	0.031929	-0.009387
3.170693	0.016261	0.031080	-0.007410
3.167720	0.015312	0.032334	-0.008511
3.164752	0.015591	0.027117	-0.005763
3.161790	0.016941	0.030989	-0.007024
3.158834	0.014301	0.030652	-0.008176
3.155884	0.015177	0.032584	-0.008703
3.152940	0.015336	0.028989	-0.006826
3.150001	0.014773	0.031172	-0.008200
3.147069	0.015168	0.031875	-0.008353
3.144142	0.015447	0.030974	-0.007763
3.141221	0.014126	0.031060	-0.008467
3.138306	0.014198	0.031907	-0.008854
3.135396	0.016453	0.031006	-0.007276
3.132493	0.016082	0.031326	-0.007622
3.129595	0.014763	0.030290	-0.007763
3.126702	0.018221	0.030202	-0.005991
3.123816	0.014375	0.029529	-0.007577
3.120935	0.012064	0.031228	-0.009582
3.118059	0.014669	0.032993	-0.009162
3.115190	0.015360	0.032116	-0.008378
3.112326	0.015374	0.028225	-0.006425
3.109467	0.014747	0.028090	-0.006672
3.106614	0.012957	0.031636	-0.009339
3.103767	0.015233	0.031607	-0.008187
3.100925	0.015476	0.031407	-0.007966
3.098089	0.015748	0.029297	-0.006774
3.095258	0.014114	0.030114	-0.008000
3.092433	0.014132	0.030958	-0.008413
3.089613	0.013062	0.030317	-0.008627
3.086799	0.014531	0.028486	-0.006978
3.083990	0.015303	0.030094	-0.007395
3.081187	0.016336	0.029112	-0.006388
3.078389	0.014736	0.031751	-0.008507
3.075596	0.013225	0.029065	-0.007920
3.072809	0.015272	0.030823	-0.007775
3.070027	0.016217	0.028415	-0.006099
3.067251	0.014963	0.031425	-0.008231
3.064480	0.016097	0.033003	-0.008453
3.061714	0.013492	0.028641	-0.007574
3.058954	0.015398	0.030932	-0.007767
3.056199	0.017024	0.031249	-0.007112
3.053449	0.016796	0.029103	-0.006154
3.050704	0.014581	0.031997	-0.008708
3.047965	0.015984	0.028379	-0.006198
3.045231	0.015894	0.030015	-0.007061
3.042502	0.015839	0.028892	-0.006526
3.039779	0.014804	0.029654	-0.007425
3.037060	0.015931	0.032378	-0.008223
3.034347	0.015098	0.030302	-0.007602
3.031639	0.015831	0.030092	-0.007130
3.028936	0.014523	0.027715	-0.006596
3.026238	0.014853	0.029806	-0.007477
3.023545	0.012599	0.029492	-0.008447
3.020858	0.012552	0.029288	-0.008368
3.018175	0.013913	0.030262	-0.008174
3.015498	0.016505	0.031147	-0.007321
3.012826	0.012899	0.030324	-0.008713
3.010158	0.013237	0.033142	-0.009952
3.007496	0.015026	0.028978	-0.006976
3.004839	0.015168	0.030449	-0.007641
3.002187	0.014052	0.030074	-0.008011
2.999540	0.012606	0.029629	-0.008512
2.996897	0.015569	0.029885	-0.007158
2.994260	0.015108	0.030245	-0.007569
2.991628	0.014810	0.029726	-0.007458
2.989000	0.014607	0.029632	-0.007512
2.986378	0.015694	0.027813	-0.006060
2.983760	0.015241	0.031564	-0.008162
2.981148	0.013293	0.032826	-0.009767
2.978540	0.014564	0.027880	-0.006658
2.975937	0.015624	0.031137	-0.007756
2.973339	0.015265	0.030752	-0.007743
2.970746	0.011568	0.030211	-0.009321
2.968158	0.014015	0.029493	-0.007739
2.965574	0.016313	0.027459	-0.005573
2.962995	0.015154	0.031111	-0.007978
2.960421	0.014678	0.028451	-0.006886
2.957852	0.015392	0.031737	-0.008172
2.955288	0.017145	0.031509	-0.007182
2.952728	0.015453	0.031948	-0.008248
2.950173	0.016705	0.029864	-0.006579
2.947623	0.016676	0.030568	-0.006946
2.945078	0.016637	0.030704	-0.007034
2.942537	0.017639	0.031366	-0.006863
2.940001	0.015903	0.030378	-0.007238
2.937469	0.017618	0.030073	-0.006228
2.934943	0.016484	0.030832	-0.007174
2.932421	0.016946	0.032263	-0.007659
2.929903	0.014491	0.029314	-0.007412
2.927390	0.013384	0.030518	-0.008567
2.924882	0.016271	0.029149	-0.006439
2.922378	0.018309	0.030844	-0.006268
2.919879	0.013284	0.028289	-0.007503
2.917385	0.016353	0.030907	-0.007277
2.914895	0.013659	0.029196	-0.007768
2.912410	0.014874	0.026925	-0.006025
2.909929	0.014346	0.031107	-0.008381
2.907453	0.014815	0.030449	-0.007817
2.904981	0.014739	0.030593	-0.007927
2.902513	0.016048	0.028268	-0.006110
2.900051	0.014866	0.030539	-0.007837
2.897592	0.015425	0.029410	-0.006993
2.895138	0.017275	0.031111	-0.006918
2.892689	0.014513	0.028963	-0.007225
2.890244	0.014939	0.027187	-0.006124
2.887803	0.014071	0.028474	-0.007201
2.885367	0.016086	0.030310	-0.007112
2.882936	0.014302	0.029201	-0.007449
2.880508	0.014967	0.028127	-0.006580
2.878085	0.015262	0.029293	-0.007016
2.875667	0.013904	0.028944	-0.007520
2.873252	0.014226	0.026059	-0.005916
2.870842	0.015167	0.028840	-0.006836
2.868437	0.013752	0.027273	-0.006761
2.866036	0.012735	0.027356	-0.007310
2.863639	0.014894	0.028322	-0.006714
2.861246	0.015998	0.028511	-0.006257
2.858858	0.015410	0.028367	-0.006479
2.856474	0.013417	0.029480	-0.008032
2.854094	0.015318	0.029126	-0.006904
2.851718	0.015801	0.029286	-0.006743
2.849347	0.016464	0.028785	-0.006160
2.846980	0.015803	0.027547	-0.005872
2.844617	0.015470	0.029143	-0.006837
2.842258	0.015408	0.028076	-0.006334
2.839904	0.015002	0.029484	-0.007241
2.837553	0.015445	0.030234	-0.007395
2.835207	0.017082	0.028170	-0.005544
2.832865	0.016819	0.029545	-0.006363
2.830528	0.015448	0.030561	-0.007556
2.828194	0.015856	0.030641	-0.007392
2.825864	0.017935	0.030707	-0.006386
2.823539	0.017445	0.029506	-0.006030
2.821218	0.018187	0.028841	-0.005327
2.818901	0.015750	0.029722	-0.006986
2.816587	0.017144	0.029965	-0.006411
2.814278	0.017700	0.030447	-0.006374
2.811973	0.016920	0.030589	-0.006835
2.809673	0.017072	0.030479	-0.006704
2.807376	0.016825	0.030227	-0.006701
2.805083	0.016476	0.030008	-0.006766
2.802794	0.017420	0.029881	-0.006231
2.800509	0.016445	0.029171	-0.006363
2.798228	0.016768	0.029144	-0.006188
2.795952	0.016451	0.028383	-0.005966
2.793679	0.016137	0.028409	-0.006136
2.791410	0.016507	0.029105	-0.006299
2.789145	0.016430	0.028134	-0.005852
2.786884	0.016005	0.028050	-0.006022
2.784627	0.015100	0.027616	-0.006258
2.782374	0.016139	0.026560	-0.005211
2.780125	0.014913	0.026163	-0.005625
2.777880	0.014537	0.026995	-0.006229
2.775638	0.014915	0.026334	-0.005709
2.773401	0.014297	0.025797	-0.005750
2.771167	0.013840	0.026191	-0.006175
2.768938	0.013639	0.025751	-0.006056
2.766712	0.013401	0.026138	-0.006369
2.764490	0.013947	0.024947	-0.005500
2.762272	0.013894	0.026327	-0.006217
2.760058	0.015041	0.025771	-0.005365
2.757847	0.014359	0.025754	-0.005698
2.755640	0.013859	0.026510	-0.006325
2.753437	0.015131	0.027345	-0.006107
2.751238	0.015968	0.026869	-0.005451
2.749043	0.015165	0.027004	-0.005920
2.746852	0.014702	0.026708	-0.006003
2.744664	0.015443	0.026782	-0.005670
2.742480	0.015887	0.026775	-0.005444
2.740300	0.015632	0.027438	-0.005903
2.738123	0.015501	0.027363	-0.005931
2.735950	0.016248	0.027164	-0.005458
2.733781	0.015809	0.026394	-0.005292
2.731616	0.015435	0.027536	-0.006050
2.729454	0.015969	0.026810	-0.005420
2.727296	0.016253	0.026580	-0.005163
2.725142	0.015971	0.027239	-0.005634
2.722991	0.015679	0.026854	-0.005588
2.720844	0.016384	0.027557	-0.005586
2.718701	0.016757	0.027007	-0.005125
2.716561	0.015983	0.027338	-0.005678
2.714425	0.016319	0.027011	-0.005346
2.712293	0.016253	0.027028	-0.005387
2.710164	0.016635	0.027185	-0.005275
2.708039	0.016054	0.027164	-0.005555
2.705917	0.017156	0.026978	-0.004911
2.703799	0.016726	0.026325	-0.004799
2.701685	0.016965	0.027295	-0.005165
2.699574	0.016334	0.026698	-0.005182
2.697466	0.016494	0.026430	-0.004968
2.695363	0.016829	0.026009	-0.004590
2.693262	0.016181	0.026658	-0.005238
2.691166	0.016651	0.026666	-0.005008
2.689072	0.017363	0.026147	-0.004392
2.686983	0.017298	0.026227	-0.004464
2.684897	0.016332	0.026478	-0.005073
2.682814	0.016067	0.026100	-0.005016
2.680735	0.017029	0.026214	-0.004593
2.678659	0.016937	0.025630	-0.004346
2.676587	0.017232	0.026517	-0.004642
2.674518	0.017525	0.026413	-0.004444
2.672453	0.017139	0.026695	-0.004778
2.670391	0.017554	0.026846	-0.004646
2.668333	0.017010	0.027249	-0.005119
2.666278	0.017106	0.026070	-0.004482
2.664226	0.017640	0.026252	-0.004306
2.662178	0.017420	0.026105	-0.004342
2.660133	0.017993	0.026430	-0.004219
2.658092	0.017503	0.026769	-0.004633
2.656054	0.018074	0.026555	-0.004240
2.654019	0.017839	0.026554	-0.004358
2.651988	0.017887	0.026081	-0.004097
2.649960	0.018789	0.026339	-0.003775
2.647936	0.018489	0.026572	-0.004042
2.645915	0.018410	0.026675	-0.004133
2.643897	0.018662	0.026337	-0.003838
2.641882	0.018213	0.026430	-0.004108
2.639871	0.018044	0.026921	-0.004438
2.637863	0.019055	0.026484	-0.003715
2.635859	0.019599	0.026898	-0.003650
2.633857	0.018677	0.027066	-0.004194
2.631859	0.017993	0.026332	-0.004170
2.629865	0.018998	0.026483	-0.003742
2.627873	0.018577	0.026321	-0.003872
2.625885	0.019196	0.026856	-0.003830
2.623900	0.019981	0.026196	-0.003107
2.621919	0.019197	0.026469	-0.003636
2.619940	0.019144	0.026455	-0.003656
2.617965	0.018768	0.025874	-0.003553
2.615993	0.019242	0.026407	-0.003582
2.614025	0.019481	0.026004	-0.003262
2.612059	0.019868	0.026277	-0.003205
2.610097	0.019508	0.026005	-0.003248
2.608138	0.019877	0.026538	-0.003331
2.606182	0.020142	0.025914	-0.002886
2.604229	0.019774	0.026432	-0.003329
2.602280	0.019546	0.026307	-0.003381
2.600333	0.019922	0.026373	-0.003226
2.598390	0.020396	0.026532	-0.003068
2.596450	0.020069	0.026375	-0.003153
2.594513	0.020409	0.026120	-0.002855
2.592579	0.020509	0.026771	-0.003131
2.590648	0.020252	0.026948	-0.003348
2.588721	0.020924	0.026261	-0.002668
2.586796	0.020753	0.026218	-0.002733
2.584875	0.020662	0.026543	-0.002941
2.582957	0.020864	0.026498	-0.002817
2.581042	0.021345	0.026584	-0.002620
2.579130	0.020901	0.026171	-0.002635
2.577221	0.020895	0.025941	-0.002523
2.575315	0.020651	0.026614	-0.002982
2.573412	0.021269	0.026461	-0.002596
2.571512	0.021349	0.025991	-0.002321
2.569615	0.021104	0.026208	-0.002552
2.567722	0.020942	0.026244	-0.002651
2.565831	0.021237	0.026220	-0.002492
2.563943	0.022023	0.026653	-0.002315
2.562058	0.021485	0.026278	-0.002396
2.560177	0.021749	0.026663	-0.002457
2.558298	0.021597	0.026266	-0.002335
2.556423	0.021982	0.026512	-0.002265
2.554550	0.022437	0.026806	-0.002184
2.552680	0.022048	0.026334	-0.002143
2.550813	0.021849	0.026058	-0.002105
2.548950	0.021970	0.026656	-0.002343
2.547089	0.021891	0.026070	-0.002089
2.545231	0.022263	0.026295	-0.002016
2.543376	0.022214	0.026208	-0.001997
2.541524	0.022227	0.026246	-0.002010
2.539675	0.022602	0.026522	-0.001960
2.537829	0.022512	0.026566	-0.002027
2.535986	0.022514	0.026072	-0.001779
2.534146	0.022457	0.026255	-0.001899
2.532308	0.022958	0.025831	-0.001436
2.530474	0.022380	0.026080	-0.001850
2.528642	0.022663	0.026238	-0.001787
2.526814	0.022990	0.025856	-0.001433
2.524988	0.023215	0.026642	-0.001714
2.523165	0.023266	0.026436	-0.001585
2.521345	0.023796	0.026278	-0.001241
2.519528	0.023263	0.026012	-0.001375
2.517714	0.023739	0.026279	-0.001270
2.515902	0.023297	0.026337	-0.001520
2.514093	0.023733	0.026079	-0.001173
2.512288	0.023859	0.026411	-0.001276
2.510485	0.023708	0.025989	-0.001140
2.508684	0.023719	0.025655	-0.000968
2.506887	0.023471	0.026536	-0.001532
2.505092	0.023213	0.026304	-0.001546
2.503301	0.023985	0.025673	-0.000844
2.501512	0.023550	0.025712	-0.001081
2.499726	0.023600	0.025602	-0.001001
2.497942	0.023374	0.025737	-0.001182
2.496162	0.023802	0.025794	-0.000996
2.494384	0.024297	0.025710	-0.000707
2.492609	0.023252	0.025915	-0.001331
2.490836	0.023681	0.025417	-0.000868
2.489067	0.023630	0.025493	-0.000932
2.487300	0.024246	0.025657	-0.000705
2.485536	0.024458	0.025674	-0.000608
2.483774	0.024327	0.025575	-0.000624
2.482016	0.024430	0.025668	-0.000619
2.480260	0.024314	0.025533	-0.000609
2.478507	0.023948	0.026045	-0.001048
2.476756	0.024242	0.025829	-0.000793
2.475008	0.024186	0.025781	-0.000797
2.473263	0.024481	0.025388	-0.000454
2.471521	0.024907	0.025948	-0.000521
2.469781	0.024686	0.025423	-0.000368
2.468044	0.024300	0.025531	-0.000616
2.466309	0.024065	0.025208	-0.000571
2.464578	0.024463	0.025229	-0.000383
2.462848	0.024498	0.025434	-0.000468
2.461122	0.024044	0.025493	-0.000724
2.459398	0.024789	0.025578	-0.000395
2.457677	0.024696	0.025079	-0.000191
2.455958	0.024977	0.025526	-0.000274
2.454243	0.025365	0.025217	0.000074
2.452529	0.025306	0.025880	-0.000287
2.450819	0.025487	0.024912	0.000287
2.449111	0.024309	0.025927	-0.000809
2.447405	0.024998	0.025186	-0.000094
2.445702	0.024839	0.025250	-0.000206
2.444002	0.025084	0.024971	0.000056
2.442304	0.025659	0.026130	-0.000235
2.440609	0.025562	0.025567	-0.000002
2.438917	0.025511	0.024983	0.000264
2.437227	0.024786	0.025376	-0.000295
2.435539	0.025536	0.025031	0.000253
2.433854	0.025474	0.025270	0.000102
2.432172	0.025680	0.025083	0.000299
2.430492	0.025890	0.025193	0.000349
2.428815	0.025420	0.025168	0.000126
2.427140	0.025857	0.025019	0.000419
2.425468	0.025280	0.024793	0.000243
2.423799	0.026201	0.024124	0.001038
2.422131	0.025867	0.025168	0.000349
2.420467	0.025824	0.025457	0.000183
2.418805	0.025507	0.025827	-0.000160
2.417145	0.025871	0.024788	0.000542
2.415488	0.025865	0.025125	0.000370
2.413833	0.025860	0.024917	0.000472
2.412181	0.026053	0.025516	0.000268
2.410532	0.025668	0.025208	0.000230
2.408884	0.026213	0.025477	0.000368
2.407240	0.025715	0.025536	0.000089
2.405598	0.026072	0.025401	0.000335
2.403958	0.026187	0.025257	0.000465
2.402320	0.025799	0.024649	0.000575
2.400685	0.026112	0.024742	0.000685
2.399053	0.026724	0.025153	0.000786
2.397423	0.025822	0.025181	0.000321
2.395795	0.026155	0.025595	0.000280
2.394170	0.026489	0.024941	0.000774
2.392547	0.026115	0.025230	0.000442
2.390927	0.026263	0.025197	0.000533
2.389309	0.026412	0.025545	0.000433
2.387694	0.026434	0.024879	0.000777
2.386081	0.026877	0.025560	0.000659
2.384470	0.026224	0.024802	0.000711
2.382861	0.026752	0.024974	0.000889
2.381255	0.026375	0.025557	0.000409
2.379652	0.026294	0.025559	0.000368
2.378051	0.026545	0.024919	0.000813
2.376452	0.026347	0.025450	0.000449
2.374855	0.026717	0.025644	0.000537
2.373261	0.027125	0.026244	0.000441
2.371669	0.026691	0.026091	0.000300
2.370080	0.027552	0.026093	0.000730
2.368493	0.027005	0.025091	0.000957
2.366908	0.027559	0.025864	0.000847
2.365326	0.026847	0.025762	0.000542
2.363745	0.026977	0.025935	0.000521
2.362168	0.027125	0.025735	0.000695
2.360592	0.026661	0.025313	0.000674
2.359019	0.026908	0.025804	0.000552
2.357448	0.027409	0.024979	0.001215
2.355880	0.027784	0.025363	0.001211
2.354313	0.026987	0.025952	0.000518
2.352749	0.027208	0.026129	0.000539
2.351188	0.026839	0.026031	0.000404
2.349628	0.027454	0.025134	0.001160
2.348071	0.026787	0.025415	0.000686
2.346516	0.027414	0.025779	0.000818
2.344964	0.027335	0.025964	0.000685
2.343413	0.027256	0.025788	0.000734
2.341865	0.027212	0.025352	0.000930
2.340319	0.027707	0.025591	0.001058
2.338776	0.027832	0.026548	0.000642
2.337235	0.027723	0.026510	0.000607
2.335695	0.028009	0.026016	0.000996
2.334159	0.027920	0.026637	0.000642
2.332624	0.027773	0.026422	0.000675
2.331091	0.027483	0.026133	0.000675
2.329561	0.028587	0.026422	0.001082
2.328033	0.027585	0.026069	0.000758
2.326508	0.027715	0.025991	0.000862
2.324984	0.027924	0.026747	0.000588
2.323463	0.027802	0.026532	0.000635
2.321943	0.027853	0.026821	0.000516
2.320426	0.027756	0.026822	0.000467
2.318912	0.028232	0.026779	0.000726
2.317399	0.028266	0.027048	0.000609
2.315888	0.028011	0.026968	0.000522
2.314380	0.028742	0.026624	0.001059
2.312874	0.028392	0.026581	0.000906
2.311370	0.028623	0.026607	0.001008
2.309868	0.028706	0.026864	0.000921
2.308369	0.028180	0.026671	0.000755
2.306871	0.028405	0.027062	0.000672
2.305376	0.028055	0.026127	0.000964
2.303883	0.028327	0.026902	0.000713
2.302392	0.028683	0.026823	0.000930
2.300903	0.028392	0.027278	0.000557
2.299416	0.028623	0.027315	0.000654
2.297931	0.028449	0.027391	0.000529
2.296449	0.028787	0.026885	0.000951
2.294968	0.028061	0.027292	0.000384
2.293490	0.028393	0.027327	0.000533
2.292013	0.028531	0.026707	0.000912
2.290539	0.028326	0.027593	0.000367
2.289067	0.028523	0.027201	0.000661
2.287597	0.027697	0.027474	0.000111
2.286129	0.028906	0.027754	0.000576
2.284664	0.028682	0.027529	0.000577
2.283200	0.028343	0.027874	0.000235
2.281738	0.028768	0.027314	0.000727
2.280279	0.029104	0.027730	0.000687
2.278821	0.029241	0.027438	0.000901
2.277366	0.028646	0.028409	0.000119
2.275912	0.028982	0.027602	0.000690
2.274461	0.028988	0.028085	0.000451
2.273012	0.028400	0.027262	0.000569
2.271564	0.028146	0.027046	0.000550
2.270119	0.028933	0.028240	0.000346
2.268676	0.028800	0.027053	0.000873
2.267235	0.027920	0.028251	-0.000166
2.265796	0.028578	0.027998	0.000290
2.264359	0.028750	0.028012	0.000369
2.262923	0.028037	0.027946	0.000046
2.261490	0.029012	0.028715	0.000149
2.260059	0.029428	0.028296	0.000566
2.258630	0.029061	0.027947	0.000557
2.257203	0.028564	0.028321	0.000122
2.255778	0.028907	0.028123	0.000392
2.254355	0.029293	0.028016	0.000639
2.252934	0.029267	0.028513	0.000377
2.251515	0.029985	0.029238	0.000374
2.250098	0.029554	0.029032	0.000261
2.248683	0.029497	0.028660	0.000418
2.247269	0.029937	0.028240	0.000848
2.245858	0.029692	0.028393	0.000650
2.244449	0.029441	0.028415	0.000513
2.243042	0.030036	0.028881	0.000578
2.241636	0.028706	0.028554	0.000076
2.240233	0.029911	0.029142	0.000385
2.238832	0.029553	0.028526	0.000514
2.237432	0.029609	0.028172	0.000718
2.236035	0.029478	0.028957	0.000261
2.234639	0.029648	0.028308	0.000670
2.233245	0.028920	0.028703	0.000109
2.231854	0.029220	0.028488	0.000366
2.230464	0.029334	0.028584	0.000375
2.229076	0.029929	0.028573	0.000678
2.227690	0.029248	0.028428	0.000410
2.226306	0.029330	0.029077	0.000127
2.224924	0.029782	0.028587	0.000597
2.223544	0.029397	0.028608	0.000395
2.222165	0.028862	0.028749	0.000056
2.220789	0.029255	0.029991	-0.000368
2.219414	0.028571	0.029128	-0.000278
2.218042	0.029037	0.029263	-0.000113
2.216671	0.029359	0.029100	0.000130
2.215302	0.029130	0.028735	0.000197
2.213935	0.029796	0.029182	0.000307
2.212570	0.030125	0.029162	0.000481
2.211207	0.030123	0.028321	0.000901
2.209845	0.029725	0.029157	0.000284
2.208486	0.030151	0.029465	0.000343
2.207128	0.029856	0.029789	0.000034
2.205772	0.030196	0.029194	0.000501
2.204418	0.028857	0.030350	-0.000746
2.203066	0.029061	0.029261	-0.000100
2.201716	0.028660	0.029478	-0.000409
2.200367	0.029731	0.029482	0.000124
2.199021	0.028896	0.029066	-0.000085
2.197676	0.030220	0.029616	0.000302
2.196333	0.029427	0.030185	-0.000379
2.194992	0.030210	0.029064	0.000573
2.193653	0.029052	0.030256	-0.000602
2.192315	0.029330	0.030134	-0.000402
2.190980	0.028709	0.030469	-0.000880
2.189646	0.030057	0.030316	-0.000130
2.188314	0.029157	0.029768	-0.000305
2.186984	0.029654	0.029635	0.000010
2.185655	0.030162	0.029715	0.000224
2.184328	0.029192	0.030681	-0.000744
2.183004	0.030213	0.030448	-0.000118
2.181681	0.029878	0.031159	-0.000640
2.180359	0.029696	0.030939	-0.000621
2.179040	0.030249	0.030564	-0.000158
2.177722	0.030202	0.030593	-0.000195
2.176406	0.029564	0.030688	-0.000562
2.175092	0.030061	0.031126	-0.000532
2.173780	0.029599	0.030285	-0.000343
2.172469	0.029328	0.030347	-0.000509
2.171160	0.030524	0.031340	-0.000408
2.169853	0.029621	0.030664	-0.000521
2.168548	0.030324	0.030820	-0.000248
2.167244	0.030494	0.030706	-0.000106
2.165943	0.030711	0.030930	-0.000109
2.164643	0.030022	0.030997	-0.000488
2.163344	0.030500	0.031102	-0.000301
2.162048	0.030751	0.030673	0.000039
2.160753	0.030182	0.030846	-0.000332
2.159460	0.030382	0.030306	0.000038
2.158168	0.030443	0.031729	-0.000643
2.156879	0.030923	0.031551	-0.000314
2.155591	0.030594	0.031246	-0.000326
2.154304	0.030826	0.031807	-0.000490
2.153020	0.030265	0.031075	-0.000405
2.151737	0.030061	0.031316	-0.000628
2.150456	0.030703	0.031606	-0.000452
2.149177	0.031024	0.032854	-0.000915
2.147899	0.030942	0.031721	-0.000390
2.146623	0.030433	0.032133	-0.000850
2.145349	0.031049	0.032323	-0.000637
2.144076	0.030092	0.031813	-0.000861
2.142805	0.030758	0.031723	-0.000483
2.141536	0.031567	0.032367	-0.000400
2.140268	0.031207	0.031422	-0.000108
2.139002	0.030833	0.031869	-0.000518
2.137738	0.030581	0.032243	-0.000831
2.136476	0.031475	0.032048	-0.000287
2.135215	0.031540	0.032218	-0.000339
2.133956	0.030879	0.031837	-0.000479
2.132698	0.030749	0.032501	-0.000876
2.131442	0.031725	0.032224	-0.000250
2.130188	0.031252	0.032240	-0.000494
2.128935	0.031509	0.032371	-0.000431
2.127684	0.031055	0.032080	-0.000513
2.126435	0.031448	0.032371	-0.000462
2.125187	0.032076	0.033030	-0.000477
2.123941	0.031241	0.033224	-0.000992
2.122697	0.031883	0.033730	-0.000923
2.121454	0.031627	0.033168	-0.000771
2.120213	0.031985	0.032833	-0.000424
2.118974	0.031822	0.032944	-0.000561
2.117736	0.030949	0.033054	-0.001052
2.116500	0.030881	0.032913	-0.001016
2.115265	0.031337	0.032427	-0.000545
2.114032	0.031126	0.032230	-0.000552
2.112801	0.032028	0.032737	-0.000354
2.111571	0.031390	0.033028	-0.000819
2.110343	0.032353	0.033191	-0.000419
2.109116	0.031947	0.033949	-0.001001
2.107891	0.031640	0.033079	-0.000720
2.106668	0.031874	0.033734	-0.000930
2.105446	0.031401	0.033734	-0.001167
2.104226	0.031821	0.033949	-0.001064
2.103007	0.032133	0.033638	-0.000753
2.101790	0.031460	0.033643	-0.001092
2.100575	0.031954	0.034200	-0.001123
2.099361	0.032910	0.033215	-0.000152
2.098149	0.032326	0.033829	-0.000752
2.096938	0.032158	0.033660	-0.000751
2.095729	0.031289	0.033865	-0.001288
2.094521	0.032445	0.034271	-0.000913
2.093315	0.031652	0.033516	-0.000932
2.092111	0.032003	0.034189	-0.001093
2.090908	0.032214	0.034199	-0.000993
2.089707	0.032377	0.033561	-0.000592
2.088507	0.031369	0.034651	-0.001641
2.087309	0.032126	0.034300	-0.001087
2.086112	0.032959	0.034647	-0.000844
2.084917	0.033019	0.035132	-0.001057
2.083723	0.031956	0.034524	-0.001284
2.082531	0.032247	0.034388	-0.001071
2.081341	0.031910	0.034586	-0.001338
2.080152	0.033103	0.034550	-0.000723
2.078964	0.032789	0.034942	-0.001076
2.077778	0.032939	0.035347	-0.001204
2.076594	0.033315	0.033936	-0.000311
2.075411	0.033492	0.034368	-0.000438
2.074230	0.032183	0.035007	-0.001412
2.073050	0.033284	0.034944	-0.000830
2.071871	0.033072	0.034704	-0.000816
2.070694	0.032799	0.034936	-0.001068
2.069519	0.033304	0.034048	-0.000372
2.068345	0.032254	0.034707	-0.001227
2.067173	0.032848	0.034804	-0.000978
2.066002	0.033133	0.034749	-0.000808
2.064833	0.032503	0.035045	-0.001271
2.063665	0.032967	0.034933	-0.000983
2.062498	0.033398	0.034638	-0.000620
2.061333	0.033031	0.034429	-0.000699
2.060170	0.033254	0.034854	-0.000800
2.059008	0.032294	0.034933	-0.001319
2.057848	0.032290	0.034631	-0.001170
2.056689	0.032932	0.035900	-0.001484
2.055531	0.033420	0.034563	-0.000571
2.054375	0.033128	0.034809	-0.000841
2.053221	0.033782	0.035723	-0.000971
2.052067	0.032942	0.036009	-0.001534
2.050916	0.033406	0.036111	-0.001352
2.049766	0.034683	0.036148	-0.000732
2.048617	0.033545	0.035150	-0.000803
2.047470	0.033354	0.035542	-0.001094
2.046324	0.033572	0.035106	-0.000767
2.045179	0.033740	0.035268	-0.000764
2.044036	0.032499	0.035653	-0.001577
2.042895	0.032717	0.035141	-0.001212
2.041755	0.033826	0.036394	-0.001284
2.040616	0.033884	0.035553	-0.000834
2.039479	0.032770	0.034987	-0.001109
2.038343	0.034162	0.035256	-0.000547
2.037209	0.034252	0.035779	-0.000764
2.036076	0.033472	0.035289	-0.000908
2.034945	0.033833	0.035777	-0.000972
2.033815	0.032898	0.036312	-0.001707
2.032686	0.034072	0.035706	-0.000817
2.031559	0.033952	0.036850	-0.001449
2.030433	0.033975	0.036565	-0.001295
2.029309	0.033423	0.036361	-0.001469
2.028186	0.034311	0.036840	-0.001264
2.027064	0.033727	0.036071	-0.001172
2.025944	0.033963	0.036860	-0.001449
2.024825	0.033674	0.036505	-0.001416
2.023708	0.033868	0.035904	-0.001018
2.022592	0.034295	0.036916	-0.001311
2.021477	0.034918	0.036630	-0.000856
2.020364	0.034306	0.036692	-0.001193
2.019252	0.034665	0.037295	-0.001315
2.018142	0.033882	0.036108	-0.001113
2.017033	0.034044	0.036818	-0.001387
2.015925	0.034395	0.036896	-0.001251
2.014819	0.034792	0.037429	-0.001319
2.013714	0.034786	0.036752	-0.000983
2.012610	0.034266	0.036103	-0.000919
2.011508	0.034737	0.036217	-0.000740
2.010407	0.033942	0.036613	-0.001335
2.009308	0.033498	0.037216	-0.001859
2.008210	0.034111	0.036610	-0.001249
2.007113	0.033807	0.036831	-0.001512
2.006018	0.034650	0.036416	-0.000883
2.004924	0.034920	0.036527	-0.000803
2.003831	0.035142	0.036846	-0.000852
2.002740	0.034704	0.037216	-0.001256
2.001650	0.035104	0.038448	-0.001672
2.000561	0.034618	0.036621	-0.001001
1.999474	0.034570	0.035973	-0.000701
1.998388	0.034134	0.036209	-0.001038
1.997303	0.034527	0.036082	-0.000778
1.996220	0.034705	0.036458	-0.000876
1.995138	0.034835	0.036751	-0.000958
1.994058	0.034958	0.036983	-0.001013
1.992978	0.035396	0.036634	-0.000619
1.991901	0.034853	0.037145	-0.001146
1.990824	0.035329	0.037067	-0.000869
1.989749	0.035512	0.037583	-0.001035
1.988675	0.034491	0.037700	-0.001604
1.987602	0.035524	0.037644	-0.001060
1.986531	0.034844	0.037283	-0.001219
1.985461	0.035073	0.037626	-0.001276
1.984392	0.034992	0.036976	-0.000992
1.983325	0.034804	0.037796	-0.001496
1.982259	0.034976	0.037666	-0.001345
1.981194	0.035392	0.037118	-0.000863
1.980130	0.034810	0.037007	-0.001099
1.979068	0.035031	0.037686	-0.001327
1.978007	0.034449	0.037196	-0.001373
1.976948	0.035185	0.037886	-0.001351
1.975889	0.035215	0.037449	-0.001117
1.974832	0.035056	0.037734	-0.001339
1.973777	0.035860	0.037864	-0.001002
1.972722	0.034770	0.037791	-0.001511
1.971669	0.035147	0.037819	-0.001336
1.970617	0.035202	0.037836	-0.001317
1.969566	0.036373	0.038592	-0.001110
1.968517	0.035290	0.038014	-0.001362
1.967469	0.035465	0.037842	-0.001189
1.966422	0.035534	0.037465	-0.000965
1.965377	0.035490	0.037389	-0.000950
1.964333	0.036448	0.037974	-0.000763
1.963290	0.035928	0.037999	-0.001035
1.962248	0.036448	0.038380	-0.000966
1.961207	0.035882	0.038178	-0.001148
1.960168	0.036019	0.038304	-0.001142
1.959130	0.036850	0.037778	-0.000464
1.958094	0.036681	0.038265	-0.000792
1.957058	0.036320	0.038317	-0.000998
1.956024	0.036244	0.037870	-0.000813
1.954991	0.035735	0.038064	-0.001164
1.953959	0.036111	0.039096	-0.001492
1.952929	0.036444	0.038286	-0.000921
1.951900	0.035986	0.037753	-0.000884
1.950872	0.036371	0.037744	-0.000687
1.949845	0.036469	0.038440	-0.000985
1.948819	0.036705	0.038431	-0.000863
1.947795	0.036041	0.037502	-0.000730
1.946772	0.035788	0.038473	-0.001342
1.945750	0.036085	0.038379	-0.001147
1.944729	0.036737	0.038746	-0.001004
1.943710	0.037116	0.038503	-0.000693
1.942692	0.036568	0.038270	-0.000851
1.941675	0.037378	0.038017	-0.000319
1.940659	0.036633	0.038420	-0.000894
1.939645	0.037189	0.039111	-0.000961
1.938631	0.036767	0.038642	-0.000937
1.937619	0.036076	0.037987	-0.000956
1.936608	0.037061	0.038523	-0.000731
1.935599	0.036724	0.038539	-0.000907
1.934590	0.036556	0.039277	-0.001360
1.933583	0.036687	0.039539	-0.001426
1.932577	0.038203	0.039408	-0.000602
1.931572	0.037119	0.038907	-0.000894
1.930568	0.036843	0.038910	-0.001033
1.929566	0.036937	0.039714	-0.001388
1.928565	0.037175	0.039226	-0.001026
1.927565	0.037097	0.039059	-0.000981
1.926566	0.037773	0.038919	-0.000573
1.925568	0.036683	0.038735	-0.001026
1.924571	0.036562	0.038867	-0.001152
1.923576	0.037849	0.039758	-0.000955
1.922582	0.037569	0.038916	-0.000674
1.921589	0.037415	0.039079	-0.000832
1.920597	0.037673	0.039843	-0.001085
1.919606	0.036847	0.039717	-0.001435
1.918617	0.036912	0.039365	-0.001227
1.917629	0.037217	0.039093	-0.000938
1.916641	0.037562	0.039366	-0.000902
1.915655	0.036685	0.039876	-0.001596
1.914671	0.036613	0.040091	-0.001739
1.913687	0.037820	0.039730	-0.000955
1.912704	0.036811	0.039498	-0.001343
1.911723	0.038212	0.039164	-0.000476
1.910743	0.037532	0.039740	-0.001104
1.909764	0.036819	0.039654	-0.001418
1.908786	0.037681	0.039265	-0.000792
1.907809	0.037432	0.039188	-0.000878
1.906834	0.037792	0.040205	-0.001206
1.905859	0.037504	0.039685	-0.001091
1.904886	0.038395	0.040251	-0.000928
1.903914	0.037245	0.040260	-0.001508
1.902943	0.038232	0.039450	-0.000609
1.901973	0.037940	0.040349	-0.001205
1.901004	0.038278	0.039519	-0.000621
1.900036	0.037369	0.039308	-0.000969
1.899070	0.038104	0.039720	-0.000808
1.898105	0.037747	0.039689	-0.000971
1.897140	0.037583	0.040599	-0.001508
1.896177	0.037905	0.039494	-0.000794
1.895215	0.038983	0.039793	-0.000405
1.894254	0.038081	0.038984	-0.000452
1.893295	0.037794	0.039795	-0.001001
1.892336	0.037798	0.039770	-0.000986
1.891378	0.038030	0.039442	-0.000706
1.890422	0.038212	0.039756	-0.000772
1.889467	0.038279	0.040252	-0.000986
1.888513	0.039146	0.040583	-0.000719
1.887560	0.039532	0.040338	-0.000403
1.886608	0.038823	0.040426	-0.000802
1.885657	0.038811	0.040340	-0.000765
1.884707	0.038583	0.039698	-0.000557
1.883758	0.039037	0.040305	-0.000634
1.882811	0.039660	0.041137	-0.000738
1.881864	0.038659	0.040543	-0.000942
1.880919	0.038928	0.041131	-0.001101
1.879975	0.039072	0.040106	-0.000517
1.879032	0.038810	0.039389	-0.000289
1.878090	0.039174	0.040041	-0.000434
1.877149	0.039380	0.041261	-0.000940
1.876209	0.038897	0.040805	-0.000954
1.875270	0.039035	0.040602	-0.000784
1.874332	0.039394	0.040504	-0.000555
1.873396	0.038237	0.040335	-0.001049
1.872460	0.038794	0.040735	-0.000971
1.871525	0.038195	0.039887	-0.000846
1.870592	0.038883	0.040434	-0.000775
1.869660	0.039295	0.039980	-0.000342
1.868728	0.039364	0.040378	-0.000507
1.867798	0.039082	0.040204	-0.000561
1.866869	0.039346	0.041258	-0.000956
1.865941	0.039161	0.040469	-0.000654
1.865014	0.039025	0.040690	-0.000833
1.864088	0.038892	0.040336	-0.000722
1.863163	0.039770	0.040836	-0.000533
1.862239	0.039277	0.040880	-0.000801
1.861317	0.038836	0.041086	-0.001125
1.860395	0.038532	0.040195	-0.000832
1.859474	0.040552	0.041385	-0.000416
1.858555	0.038808	0.041719	-0.001455
1.857636	0.039561	0.040709	-0.000574
1.856719	0.039340	0.040545	-0.000603
1.855802	0.040221	0.041271	-0.000525
1.854887	0.039668	0.041506	-0.000919
1.853973	0.039561	0.041062	-0.000750
1.853059	0.038811	0.041245	-0.001217
1.852147	0.038528	0.040934	-0.001203
1.851236	0.040009	0.040950	-0.000471
1.850326	0.039461	0.040847	-0.000693
1.849416	0.039727	0.040692	-0.000483
1.848508	0.040123	0.040942	-0.000409
1.847601	0.039392	0.039836	-0.000222
1.846695	0.040266	0.040265	0.000001
1.845790	0.039901	0.040823	-0.000461
1.844886	0.040052	0.041877	-0.000912
1.843983	0.040128	0.041269	-0.000570
1.843081	0.039418	0.041331	-0.000957
1.842180	0.039935	0.041061	-0.000563
1.841280	0.040359	0.041298	-0.000470
1.840381	0.040411	0.041335	-0.000462
1.839484	0.040444	0.040723	-0.000139
1.838587	0.039903	0.041354	-0.000725
1.837691	0.040172	0.041494	-0.000661
1.836796	0.040297	0.041676	-0.000690
1.835902	0.041128	0.041113	0.000007
1.835009	0.040585	0.041665	-0.000540
1.834118	0.039467	0.040702	-0.000618
1.833227	0.040306	0.042171	-0.000933
1.832337	0.040021	0.041955	-0.000967
1.831448	0.040546	0.041291	-0.000373
1.830560	0.040578	0.041253	-0.000337
1.829674	0.040531	0.040864	-0.000166
1.828788	0.040221	0.041798	-0.000789
1.827903	0.040651	0.041711	-0.000530
1.827019	0.040756	0.042302	-0.000773
1.826136	0.041015	0.041853	-0.000419
1.825255	0.040208	0.041864	-0.000828
1.824374	0.040562	0.042056	-0.000747
1.823494	0.040623	0.041821	-0.000599
1.822615	0.040635	0.041661	-0.000513
1.821737	0.041050	0.041477	-0.000213
1.820860	0.041106	0.041636	-0.000265
1.819984	0.040586	0.042268	-0.000841
1.819109	0.041928	0.041926	0.000001
1.818235	0.041119	0.042126	-0.000503
1.817362	0.041541	0.041493	0.000024
1.816490	0.041496	0.041486	0.000005
1.815619	0.042035	0.042228	-0.000096
1.814749	0.041359	0.042408	-0.000524
1.813880	0.041931	0.041124	0.000404
1.813012	0.041298	0.041712	-0.000207
1.812145	0.041532	0.042303	-0.000386
1.811279	0.041785	0.041919	-0.000067
1.810413	0.041665	0.042254	-0.000295
1.809549	0.041661	0.042690	-0.000515
1.808686	0.041737	0.042351	-0.000307
1.807824	0.041659	0.042931	-0.000636
1.806962	0.041147	0.041912	-0.000382
1.806102	0.041268	0.041643	-0.000187
1.805242	0.041927	0.042179	-0.000126
1.804384	0.042825	0.042571	0.000127
1.803526	0.041436	0.042468	-0.000516
1.802670	0.041175	0.041892	-0.000358
1.801814	0.041666	0.041046	0.000310
1.800959	0.041503	0.041323	0.000090
1.800105	0.041624	0.042123	-0.000250
1.799252	0.041794	0.041658	0.000068
1.798401	0.040863	0.042031	-0.000584
1.797550	0.042452	0.042260	0.000096
1.796700	0.041849	0.041837	0.000006
1.795851	0.042198	0.042564	-0.000183
1.795002	0.042744	0.042024	0.000360
1.794155	0.042677	0.042815	-0.000069
1.793309	0.041847	0.043341	-0.000747
1.792464	0.042503	0.043627	-0.000562
1.791619	0.042371	0.043483	-0.000556
1.790776	0.042433	0.042716	-0.000141
1.789933	0.042436	0.041968	0.000234
1.789092	0.042188	0.043039	-0.000426
1.788251	0.042091	0.042720	-0.000315
1.787411	0.042510	0.042415	0.000048
1.786572	0.042222	0.042316	-0.000047
1.785734	0.041830	0.041755	0.000038
1.784897	0.042522	0.042896	-0.000187
1.784061	0.043081	0.042625	0.000228
1.783226	0.042246	0.043290	-0.000522
1.782392	0.042840	0.042046	0.000397
1.781558	0.043019	0.042683	0.000168
1.780726	0.042488	0.042619	-0.000065
1.779894	0.042236	0.042642	-0.000203
1.779064	0.042040	0.042031	0.000004
1.778234	0.042664	0.042188	0.000238
1.777405	0.041772	0.043021	-0.000624
1.776577	0.042044	0.042997	-0.000477
1.775750	0.041804	0.042826	-0.000511
1.774924	0.042015	0.042624	-0.000305
1.774099	0.041624	0.042584	-0.000480
1.773275	0.042969	0.042207	0.000381
1.772451	0.042403	0.042322	0.000040
1.771629	0.041794	0.041751	0.000022
1.770807	0.042668	0.042634	0.000017
1.769986	0.041701	0.043123	-0.000711
1.769167	0.042796	0.042496	0.000150
1.768348	0.042470	0.042686	-0.000108
1.767530	0.042010	0.042694	-0.000342
1.766712	0.042425	0.041668	0.000378
1.765896	0.042355	0.042394	-0.000019
1.765081	0.043302	0.042791	0.000256
1.764266	0.043355	0.043281	0.000037
1.763453	0.043384	0.043396	-0.000006
1.762640	0.044049	0.043411	0.000319
1.761828	0.043948	0.043352	0.000298
1.761017	0.042964	0.042636	0.000164
1.760207	0.043460	0.042654	0.000403
1.759398	0.043551	0.042634	0.000458
1.758589	0.042618	0.042051	0.000283
1.757782	0.043503	0.042057	0.000723
1.756975	0.043216	0.042299	0.000458
1.756169	0.043270	0.043285	-0.000008
1.755365	0.043122	0.042800	0.000161
1.754560	0.043458	0.043124	0.000167
1.753757	0.042645	0.042980	-0.000168
1.752955	0.044063	0.042757	0.000653
1.752154	0.044135	0.043175	0.000480
1.751353	0.043422	0.043128	0.000147
1.750553	0.043587	0.042431	0.000578
1.749755	0.043779	0.043775	0.000002
1.748957	0.043823	0.043132	0.000345
1.748159	0.043735	0.043586	0.000074
1.747363	0.043891	0.043980	-0.000045
1.746568	0.043401	0.042952	0.000225
1.745773	0.043179	0.042216	0.000482
1.744979	0.043758	0.043840	-0.000041
1.744187	0.043855	0.042986	0.000434
1.743395	0.043918	0.042876	0.000521
1.742603	0.042631	0.043354	-0.000362
1.741813	0.043744	0.043138	0.000303
1.741024	0.042968	0.042343	0.000313
1.740235	0.042608	0.042615	-0.000004
1.739447	0.043743	0.042339	0.000702
1.738660	0.042774	0.042659	0.000057
1.737874	0.043498	0.043161	0.000168
1.737089	0.043723	0.043339	0.000192
1.736304	0.043916	0.043692	0.000112
1.735521	0.044541	0.043701	0.000420
1.734738	0.043525	0.043327	0.000099
1.733956	0.043380	0.043782	-0.000201
1.733175	0.044088	0.043254	0.000417
1.732395	0.043448	0.043901	-0.000226
1.731615	0.043285	0.044136	-0.000426
1.730837	0.044091	0.042332	0.000880
1.730059	0.044074	0.043473	0.000300
1.729282	0.044326	0.043405	0.000461
1.728506	0.043226	0.043075	0.000075
1.727730	0.044327	0.043298	0.000515
1.726956	0.043757	0.042808	0.000474
1.726182	0.043900	0.043752	0.000074
1.725409	0.043831	0.043246	0.000292
1.724637	0.044559	0.043108	0.000725
1.723866	0.043895	0.043311	0.000292
1.723096	0.044015	0.043041	0.000487
1.722326	0.044123	0.043112	0.000505
1.721557	0.044287	0.043402	0.000442
1.720789	0.044144	0.043665	0.000240
1.720022	0.044624	0.042886	0.000869
1.719256	0.043973	0.044126	-0.000076
1.718490	0.044026	0.043380	0.000323
1.717726	0.044288	0.044445	-0.000079
1.716962	0.043963	0.043564	0.000200
1.716199	0.043939	0.041843	0.001048
1.715436	0.044105	0.043559	0.000273
1.714675	0.044162	0.043074	0.000544
1.713914	0.044904	0.043243	0.000831
1.713154	0.043494	0.042374	0.000560
1.712395	0.044116	0.042536	0.000790
1.711637	0.043619	0.042357	0.000631
1.710879	0.043485	0.041964	0.000760
1.710122	0.044234	0.042940	0.000647
1.709366	0.043847	0.043893	-0.000023
1.708611	0.045049	0.044027	0.000511
1.707857	0.045199	0.043006	0.001097
1.707103	0.044932	0.043929	0.000502
1.706351	0.043941	0.043600	0.000170
1.705599	0.044959	0.043717	0.000621
1.704847	0.044971	0.043621	0.000675
1.704097	0.045012	0.043134	0.000939
1.703347	0.044203	0.043239	0.000482
1.702599	0.044605	0.042880	0.000863
1.701850	0.044007	0.043475	0.000266
1.701103	0.044678	0.042397	0.001141
1.700357	0.044422	0.042623	0.000900
1.699611	0.044995	0.043610	0.000693
1.698866	0.043970	0.043665	0.000153
1.698122	0.043870	0.043565	0.000153
1.697378	0.044000	0.043898	0.000051
1.696636	0.044354	0.043467	0.000443
1.695894	0.044545	0.042931	0.000807
1.695153	0.043693	0.043072	0.000311
1.694412	0.044570	0.044248	0.000161
1.693673	0.044312	0.043298	0.000507
1.692934	0.044545	0.043434	0.000556
1.692196	0.044187	0.043636	0.000276
1.691459	0.044718	0.043530	0.000594
1.690722	0.043738	0.043517	0.000110
1.689987	0.044364	0.044314	0.000025
1.689252	0.044527	0.043451	0.000538
1.688518	0.044634	0.043915	0.000360
1.687784	0.044904	0.043222	0.000841
1.687051	0.045613	0.042397	0.001608
1.686320	0.044020	0.043167	0.000427
1.685588	0.044290	0.043488	0.000401
1.684858	0.043845	0.043039	0.000403
1.684128	0.044767	0.043015	0.000876
1.683399	0.043817	0.043481	0.000168
1.682671	0.043990	0.043062	0.000464
1.681944	0.044664	0.043310	0.000677
1.681217	0.044299	0.042614	0.000842
1.680491	0.044868	0.042607	0.001130
1.679766	0.044048	0.043332	0.000358
1.679042	0.044007	0.042625	0.000691
1.678318	0.044587	0.043086	0.000750
1.677595	0.044107	0.042774	0.000666
1.676873	0.044134	0.043209	0.000463
1.676152	0.044603	0.042479	0.001062
1.675431	0.045023	0.042772	0.001126
1.674711	0.044921	0.043087	0.000917
1.673992	0.044955	0.043544	0.000706
1.673273	0.044409	0.043074	0.000667
1.672556	0.045054	0.043730	0.000662
1.671839	0.045102	0.043097	0.001003
1.671122	0.044701	0.043055	0.000823
1.670407	0.044254	0.042608	0.000823
1.669692	0.044342	0.043901	0.000221
1.668978	0.045260	0.043767	0.000747
1.668265	0.044769	0.043541	0.000614
1.667552	0.045046	0.043206	0.000920
1.666840	0.044105	0.043349	0.000378
1.666129	0.044906	0.044284	0.000311
1.665418	0.044593	0.043692	0.000450
1.664709	0.045011	0.043372	0.000820
1.664000	0.044634	0.043409	0.000612
1.663292	0.045115	0.043411	0.000852
1.662584	0.045070	0.043289	0.000890
1.661877	0.044541	0.044094	0.000223
1.661171	0.045456	0.043351	0.001052
1.660466	0.045335	0.042720	0.001307
1.659761	0.045316	0.044254	0.000531
1.659057	0.045053	0.043315	0.000869
1.658354	0.045699	0.044013	0.000843
1.657651	0.046059	0.043302	0.001379
1.656950	0.044880	0.044129	0.000376
1.656249	0.045795	0.043425	0.001185
1.655548	0.045552	0.043329	0.001112
1.654848	0.045205	0.043555	0.000825
1.654150	0.045389	0.043181	0.001104
1.653451	0.046011	0.043224	0.001394
1.652754	0.046533	0.043546	0.001494
1.652057	0.045815	0.043389	0.001213
1.651361	0.045526	0.043991	0.000767
1.650665	0.046142	0.042850	0.001646
1.649971	0.045076	0.044254	0.000411
1.649277	0.045534	0.043880	0.000827
1.648583	0.045099	0.043916	0.000591
1.647891	0.045818	0.044066	0.000876
1.647199	0.045039	0.043416	0.000811
1.646508	0.045145	0.043205	0.000970
1.645817	0.046072	0.043655	0.001209
1.645127	0.045820	0.043214	0.001303
1.644438	0.046211	0.043685	0.001263
1.643750	0.045842	0.043469	0.001187
1.643062	0.045377	0.044512	0.000432
1.642375	0.045136	0.044106	0.000515
1.641689	0.045136	0.043605	0.000765
1.641003	0.045240	0.043509	0.000865
1.640318	0.045292	0.042642	0.001325
1.639634	0.045265	0.043948	0.000659
1.638950	0.044751	0.043854	0.000449
1.638267	0.044389	0.043465	0.000462
1.637585	0.045772	0.043180	0.001296
1.636903	0.045793	0.043804	0.000994
1.636222	0.044965	0.043467	0.000749
1.635542	0.045137	0.043184	0.000977
1.634863	0.045105	0.042563	0.001271
1.634184	0.044870	0.042661	0.001105
1.633506	0.044841	0.042489	0.001176
1.632828	0.045568	0.044440	0.000564
1.632151	0.046078	0.043392	0.001343
1.631475	0.045374	0.043189	0.001092
1.630800	0.044983	0.043100	0.000942
1.630125	0.045313	0.044066	0.000624
1.629451	0.045814	0.044209	0.000803
1.628778	0.045379	0.043909	0.000735
1.628105	0.046037	0.043475	0.001281
1.627433	0.045809	0.044082	0.000863
1.626761	0.046224	0.043334	0.001445
1.626091	0.045873	0.043769	0.001052
1.625421	0.046436	0.043083	0.001677
1.624751	0.046210	0.043240	0.001485
1.624083	0.046186	0.043104	0.001541
1.623414	0.045652	0.044352	0.000650
1.622747	0.045066	0.043543	0.000762
1.622080	0.045284	0.043433	0.000926
1.621414	0.046439	0.043222	0.001609
1.620749	0.045076	0.043208	0.000934
1.620084	0.045357	0.044222	0.000568
1.619420	0.046263	0.043548	0.001358
1.618757	0.046810	0.043720	0.001545
1.618094	0.045897	0.043630	0.001133
1.617432	0.046168	0.043889	0.001140
1.616770	0.045769	0.044043	0.000863
1.616109	0.045560	0.043603	0.000979
1.615449	0.044909	0.044055	0.000427
1.614790	0.045456	0.043948	0.000754
1.614131	0.046141	0.043393	0.001374
1.613473	0.045853	0.043221	0.001316
1.612815	0.045237	0.044233	0.000502
1.612158	0.046236	0.043742	0.001247
1.611502	0.045623	0.043533	0.001045
1.610846	0.044910	0.043707	0.000601
1.610191	0.045753	0.043583	0.001085
1.609537	0.045606	0.043273	0.001166
1.608883	0.046002	0.043353	0.001325
1.608230	0.044850	0.043856	0.000497
1.607578	0.045924	0.043904	0.001010
1.606926	0.045519	0.043816	0.000852
1.606275	0.046084	0.044158	0.000963
1.605625	0.046492	0.043332	0.001580
1.604975	0.045874	0.043968	0.000953
1.604326	0.045369	0.043488	0.000941
1.603677	0.046009	0.043554	0.001227
1.603029	0.046470	0.043029	0.001721
1.602382	0.046028	0.043621	0.001203
1.601735	0.045849	0.044780	0.000535
1.601089	0.045929	0.043517	0.001206
1.600444	0.046407	0.043580	0.001414
1.599799	0.046952	0.043137	0.001907
1.599155	0.046384	0.043975	0.001204
1.598512	0.046118	0.043270	0.001424
1.597869	0.046055	0.043666	0.001194
1.597227	0.046863	0.044028	0.001417
1.596585	0.046114	0.044137	0.000989
1.595944	0.046113	0.044386	0.000863
1.595304	0.046172	0.044781	0.000695
1.594664	0.046051	0.044483	0.000784
1.594025	0.046102	0.044507	0.000798
1.593386	0.046230	0.043170	0.001530
1.592749	0.045826	0.042796	0.001515
1.592111	0.045333	0.044138	0.000597
1.591475	0.045502	0.043618	0.000942
1.590839	0.045903	0.043211	0.001346
1.590203	0.045774	0.043319	0.001228
1.589569	0.046067	0.044279	0.000894
1.588935	0.045610	0.043754	0.000928
1.588301	0.046492	0.044676	0.000908
1.587668	0.046486	0.043345	0.001571
1.587036	0.045800	0.042934	0.001433
1.586404	0.045571	0.043057	0.001257
1.585773	0.045449	0.043386	0.001031
1.585143	0.045864	0.043036	0.001414
1.584513	0.045684	0.043161	0.001262
1.583884	0.046553	0.043601	0.001476
1.583255	0.046678	0.043117	0.001780
1.582627	0.044959	0.043853	0.000553
1.582000	0.045501	0.043755	0.000873
1.581373	0.045317	0.042795	0.001261
1.580747	0.045464	0.043646	0.000909
1.580121	0.045912	0.042794	0.001559
1.579496	0.045556	0.043279	0.001138
1.578872	0.046407	0.043817	0.001295
1.578248	0.046271	0.042636	0.001818
1.577625	0.044712	0.043930	0.000391
1.577002	0.046606	0.042555	0.002026
1.576380	0.046625	0.044255	0.001185
1.575759	0.045857	0.043483	0.001187
1.575138	0.046303	0.044372	0.000966
1.574518	0.046154	0.044648	0.000753
1.573899	0.046296	0.043308	0.001494
1.573280	0.047079	0.044482	0.001298
1.572661	0.047192	0.044710	0.001241
1.572044	0.047042	0.043832	0.001605
1.571426	0.047019	0.043830	0.001594
1.570810	0.047002	0.044295	0.001353
1.570194	0.047634	0.043638	0.001998
1.569578	0.047058	0.043925	0.001567
1.568964	0.046173	0.044368	0.000902
1.568349	0.045909	0.043337	0.001286
1.567736	0.047131	0.044377	0.001377
1.567123	0.047142	0.045157	0.000993
1.566510	0.046863	0.044960	0.000951
1.565899	0.048280	0.044387	0.001946
1.565287	0.047520	0.044566	0.001477
1.564677	0.047144	0.043173	0.001985
1.564066	0.046745	0.042982	0.001881
1.563457	0.046908	0.044733	0.001088
1.562848	0.046159	0.044002	0.001078
1.562240	0.046966	0.042326	0.002320
1.561632	0.046117	0.043923	0.001097
1.561025	0.046216	0.043709	0.001254
1.560418	0.046235	0.043909	0.001163
1.559812	0.045830	0.043640	0.001095
1.559207	0.046611	0.044382	0.001114
1.558602	0.045930	0.044246	0.000842
1.557997	0.045893	0.044690	0.000602
1.557394	0.046242	0.044295	0.000974
1.556791	0.044959	0.042802	0.001079
1.556188	0.045936	0.044941	0.000497
1.555586	0.046501	0.044020	0.001241
1.554985	0.046261	0.043936	0.001163
1.554384	0.046110	0.043293	0.001409
1.553783	0.047293	0.043430	0.001931
1.553184	0.046748	0.042655	0.002047
1.552585	0.044791	0.042819	0.000986
1.551986	0.046867	0.043242	0.001812
1.551388	0.046887	0.043228	0.001829
1.550791	0.046611	0.042666	0.001972
1.550194	0.045634	0.044338	0.000648
1.549597	0.045843	0.043050	0.001397
1.549002	0.046760	0.043734	0.001513
1.548406	0.046281	0.043598	0.001342
1.547812	0.046899	0.044192	0.001353
1.547218	0.047002	0.044569	0.001216
1.546624	0.047068	0.045370	0.000849
1.546031	0.045992	0.043245	0.001374
1.545439	0.046081	0.044097	0.000992
1.544847	0.047301	0.043398	0.001951
1.544256	0.046157	0.043794	0.001182
1.543665	0.047362	0.043310	0.002026
1.543075	0.046807	0.043656	0.001576
1.542486	0.046498	0.044419	0.001039
1.541897	0.047314	0.044760	0.001277
1.541308	0.046389	0.043423	0.001483
1.540720	0.046661	0.043980	0.001340
1.540133	0.046280	0.044773	0.000754
1.539546	0.047833	0.043501	0.002166
1.538960	0.045915	0.043702	0.001106
1.538374	0.047051	0.043828	0.001611
1.537789	0.046264	0.044417	0.000923
1.537204	0.047046	0.044369	0.001339
1.536620	0.046147	0.043756	0.001196
1.536037	0.046004	0.043807	0.001098
1.535454	0.046501	0.044813	0.000844
1.534872	0.046646	0.044682	0.000982
1.534290	0.049009	0.045413	0.001798
1.533708	0.046504	0.042107	0.002198
1.533128	0.047012	0.044122	0.001445
1.532548	0.046111	0.043521	0.001295
1.531968	0.047172	0.042806	0.002183
1.531389	0.046146	0.044173	0.000987
1.530810	0.046562	0.044704	0.000929
1.530232	0.046299	0.045237	0.000531
1.529655	0.046759	0.044703	0.001028
1.529078	0.047176	0.044061	0.001557
1.528501	0.047368	0.044317	0.001525
1.527925	0.047648	0.045219	0.001215
1.527350	0.047207	0.046108	0.000549
1.526775	0.046952	0.045624	0.000664
1.526201	0.046717	0.043541	0.001588
1.525627	0.045963	0.044542	0.000710
1.525054	0.047152	0.045406	0.000873
1.524481	0.047839	0.043751	0.002044
1.523909	0.048566	0.045745	0.001411
1.523338	0.048262	0.044860	0.001701
1.522767	0.048218	0.043668	0.002275
1.522196	0.046279	0.044304	0.000988
1.521626	0.048021	0.042423	0.002799
1.521057	0.046995	0.044991	0.001002
1.520488	0.048577	0.042913	0.002832
1.519919	0.046178	0.043257	0.001460
1.519351	0.048386	0.045487	0.001449
1.518784	0.048389	0.045407	0.001491
1.518217	0.048015	0.044453	0.001781
1.517651	0.048014	0.045252	0.001381
1.517085	0.048093	0.044591	0.001751
1.516520	0.046801	0.042966	0.001917
1.515955	0.047299	0.045864	0.000718
1.515391	0.047178	0.043940	0.001619
1.514827	0.047401	0.044109	0.001646
1.514264	0.046790	0.045668	0.000561
1.513702	0.048018	0.044043	0.001987
1.513139	0.047268	0.044850	0.001209
1.512578	0.047758	0.044503	0.001628
1.512017	0.048196	0.046346	0.000925
1.511456	0.048377	0.043587	0.002395
1.510896	0.047054	0.043255	0.001900
1.510337	0.047514	0.044977	0.001268
1.509778	0.046668	0.043506	0.001581
1.509219	0.047141	0.043084	0.002029
1.508661	0.047918	0.044184	0.001867
1.508104	0.047911	0.045193	0.001359
1.507547	0.047551	0.043138	0.002207
1.506990	0.047576	0.044288	0.001644
1.506435	0.048578	0.045079	0.001750
1.505879	0.048682	0.044520	0.002081
1.505324	0.048136	0.044264	0.001936
1.504770	0.047444	0.043919	0.001763
1.504216	0.046987	0.045021	0.000983
1.503663	0.048723	0.044389	0.002167
1.503110	0.048101	0.045296	0.001403
1.502558	0.047420	0.044244	0.001588
1.502006	0.048975	0.046168	0.001403
1.501454	0.047325	0.045874	0.000725
1.500904	0.047900	0.044585	0.001658
1.500353	0.047580	0.046062	0.000759
1.499803	0.047058	0.044946	0.001056
1.499254	0.046985	0.045357	0.000814
1.498705	0.046637	0.044620	0.001009
1.498157	0.046591	0.044387	0.001102
1.497609	0.046307	0.045795	0.000256
1.497062	0.046290	0.044074	0.001108
1.496515	0.046680	0.044904	0.000888
1.495969	0.047182	0.045320	0.000931
1.495423	0.048124	0.045874	0.001125
1.494878	0.049626	0.045837	0.001894
1.494333	0.046594	0.044128	0.001233
1.493789	0.047342	0.045578	0.000882
1.493245	0.048381	0.044823	0.001779
1.492702	0.047114	0.045333	0.000891
1.492159	0.049415	0.045942	0.001737
1.491617	0.047317	0.044458	0.001430
1.491075	0.048957	0.045154	0.001901
1.490533	0.047388	0.046054	0.000667
1.489993	0.048571	0.044374	0.002099
1.489452	0.048242	0.044872	0.001685
1.488912	0.049500	0.042694	0.003403
1.488373	0.047685	0.044950	0.001367
1.487834	0.047775	0.045648	0.001064
1.487296	0.049059	0.044470	0.002295
1.486758	0.048203	0.044890	0.001656
1.486221	0.049375	0.045166	0.002104
1.485684	0.048331	0.046094	0.001119
1.485147	0.048289	0.046796	0.000747
1.484611	0.049514	0.047124	0.001195
1.484076	0.048954	0.045989	0.001483
1.483541	0.047823	0.044460	0.001682
1.483007	0.046595	0.047146	-0.000275
1.482473	0.049981	0.045899	0.002041
1.481939	0.049028	0.045303	0.001863
1.481406	0.048388	0.045340	0.001524
1.480874	0.049033	0.045554	0.001740
1.480341	0.049009	0.044853	0.002078
1.479810	0.049197	0.044130	0.002533
1.479279	0.049428	0.043916	0.002756
1.478748	0.046969	0.045051	0.000959
1.478218	0.049736	0.048127	0.000804
1.477688	0.047482	0.044906	0.001288
1.477159	0.050450	0.044897	0.002777
1.476631	0.048785	0.045801	0.001492
1.476102	0.048951	0.043066	0.002943
1.475575	0.048606	0.046446	0.001080
1.475047	0.049270	0.046498	0.001386
1.474521	0.048764	0.045545	0.001609
1.473994	0.047074	0.048209	-0.000567
1.473469	0.048402	0.045090	0.001656
1.472943	0.048608	0.045087	0.001760
1.472418	0.049538	0.044105	0.002716
1.471894	0.049676	0.046983	0.001347
1.471370	0.048641	0.046519	0.001061
1.470846	0.048586	0.043876	0.002355
1.470323	0.047340	0.045786	0.000777
1.469801	0.046972	0.044680	0.001146
1.469279	0.049386	0.046367	0.001510
1.468757	0.048519	0.043968	0.002276
1.468236	0.047608	0.045791	0.000909
1.467716	0.049957	0.045329	0.002314
1.467195	0.045840	0.046538	-0.000349
1.466676	0.049175	0.044390	0.002393
1.466156	0.049954	0.047284	0.001335
1.465638	0.049716	0.046122	0.001797
1.465119	0.048629	0.044953	0.001838
1.464601	0.050086	0.044532	0.002777
1.464084	0.050594	0.043534	0.003530
1.463567	0.048825	0.047360	0.000732
1.463051	0.049403	0.045755	0.001824
1.462535	0.047475	0.044761	0.001357
1.462019	0.048743	0.044492	0.002125
1.461504	0.046147	0.047606	-0.000730
1.460989	0.047290	0.045739	0.000776
1.460475	0.047901	0.047885	0.000008
1.459962	0.049588	0.045656	0.001966
1.459448	0.049708	0.046958	0.001375
1.458936	0.049737	0.044966	0.002385
1.458423	0.049084	0.044413	0.002335
1.457911	0.046918	0.044662	0.001128
1.457400	0.049849	0.042576	0.003636
1.456889	0.048099	0.045553	0.001273
1.456379	0.048969	0.045158	0.001905
1.455869	0.047404	0.043895	0.001755
1.455359	0.046252	0.046450	-0.000099
1.454850	0.046907	0.045086	0.000911
1.454341	0.049435	0.045091	0.002172
1.453833	0.049897	0.045373	0.002262
1.453325	0.049486	0.045117	0.002185
1.452818	0.047711	0.045572	0.001069
1.452311	0.049225	0.045896	0.001664
1.451805	0.047534	0.044712	0.001411
1.451299	0.049580	0.045129	0.002225
1.450793	0.048716	0.043675	0.002520
1.450288	0.047135	0.047043	0.000046
1.449783	0.049032	0.046051	0.001490
1.449279	0.048456	0.044697	0.001879
1.448775	0.046907	0.044823	0.001042
1.448272	0.049004	0.044836	0.002084
1.447769	0.048212	0.042402	0.002905
1.447267	0.048956	0.044216	0.002370
1.446765	0.049329	0.044110	0.002609
1.446263	0.047443	0.044697	0.001373
1.445762	0.047016	0.045283	0.000867
1.445262	0.048860	0.045966	0.001447
1.444762	0.048609	0.044303	0.002153
1.444262	0.049536	0.045236	0.002150
1.443763	0.047739	0.047402	0.000168
1.443264	0.048694	0.048595	0.000050
1.442765	0.050384	0.048366	0.001009
1.442267	0.050401	0.047873	0.001264
1.441770	0.048963	0.046079	0.001442
1.441273	0.050161	0.045770	0.002195
1.440776	0.048259	0.043799	0.002230
1.440280	0.051217	0.045347	0.002935
1.439784	0.049348	0.044263	0.002542
1.439289	0.048188	0.044716	0.001736
1.438794	0.050755	0.045328	0.002714
1.438299	0.050587	0.047866	0.001360
1.437805	0.051188	0.044552	0.003318
1.437312	0.049454	0.046737	0.001358
1.436819	0.049082	0.045119	0.001981
1.436326	0.049842	0.043945	0.002949
1.435834	0.048794	0.041309	0.003742
1.435342	0.047297	0.045917	0.000690
1.434850	0.050289	0.045138	0.002576
1.434359	0.048500	0.044650	0.001925
1.433869	0.047929	0.046431	0.000749
1.433379	0.047852	0.044893	0.001480
1.432889	0.047288	0.044287	0.001501
1.432400	0.049463	0.045644	0.001909
1.431911	0.050901	0.049667	0.000617
1.431422	0.048492	0.043884	0.002304
1.430934	0.047618	0.045503	0.001058
1.430447	0.048818	0.048729	0.000045
1.429960	0.048363	0.047791	0.000286
1.429473	0.048028	0.043641	0.002193
1.428987	0.050736	0.044978	0.002879
1.428501	0.049691	0.045817	0.001937
1.428015	0.045581	0.043233	0.001174
1.427530	0.048779	0.044973	0.001903
1.427046	0.048255	0.044409	0.001923
1.426561	0.050294	0.045644	0.002325
1.426078	0.049474	0.044889	0.002292
1.425594	0.047399	0.045638	0.000881
1.425111	0.050867	0.045366	0.002750
1.424629	0.050374	0.045425	0.002475
1.424147	0.049273	0.044844	0.002214
1.423665	0.046871	0.044816	0.001028
1.423184	0.046139	0.045713	0.000213
1.422703	0.048697	0.046820	0.000938
1.422223	0.048892	0.044823	0.002034
1.421743	0.046328	0.044975	0.000677
1.421263	0.049589	0.046134	0.001728
1.420784	0.052257	0.046434	0.002912
1.420306	0.046753	0.043390	0.001681
1.419827	0.049415	0.049027	0.000194
1.419349	0.049647	0.047343	0.001152
1.418872	0.047402	0.047281	0.000061
1.418395	0.049989	0.043694	0.003147
1.417918	0.050286	0.047067	0.001609
1.417442	0.048830	0.046042	0.001394
1.416966	0.050992	0.045648	0.002672
1.416491	0.049391	0.045310	0.002040
1.416016	0.050385	0.045633	0.002376
1.415541	0.047085	0.044795	0.001145
1.415067	0.050075	0.044200	0.002937
1.414593	0.043997	0.044611	-0.000307
1.414120	0.045350	0.042685	0.001332
1.413647	0.048597	0.044063	0.002267
1.413174	0.047256	0.046500	0.000378
1.412702	0.047572	0.049586	-0.001007
1.412231	0.047992	0.047984	0.000004
1.411759	0.051375	0.042287	0.004544
1.411288	0.046149	0.044590	0.000779
1.410818	0.048865	0.047588	0.000639
1.410348	0.048292	0.049229	-0.000469
1.409878	0.046379	0.046985	-0.000303
1.409409	0.048758	0.040561	0.004098
1.408940	0.050218	0.045919	0.002149
1.408472	0.047819	0.045349	0.001235
1.408004	0.048038	0.048429	-0.000195
1.407536	0.048566	0.045809	0.001378
1.407069	0.048397	0.041909	0.003244
1.406602	0.046969	0.041389	0.002790
1.406135	0.047585	0.045147	0.001219
1.405669	0.051753	0.049702	0.001026
1.405204	0.044444	0.046531	-0.001043
1.404738	0.050110	0.044704	0.002703
1.404274	0.046638	0.045944	0.000347
1.403809	0.046387	0.043958	0.001215
1.403345	0.048648	0.044053	0.002297
1.402882	0.044302	0.044199	0.000052
1.402418	0.047967	0.047144	0.000411
1.401955	0.048730	0.047521	0.000605
1.401493	0.047890	0.048055	-0.000082
1.401031	0.046901	0.044445	0.001228
1.400569	0.050753	0.049305	0.000724
1.400108	0.048862	0.046752	0.001055
1.399647	0.045889	0.044252	0.000819
1.399187	0.047191	0.042349	0.002421
1.398727	0.047639	0.047741	-0.000051
1.398267	0.050074	0.043710	0.003182
1.397808	0.050917	0.043490	0.003713
1.397349	0.048581	0.046599	0.000991
1.396890	0.049899	0.048713	0.000593
1.396432	0.051237	0.046244	0.002496
1.395974	0.046969	0.049747	-0.001389
1.395517	0.048612	0.047136	0.000738
1.395060	0.046452	0.047028	-0.000288
1.394604	0.048942	0.046104	0.001419
1.394147	0.054133	0.046405	0.003864
1.393692	0.046794	0.048122	-0.000664
1.393236	0.048409	0.045836	0.001287
1.392781	0.049659	0.045601	0.002029
1.392327	0.049704	0.043738	0.002983
1.391873	0.047187	0.045854	0.000667
1.391419	0.046327	0.046466	-0.000070
1.390965	0.048862	0.046405	0.001228
1.390512	0.051104	0.046549	0.002277
