0	-0.130717	-0.130717	0.000000
1	-0.568293	-0.568293	0.000000
2	-1.269065	-3.790810	1.260872
3	-2.367690	-2.929367	0.280838
4	-3.244421	-3.201238	-0.021591
5	-3.687547	-1.625682	-1.030933
6	-2.710680	-1.476291	-0.617195
7	-1.828391	-2.949123	0.560366
8	-1.718664	-1.211989	-0.253337
9	-1.126924	-2.357358	0.615217
10	-1.115683	-1.159667	0.021992
11	-1.268928	-0.742011	-0.263459
12	-1.728081	-1.334465	-0.196808
13	-1.681525	-1.207996	-0.236764
14	-1.112744	-1.292459	0.089857
15	-1.517317	-1.541557	0.012120
16	-1.462511	-1.171609	-0.145451
17	-1.718913	-1.650568	-0.034172
18	-1.249559	-2.206574	0.478507
19	-5.946987	-2.058894	-1.944047
20	-1.303617	-2.732152	0.714267
21	-2.289654	-1.204337	-0.542659
22	-3.287753	-1.697216	-0.795268
23	-2.631893	-2.151866	-0.240014
24	-1.999686	-2.324231	0.162272
25	-1.207109	-1.120626	-0.043241
26	-1.324083	-1.084585	-0.119749
27	-1.334628	-0.953324	-0.190652
28	-1.186968	-1.158921	-0.014024
29	-1.562360	-1.403683	-0.079338
30	-1.589676	-1.186725	-0.201476
31	-1.068045	-1.101079	0.016517
32	-1.629388	-1.364277	-0.132556
33	-1.163722	-0.983129	-0.090296
34	-1.486589	-0.903236	-0.291676
35	-1.507351	-1.161984	-0.172683
36	-1.245918	-1.288013	0.021047
37	-1.179551	-1.021886	-0.078832
38	-1.384071	-0.890294	-0.246889
39	-1.000390	-1.367798	0.183704
40	-1.373240	-0.876292	-0.248474
41	-0.956089	-1.863575	0.453743
42	-1.279051	-1.454825	0.087887
43	-1.189380	-0.997385	-0.095997
44	-1.026694	-1.206856	0.090081
45	-1.162910	-1.264555	0.050823
46	-1.578052	-1.305762	-0.136145
47	-1.141865	-1.685653	0.271894
48	-1.571602	-0.875491	-0.348055
49	-1.200913	-0.909625	-0.145644
50	-1.582492	-0.982930	-0.299781
51	-1.235896	-1.289510	0.026807
52	-1.097683	-1.164434	0.033376
53	-1.428739	-1.082618	-0.173061
54	-1.477286	-1.127104	-0.175091
55	-1.143552	-1.150165	0.003307
56	-1.528927	-1.100734	-0.214097
57	-1.043671	-0.959282	-0.042195
58	-1.531892	-0.903763	-0.314064
59	-1.393632	-1.128873	-0.132380
60	-1.665330	-1.188277	-0.238527
61	-1.464581	-0.885879	-0.289351
62	-1.159237	-0.939066	-0.110086
63	-1.263208	-1.093070	-0.085069
64	-1.420337	-1.110819	-0.154759
65	-1.290192	-1.028635	-0.130778
66	-1.075606	-1.371500	0.147947
67	-1.507451	-0.913957	-0.296747
68	-1.359725	-1.038888	-0.160418
69	-1.965729	-1.130813	-0.417458
70	-1.442844	-1.180802	-0.131021
71	-1.428967	-1.087335	-0.170816
72	-1.081286	-1.397699	0.158206
73	-1.271375	-1.080368	-0.095504
74	-1.087128	-1.326228	0.119550
75	-1.073801	-1.292134	0.109167
76	-1.373276	-1.027060	-0.173108
77	-1.161281	-1.745431	0.292075
78	-1.030141	-1.416324	0.193092
79	-1.376891	-1.001672	-0.187610
80	-1.273467	-0.874756	-0.199356
81	-1.181537	-1.231238	0.024850
82	-1.145484	-1.312192	0.083354
83	-1.735365	-1.252720	-0.241323
84	-1.558725	-1.376942	-0.090891
85	-1.554137	-1.155408	-0.199365
86	-1.264746	-1.429068	0.082161
87	-1.136475	-1.098684	-0.018895
88	-1.427538	-1.060419	-0.183560
89	-1.277013	-1.076481	-0.100266
90	-1.350126	-1.189514	-0.080306
91	-1.095719	-0.899048	-0.098335
92	-1.238736	-1.168961	-0.034887
93	-0.993739	-1.368721	0.187491
94	-1.834483	-1.179991	-0.327246
95	-1.175080	-1.244936	0.034928
96	-1.029438	-1.458914	0.214738
97	-1.267509	-0.954878	-0.156315
98	-0.913435	-1.199949	0.143257
99	-1.152561	-1.018039	-0.067261
100	-1.259663	-1.073813	-0.092925
101	-1.237423	-1.055640	-0.090891
102	-1.466521	-1.005669	-0.230426
103	-1.005762	-1.870533	0.432386
104	-1.154204	-1.311829	0.078812
105	-1.346455	-1.027745	-0.159355
106	-1.108975	-1.188983	0.040004
107	-1.322435	-1.061977	-0.130229
108	-1.264377	-1.185517	-0.039430
109	-1.304606	-0.981490	-0.161558
110	-1.200527	-0.939038	-0.130745
111	-1.099731	-0.841149	-0.129291
112	-1.138751	-1.116258	-0.011247
113	-1.075431	-1.046831	-0.014300
114	-1.292909	-0.943984	-0.174462
115	-0.974818	-1.002540	0.013861
116	-1.308857	-0.911404	-0.198726
117	-0.968186	-1.050154	0.040984
118	-1.438668	-1.301394	-0.068637
119	-1.287225	-1.089287	-0.098969
120	-1.191936	-1.031804	-0.080066
121	-1.596041	-1.057901	-0.269070
122	-1.428079	-0.800364	-0.313858
123	-1.327694	-1.001304	-0.163195
124	-0.880055	-1.273006	0.196476
125	-1.110874	-1.132017	0.010572
126	-1.249528	-1.008496	-0.120516
127	-1.307147	-1.368312	0.030583
128	-1.070844	-0.989001	-0.040921
129	-1.277183	-1.162981	-0.057101
130	-1.301442	-1.078867	-0.111288
131	-1.045763	-1.149052	0.051644
132	-1.335817	-1.327366	-0.004226
133	-1.120524	-1.033515	-0.043505
134	-1.081132	-1.040392	-0.020370
135	-1.271032	-1.048902	-0.111065
136	-1.219619	-1.142791	-0.038414
137	-1.434968	-1.213453	-0.110757
138	-1.129902	-1.240736	0.055417
139	-0.964509	-1.228078	0.131784
140	-1.471400	-1.384067	-0.043666
141	-1.030720	-1.123376	0.046328
142	-1.161154	-1.077026	-0.042064
143	-1.239585	-1.144229	-0.047678
144	-1.179551	-0.904311	-0.137620
145	-1.018487	-1.072724	0.027119
146	-0.771931	-1.020124	0.124097
147	-1.407757	-1.247938	-0.079910
148	-1.327781	-1.157335	-0.085223
149	-1.211311	-1.091086	-0.060113
150	-1.183132	-1.248047	0.032458
151	-0.972333	-0.984418	0.006043
152	-1.201149	-0.936480	-0.132334
153	-0.888341	-0.979260	0.045460
154	-1.668654	-1.071390	-0.298632
155	-1.054911	-0.986548	-0.034181
156	-1.119390	-1.135926	0.008268
157	-1.408184	-1.113329	-0.147427
158	-0.965656	-0.985545	0.009944
159	-1.329246	-1.019738	-0.154754
160	-1.499797	-1.106142	-0.196828
161	-1.079357	-0.859515	-0.109921
162	-1.355701	-0.942176	-0.206763
163	-1.036368	-1.047649	0.005641
164	-1.180250	-0.934588	-0.122831
165	-1.016867	-1.138127	0.060630
166	-1.288389	-1.118511	-0.084939
167	-1.019043	-1.124699	0.052828
168	-1.064102	-1.056399	-0.003852
169	-1.265757	-1.272815	0.003529
170	-1.313640	-0.924101	-0.194769
171	-1.249704	-1.148080	-0.050812
172	-1.400448	-1.037744	-0.181352
173	-1.312722	-1.251506	-0.030608
174	-1.240588	-1.100128	-0.070230
175	-1.242399	-0.875496	-0.183451
176	-1.183386	-1.003836	-0.089775
177	-1.136906	-0.983171	-0.076867
178	-1.122888	-1.152699	0.014906
179	-1.604023	-1.044680	-0.279671
180	-0.991410	-0.767801	-0.111804
181	-1.104148	-0.963345	-0.070402
182	-1.201843	-1.497128	0.147643
183	-1.341598	-0.872696	-0.234451
184	-0.979178	-1.088439	0.054631
185	-1.212016	-0.850615	-0.180700
186	-2.342473	-1.130898	-0.605787
187	-1.294340	-1.005730	-0.144305
188	-0.976259	-1.172158	0.097949
189	-1.075144	-1.017846	-0.028649
190	-1.108853	-1.128070	0.009609
191	-1.303232	-1.075156	-0.114038
192	-1.352414	-1.090490	-0.130962
193	-1.511318	-0.987366	-0.261976
194	-1.224060	-0.976958	-0.123551
195	-1.127751	-1.073970	-0.026891
196	-1.035739	-1.101756	0.033009
197	-1.454730	-1.196007	-0.129361
198	-2.022702	-0.948858	-0.536922
199	-1.191557	-1.222003	0.015223
200	-1.050843	-0.874970	-0.087936
201	-1.121475	-0.948061	-0.086707
202	-1.248810	-1.020127	-0.114342
203	-1.447337	-1.144302	-0.151517
204	-1.296526	-1.313246	0.008360
205	-0.980845	-1.311700	0.165427
206	-1.322238	-0.985711	-0.168264
207	-1.608736	-1.036718	-0.286009
208	-1.094904	-1.064403	-0.015251
209	-1.188492	-0.946710	-0.120891
210	-1.183428	-1.135591	-0.023919
211	-0.978177	-1.205133	0.113478
212	-1.164806	-1.572041	0.203618
213	-1.618026	-1.029205	-0.294410
214	-0.771680	-1.199620	0.213970
215	-1.650944	-1.030251	-0.310347
216	-1.336106	-0.989466	-0.173320
217	-1.130217	-0.925747	-0.102235
218	-1.199041	-0.956172	-0.121434
219	-0.996790	-0.951192	-0.022799
220	-1.023384	-1.072340	0.024478
221	-1.366597	-1.156231	-0.105183
222	-1.164451	-0.973129	-0.095661
223	-1.004655	-0.922671	-0.040992
224	-1.406909	-0.948226	-0.229341
225	-0.948965	-1.007299	0.029167
226	-1.003300	-1.130229	0.063464
227	-0.802752	-0.906366	0.051807
228	-1.465694	-0.822817	-0.321438
229	-1.197851	-0.992885	-0.102483
230	-1.023715	-1.439564	0.207924
231	-1.100092	-0.958583	-0.070754
232	-1.246246	-1.034808	-0.105719
233	-1.180223	-1.246931	0.033354
234	-1.152453	-1.039533	-0.056460
235	-1.146767	-1.243961	0.048597
236	-1.095326	-1.175538	0.040106
237	-1.263610	-1.091244	-0.086183
238	-1.349198	-1.062881	-0.143158
239	-1.165905	-1.143091	-0.011407
240	-1.552905	-0.931611	-0.310647
241	-1.095731	-1.019438	-0.038146
242	-1.210376	-0.807761	-0.201307
243	-1.448991	-0.834691	-0.307150
244	-0.893365	-1.429863	0.268249
245	-1.104158	-1.126015	0.010929
246	-1.063285	-1.127115	0.031915
247	-1.057019	-1.176535	0.059758
248	-1.244726	-1.161083	-0.041821
249	-1.213833	-1.019060	-0.097387
250	-1.125539	-0.972223	-0.076658
251	-1.070712	-0.953039	-0.058837
252	-1.316211	-1.145070	-0.085571
253	-1.096813	-0.912026	-0.092393
254	-0.982152	-0.842768	-0.069692
255	-1.105912	-1.338872	0.116480
256	-1.019992	-0.825144	-0.097424
257	-1.200651	-0.816486	-0.192082
258	-0.984362	-0.800427	-0.091967
259	-1.073059	-1.024854	-0.024103
260	-0.937545	-1.089799	0.076127
261	-0.958547	-0.838449	-0.060049
262	-0.934330	-0.868773	-0.032778
263	-1.260660	-0.832006	-0.214327
264	-1.150834	-1.091694	-0.029570
265	-1.120786	-0.843320	-0.138733
266	-0.918516	-1.055485	0.068484
267	-1.216351	-0.897035	-0.159658
268	-1.386267	-0.875561	-0.255353
269	-1.012921	-0.909881	-0.051520
270	-1.719779	-1.047275	-0.336252
271	-0.956755	-1.123525	0.083385
272	-1.367653	-0.904083	-0.231785
273	-1.134300	-0.989916	-0.072192
274	-0.964802	-1.393368	0.214283
275	-1.258614	-0.819650	-0.219482
276	-1.455067	-1.026360	-0.214353
277	-1.374520	-1.004751	-0.184884
278	-0.795470	-0.962843	0.083687
279	-0.766758	-0.915058	0.074150
280	-0.956025	-0.840241	-0.057892
281	-1.042751	-0.808686	-0.117032
282	-1.123352	-0.944904	-0.089224
283	-1.504760	-1.071726	-0.216517
284	-1.132929	-1.091167	-0.020881
285	-1.176750	-0.941589	-0.117580
286	-1.340506	-1.067855	-0.136325
287	-1.414906	-0.969699	-0.222603
288	-0.874635	-0.802958	-0.035839
289	-1.187804	-1.027635	-0.080084
290	-1.004535	-0.793977	-0.105279
291	-0.812470	-1.058014	0.122772
292	-1.249900	-0.910791	-0.169554
293	-1.378721	-0.769098	-0.304811
294	-1.114902	-0.753942	-0.180480
295	-1.067554	-0.735167	-0.166194
296	-1.038873	-1.161040	0.061083
297	-1.049993	-0.879393	-0.085300
298	-0.871430	-1.083767	0.106169
299	-1.059484	-0.983681	-0.037901
300	-1.421078	-1.013140	-0.203969
301	-1.034761	-1.269710	0.117474
302	-1.420831	-0.963472	-0.228679
303	-1.222621	-1.204327	-0.009147
304	-1.124784	-1.127750	0.001483
305	-1.105129	-1.220092	0.057481
306	-0.967571	-0.817033	-0.075269
307	-0.948768	-0.968637	0.009935
308	-1.737743	-1.288006	-0.224869
309	-1.600926	-0.983218	-0.308854
310	-0.999624	-1.063790	0.032083
311	-1.200809	-0.917999	-0.141405
312	-1.236668	-1.133432	-0.051618
313	-0.979126	-0.965331	-0.006898
314	-1.366271	-0.948027	-0.209122
315	-1.424158	-1.124173	-0.149993
316	-0.980542	-0.970056	-0.005243
317	-1.429901	-0.924964	-0.252468
318	-1.208580	-1.131234	-0.038673
319	-1.189236	-0.836651	-0.176293
320	-1.400819	-0.937154	-0.231832
321	-1.184606	-0.901311	-0.141648
322	-1.191697	-0.940122	-0.125788
323	-1.277502	-0.907860	-0.184821
324	-0.975062	-0.991975	0.008456
325	-0.947535	-0.896279	-0.025628
326	-1.287033	-0.992579	-0.147227
327	-1.115245	-0.922890	-0.096178
328	-1.174494	-1.174054	-0.000220
329	-1.559398	-0.815910	-0.371744
330	-1.040849	-0.893963	-0.073443
331	-1.140820	-1.226167	0.042673
332	-0.969138	-1.144183	0.087522
333	-1.076330	-1.037848	-0.019241
334	-1.121550	-0.893582	-0.113984
335	-1.177086	-1.081005	-0.048040
336	-1.030523	-1.047917	0.008697
337	-1.048966	-1.022632	-0.013167
338	-0.958074	-1.321622	0.181774
339	-0.968229	-1.173505	0.102638
340	-0.929446	-0.891414	-0.019016
341	-1.395666	-0.896721	-0.249473
342	-0.960750	-0.777003	-0.091874
343	-1.200592	-0.757700	-0.221446
344	-1.355537	-0.820123	-0.267707
345	-1.077639	-0.914367	-0.081636
346	-0.964391	-0.958916	-0.002738
347	-0.983522	-0.704647	-0.139437
348	-1.126442	-1.041439	-0.042502
349	-0.935234	-1.206384	0.135575
350	-1.157615	-1.558767	0.200576
351	-1.100122	-0.948329	-0.075896
352	-1.100186	-0.771624	-0.164281
353	-0.980091	-0.825819	-0.077136
354	-1.012697	-0.847558	-0.082569
355	-1.070228	-0.824307	-0.122960
356	-0.957118	-1.337085	0.189984
357	-1.104279	-0.895701	-0.104289
358	-1.122871	-0.827943	-0.147464
359	-1.286813	-0.858927	-0.213943
360	-1.021895	-0.729814	-0.146041
361	-1.121862	-0.929706	-0.096078
362	-1.161482	-0.889030	-0.136226
363	-0.965048	-1.046470	0.040711
364	-0.868231	-1.102158	0.116963
365	-0.847963	-1.080467	0.116252
366	-0.920557	-0.834211	-0.043173
367	-0.981278	-0.789658	-0.095810
368	-1.043232	-0.776799	-0.133217
369	-0.919524	-0.836981	-0.041272
370	-0.983873	-0.870720	-0.056577
371	-1.016044	-1.015943	-0.000050
372	-0.918620	-1.042785	0.062082
373	-0.902621	-0.879100	-0.011760
374	-1.024253	-0.883208	-0.070522
375	-1.497180	-1.053170	-0.222005
376	-1.110792	-1.055987	-0.027402
377	-1.076517	-0.773828	-0.151344
378	-1.127164	-0.941156	-0.093004
379	-0.749465	-1.125332	0.187934
380	-1.256722	-0.845119	-0.205802
381	-1.018214	-0.922959	-0.047627
382	-0.926902	-1.013039	0.043068
383	-0.999293	-0.890413	-0.054440
384	-1.086951	-0.926075	-0.080438
385	-0.926315	-0.775872	-0.075222
386	-0.966222	-0.939909	-0.013156
387	-0.986407	-0.922484	-0.031962
388	-0.865639	-0.970641	0.052501
389	-1.676949	-0.796186	-0.440381
390	-0.780685	-1.072477	0.145896
391	-1.023217	-0.968896	-0.027161
392	-1.083573	-0.854210	-0.114682
393	-0.971517	-0.815253	-0.078132
394	-1.029950	-0.795824	-0.117063
395	-1.146104	-1.016726	-0.064689
396	-1.082406	-0.762563	-0.159922
397	-0.881248	-0.772157	-0.054545
398	-0.824681	-1.054915	0.115117
399	-1.083890	-0.883843	-0.100024
400	-0.930426	-0.876774	-0.026826
401	-0.887887	-0.806418	-0.040735
402	-0.968584	-0.839047	-0.064769
403	-0.787124	-0.739082	-0.024021
404	-1.129019	-0.747814	-0.190602
405	-1.172767	-1.390211	0.108722
406	-0.915846	-0.757714	-0.079066
407	-1.002358	-0.755438	-0.123460
408	-0.833395	-0.817919	-0.007738
409	-0.995606	-0.759800	-0.117903
410	-1.294837	-0.709279	-0.292779
411	-1.034451	-1.061925	0.013737
412	-1.027209	-0.828930	-0.099139
413	-1.349312	-0.737536	-0.305888
414	-0.777453	-0.700470	-0.038492
415	-1.012383	-0.928495	-0.041944
416	-0.861970	-0.916356	0.027193
417	-1.064358	-0.909256	-0.077551
418	-0.883268	-0.789309	-0.046980
419	-1.090157	-0.633392	-0.228383
420	-1.056980	-0.655757	-0.200611
421	-0.844866	-0.913190	0.034162
422	-0.928790	-0.931024	0.001117
423	-0.973326	-0.767886	-0.102720
424	-1.211429	-0.881117	-0.165156
425	-0.832268	-0.895258	0.031495
426	-0.727509	-0.772784	0.022637
427	-0.957125	-0.865908	-0.045608
428	-1.199501	-0.707242	-0.246129
429	-0.970612	-0.761759	-0.104426
430	-0.837873	-0.720623	-0.058625
431	-0.929879	-1.036299	0.053210
432	-0.976621	-0.811670	-0.082476
433	-0.882393	-0.745493	-0.068450
434	-0.694330	-0.808915	0.057293
435	-0.879965	-0.890386	0.005211
436	-0.752150	-1.055272	0.151561
437	-0.902248	-0.773098	-0.064575
438	-0.976013	-0.929232	-0.023391
439	-0.991333	-0.731133	-0.130100
440	-0.752414	-0.828378	0.037982
441	-0.758891	-0.809415	0.025262
442	-0.938757	-0.727070	-0.105844
443	-0.760134	-0.848562	0.044214
444	-0.977119	-0.899942	-0.038589
445	-0.999920	-0.802641	-0.098640
446	-1.024155	-0.915208	-0.054474
447	-0.881903	-0.794566	-0.043669
448	-0.779116	-0.831342	0.026113
449	-0.761535	-0.686969	-0.037283
450	-0.876780	-0.803156	-0.036812
451	-0.848052	-0.834278	-0.006887
452	-0.941593	-0.752841	-0.094376
453	-0.859157	-0.934120	0.037481
454	-0.690988	-0.853155	0.081084
455	-0.878529	-0.727187	-0.075671
456	-0.952147	-0.680172	-0.135987
457	-0.919691	-0.732341	-0.093675
458	-0.927327	-0.716441	-0.105443
459	-0.822774	-0.772452	-0.025161
460	-1.210952	-0.890859	-0.160047
461	-0.954463	-0.712076	-0.121194
462	-0.834740	-1.048571	0.106915
463	-0.960368	-0.759692	-0.100338
464	-0.821453	-0.775681	-0.022886
465	-0.831460	-0.764561	-0.033450
466	-0.726944	-0.949130	0.111093
467	-0.941898	-0.826607	-0.057645
468	-0.722546	-0.783669	0.030562
469	-0.842308	-0.696859	-0.072724
470	-0.619070	-0.747516	0.064223
471	-0.695250	-0.688167	-0.003542
472	-0.738152	-0.614654	-0.061749
473	-0.630956	-0.558600	-0.036178
474	-0.664481	-0.655052	-0.004715
475	-0.624832	-0.550508	-0.037162
476	-0.661695	-0.576954	-0.042371
477	-0.595585	-0.535562	-0.030011
478	-0.563626	-0.508659	-0.027483
479	-0.575501	-0.472771	-0.051365
480	-0.558116	-0.551511	-0.003302
481	-0.558318	-0.520722	-0.018798
482	-0.604225	-0.531934	-0.036145
483	-0.539222	-0.524994	-0.007114
484	-0.544444	-0.572881	0.014218
485	-0.633536	-0.549310	-0.042113
486	-0.547363	-0.583537	0.018087
487	-0.639043	-0.562977	-0.038033
488	-0.647395	-0.564220	-0.041587
489	-0.595340	-0.586891	-0.004225
490	-0.677429	-0.652269	-0.012580
491	-0.701867	-0.622267	-0.039800
492	-0.651385	-0.664408	0.006511
493	-0.664908	-0.708921	0.022006
494	-0.651299	-0.676029	0.012365
495	-0.591423	-0.924566	0.166572
496	-0.615203	-0.789416	0.087106
497	-0.642773	-0.686014	0.021620
498	-0.610735	-0.688160	0.038713
499	-0.677576	-0.686268	0.004346
500	-0.699741	-0.669839	-0.014951
501	-0.543446	-0.572436	0.014495
502	-0.612896	-0.554044	-0.029426
503	-0.647812	-0.693385	0.022786
504	-0.739823	-0.625779	-0.057022
505	-0.729998	-0.563684	-0.083157
506	-0.688183	-0.674906	-0.006639
507	-0.729724	-0.649571	-0.040076
508	-0.707674	-0.652136	-0.027769
509	-0.701016	-0.672464	-0.014276
510	-0.597123	-0.546163	-0.025480
511	-0.754183	-0.654642	-0.049771
512	-0.795097	-0.618329	-0.088384
513	-0.701415	-0.630025	-0.035695
514	-0.837097	-0.617847	-0.109625
515	-0.629634	-0.600349	-0.014643
516	-0.604300	-0.760177	0.077938
517	-0.575444	-0.638964	0.031760
518	-0.555646	-0.463370	-0.046138
519	-0.565049	-0.522944	-0.021053
520	-0.502456	-0.465863	-0.018296
521	-0.479184	-0.459766	-0.009709
522	-0.447251	-0.458237	0.005493
523	-0.432368	-0.414673	-0.008848
524	-0.509985	-0.462853	-0.023566
525	-0.481338	-0.487458	0.003060
526	-0.449126	-0.541729	0.046301
527	-0.553090	-0.484216	-0.034437
528	-0.485213	-0.450252	-0.017481
529	-0.450421	-0.483699	0.016639
530	-0.462793	-0.489390	0.013298
531	-0.490600	-0.414709	-0.037945
532	-0.447525	-0.450999	0.001737
533	-0.463336	-0.417011	-0.023163
534	-0.418977	-0.474700	0.027861
535	-0.423291	-0.456746	0.016727
536	-0.394752	-0.461353	0.033301
537	-0.401376	-0.453521	0.026073
538	-0.402667	-0.409764	0.003549
539	-0.362332	-0.381359	0.009513
540	-0.325242	-0.367885	0.021321
541	-0.368136	-0.371625	0.001745
542	-0.332595	-0.371475	0.019440
543	-0.321664	-0.371468	0.024902
544	-0.339433	-0.380121	0.020344
545	-0.348300	-0.356712	0.004206
546	-0.373186	-0.358561	-0.007313
547	-0.354031	-0.386086	0.016027
548	-0.396864	-0.398920	0.001028
549	-0.438767	-0.379884	-0.029442
550	-0.402442	-0.432621	0.015089
551	-0.424329	-0.415756	-0.004287
552	-0.449583	-0.455267	0.002842
553	-0.446950	-0.477881	0.015466
554	-0.509318	-0.443297	-0.033011
555	-0.447133	-0.446819	-0.000157
556	-0.472521	-0.403155	-0.034683
557	-0.485693	-0.433127	-0.026283
558	-0.457020	-0.405100	-0.025960
559	-0.409409	-0.440052	0.015322
560	-0.404794	-0.456727	0.025966
561	-0.400306	-0.431092	0.015393
562	-0.378665	-0.421891	0.021613
563	-0.386244	-0.416588	0.015172
564	-0.331261	-0.361224	0.014982
565	-0.337634	-0.358882	0.010624
566	-0.290858	-0.328157	0.018650
567	-0.279578	-0.310098	0.015260
568	-0.296461	-0.290303	-0.003079
569	-0.277321	-0.253128	-0.012097
570	-0.252578	-0.252142	-0.000218
571	-0.224242	-0.255705	0.015731
572	-0.234255	-0.228957	-0.002649
573	-0.219261	-0.216819	-0.001221
574	-0.201939	-0.195407	-0.003266
575	-0.194356	-0.193785	-0.000286
576	-0.184545	-0.194102	0.004778
577	-0.173483	-0.177519	0.002018
578	-0.170363	-0.169326	-0.000518
579	-0.161178	-0.164828	0.001825
580	-0.152708	-0.147112	-0.002798
581	-0.140000	-0.144249	0.002124
582	-0.139804	-0.146787	0.003491
583	-0.131702	-0.137927	0.003112
584	-0.135806	-0.129421	-0.003193
585	-0.131466	-0.126811	-0.002328
586	-0.122834	-0.128362	0.002764
587	-0.124128	-0.121788	-0.001170
588	-0.124001	-0.121114	-0.001444
589	-0.121856	-0.127593	0.002868
590	-0.124323	-0.128246	0.001961
591	-0.137767	-0.126364	-0.005702
592	-0.124712	-0.130618	0.002953
593	-0.127921	-0.125000	-0.001461
594	-0.126587	-0.125217	-0.000685
595	-0.125300	-0.130723	0.002712
596	-0.122218	-0.126704	0.002243
597	-0.127534	-0.120015	-0.003760
598	-0.118576	-0.120390	0.000907
599	-0.129664	-0.126507	-0.001578
600	-0.130190	-0.130252	0.000031
601	-0.133914	-0.127062	-0.003426
602	-0.131952	-0.125923	-0.003015
603	-0.129986	-0.128805	-0.000591
604	-0.127255	-0.128837	0.000791
605	-0.131019	-0.129205	-0.000907
606	-0.144510	-0.125247	-0.009632
607	-0.141582	-0.130791	-0.005396
608	-0.142286	-0.133289	-0.004498
609	-0.144727	-0.133841	-0.005443
610	-0.145328	-0.139110	-0.003109
611	-0.149019	-0.134201	-0.007409
612	-0.146511	-0.144424	-0.001043
613	-0.138487	-0.136840	-0.000823
614	-0.143580	-0.142755	-0.000413
615	-0.149831	-0.145472	-0.002179
616	-0.151418	-0.145196	-0.003111
617	-0.153399	-0.138916	-0.007242
618	-0.134441	-0.127695	-0.003373
619	-0.146411	-0.128689	-0.008861
620	-0.137139	-0.125162	-0.005989
621	-0.133985	-0.124512	-0.004737
622	-0.125335	-0.115801	-0.004767
623	-0.129771	-0.119210	-0.005281
624	-0.126380	-0.109139	-0.008620
625	-0.114261	-0.105762	-0.004250
626	-0.111739	-0.103807	-0.003966
627	-0.111286	-0.090748	-0.010269
628	-0.102890	-0.090437	-0.006226
629	-0.101330	-0.085999	-0.007665
630	-0.094554	-0.081406	-0.006574
631	-0.093501	-0.076606	-0.008448
632	-0.088676	-0.068800	-0.009938
633	-0.083244	-0.063916	-0.009664
634	-0.078546	-0.062845	-0.007851
635	-0.073969	-0.058337	-0.007816
636	-0.070435	-0.052299	-0.009068
637	-0.067279	-0.048585	-0.009347
638	-0.061904	-0.047121	-0.007392
639	-0.059895	-0.041780	-0.009058
640	-0.057969	-0.038571	-0.009699
641	-0.053988	-0.034839	-0.009574
642	-0.051807	-0.031729	-0.010039
643	-0.047592	-0.029006	-0.009293
644	-0.046577	-0.026164	-0.010206
645	-0.043646	-0.022238	-0.010704
646	-0.042747	-0.020289	-0.011229
647	-0.041079	-0.018347	-0.011366
648	-0.038757	-0.016990	-0.010884
649	-0.036951	-0.015257	-0.010847
650	-0.036063	-0.014302	-0.010880
651	-0.034464	-0.013778	-0.010343
652	-0.034715	-0.012449	-0.011133
653	-0.033495	-0.011332	-0.011081
654	-0.031994	-0.010424	-0.010785
655	-0.031719	-0.009437	-0.011141
656	-0.029490	-0.008381	-0.010555
657	-0.029936	-0.008347	-0.010794
658	-0.028520	-0.007638	-0.010441
659	-0.028839	-0.006382	-0.011228
660	-0.028026	-0.006557	-0.010734
661	-0.028215	-0.006388	-0.010913
662	-0.027789	-0.005763	-0.011013
663	-0.026531	-0.006130	-0.010200
664	-0.026895	-0.005139	-0.010878
665	-0.026493	-0.005254	-0.010620
666	-0.025566	-0.005380	-0.010093
667	-0.025831	-0.005162	-0.010334
668	-0.025224	-0.005221	-0.010002
669	-0.025524	-0.005171	-0.010176
670	-0.024447	-0.005145	-0.009651
671	-0.024572	-0.005064	-0.009754
672	-0.024216	-0.005330	-0.009443
673	-0.024198	-0.004681	-0.009759
674	-0.023933	-0.005420	-0.009257
675	-0.023793	-0.005715	-0.009039
676	-0.023641	-0.005720	-0.008960
677	-0.022747	-0.005126	-0.008810
678	-0.022837	-0.005941	-0.008448
679	-0.022248	-0.005609	-0.008319
680	-0.022487	-0.005143	-0.008672
681	-0.021679	-0.005554	-0.008063
682	-0.021764	-0.005710	-0.008027
683	-0.020906	-0.005331	-0.007787
684	-0.020677	-0.005228	-0.007724
685	-0.019729	-0.005195	-0.007267
686	-0.019417	-0.005061	-0.007178
687	-0.018942	-0.004931	-0.007005
688	-0.018207	-0.004641	-0.006783
689	-0.017854	-0.004539	-0.006658
690	-0.017250	-0.004229	-0.006511
691	-0.016735	-0.004620	-0.006057
692	-0.016311	-0.004501	-0.005905
693	-0.016019	-0.004430	-0.005794
694	-0.015405	-0.004448	-0.005479
695	-0.015036	-0.004411	-0.005313
696	-0.014734	-0.004930	-0.004902
697	-0.014297	-0.004883	-0.004707
698	-0.013985	-0.005252	-0.004367
699	-0.013854	-0.005277	-0.004288
700	-0.013450	-0.005417	-0.004017
701	-0.012825	-0.005969	-0.003428
702	-0.013050	-0.006261	-0.003394
703	-0.012400	-0.006460	-0.002970
704	-0.012310	-0.006741	-0.002784
705	-0.012104	-0.006966	-0.002569
706	-0.011849	-0.007096	-0.002377
707	-0.011636	-0.007733	-0.001951
708	-0.011418	-0.007997	-0.001711
709	-0.011192	-0.008119	-0.001537
710	-0.010590	-0.008556	-0.001017
711	-0.010467	-0.008897	-0.000785
712	-0.010178	-0.009242	-0.000468
713	-0.009817	-0.009457	-0.000180
714	-0.009369	-0.009771	0.000201
715	-0.009114	-0.010126	0.000506
716	-0.008637	-0.010129	0.000746
717	-0.008454	-0.010525	0.001035
718	-0.007723	-0.010890	0.001584
719	-0.007813	-0.011019	0.001603
720	-0.007453	-0.011377	0.001962
721	-0.006946	-0.011447	0.002250
722	-0.006579	-0.011912	0.002667
723	-0.006118	-0.012008	0.002945
724	-0.005822	-0.012561	0.003369
725	-0.005590	-0.012739	0.003575
726	-0.005421	-0.012980	0.003780
727	-0.004946	-0.013022	0.004038
728	-0.004568	-0.013525	0.004479
729	-0.004145	-0.013915	0.004885
730	-0.003811	-0.014072	0.005130
731	-0.003466	-0.014584	0.005559
732	-0.003128	-0.014801	0.005836
733	-0.002750	-0.014947	0.006099
734	-0.002602	-0.015405	0.006402
735	-0.002252	-0.015866	0.006807
736	-0.001944	-0.016098	0.007077
737	-0.001430	-0.016325	0.007447
738	-0.001111	-0.016750	0.007820
739	-0.000917	-0.017027	0.008055
740	-0.000574	-0.017427	0.008426
741	-0.000257	-0.017679	0.008711
742	0.000153	-0.017919	0.009036
743	0.000438	-0.018601	0.009519
744	0.000722	-0.018816	0.009769
745	0.001248	-0.019168	0.010208
746	0.001482	-0.019374	0.010428
747	0.001853	-0.019667	0.010760
748	0.002156	-0.020227	0.011191
749	0.002532	-0.020454	0.011493
750	0.002897	-0.020617	0.011757
751	0.003199	-0.021043	0.012121
752	0.003589	-0.021591	0.012590
753	0.003992	-0.021630	0.012811
754	0.004298	-0.022094	0.013196
755	0.004757	-0.022232	0.013495
756	0.005213	-0.022634	0.013923
757	0.005412	-0.022918	0.014165
758	0.005951	-0.023218	0.014584
759	0.006280	-0.023604	0.014942
760	0.006525	-0.024099	0.015312
761	0.007007	-0.024323	0.015665
762	0.007567	-0.024774	0.016171
763	0.007762	-0.024988	0.016375
764	0.008267	-0.025206	0.016736
765	0.008650	-0.025586	0.017118
766	0.009061	-0.025993	0.017527
767	0.009422	-0.026254	0.017838
768	0.009846	-0.026596	0.018221
769	0.010347	-0.027082	0.018714
770	0.010720	-0.027239	0.018979
771	0.011151	-0.027614	0.019383
772	0.011479	-0.027984	0.019732
773	0.011821	-0.028267	0.020044
774	0.012211	-0.028661	0.020436
775	0.012718	-0.029165	0.020941
776	0.012980	-0.029385	0.021182
777	0.013480	-0.029723	0.021601
778	0.013899	-0.030138	0.022019
779	0.014344	-0.030528	0.022436
780	0.014756	-0.030753	0.022755
781	0.015015	-0.031217	0.023116
782	0.015569	-0.031643	0.023606
783	0.015793	-0.031894	0.023843
784	0.016189	-0.032419	0.024304
785	0.016598	-0.032811	0.024705
786	0.017023	-0.033186	0.025105
787	0.017441	-0.033743	0.025592
788	0.017857	-0.034180	0.026018
789	0.018145	-0.034558	0.026352
790	0.018557	-0.035110	0.026834
791	0.018928	-0.035334	0.027131
792	0.019364	-0.035702	0.027533
793	0.019706	-0.036109	0.027907
794	0.020207	-0.036619	0.028413
795	0.020616	-0.037085	0.028850
796	0.021000	-0.037525	0.029263
797	0.021475	-0.037880	0.029677
798	0.021766	-0.038372	0.030069
799	0.022194	-0.038667	0.030430
800	0.022652	-0.039163	0.030908
801	0.022987	-0.039605	0.031296
802	0.023459	-0.040098	0.031779
803	0.023914	-0.040497	0.032206
804	0.024238	-0.040858	0.032548
805	0.024696	-0.041294	0.032995
806	0.025067	-0.041707	0.033387
807	0.025677	-0.042124	0.033900
808	0.025978	-0.042506	0.034242
809	0.026360	-0.042891	0.034625
810	0.026708	-0.043331	0.035019
811	0.027012	-0.043780	0.035396
812	0.027507	-0.044110	0.035809
813	0.027939	-0.044573	0.036256
814	0.028293	-0.044910	0.036602
815	0.028625	-0.045265	0.036945
816	0.028946	-0.045726	0.037336
817	0.029284	-0.046038	0.037661
818	0.029640	-0.046545	0.038093
819	0.029912	-0.046845	0.038379
820	0.030211	-0.047173	0.038692
821	0.030645	-0.047655	0.039150
822	0.030940	-0.047914	0.039427
823	0.031088	-0.048417	0.039752
824	0.031512	-0.048605	0.040058
825	0.031940	-0.048967	0.040454
826	0.032025	-0.049348	0.040687
827	0.032332	-0.049710	0.041021
828	0.032693	-0.050099	0.041396
829	0.032889	-0.050326	0.041607
830	0.033106	-0.050671	0.041888
831	0.033322	-0.051116	0.042219
832	0.033495	-0.051314	0.042404
833	0.033711	-0.051739	0.042725
834	0.034057	-0.052045	0.043051
835	0.034388	-0.052270	0.043329
836	0.034573	-0.052495	0.043534
837	0.034716	-0.052882	0.043799
838	0.035144	-0.053137	0.044141
839	0.035531	-0.053266	0.044398
840	0.035567	-0.053820	0.044693
841	0.035680	-0.053926	0.044803
842	0.036096	-0.054260	0.045178
843	0.036257	-0.054614	0.045436
844	0.036499	-0.054625	0.045562
845	0.036809	-0.054972	0.045890
846	0.037075	-0.055283	0.046179
847	0.037243	-0.055515	0.046379
848	0.037553	-0.055750	0.046651
849	0.037728	-0.056157	0.046942
850	0.037949	-0.056183	0.047066
851	0.038118	-0.056417	0.047267
852	0.038396	-0.056794	0.047595
853	0.038679	-0.056927	0.047803
854	0.038767	-0.057377	0.048072
855	0.039031	-0.057491	0.048261
856	0.039154	-0.057716	0.048435
857	0.039460	-0.057924	0.048692
858	0.039620	-0.058146	0.048883
859	0.039779	-0.058392	0.049085
860	0.039953	-0.058561	0.049257
861	0.040255	-0.058768	0.049511
862	0.040576	-0.059038	0.049807
863	0.040488	-0.059205	0.049847
864	0.040859	-0.059444	0.050152
865	0.041070	-0.059696	0.050383
866	0.041093	-0.059949	0.050521
867	0.041307	-0.060290	0.050798
868	0.041563	-0.060273	0.050918
869	0.041790	-0.060579	0.051184
870	0.041850	-0.060697	0.051274
871	0.042054	-0.061007	0.051530
872	0.042174	-0.060979	0.051576
873	0.042313	-0.061243	0.051778
874	0.042529	-0.061608	0.052068
875	0.042479	-0.061668	0.052073
876	0.042686	-0.061856	0.052271
877	0.042979	-0.061846	0.052412
878	0.043172	-0.062019	0.052596
879	0.043189	-0.062239	0.052714
880	0.043257	-0.062267	0.052762
881	0.043292	-0.062514	0.052903
882	0.043331	-0.062629	0.052980
883	0.043606	-0.062608	0.053107
884	0.043704	-0.062986	0.053345
885	0.043740	-0.062894	0.053317
886	0.043809	-0.063248	0.053529
887	0.043806	-0.063081	0.053443
888	0.043933	-0.063146	0.053539
889	0.043940	-0.063101	0.053521
890	0.043873	-0.063236	0.053554
891	0.043959	-0.063332	0.053645
892	0.043927	-0.063280	0.053604
893	0.043826	-0.063271	0.053548
894	0.043797	-0.063357	0.053577
895	0.043720	-0.063356	0.053538
896	0.043593	-0.063182	0.053388
897	0.043459	-0.063160	0.053310
898	0.043570	-0.063132	0.053351
899	0.043410	-0.063011	0.053210
900	0.043346	-0.063082	0.053214
901	0.043125	-0.062790	0.052957
902	0.042940	-0.062821	0.052880
903	0.042622	-0.062719	0.052670
904	0.042723	-0.062475	0.052599
905	0.042485	-0.062324	0.052405
906	0.042258	-0.062237	0.052247
907	0.042072	-0.061947	0.052009
908	0.041730	-0.061857	0.051794
909	0.041523	-0.061861	0.051692
910	0.041250	-0.061479	0.051365
911	0.041021	-0.061333	0.051177
912	0.040825	-0.061119	0.050972
913	0.040582	-0.060760	0.050671
914	0.040142	-0.060574	0.050358
915	0.039981	-0.060418	0.050199
916	0.039871	-0.060157	0.050014
917	0.039523	-0.059984	0.049754
918	0.039119	-0.059589	0.049354
919	0.038730	-0.059209	0.048970
920	0.038584	-0.058848	0.048716
921	0.038141	-0.058673	0.048407
922	0.037907	-0.058498	0.048202
923	0.037570	-0.058146	0.047858
924	0.037183	-0.057835	0.047509
925	0.037155	-0.057605	0.047380
926	0.036711	-0.057056	0.046884
927	0.036370	-0.056806	0.046588
928	0.036178	-0.056487	0.046333
929	0.035699	-0.056079	0.045889
930	0.035479	-0.055835	0.045657
931	0.035289	-0.055576	0.045432
932	0.034831	-0.055204	0.045018
933	0.034694	-0.054695	0.044695
934	0.034263	-0.054429	0.044346
935	0.033843	-0.054089	0.043966
936	0.033664	-0.053796	0.043730
937	0.033281	-0.053454	0.043367
938	0.033135	-0.053293	0.043214
939	0.032746	-0.052762	0.042754
940	0.032673	-0.052499	0.042586
941	0.032167	-0.052261	0.042214
942	0.031957	-0.051997	0.041977
943	0.031514	-0.051679	0.041597
944	0.031293	-0.051553	0.041423
945	0.030979	-0.051155	0.041067
946	0.030606	-0.050801	0.040704
947	0.030103	-0.050444	0.040273
948	0.030127	-0.050484	0.040305
949	0.029700	-0.050034	0.039867
950	0.029256	-0.049943	0.039600
951	0.028867	-0.049673	0.039270
952	0.028523	-0.049362	0.038943
953	0.028244	-0.049184	0.038714
954	0.027984	-0.048892	0.038438
955	0.027887	-0.048563	0.038225
956	0.027439	-0.048329	0.037884
957	0.027004	-0.048299	0.037652
958	0.026732	-0.047938	0.037335
959	0.026515	-0.047554	0.037035
960	0.026334	-0.047601	0.036967
961	0.025897	-0.047256	0.036576
962	0.025660	-0.047186	0.036423
963	0.025650	-0.046811	0.036231
964	0.025357	-0.046628	0.035993
965	0.025120	-0.046353	0.035736
966	0.025086	-0.046125	0.035605
967	0.024500	-0.046006	0.035253
968	0.024390	-0.045712	0.035051
969	0.024098	-0.045663	0.034880
970	0.023835	-0.045256	0.034546
971	0.023826	-0.045161	0.034493
972	0.023572	-0.044947	0.034260
973	0.023128	-0.044714	0.033921
974	0.023186	-0.044416	0.033801
975	0.023198	-0.044241	0.033719
976	0.022922	-0.043982	0.033452
977	0.022833	-0.043691	0.033262
978	0.022441	-0.043567	0.033004
979	0.022337	-0.043427	0.032882
980	0.022309	-0.043208	0.032758
981	0.022077	-0.042966	0.032521
982	0.022008	-0.042594	0.032301
983	0.021979	-0.042199	0.032089
984	0.021911	-0.041992	0.031952
985	0.021763	-0.042073	0.031918
986	0.021502	-0.041888	0.031695
987	0.021224	-0.041678	0.031451
988	0.021065	-0.041500	0.031282
989	0.020702	-0.041517	0.031110
990	0.020392	-0.041483	0.030937
991	0.020148	-0.041396	0.030772
992	0.019832	-0.041194	0.030513
993	0.019569	-0.041161	0.030365
994	0.019377	-0.040876	0.030126
995	0.019200	-0.040624	0.029912
996	0.019037	-0.040574	0.029806
997	0.018565	-0.040505	0.029535
998	0.018582	-0.040255	0.029418
999	0.018235	-0.040172	0.029204
1000	0.018043	-0.040174	0.029109
1001	0.018032	-0.039909	0.028971
1002	0.017782	-0.039512	0.028647
1003	0.017529	-0.039267	0.028398
1004	0.017315	-0.039194	0.028255
1005	0.017344	-0.039085	0.028215
1006	0.017067	-0.038880	0.027974
1007	0.017107	-0.038794	0.027951
1008	0.016999	-0.038532	0.027766
1009	0.016567	-0.038443	0.027505
1010	0.016576	-0.038243	0.027410
1011	0.016271	-0.038059	0.027165
1012	0.016467	-0.037807	0.027137
1013	0.015942	-0.037796	0.026869
1014	0.015901	-0.037580	0.026740
1015	0.015615	-0.037317	0.026466
1016	0.015423	-0.037342	0.026383
1017	0.015421	-0.037258	0.026339
1018	0.015340	-0.036790	0.026065
1019	0.015266	-0.036927	0.026097
1020	0.014961	-0.036806	0.025883
1021	0.015070	-0.036721	0.025895
1022	0.014820	-0.036460	0.025640
1023	0.014547	-0.036152	0.025349
1024	0.014393	-0.036128	0.025260
1025	0.014349	-0.035897	0.025123
1026	0.014194	-0.035723	0.024959
1027	0.013956	-0.035850	0.024903
1028	0.013581	-0.035515	0.024548
1029	0.013546	-0.035292	0.024419
1030	0.013482	-0.035469	0.024476
1031	0.013276	-0.035126	0.024201
1032	0.013108	-0.035017	0.024063
1033	0.013029	-0.034804	0.023917
1034	0.012853	-0.034743	0.023798
1035	0.012768	-0.034533	0.023650
1036	0.012653	-0.034451	0.023552
1037	0.012536	-0.034295	0.023416
1038	0.012392	-0.033891	0.023141
1039	0.011896	-0.033908	0.022902
1040	0.012162	-0.033670	0.022916
1041	0.012083	-0.033553	0.022818
1042	0.011839	-0.033465	0.022652
1043	0.011668	-0.033344	0.022506
1044	0.011732	-0.033020	0.022376
1045	0.011325	-0.032864	0.022095
1046	0.011070	-0.032937	0.022003
1047	0.011212	-0.032782	0.021997
1048	0.010780	-0.032731	0.021756
1049	0.010965	-0.032512	0.021739
1050	0.010736	-0.032425	0.021580
1051	0.010492	-0.032296	0.021394
1052	0.010273	-0.032120	0.021197
1053	0.010234	-0.032072	0.021153
1054	0.009879	-0.031746	0.020812
1055	0.009957	-0.031834	0.020895
1056	0.009600	-0.031754	0.020677
1057	0.009696	-0.031677	0.020687
1058	0.009257	-0.031588	0.020422
1059	0.009393	-0.031206	0.020300
1060	0.009226	-0.031086	0.020156
1061	0.008935	-0.030816	0.019876
1062	0.009044	-0.030580	0.019812
1063	0.008774	-0.030520	0.019647
1064	0.008535	-0.030376	0.019456
1065	0.008770	-0.030282	0.019526
1066	0.008368	-0.030171	0.019269
1067	0.008200	-0.029964	0.019082
1068	0.008266	-0.030060	0.019163
1069	0.008046	-0.029712	0.018879
1070	0.007915	-0.029690	0.018802
1071	0.007718	-0.029562	0.018640
1072	0.007575	-0.029662	0.018619
1073	0.007418	-0.029349	0.018384
1074	0.007466	-0.029270	0.018368
1075	0.007357	-0.029159	0.018258
1076	0.007049	-0.029126	0.018088
1077	0.006793	-0.028880	0.017836
1078	0.006813	-0.028657	0.017735
1079	0.006565	-0.028707	0.017636
1080	0.006537	-0.028607	0.017572
1081	0.006286	-0.028405	0.017345
1082	0.006014	-0.028382	0.017198
1083	0.006314	-0.028182	0.017248
1084	0.006006	-0.027908	0.016957
1085	0.005922	-0.027990	0.016956
1086	0.005835	-0.027740	0.016788
1087	0.005690	-0.027839	0.016764
1088	0.005627	-0.027731	0.016679
1089	0.005309	-0.027707	0.016508
1090	0.005221	-0.027415	0.016318
1091	0.005168	-0.027259	0.016214
1092	0.004823	-0.027215	0.016019
1093	0.004833	-0.027219	0.016026
1094	0.004955	-0.027119	0.016037
1095	0.004907	-0.026863	0.015885
1096	0.004647	-0.026806	0.015726
1097	0.004510	-0.026617	0.015563
1098	0.004416	-0.026717	0.015567
1099	0.004332	-0.026611	0.015472
1100	0.004232	-0.026387	0.015309
1101	0.004225	-0.026188	0.015207
1102	0.003927	-0.026229	0.015078
1103	0.003853	-0.026203	0.015028
1104	0.003676	-0.026173	0.014925
1105	0.003857	-0.025824	0.014841
1106	0.003798	-0.025888	0.014843
1107	0.003642	-0.025690	0.014666
1108	0.003412	-0.025731	0.014571
1109	0.003372	-0.025844	0.014608
1110	0.003086	-0.025575	0.014330
1111	0.003022	-0.025508	0.014265
1112	0.002988	-0.025548	0.014268
1113	0.002946	-0.025315	0.014130
1114	0.002686	-0.025093	0.013890
1115	0.002808	-0.025071	0.013940
1116	0.002637	-0.025045	0.013841
1117	0.002440	-0.025029	0.013735
1118	0.002766	-0.024885	0.013825
1119	0.002429	-0.024948	0.013689
1120	0.002284	-0.024864	0.013574
1121	0.002313	-0.024743	0.013528
1122	0.002371	-0.024423	0.013397
1123	0.002314	-0.024531	0.013422
1124	0.002089	-0.024707	0.013398
1125	0.002030	-0.024286	0.013158
1126	0.002007	-0.024296	0.013151
1127	0.001921	-0.024098	0.013009
1128	0.001598	-0.024005	0.012802
1129	0.001833	-0.023916	0.012875
1130	0.001612	-0.024283	0.012948
1131	0.001565	-0.024028	0.012796
1132	0.001377	-0.023891	0.012634
1133	0.001462	-0.023627	0.012544
1134	0.001250	-0.023680	0.012465
1135	0.001445	-0.023578	0.012511
1136	0.001283	-0.023362	0.012323
1137	0.001148	-0.023454	0.012301
1138	0.000896	-0.023414	0.012155
1139	0.000997	-0.023394	0.012196
1140	0.000969	-0.023369	0.012169
1141	0.000572	-0.023156	0.011864
1142	0.000861	-0.023170	0.012016
1143	0.000707	-0.023276	0.011991
1144	0.000621	-0.022936	0.011779
1145	0.000430	-0.023031	0.011730
1146	0.000498	-0.023148	0.011823
1147	0.000281	-0.022946	0.011613
1148	0.000352	-0.022806	0.011579
1149	0.000359	-0.022808	0.011584
1150	0.000250	-0.022699	0.011474
1151	0.000112	-0.022757	0.011434
1152	-0.000043	-0.022789	0.011373
1153	-0.000084	-0.022561	0.011238
1154	-0.000093	-0.022445	0.011176
1155	-0.000290	-0.022520	0.011115
1156	-0.000104	-0.022243	0.011070
1157	-0.000333	-0.022416	0.011041
1158	-0.000436	-0.022375	0.010970
1159	-0.000399	-0.022106	0.010853
1160	-0.000565	-0.022427	0.010931
1161	-0.000380	-0.022264	0.010942
1162	-0.000490	-0.022141	0.010826
1163	-0.000611	-0.022210	0.010800
1164	-0.000754	-0.022099	0.010673
1165	-0.000791	-0.022019	0.010614
1166	-0.000831	-0.021939	0.010554
1167	-0.000948	-0.021803	0.010427
1168	-0.001278	-0.022045	0.010384
1169	-0.001092	-0.021855	0.010382
1170	-0.001332	-0.021644	0.010156
1171	-0.001129	-0.021754	0.010313
1172	-0.001223	-0.021845	0.010311
1173	-0.001109	-0.021832	0.010361
1174	-0.001406	-0.021733	0.010164
1175	-0.001488	-0.021343	0.009927
1176	-0.001191	-0.021388	0.010099
1177	-0.001669	-0.021194	0.009763
1178	-0.001447	-0.021282	0.009918
1179	-0.001492	-0.021391	0.009949
1180	-0.001738	-0.021462	0.009862
1181	-0.001503	-0.021215	0.009856
1182	-0.001626	-0.021119	0.009746
1183	-0.001896	-0.021049	0.009577
1184	-0.001515	-0.020981	0.009733
1185	-0.001617	-0.021037	0.009710
1186	-0.001812	-0.021100	0.009644
1187	-0.001712	-0.020782	0.009535
1188	-0.001821	-0.020875	0.009527
1189	-0.002089	-0.020764	0.009338
1190	-0.002149	-0.020777	0.009314
1191	-0.001785	-0.020656	0.009435
1192	-0.002108	-0.020762	0.009327
1193	-0.002072	-0.020605	0.009266
1194	-0.002227	-0.020573	0.009173
1195	-0.002090	-0.020669	0.009289
1196	-0.002214	-0.020444	0.009115
1197	-0.002181	-0.020424	0.009122
1198	-0.002031	-0.020402	0.009185
1199	-0.002183	-0.020503	0.009160
1200	-0.002277	-0.020035	0.008879
1201	-0.002357	-0.020150	0.008897
1202	-0.002294	-0.019985	0.008845
1203	-0.002321	-0.020275	0.008977
1204	-0.002267	-0.019970	0.008852
1205	-0.002466	-0.019637	0.008585
1206	-0.002300	-0.020003	0.008851
1207	-0.002453	-0.019897	0.008722
1208	-0.002428	-0.020031	0.008801
1209	-0.002413	-0.019630	0.008609
1210	-0.002459	-0.019763	0.008652
1211	-0.002541	-0.019669	0.008564
1212	-0.002454	-0.019706	0.008626
1213	-0.002708	-0.019628	0.008460
1214	-0.002775	-0.019757	0.008491
1215	-0.002773	-0.019546	0.008386
1216	-0.002865	-0.019553	0.008344
1217	-0.002826	-0.019608	0.008391
1218	-0.002954	-0.019434	0.008240
1219	-0.002957	-0.019479	0.008261
1220	-0.003100	-0.019378	0.008139
1221	-0.003138	-0.019439	0.008151
1222	-0.003174	-0.019455	0.008141
1223	-0.003238	-0.019172	0.007967
1224	-0.003218	-0.019339	0.008060
1225	-0.003225	-0.019521	0.008148
1226	-0.003323	-0.019212	0.007945
1227	-0.003328	-0.019545	0.008108
1228	-0.003281	-0.019118	0.007919
1229	-0.003532	-0.019110	0.007789
1230	-0.003372	-0.019264	0.007946
1231	-0.003568	-0.019098	0.007765
1232	-0.003495	-0.018988	0.007746
1233	-0.003507	-0.018882	0.007687
1234	-0.003686	-0.019169	0.007741
1235	-0.003672	-0.018947	0.007638
1236	-0.003945	-0.019042	0.007548
1237	-0.003689	-0.019253	0.007782
1238	-0.003794	-0.019100	0.007653
1239	-0.003844	-0.018974	0.007565
1240	-0.003852	-0.018911	0.007530
1241	-0.004000	-0.018871	0.007436
1242	-0.004114	-0.019022	0.007454
1243	-0.004123	-0.019096	0.007487
1244	-0.004066	-0.018836	0.007385
1245	-0.004108	-0.018994	0.007443
1246	-0.004223	-0.018885	0.007331
1247	-0.004182	-0.018754	0.007286
1248	-0.004029	-0.018573	0.007272
1249	-0.004364	-0.018877	0.007256
1250	-0.004314	-0.018659	0.007172
1251	-0.004375	-0.018729	0.007177
1252	-0.004144	-0.018604	0.007230
1253	-0.004678	-0.018490	0.006906
1254	-0.004386	-0.018469	0.007042
1255	-0.004372	-0.018541	0.007084
1256	-0.004471	-0.018565	0.007047
1257	-0.004483	-0.018768	0.007142
1258	-0.004516	-0.018618	0.007051
1259	-0.004545	-0.018555	0.007005
1260	-0.004690	-0.018576	0.006943
1261	-0.004669	-0.018317	0.006824
1262	-0.004631	-0.018480	0.006925
1263	-0.004713	-0.018672	0.006980
1264	-0.004751	-0.018429	0.006839
1265	-0.004917	-0.018392	0.006738
1266	-0.004946	-0.018351	0.006703
1267	-0.005055	-0.018235	0.006590
1268	-0.004815	-0.018279	0.006732
1269	-0.005104	-0.018399	0.006648
1270	-0.005069	-0.018234	0.006583
1271	-0.004952	-0.018578	0.006813
1272	-0.005206	-0.018421	0.006607
1273	-0.005044	-0.018173	0.006565
1274	-0.005342	-0.018058	0.006358
1275	-0.005221	-0.018201	0.006490
1276	-0.005287	-0.018420	0.006566
1277	-0.005375	-0.018318	0.006471
1278	-0.005476	-0.018217	0.006370
1279	-0.005436	-0.018156	0.006360
1280	-0.005365	-0.018220	0.006428
1281	-0.005407	-0.018073	0.006333
1282	-0.005402	-0.018134	0.006366
1283	-0.005890	-0.018031	0.006070
1284	-0.005579	-0.018174	0.006297
1285	-0.005746	-0.018060	0.006157
1286	-0.005624	-0.018206	0.006291
1287	-0.006015	-0.018297	0.006141
1288	-0.005766	-0.018102	0.006168
1289	-0.005549	-0.018059	0.006255
1290	-0.005847	-0.018041	0.006097
1291	-0.005940	-0.017743	0.005902
1292	-0.005972	-0.018056	0.006042
1293	-0.005917	-0.017795	0.005939
1294	-0.005797	-0.017843	0.006023
1295	-0.005976	-0.017869	0.005946
1296	-0.005974	-0.018006	0.006016
1297	-0.005902	-0.018001	0.006050
1298	-0.005885	-0.017864	0.005989
1299	-0.005871	-0.018018	0.006074
1300	-0.006080	-0.017811	0.005865
1301	-0.006261	-0.017723	0.005731
1302	-0.005967	-0.017719	0.005876
1303	-0.006292	-0.017961	0.005835
1304	-0.006253	-0.017575	0.005661
1305	-0.006154	-0.017843	0.005845
1306	-0.006371	-0.017671	0.005650
1307	-0.006291	-0.017853	0.005781
1308	-0.006208	-0.017619	0.005706
1309	-0.006422	-0.017745	0.005662
1310	-0.006078	-0.017625	0.005774
1311	-0.006285	-0.017603	0.005659
1312	-0.006580	-0.017629	0.005525
1313	-0.006871	-0.017729	0.005429
1314	-0.006599	-0.017501	0.005451
1315	-0.006795	-0.017503	0.005354
1316	-0.006376	-0.017819	0.005721
1317	-0.006658	-0.017644	0.005493
1318	-0.006738	-0.017647	0.005454
1319	-0.006637	-0.017516	0.005439
1320	-0.006676	-0.017366	0.005345
1321	-0.006734	-0.017692	0.005479
1322	-0.006583	-0.017601	0.005509
1323	-0.006687	-0.017609	0.005461
1324	-0.006738	-0.017756	0.005509
1325	-0.006764	-0.017162	0.005199
1326	-0.006849	-0.017417	0.005284
1327	-0.006867	-0.017476	0.005304
1328	-0.006609	-0.017485	0.005438
1329	-0.007053	-0.017407	0.005177
1330	-0.006817	-0.017344	0.005263
1331	-0.007057	-0.017591	0.005267
1332	-0.007031	-0.017328	0.005149
1333	-0.007009	-0.017433	0.005212
1334	-0.007303	-0.017365	0.005031
1335	-0.007095	-0.017470	0.005187
1336	-0.007349	-0.017260	0.004956
1337	-0.007000	-0.017442	0.005221
1338	-0.007305	-0.017308	0.005001
1339	-0.007280	-0.017410	0.005065
1340	-0.007207	-0.017234	0.005013
1341	-0.007400	-0.017375	0.004988
1342	-0.007581	-0.017547	0.004983
1343	-0.007396	-0.017201	0.004902
1344	-0.007641	-0.017179	0.004769
1345	-0.007577	-0.017537	0.004980
1346	-0.007409	-0.017332	0.004961
1347	-0.007593	-0.017280	0.004844
1348	-0.007687	-0.017226	0.004770
1349	-0.007531	-0.017227	0.004848
1350	-0.007705	-0.017098	0.004696
1351	-0.007409	-0.017277	0.004934
1352	-0.007422	-0.017327	0.004952
1353	-0.007647	-0.017116	0.004734
1354	-0.007649	-0.017054	0.004703
1355	-0.007648	-0.017390	0.004871
1356	-0.007738	-0.017055	0.004659
1357	-0.007877	-0.016964	0.004543
1358	-0.007777	-0.017149	0.004686
1359	-0.007846	-0.017285	0.004720
1360	-0.008113	-0.017422	0.004654
1361	-0.008123	-0.017270	0.004573
1362	-0.008175	-0.017610	0.004717
1363	-0.008062	-0.017156	0.004547
1364	-0.008195	-0.017490	0.004647
1365	-0.007832	-0.017108	0.004638
1366	-0.007958	-0.017213	0.004628
1367	-0.007929	-0.017275	0.004673
1368	-0.008210	-0.017002	0.004396
1369	-0.008431	-0.017100	0.004334
1370	-0.008216	-0.016960	0.004372
1371	-0.008081	-0.017399	0.004659
1372	-0.008283	-0.017406	0.004562
1373	-0.008202	-0.017276	0.004537
1374	-0.008346	-0.017079	0.004366
1375	-0.008357	-0.017014	0.004328
1376	-0.008091	-0.017013	0.004461
1377	-0.008260	-0.017311	0.004525
1378	-0.008201	-0.017015	0.004407
1379	-0.008308	-0.017173	0.004432
1380	-0.008410	-0.016841	0.004216
1381	-0.008354	-0.017307	0.004476
1382	-0.008685	-0.017025	0.004170
1383	-0.008297	-0.017282	0.004492
1384	-0.008538	-0.017096	0.004279
1385	-0.008583	-0.017155	0.004286
1386	-0.008319	-0.017148	0.004415
1387	-0.008947	-0.017334	0.004193
1388	-0.008592	-0.017154	0.004281
1389	-0.008657	-0.017064	0.004204
1390	-0.008686	-0.017291	0.004303
1391	-0.008856	-0.017071	0.004108
1392	-0.008851	-0.016941	0.004045
1393	-0.008709	-0.016927	0.004109
1394	-0.009063	-0.017173	0.004055
1395	-0.009010	-0.017233	0.004112
1396	-0.009005	-0.016886	0.003940
1397	-0.008592	-0.017084	0.004246
1398	-0.009160	-0.017244	0.004042
1399	-0.008620	-0.017437	0.004409
1400	-0.009019	-0.017188	0.004084
1401	-0.008999	-0.017244	0.004122
1402	-0.009254	-0.017095	0.003920
1403	-0.009250	-0.017066	0.003908
1404	-0.009306	-0.017069	0.003882
1405	-0.009181	-0.017371	0.004095
1406	-0.009147	-0.017218	0.004035
1407	-0.009354	-0.017129	0.003887
1408	-0.009565	-0.017584	0.004010
1409	-0.009224	-0.017026	0.003901
1410	-0.009402	-0.017185	0.003892
1411	-0.009424	-0.017327	0.003952
1412	-0.009258	-0.017302	0.004022
1413	-0.009333	-0.016991	0.003829
1414	-0.009554	-0.017209	0.003828
1415	-0.009242	-0.017399	0.004078
1416	-0.009581	-0.017121	0.003770
1417	-0.009727	-0.017483	0.003878
1418	-0.009655	-0.017190	0.003768
1419	-0.009671	-0.017048	0.003688
1420	-0.009709	-0.017372	0.003832
1421	-0.009714	-0.017084	0.003685
1422	-0.009523	-0.016838	0.003657
1423	-0.009581	-0.017045	0.003732
1424	-0.009886	-0.017308	0.003711
1425	-0.009845	-0.017057	0.003606
1426	-0.010029	-0.017251	0.003611
1427	-0.009847	-0.017558	0.003855
1428	-0.009898	-0.017032	0.003567
1429	-0.009799	-0.017736	0.003968
1430	-0.010212	-0.017370	0.003579
1431	-0.009973	-0.017434	0.003730
1432	-0.010188	-0.017071	0.003442
1433	-0.009831	-0.017480	0.003825
1434	-0.010096	-0.017164	0.003534
1435	-0.010101	-0.017233	0.003566
1436	-0.010221	-0.017227	0.003503
1437	-0.009997	-0.017111	0.003557
1438	-0.010343	-0.017485	0.003571
1439	-0.010160	-0.017361	0.003601
1440	-0.010392	-0.017380	0.003494
1441	-0.010477	-0.017516	0.003519
1442	-0.010290	-0.017347	0.003529
1443	-0.010239	-0.017344	0.003553
1444	-0.010302	-0.017478	0.003588
1445	-0.010446	-0.017836	0.003695
1446	-0.010511	-0.017626	0.003558
1447	-0.010640	-0.017135	0.003248
1448	-0.010422	-0.017137	0.003358
1449	-0.010477	-0.017133	0.003328
1450	-0.010370	-0.017395	0.003513
1451	-0.010802	-0.017274	0.003236
1452	-0.010315	-0.017518	0.003601
1453	-0.010667	-0.017561	0.003447
1454	-0.010643	-0.017499	0.003428
1455	-0.010623	-0.017521	0.003449
1456	-0.010494	-0.017529	0.003517
1457	-0.010451	-0.017455	0.003502
1458	-0.010818	-0.017252	0.003217
1459	-0.010656	-0.016907	0.003126
1460	-0.010567	-0.017475	0.003454
1461	-0.010780	-0.017148	0.003184
1462	-0.010733	-0.017522	0.003394
1463	-0.010696	-0.017559	0.003432
1464	-0.010838	-0.017603	0.003383
1465	-0.011161	-0.017326	0.003083
1466	-0.010757	-0.017331	0.003287
1467	-0.010949	-0.017413	0.003232
1468	-0.011069	-0.017349	0.003140
1469	-0.011122	-0.017462	0.003170
1470	-0.010664	-0.017318	0.003327
1471	-0.011349	-0.017353	0.003002
1472	-0.011003	-0.017531	0.003264
1473	-0.011204	-0.017382	0.003089
1474	-0.011128	-0.017180	0.003026
1475	-0.011061	-0.017587	0.003263
1476	-0.011386	-0.017446	0.003030
1477	-0.011107	-0.017581	0.003237
1478	-0.011098	-0.017556	0.003229
1479	-0.011286	-0.017231	0.002973
1480	-0.011270	-0.017611	0.003171
1481	-0.011373	-0.017486	0.003056
1482	-0.011432	-0.017258	0.002913
1483	-0.011656	-0.017791	0.003068
1484	-0.011637	-0.017306	0.002834
1485	-0.011569	-0.017926	0.003178
1486	-0.011389	-0.017889	0.003250
1487	-0.012139	-0.017907	0.002884
1488	-0.012143	-0.017745	0.002801
1489	-0.011864	-0.017730	0.002933
1490	-0.011937	-0.017915	0.002989
1491	-0.012015	-0.018161	0.003073
1492	-0.012365	-0.017684	0.002660
1493	-0.011730	-0.018030	0.003150
1494	-0.011338	-0.017800	0.003231
1495	-0.011780	-0.017658	0.002939
1496	-0.012151	-0.017820	0.002835
1497	-0.011786	-0.017744	0.002979
1498	-0.011956	-0.017926	0.002985
1499	-0.012009	-0.017374	0.002682
1500	-0.012182	-0.018004	0.002911
1501	-0.011822	-0.017791	0.002985
1502	-0.012217	-0.017684	0.002734
1503	-0.012048	-0.017827	0.002889
1504	-0.011876	-0.017577	0.002851
1505	-0.011925	-0.017557	0.002816
1506	-0.011968	-0.017431	0.002732
1507	-0.011706	-0.017611	0.002952
1508	-0.012021	-0.017659	0.002819
1509	-0.011954	-0.017623	0.002835
1510	-0.012106	-0.017827	0.002861
1511	-0.011956	-0.017884	0.002964
1512	-0.012494	-0.017966	0.002736
1513	-0.012318	-0.017613	0.002647
1514	-0.011882	-0.017519	0.002818
1515	-0.012645	-0.017565	0.002460
1516	-0.012276	-0.017927	0.002826
1517	-0.011946	-0.017666	0.002860
1518	-0.011930	-0.017655	0.002862
1519	-0.012719	-0.017691	0.002486
1520	-0.012456	-0.018027	0.002786
1521	-0.012675	-0.017686	0.002506
1522	-0.012401	-0.017906	0.002752
1523	-0.012682	-0.018233	0.002776
1524	-0.012428	-0.018058	0.002815
1525	-0.012521	-0.017727	0.002603
1526	-0.012622	-0.017410	0.002394
1527	-0.012628	-0.017825	0.002599
1528	-0.012860	-0.018118	0.002629
1529	-0.012831	-0.017567	0.002368
1530	-0.012815	-0.018211	0.002698
1531	-0.012623	-0.017899	0.002638
1532	-0.012165	-0.018002	0.002918
1533	-0.012947	-0.017936	0.002494
1534	-0.012985	-0.017966	0.002491
1535	-0.013004	-0.017873	0.002434
1536	-0.012799	-0.017781	0.002491
1537	-0.012716	-0.017935	0.002609
1538	-0.013140	-0.017975	0.002417
1539	-0.012849	-0.018199	0.002675
1540	-0.012947	-0.018242	0.002647
1541	-0.013027	-0.017883	0.002428
1542	-0.012791	-0.018111	0.002660
1543	-0.012457	-0.018034	0.002788
1544	-0.012442	-0.017672	0.002615
1545	-0.013185	-0.018085	0.002450
1546	-0.013076	-0.018428	0.002676
1547	-0.013160	-0.018120	0.002480
1548	-0.013351	-0.017759	0.002204
1549	-0.013594	-0.018428	0.002417
1550	-0.012930	-0.018161	0.002616
1551	-0.013352	-0.017949	0.002299
1552	-0.013142	-0.018403	0.002631
1553	-0.013718	-0.017908	0.002095
1554	-0.013415	-0.018194	0.002390
1555	-0.013401	-0.017975	0.002287
1556	-0.013391	-0.018329	0.002469
1557	-0.013586	-0.018481	0.002448
1558	-0.013357	-0.018485	0.002564
1559	-0.013480	-0.018419	0.002469
1560	-0.013756	-0.018298	0.002271
1561	-0.013906	-0.018252	0.002173
1562	-0.013236	-0.017848	0.002306
1563	-0.013480	-0.018426	0.002473
1564	-0.013812	-0.018474	0.002331
1565	-0.013455	-0.018714	0.002629
1566	-0.013902	-0.018421	0.002260
1567	-0.013765	-0.018499	0.002367
1568	-0.013388	-0.018393	0.002503
1569	-0.013862	-0.018215	0.002176
1570	-0.013511	-0.017699	0.002094
1571	-0.013629	-0.018403	0.002387
1572	-0.014106	-0.018206	0.002050
1573	-0.013513	-0.018602	0.002545
1574	-0.013853	-0.018117	0.002132
1575	-0.013815	-0.018177	0.002181
1576	-0.013927	-0.018329	0.002201
1577	-0.013453	-0.018445	0.002496
1578	-0.013593	-0.018046	0.002226
1579	-0.013307	-0.018108	0.002400
1580	-0.013737	-0.018263	0.002263
1581	-0.013813	-0.018492	0.002339
1582	-0.013419	-0.018033	0.002307
1583	-0.013970	-0.017941	0.001985
1584	-0.013366	-0.017960	0.002297
1585	-0.013562	-0.017908	0.002173
1586	-0.013630	-0.017621	0.001995
1587	-0.013521	-0.017300	0.001889
1588	-0.013484	-0.017924	0.002220
1589	-0.013450	-0.017257	0.001904
1590	-0.013351	-0.017637	0.002143
1591	-0.012869	-0.017603	0.002367
1592	-0.013435	-0.017375	0.001970
1593	-0.013728	-0.017194	0.001733
1594	-0.013196	-0.017389	0.002096
1595	-0.013081	-0.017351	0.002135
1596	-0.013753	-0.017301	0.001774
1597	-0.013454	-0.017927	0.002237
1598	-0.013193	-0.016956	0.001881
1599	-0.013723	-0.017377	0.001827
1600	-0.013341	-0.017341	0.002000
1601	-0.013747	-0.017606	0.001929
1602	-0.013316	-0.017653	0.002168
1603	-0.013356	-0.017536	0.002090
1604	-0.013605	-0.017378	0.001886
1605	-0.013363	-0.017420	0.002029
1606	-0.013310	-0.017432	0.002061
1607	-0.013519	-0.017376	0.001928
1608	-0.013333	-0.017253	0.001960
1609	-0.013584	-0.017326	0.001871
1610	-0.013472	-0.017910	0.002219
1611	-0.013642	-0.017800	0.002079
1612	-0.013304	-0.017138	0.001917
1613	-0.013372	-0.017623	0.002126
1614	-0.014128	-0.017736	0.001804
1615	-0.014425	-0.017820	0.001697
1616	-0.013760	-0.017652	0.001946
1617	-0.014005	-0.017879	0.001937
1618	-0.013879	-0.017980	0.002050
1619	-0.014170	-0.018097	0.001964
1620	-0.014261	-0.018003	0.001871
1621	-0.013825	-0.017978	0.002076
1622	-0.014238	-0.018247	0.002005
1623	-0.014679	-0.018315	0.001818
1624	-0.014540	-0.018520	0.001990
1625	-0.014361	-0.018388	0.002013
1626	-0.014447	-0.018566	0.002059
1627	-0.014735	-0.018540	0.001903
1628	-0.014776	-0.018403	0.001813
1629	-0.014860	-0.018541	0.001841
1630	-0.015237	-0.018334	0.001548
1631	-0.014707	-0.019198	0.002246
1632	-0.015407	-0.019339	0.001966
1633	-0.014715	-0.018787	0.002036
1634	-0.015155	-0.018584	0.001715
1635	-0.015758	-0.019345	0.001794
1636	-0.015554	-0.018573	0.001509
1637	-0.015748	-0.019004	0.001628
1638	-0.015679	-0.019812	0.002066
1639	-0.016006	-0.019009	0.001502
1640	-0.016005	-0.019296	0.001646
1641	-0.016397	-0.019021	0.001312
1642	-0.016036	-0.019135	0.001549
1643	-0.016003	-0.019770	0.001884
1644	-0.016634	-0.019728	0.001547
1645	-0.016279	-0.019570	0.001646
1646	-0.016446	-0.020243	0.001899
1647	-0.015861	-0.020208	0.002174
1648	-0.016264	-0.020004	0.001870
1649	-0.016352	-0.020321	0.001985
1650	-0.016322	-0.020467	0.002073
1651	-0.016379	-0.019768	0.001694
1652	-0.016319	-0.019861	0.001771
1653	-0.016577	-0.020422	0.001922
1654	-0.016693	-0.019676	0.001492
1655	-0.016667	-0.020526	0.001930
1656	-0.017073	-0.020200	0.001564
1657	-0.017008	-0.020512	0.001752
1658	-0.016782	-0.020389	0.001803
1659	-0.016905	-0.020530	0.001812
1660	-0.017325	-0.021028	0.001852
1661	-0.017255	-0.020659	0.001702
1662	-0.017570	-0.020004	0.001217
1663	-0.017170	-0.021204	0.002017
1664	-0.017152	-0.020822	0.001835
1665	-0.017300	-0.021130	0.001915
1666	-0.017660	-0.020613	0.001477
1667	-0.017779	-0.020969	0.001595
1668	-0.017645	-0.021342	0.001849
1669	-0.017664	-0.021601	0.001969
1670	-0.017947	-0.021042	0.001547
1671	-0.018309	-0.021089	0.001390
1672	-0.018569	-0.021451	0.001441
1673	-0.017967	-0.021069	0.001551
1674	-0.018344	-0.021606	0.001631
1675	-0.018544	-0.021420	0.001438
1676	-0.019272	-0.022804	0.001766
1677	-0.018734	-0.022419	0.001842
1678	-0.019132	-0.021733	0.001301
1679	-0.019055	-0.021667	0.001306
1680	-0.019077	-0.022148	0.001535
1681	-0.018809	-0.022133	0.001662
1682	-0.018807	-0.022052	0.001623
1683	-0.019213	-0.022146	0.001466
1684	-0.019281	-0.022466	0.001592
1685	-0.019036	-0.021775	0.001369
1686	-0.019422	-0.022440	0.001509
1687	-0.019153	-0.022839	0.001843
1688	-0.018862	-0.022866	0.002002
1689	-0.019325	-0.022267	0.001471
1690	-0.020023	-0.023128	0.001553
1691	-0.019507	-0.022312	0.001403
1692	-0.019589	-0.022674	0.001542
1693	-0.020106	-0.023356	0.001625
1694	-0.020169	-0.022735	0.001283
1695	-0.019728	-0.022742	0.001507
1696	-0.020421	-0.023186	0.001383
1697	-0.020300	-0.023083	0.001391
1698	-0.020524	-0.022574	0.001025
1699	-0.020625	-0.023357	0.001366
1700	-0.020267	-0.022998	0.001365
1701	-0.021143	-0.023092	0.000975
1702	-0.020876	-0.023882	0.001503
1703	-0.020737	-0.023288	0.001276
1704	-0.019983	-0.023594	0.001806
1705	-0.020851	-0.024417	0.001783
1706	-0.021403	-0.024275	0.001436
1707	-0.021319	-0.024175	0.001428
1708	-0.021486	-0.023780	0.001147
1709	-0.021778	-0.023852	0.001037
1710	-0.021518	-0.023726	0.001104
1711	-0.022088	-0.024116	0.001014
1712	-0.022166	-0.024436	0.001135
1713	-0.022194	-0.024183	0.000995
1714	-0.021607	-0.023997	0.001195
1715	-0.022070	-0.024895	0.001412
1716	-0.021968	-0.024311	0.001171
1717	-0.021812	-0.024169	0.001179
1718	-0.021967	-0.023987	0.001010
1719	-0.022452	-0.024715	0.001132
1720	-0.022429	-0.024652	0.001112
1721	-0.022137	-0.025048	0.001456
1722	-0.022472	-0.025555	0.001542
1723	-0.023395	-0.025330	0.000968
1724	-0.022248	-0.025186	0.001469
1725	-0.022042	-0.025730	0.001844
1726	-0.022208	-0.025552	0.001672
1727	-0.023361	-0.025169	0.000904
1728	-0.023068	-0.026351	0.001641
1729	-0.022653	-0.025619	0.001483
1730	-0.023811	-0.026045	0.001117
1731	-0.023943	-0.026023	0.001040
1732	-0.023185	-0.025199	0.001007
1733	-0.022816	-0.026607	0.001895
1734	-0.023398	-0.025810	0.001206
1735	-0.023893	-0.026584	0.001346
1736	-0.024074	-0.026777	0.001351
1737	-0.024164	-0.026189	0.001013
1738	-0.024631	-0.026081	0.000725
1739	-0.023761	-0.026124	0.001181
1740	-0.024230	-0.027027	0.001399
1741	-0.024627	-0.026089	0.000731
1742	-0.024402	-0.027129	0.001363
1743	-0.024420	-0.027012	0.001296
1744	-0.024954	-0.027240	0.001143
1745	-0.024823	-0.027941	0.001559
1746	-0.025300	-0.026679	0.000690
1747	-0.024858	-0.027766	0.001454
1748	-0.025269	-0.027168	0.000950
1749	-0.024524	-0.027056	0.001266
1750	-0.025855	-0.028186	0.001165
1751	-0.025526	-0.027717	0.001095
1752	-0.025358	-0.028189	0.001415
1753	-0.025004	-0.028397	0.001697
1754	-0.025135	-0.028070	0.001468
1755	-0.025443	-0.028532	0.001544
1756	-0.025390	-0.028010	0.001310
1757	-0.026729	-0.028591	0.000931
1758	-0.025855	-0.027648	0.000897
1759	-0.026052	-0.027799	0.000874
1760	-0.026270	-0.028264	0.000997
1761	-0.025890	-0.028686	0.001398
1762	-0.026031	-0.027920	0.000944
1763	-0.026902	-0.029052	0.001075
1764	-0.026403	-0.029942	0.001769
1765	-0.025640	-0.029255	0.001807
1766	-0.026522	-0.028804	0.001141
1767	-0.026824	-0.029550	0.001363
1768	-0.027677	-0.029194	0.000758
1769	-0.027267	-0.029048	0.000890
1770	-0.027455	-0.029486	0.001016
1771	-0.027658	-0.029623	0.000983
1772	-0.027907	-0.030707	0.001400
1773	-0.027988	-0.029367	0.000690
1774	-0.027332	-0.029880	0.001274
1775	-0.027490	-0.029664	0.001087
1776	-0.028195	-0.028703	0.000254
1777	-0.028396	-0.031109	0.001356
1778	-0.027983	-0.029470	0.000743
1779	-0.028805	-0.029330	0.000262
1780	-0.028941	-0.031517	0.001288
1781	-0.028135	-0.030338	0.001101
1782	-0.030020	-0.030323	0.000151
1783	-0.028497	-0.030908	0.001206
1784	-0.028343	-0.030436	0.001047
1785	-0.028727	-0.031300	0.001286
1786	-0.028570	-0.031008	0.001219
1787	-0.029634	-0.030519	0.000443
1788	-0.030275	-0.032207	0.000966
1789	-0.030030	-0.032252	0.001111
1790	-0.030047	-0.031292	0.000623
1791	-0.030940	-0.032554	0.000807
1792	-0.030991	-0.031834	0.000422
1793	-0.030214	-0.031490	0.000638
1794	-0.029565	-0.033211	0.001823
1795	-0.030037	-0.032822	0.001392
1796	-0.030538	-0.032132	0.000797
1797	-0.030151	-0.031865	0.000857
1798	-0.031526	-0.033149	0.000811
1799	-0.031202	-0.033706	0.001252
1800	-0.031132	-0.032826	0.000847
1801	-0.031027	-0.034389	0.001681
1802	-0.030902	-0.034735	0.001916
1803	-0.031186	-0.035268	0.002041
1804	-0.032221	-0.033047	0.000413
1805	-0.031616	-0.034768	0.001576
1806	-0.032427	-0.032973	0.000273
1807	-0.032000	-0.033131	0.000565
1808	-0.032424	-0.034543	0.001059
1809	-0.032406	-0.034983	0.001288
1810	-0.033230	-0.034824	0.000797
1811	-0.033096	-0.034954	0.000929
1812	-0.034765	-0.034328	-0.000219
1813	-0.032680	-0.036036	0.001678
1814	-0.032711	-0.035765	0.001527
1815	-0.033867	-0.035365	0.000749
1816	-0.033043	-0.034663	0.000810
1817	-0.032562	-0.035748	0.001593
1818	-0.033159	-0.034095	0.000468
1819	-0.034868	-0.036075	0.000603
1820	-0.033499	-0.036283	0.001392
1821	-0.035094	-0.035325	0.000116
1822	-0.034985	-0.035907	0.000461
1823	-0.033989	-0.036977	0.001494
1824	-0.033577	-0.036902	0.001663
1825	-0.034449	-0.036813	0.001182
1826	-0.035281	-0.036288	0.000503
1827	-0.035498	-0.038155	0.001328
1828	-0.036407	-0.038137	0.000865
1829	-0.035853	-0.037888	0.001018
1830	-0.037394	-0.038110	0.000358
1831	-0.037900	-0.037617	-0.000141
1832	-0.036031	-0.037635	0.000802
1833	-0.035444	-0.037643	0.001100
1834	-0.037310	-0.037911	0.000301
1835	-0.036311	-0.038408	0.001049
1836	-0.037412	-0.038008	0.000298
1837	-0.037589	-0.038448	0.000430
1838	-0.036117	-0.040299	0.002091
1839	-0.037147	-0.038902	0.000877
1840	-0.037421	-0.038234	0.000407
1841	-0.037532	-0.040925	0.001696
1842	-0.038021	-0.039950	0.000964
1843	-0.036873	-0.039917	0.001522
1844	-0.037993	-0.041280	0.001643
1845	-0.038371	-0.037647	-0.000362
1846	-0.038303	-0.039669	0.000683
1847	-0.039750	-0.041430	0.000840
1848	-0.038784	-0.041058	0.001137
1849	-0.037900	-0.041943	0.002022
1850	-0.039216	-0.040767	0.000776
1851	-0.040069	-0.041696	0.000814
1852	-0.039033	-0.041701	0.001334
1853	-0.040118	-0.042493	0.001188
1854	-0.038253	-0.040761	0.001254
1855	-0.038984	-0.041639	0.001327
1856	-0.040446	-0.041523	0.000539
1857	-0.040068	-0.043720	0.001826
1858	-0.041229	-0.043083	0.000927
1859	-0.042655	-0.041962	-0.000346
1860	-0.042627	-0.043582	0.000478
1861	-0.041306	-0.043135	0.000914
1862	-0.041895	-0.044302	0.001203
1863	-0.042573	-0.043453	0.000440
1864	-0.041254	-0.044851	0.001798
1865	-0.043283	-0.044318	0.000518
1866	-0.042447	-0.044235	0.000894
1867	-0.043335	-0.044726	0.000695
1868	-0.041827	-0.043349	0.000761
1869	-0.042217	-0.042860	0.000321
1870	-0.042894	-0.044445	0.000775
1871	-0.044078	-0.045675	0.000799
1872	-0.042774	-0.045538	0.001382
1873	-0.042463	-0.045400	0.001469
1874	-0.044693	-0.044792	0.000049
1875	-0.043107	-0.045862	0.001378
1876	-0.045527	-0.046487	0.000480
1877	-0.043132	-0.045918	0.001393
1878	-0.044639	-0.045638	0.000499
1879	-0.044728	-0.046874	0.001073
1880	-0.046536	-0.046708	0.000086
1881	-0.046312	-0.046958	0.000323
1882	-0.047354	-0.047275	-0.000040
1883	-0.045388	-0.048324	0.001468
1884	-0.046064	-0.046568	0.000252
1885	-0.047920	-0.049420	0.000750
1886	-0.044444	-0.046883	0.001219
1887	-0.048269	-0.047766	-0.000252
1888	-0.049487	-0.049218	-0.000135
1889	-0.046227	-0.049741	0.001757
1890	-0.048340	-0.049511	0.000585
1891	-0.048963	-0.048965	0.000001
1892	-0.046733	-0.047793	0.000530
1893	-0.049622	-0.050972	0.000675
1894	-0.047055	-0.050263	0.001604
1895	-0.048574	-0.051429	0.001428
1896	-0.049488	-0.052093	0.001303
1897	-0.049246	-0.049957	0.000356
1898	-0.049401	-0.049648	0.000124
1899	-0.049634	-0.053015	0.001691
1900	-0.051448	-0.051630	0.000091
1901	-0.052148	-0.052859	0.000356
1902	-0.051069	-0.051295	0.000113
1903	-0.051950	-0.052065	0.000057
1904	-0.052406	-0.053652	0.000623
1905	-0.051954	-0.052683	0.000365
1906	-0.051838	-0.054092	0.001127
1907	-0.051455	-0.055013	0.001779
1908	-0.051731	-0.054612	0.001441
1909	-0.054712	-0.055065	0.000177
1910	-0.054674	-0.054515	-0.000079
1911	-0.054555	-0.055516	0.000481
1912	-0.053060	-0.057051	0.001995
1913	-0.053767	-0.056137	0.001185
1914	-0.054091	-0.055709	0.000809
1915	-0.054666	-0.056293	0.000814
1916	-0.055336	-0.055885	0.000274
1917	-0.053870	-0.056605	0.001367
1918	-0.054379	-0.055738	0.000680
1919	-0.056026	-0.058673	0.001323
1920	-0.055308	-0.058280	0.001486
1921	-0.059043	-0.057699	-0.000672
1922	-0.057477	-0.057263	-0.000107
1923	-0.058571	-0.057622	-0.000474
1924	-0.060211	-0.058897	-0.000657
1925	-0.056501	-0.059342	0.001421
1926	-0.059000	-0.058697	-0.000151
1927	-0.059514	-0.060697	0.000591
1928	-0.059042	-0.056646	-0.001198
1929	-0.060708	-0.058697	-0.001006
1930	-0.059800	-0.062564	0.001382
1931	-0.060377	-0.061119	0.000371
1932	-0.064033	-0.062428	-0.000802
1933	-0.061256	-0.059617	-0.000820
1934	-0.059962	-0.063869	0.001954
1935	-0.061228	-0.060934	-0.000147
1936	-0.060887	-0.061895	0.000504
1937	-0.064132	-0.062886	-0.000623
1938	-0.062946	-0.061961	-0.000492
1939	-0.063135	-0.064945	0.000905
1940	-0.062173	-0.064445	0.001136
1941	-0.062194	-0.063071	0.000438
1942	-0.063137	-0.062351	-0.000393
1943	-0.062960	-0.066370	0.001705
1944	-0.067027	-0.065217	-0.000905
1945	-0.064290	-0.066806	0.001258
1946	-0.064912	-0.063951	-0.000481
1947	-0.065696	-0.067645	0.000975
1948	-0.065830	-0.065216	-0.000307
1949	-0.064892	-0.067757	0.001433
1950	-0.069389	-0.068040	-0.000674
1951	-0.066525	-0.068488	0.000982
1952	-0.068983	-0.068301	-0.000341
1953	-0.066480	-0.067092	0.000306
1954	-0.066942	-0.070226	0.001642
1955	-0.067594	-0.066355	-0.000620
1956	-0.068859	-0.068571	-0.000144
1957	-0.067440	-0.068145	0.000353
1958	-0.070350	-0.070903	0.000277
1959	-0.070910	-0.070821	-0.000045
1960	-0.069979	-0.070192	0.000106
1961	-0.071281	-0.070344	-0.000469
1962	-0.072975	-0.070027	-0.001474
1963	-0.068685	-0.071747	0.001531
1964	-0.074616	-0.071617	-0.001500
1965	-0.069614	-0.068608	-0.000503
1966	-0.076546	-0.073492	-0.001527
1967	-0.071482	-0.074582	0.001550
1968	-0.071372	-0.077839	0.003233
1969	-0.073079	-0.076524	0.001722
1970	-0.070926	-0.073490	0.001282
1971	-0.074210	-0.072816	-0.000697
1972	-0.075496	-0.075908	0.000206
1973	-0.072032	-0.076298	0.002133
1974	-0.073066	-0.073823	0.000379
1975	-0.078597	-0.074959	-0.001819
1976	-0.078987	-0.073270	-0.002859
1977	-0.080382	-0.076717	-0.001833
1978	-0.076625	-0.080701	0.002038
1979	-0.076942	-0.077384	0.000221
1980	-0.080489	-0.080300	-0.000095
1981	-0.079371	-0.081312	0.000970
1982	-0.083874	-0.080647	-0.001613
1983	-0.080807	-0.081272	0.000233
1984	-0.079714	-0.080140	0.000213
1985	-0.081675	-0.082194	0.000260
1986	-0.079307	-0.085600	0.003146
1987	-0.082548	-0.083439	0.000445
1988	-0.085384	-0.087628	0.001122
1989	-0.085234	-0.084189	-0.000522
1990	-0.083407	-0.085683	0.001138
1991	-0.083084	-0.084837	0.000876
1992	-0.084026	-0.084215	0.000094
1993	-0.086571	-0.086126	-0.000223
1994	-0.092025	-0.087276	-0.002374
1995	-0.087732	-0.086418	-0.000657
1996	-0.088532	-0.087237	-0.000648
1997	-0.089210	-0.089827	0.000309
1998	-0.092788	-0.087395	-0.002696
1999	-0.088324	-0.088277	-0.000024
2000	-0.088714	-0.088057	-0.000329
2001	-0.090206	-0.088284	-0.000961
2002	-0.089883	-0.094944	0.002530
2003	-0.093508	-0.089606	-0.001951
2004	-0.095468	-0.089653	-0.002907
2005	-0.089387	-0.091246	0.000929
2006	-0.090598	-0.094552	0.001977
2007	-0.099340	-0.091080	-0.004130
2008	-0.093319	-0.092227	-0.000546
2009	-0.089693	-0.098434	0.004371
2010	-0.094043	-0.095556	0.000757
2011	-0.093981	-0.098052	0.002035
2012	-0.096238	-0.096307	0.000034
2013	-0.098037	-0.094502	-0.001768
2014	-0.094433	-0.093187	-0.000623
2015	-0.094739	-0.097875	0.001568
2016	-0.094544	-0.097250	0.001353
2017	-0.094622	-0.097839	0.001609
2018	-0.096615	-0.093792	-0.001412
2019	-0.097130	-0.097417	0.000143
2020	-0.093545	-0.094125	0.000290
2021	-0.098813	-0.098470	-0.000172
2022	-0.098161	-0.099466	0.000652
2023	-0.098037	-0.097000	-0.000519
2024	-0.099127	-0.097054	-0.001036
2025	-0.099572	-0.098131	-0.000720
2026	-0.099383	-0.099473	0.000045
2027	-0.102370	-0.101289	-0.000541
2028	-0.101076	-0.100003	-0.000537
2029	-0.103013	-0.098478	-0.002267
2030	-0.102000	-0.103294	0.000647
2031	-0.104184	-0.105192	0.000504
2032	-0.106399	-0.106561	0.000081
2033	-0.096508	-0.103543	0.003517
2034	-0.099075	-0.104545	0.002735
2035	-0.107337	-0.105348	-0.000994
2036	-0.104809	-0.107144	0.001167
2037	-0.107650	-0.108925	0.000638
2038	-0.104700	-0.102254	-0.001223
2039	-0.107719	-0.109045	0.000663
2040	-0.105389	-0.104443	-0.000473
2041	-0.108825	-0.112850	0.002013
2042	-0.106658	-0.107057	0.000200
2043	-0.106366	-0.107552	0.000593
2044	-0.107869	-0.106517	-0.000676
2045	-0.113540	-0.103880	-0.004830
2046	-0.103449	-0.105575	0.001063
2047	-0.104048	-0.105998	0.000975
