0	0.102978	0.102978	0.000000
1	-929406585213470.875000	-929406585213470.875000	0.000000
2	-0.603261	0.152590	-0.377926
3	0.073144	0.008407	0.032369
4	-0.142550	0.490524	-0.316537
5	0.852390	0.216040	0.318175
6	-0.042502	-1.556832	0.757165
7	-0.968645	0.164466	-0.566556
8	-0.119784	-0.318913	0.099565
9	-0.267800	-47.480529	23.606364
10	-0.105765	-0.255821	0.075028
11	0.251085	-0.061007	0.156046
12	-0.155041	-0.031761	-0.061640
13	0.385044	-0.346285	0.365664
14	0.126038	-0.011890	0.068964
15	-0.041773	0.563968	-0.302870
16	0.096671	-0.172876	0.134773
17	0.184201	0.499117	-0.157458
18	-0.354325	0.289227	-0.321776
19	-0.221062	0.170600	-0.195831
20	-0.039699	-0.016105	-0.011797
21	0.130744	0.144361	-0.006809
22	-0.507559	-0.049541	-0.229009
23	0.559653	0.141135	0.209259
24	-0.486799	0.331459	-0.409129
25	-0.180072	0.249723	-0.214897
26	106.409138	-0.140587	53.274862
27	-0.015736	0.497679	-0.256707
28	0.088756	-0.011524	0.050140
29	-0.448697	0.296590	-0.372644
30	-0.126345	0.403737	-0.265041
31	-0.342665	-0.382941	0.020138
32	-0.858263	-0.276446	-0.290909
33	0.108558	2.017405	-0.954423
34	0.221389	-2.432244	1.326817
35	0.489839	-0.181367	0.335603
36	-0.062206	0.253591	-0.157899
37	0.055850	0.388570	-0.166360
38	-0.134148	-0.269803	0.067827
39	0.105570	-0.048625	0.077097
40	-0.025830	0.151801	-0.088815
41	0.584527	0.196910	0.193808
42	0.017585	-0.325774	0.171680
43	0.129645	-0.305364	0.217504
44	0.037670	0.042022	-0.002176
45	-0.896603	-0.550925	-0.172839
46	0.057070	0.063786	-0.003358
47	0.033751	-0.542242	0.287997
48	-0.045622	-0.169399	0.061889
49	-0.092485	0.579880	-0.336182
50	-0.966262	-0.195089	-0.385586
51	-0.194042	-0.689634	0.247796
52	0.129929	0.233184	-0.051628
53	-0.342996	-0.011196	-0.165900
54	0.156086	0.366086	-0.105000
55	-0.462111	0.143440	-0.302776
56	-0.035471	-0.171367	0.067948
57	0.017055	-0.067617	0.042336
58	0.055026	0.062613	-0.003794
59	-0.109252	0.057856	-0.083554
60	-0.058707	0.028184	-0.043446
61	-0.143238	0.033265	-0.088251
62	-0.387424	0.014239	-0.200832
63	-0.323746	0.082223	-0.202985
64	-0.091528	0.066755	-0.079141
65	0.168254	-0.363648	0.265951
66	0.680821	-0.116611	0.398716
67	0.187512	-0.048776	0.118144
68	-0.135448	1.212657	-0.674053
69	-0.074687	-0.008256	-0.033216
70	-0.685415	0.109541	-0.397478
71	-0.156209	0.213144	-0.184677
72	-0.140706	0.006217	-0.073462
73	-5.703361	0.936986	-3.320174
74	0.097880	0.079496	0.009192
75	0.079491	-0.444489	0.261990
76	0.011534	0.006031	0.002751
77	0.036487	0.206004	-0.084758
78	-0.071349	0.042301	-0.056825
79	0.103725	-0.111853	0.107789
80	-0.116833	0.079331	-0.098082
81	-0.132991	-0.017548	-0.057722
82	-0.023513	-0.101523	0.039005
83	-0.033158	-0.133544	0.050193
84	0.146876	0.270894	-0.062009
85	-0.076016	-0.051339	-0.012339
86	0.028269	-0.019254	0.023762
87	0.252745	1.018564	-0.382909
88	0.164147	0.887500	-0.361677
89	-0.029197	0.173373	-0.101285
90	-0.050034	0.024694	-0.037364
91	-0.039965	-0.099527	0.029781
92	0.057463	0.014073	0.021695
93	1.259392	-0.189907	0.724650
94	0.270737	-0.091482	0.181110
95	0.054792	0.078870	-0.012039
96	0.049567	-0.229150	0.139359
97	-0.144038	-0.034120	-0.054959
98	-0.021616	0.057828	-0.039722
99	-0.147832	-0.087213	-0.030309
100	0.008116	-0.036347	0.022232
101	-0.036804	-0.155825	0.059510
102	-0.113822	0.063942	-0.088882
103	0.058395	-0.083189	0.070792
104	-0.059618	0.021578	-0.040598
105	-0.073161	-0.178836	0.052837
106	0.034162	0.055445	-0.010641
107	-0.004822	0.010311	-0.007567
108	-0.011480	-0.021778	0.005149
109	-0.087565	0.045587	-0.066576
110	-0.060439	0.065679	-0.063059
111	-0.086461	-0.073794	-0.006334
112	-0.045288	-0.133485	0.044098
113	0.024424	-0.007242	0.015833
114	-0.099979	-0.003553	-0.048213
115	-0.048464	0.086566	-0.067515
116	0.050875	-0.105213	0.078044
117	0.019053	0.022635	-0.001791
118	0.035919	-0.011357	0.023638
119	0.022430	0.109903	-0.043737
120	-0.015680	-0.003244	-0.006218
121	0.040065	-0.059671	0.049868
122	0.016417	-0.047888	0.032153
123	-0.049917	0.037807	-0.043862
124	-0.088301	-0.102041	0.006870
125	-0.047981	-0.005638	-0.021171
126	-0.021842	-0.043503	0.010830
127	-0.014908	-0.043003	0.014048
128	-0.064197	-0.010563	-0.026817
129	-0.158610	-0.023752	-0.067429
130	-0.082759	-0.010672	-0.036043
131	0.000438	-0.007164	0.003801
132	-0.049380	-0.025720	-0.011830
133	-0.109609	-0.043801	-0.032904
134	0.026679	-0.016057	0.021368
135	-0.000036	-0.014687	0.007326
136	-0.003697	-0.029860	0.013082
137	-0.105981	-0.093621	-0.006180
138	-0.027982	0.012542	-0.020262
139	-0.097650	-0.009821	-0.043915
140	0.028409	-0.020515	0.024462
141	-0.037316	-0.017714	-0.009801
142	-0.053267	-0.036398	-0.008434
143	-0.020177	-0.002032	-0.009073
144	-0.049595	-0.130677	0.040541
145	-0.086174	-0.001574	-0.042300
146	-0.032555	-0.046902	0.007174
147	-0.031535	-0.018015	-0.006760
148	-0.053751	-0.065918	0.006084
149	-0.054611	-0.017684	-0.018463
150	-0.007630	0.017540	-0.012585
151	-0.041941	-0.037304	-0.002319
152	0.013263	-0.000638	0.006951
153	-0.049583	-0.006891	-0.021346
154	0.027442	-0.018403	0.022923
155	0.017701	0.012673	0.002514
156	-0.012484	-0.016462	0.001989
157	-0.020303	-0.031217	0.005457
158	-0.062264	-0.024771	-0.018746
159	-0.022731	-0.030088	0.003679
160	-0.032496	-0.043498	0.005501
161	-0.026584	-0.043581	0.008498
162	-0.013286	-0.026786	0.006750
163	-0.017924	-0.036920	0.009498
164	0.011375	0.015212	-0.001918
165	-0.018125	-0.049341	0.015608
166	-0.017476	-0.025372	0.003948
167	0.011316	-0.067607	0.039461
168	-0.014010	-0.041957	0.013973
169	0.003151	-0.028747	0.015949
170	-0.032612	-0.024876	-0.003868
171	0.001555	-0.037310	0.019432
172	-0.000179	-0.044731	0.022276
173	0.012921	-0.001916	0.007419
174	0.017313	-0.006709	0.012011
175	-0.021644	-0.025690	0.002023
176	0.010705	-0.031265	0.020985
177	-0.019921	0.006625	-0.013273
178	-0.000010	-0.011031	0.005510
179	-0.003870	-0.014750	0.005440
180	0.012162	-0.010161	0.011161
181	0.006862	0.002096	0.002383
182	-0.005939	0.009659	-0.007799
183	-0.001022	-0.006920	0.002949
184	-0.005001	-0.014070	0.004535
185	-0.003548	-0.028589	0.012521
186	-0.021860	-0.016854	-0.002503
187	0.003152	-0.023395	0.013273
188	-0.016813	-0.035664	0.009425
189	0.002283	-0.011967	0.007125
190	-0.027617	-0.023690	-0.001964
191	0.001254	-0.031020	0.016137
192	0.003455	-0.030367	0.016911
193	-0.014090	-0.021452	0.003681
194	-0.004887	-0.024386	0.009750
195	-0.002941	-0.023852	0.010455
196	-0.015736	-0.000287	-0.007724
197	-0.014567	0.002901	-0.008734
198	0.011094	-0.010459	0.010777
199	0.001393	-0.001389	0.001391
200	-0.013954	-0.026976	0.006511
201	0.010434	-0.014787	0.012610
202	-0.019429	0.004505	-0.011967
203	-0.011194	0.004890	-0.008042
204	-0.022157	-0.015351	-0.003403
205	-0.011738	0.004118	-0.007928
206	-0.003843	0.000358	-0.002100
207	-0.005611	-0.013576	0.003982
208	-0.015275	-0.018625	0.001675
209	0.013894	-0.011229	0.012561
210	0.009535	0.008747	0.000394
211	-0.008204	-0.001149	-0.003527
212	0.009862	0.020158	-0.005148
213	0.000089	0.009208	-0.004559
214	-0.000068	0.000196	-0.000132
215	0.007566	0.006015	0.000776
216	-0.001665	0.000493	-0.001079
217	-0.014986	0.006073	-0.010530
218	0.009098	-0.003580	0.006339
219	-0.003384	0.022359	-0.012871
220	0.001442	0.009934	-0.004246
221	0.016159	0.000498	0.007831
222	0.000818	0.008063	-0.003623
223	-0.007487	0.007841	-0.007664
224	-0.002259	-0.014654	0.006198
225	0.005289	0.003548	0.000871
226	0.017816	0.001409	0.008204
227	0.002166	0.001368	0.000399
228	-0.017789	0.013387	-0.015588
229	-0.013958	0.011129	-0.012543
230	-0.011433	-0.011206	-0.000113
231	-0.013997	0.012555	-0.013276
232	-0.007214	0.011623	-0.009418
233	-0.009686	0.010171	-0.009929
234	-0.016564	-0.002464	-0.007050
235	-0.007083	0.005456	-0.006270
236	-0.014802	0.036048	-0.025425
237	-0.010128	0.005633	-0.007880
238	-0.018573	0.007964	-0.013268
239	-0.003878	-0.000870	-0.001504
240	-0.004583	0.001239	-0.002911
241	-0.014171	0.005611	-0.009891
242	-0.022277	0.015898	-0.019088
243	-0.026268	0.000952	-0.013610
244	-0.012745	0.024913	-0.018829
245	-0.014824	0.016336	-0.015580
246	-0.025527	0.018547	-0.022037
247	-0.016598	0.018338	-0.017468
248	-0.008494	0.011336	-0.009915
249	-0.000169	0.017248	-0.008709
250	-0.007704	0.001798	-0.004751
251	-0.008706	0.017034	-0.012870
252	-0.005840	0.008184	-0.007012
253	-0.018409	0.019608	-0.019008
254	-0.013787	0.014523	-0.014155
255	-0.026026	0.018006	-0.022016
256	-0.022365	0.015588	-0.018976
257	-0.021253	0.011394	-0.016324
258	-0.020781	0.019458	-0.020119
259	-0.027296	0.021554	-0.024425
260	-0.024365	0.013589	-0.018977
261	-0.020462	0.025921	-0.023191
262	-0.026408	0.029394	-0.027901
263	-0.016058	0.023643	-0.019851
264	-0.031934	0.018636	-0.025285
265	-0.031625	0.024602	-0.028114
266	-0.034977	0.019761	-0.027369
267	-0.033093	0.019144	-0.026118
268	-0.029483	0.023864	-0.026674
269	-0.033638	0.022019	-0.027828
270	-0.015845	0.037266	-0.026555
271	-0.030336	0.024512	-0.027424
272	-0.020567	0.030068	-0.025317
273	-0.035367	0.029417	-0.032392
274	-0.034506	0.015399	-0.024952
275	-0.039649	0.032847	-0.036248
276	-0.033277	0.021800	-0.027539
277	-0.029386	0.021049	-0.025217
278	-0.033385	0.037396	-0.035390
279	-0.026524	0.035892	-0.031208
280	-0.039645	0.029677	-0.034661
281	-0.042897	0.025732	-0.034315
282	-0.035125	0.028922	-0.032023
283	-0.035768	0.030729	-0.033248
284	-0.035494	0.015103	-0.025298
285	-0.045813	0.031171	-0.038492
286	-0.032924	0.023628	-0.028276
287	-0.035265	0.031166	-0.033215
288	-0.032175	0.025575	-0.028875
289	-0.035277	0.032912	-0.034094
290	-0.026992	0.030669	-0.028831
291	-0.026329	0.021509	-0.023919
292	-0.018275	0.031031	-0.024653
293	-0.030176	0.035362	-0.032769
294	-0.034543	0.034091	-0.034317
295	-0.032478	0.027539	-0.030009
296	-0.035253	0.033537	-0.034395
297	-0.034535	0.039495	-0.037015
298	-0.039919	0.030998	-0.035458
299	-0.046757	0.027339	-0.037048
300	-0.034480	0.021221	-0.027850
301	-0.033216	0.028830	-0.031023
302	-0.038846	0.032628	-0.035737
303	-0.041095	0.038045	-0.039570
304	-0.034748	0.036031	-0.035389
305	-0.037081	0.026476	-0.031779
306	-0.035411	0.026990	-0.031200
307	-0.043306	0.033821	-0.038563
308	-0.032329	0.027593	-0.029961
309	-0.032689	0.029971	-0.031330
310	-0.032133	0.036849	-0.034491
311	-0.034812	0.031389	-0.033100
312	-0.047885	0.027547	-0.037716
313	-0.038314	0.026859	-0.032587
314	-0.033253	0.040044	-0.036648
315	-0.040450	0.024637	-0.032543
316	-0.049284	0.045454	-0.047369
317	-0.035437	0.024082	-0.029760
318	-0.046180	0.030650	-0.038415
319	-0.036084	0.030702	-0.033393
320	-0.035792	0.024179	-0.029986
321	-0.034705	0.033531	-0.034118
322	-0.035904	0.033158	-0.034531
323	-0.039982	0.033074	-0.036528
324	-0.040269	0.023990	-0.032130
325	-0.040617	0.026576	-0.033596
326	-0.036542	0.033397	-0.034970
327	-0.034978	0.031075	-0.033027
328	-0.037529	0.027430	-0.032479
329	-0.047244	0.028476	-0.037860
330	-0.039031	0.032866	-0.035949
331	-0.039692	0.030665	-0.035178
332	-0.044104	0.024840	-0.034472
333	-0.035264	0.028359	-0.031811
334	-0.037066	0.028403	-0.032735
335	-0.038573	0.026223	-0.032398
336	-0.038542	0.033975	-0.036259
337	-0.038139	0.037962	-0.038050
338	-0.032976	0.031630	-0.032303
339	-0.042308	0.026741	-0.034525
340	-0.035372	0.028619	-0.031995
341	-0.035908	0.024782	-0.030345
342	-0.034221	0.037879	-0.036050
343	-0.036357	0.037795	-0.037076
344	-0.037981	0.032932	-0.035457
345	-0.034452	0.023150	-0.028801
346	-0.034920	0.029689	-0.032305
347	-0.034019	0.026572	-0.030295
348	-0.036070	0.028535	-0.032303
349	-0.038380	0.033656	-0.036018
350	-0.027132	0.029345	-0.028238
351	-0.040051	0.025445	-0.032748
352	-0.036946	0.022314	-0.029630
353	-0.040515	0.035448	-0.037981
354	-0.033233	0.020962	-0.027097
355	-0.040623	0.023069	-0.031846
356	-0.033704	0.020337	-0.027020
357	-0.036160	0.023979	-0.030069
358	-0.029883	0.031109	-0.030496
359	-0.037434	0.025540	-0.031487
360	-0.040484	0.026992	-0.033738
361	-0.043526	0.019443	-0.031484
362	-0.037397	0.025203	-0.031300
363	-0.039904	0.027080	-0.033492
364	-0.033567	0.026214	-0.029891
365	-0.032924	0.031637	-0.032280
366	-0.026361	0.016673	-0.021517
367	-0.037346	0.027240	-0.032293
368	-0.030294	0.023773	-0.027034
369	-0.030200	0.024265	-0.027233
370	-0.036059	0.023074	-0.029567
371	-0.033007	0.022969	-0.027988
372	-0.033305	0.026386	-0.029845
373	-0.039062	0.026766	-0.032914
374	-0.030942	0.024150	-0.027546
375	-0.034768	0.017081	-0.025924
376	-0.032005	0.023746	-0.027875
377	-0.030410	0.018974	-0.024692
378	-0.038462	0.015404	-0.026933
379	-0.035328	0.015981	-0.025654
380	-0.033997	0.020013	-0.027005
381	-0.035303	0.021543	-0.028423
382	-0.037596	0.025561	-0.031579
383	-0.030073	0.021593	-0.025833
384	-0.034228	0.023683	-0.028955
385	-0.028794	0.021093	-0.024944
386	-0.030390	0.020464	-0.025427
387	-0.026488	0.018100	-0.022294
388	-0.030821	0.016836	-0.023829
389	-0.030248	0.016046	-0.023147
390	-0.033542	0.019761	-0.026652
391	-0.030308	0.011949	-0.021128
392	-0.031507	0.013446	-0.022476
393	-0.025788	0.019053	-0.022421
394	-0.033282	0.018996	-0.026139
395	-0.030364	0.017494	-0.023929
396	-0.031023	0.017236	-0.024129
397	-0.036011	0.018249	-0.027130
398	-0.030911	0.020652	-0.025781
399	-0.028914	0.018747	-0.023831
400	-0.037448	0.020402	-0.028925
401	-0.024877	0.014554	-0.019716
402	-0.028911	0.017713	-0.023312
403	-0.026427	0.021626	-0.024027
404	-0.027951	0.017274	-0.022613
405	-0.024758	0.015856	-0.020307
406	-0.022683	0.014217	-0.018450
407	-0.022714	0.017812	-0.020263
408	-0.030223	0.010851	-0.020537
409	-0.028514	0.012790	-0.020652
410	-0.030621	0.008798	-0.019709
411	-0.022981	0.014595	-0.018788
412	-0.028093	0.023696	-0.025894
413	-0.026010	0.016967	-0.021489
414	-0.026728	0.017730	-0.022229
415	-0.023628	0.012184	-0.017906
416	-0.025728	0.016834	-0.021281
417	-0.025336	0.013647	-0.019491
418	-0.026325	0.015974	-0.021150
419	-0.023804	0.012702	-0.018253
420	-0.021152	0.018825	-0.019988
421	-0.022106	0.014087	-0.018097
422	-0.025445	0.009793	-0.017619
423	-0.027512	0.013034	-0.020273
424	-0.023285	0.016155	-0.019720
425	-0.027082	0.014975	-0.021028
426	-0.022503	0.012526	-0.017515
427	-0.024851	0.013904	-0.019377
428	-0.024114	0.016758	-0.020436
429	-0.018697	0.009579	-0.014138
430	-0.024447	0.014069	-0.019258
431	-0.020092	0.012961	-0.016527
432	-0.019655	0.011803	-0.015729
433	-0.022509	0.005649	-0.014079
434	-0.023394	0.018050	-0.020722
435	-0.028195	0.008763	-0.018479
436	-0.023128	0.009159	-0.016144
437	-0.021298	0.003427	-0.012363
438	-0.021636	0.012988	-0.017312
439	-0.022340	0.011754	-0.017047
440	-0.024567	0.010878	-0.017723
441	-0.019035	0.008401	-0.013718
442	-0.022883	0.007705	-0.015294
443	-0.019107	0.007520	-0.013314
444	-0.015921	0.008918	-0.012419
445	-0.016387	0.007019	-0.011703
446	-0.018752	0.006923	-0.012837
447	-0.015176	0.004263	-0.009720
448	-0.019480	-0.000584	-0.009448
449	-0.022293	0.002290	-0.012292
450	-0.021836	0.006374	-0.014105
451	-0.015728	0.004490	-0.010109
452	-0.014791	0.009293	-0.012042
453	-0.015624	0.006240	-0.010932
454	-0.013394	0.005046	-0.009220
455	-0.015569	0.004899	-0.010234
456	-0.021481	-0.002383	-0.009549
457	-0.011543	0.004983	-0.008263
458	-0.014991	0.003738	-0.009365
459	-0.010907	-0.002641	-0.004133
460	-0.017906	0.000791	-0.009348
461	-0.017062	0.001034	-0.009048
462	-0.010768	-0.002776	-0.003996
463	-0.016474	-0.002187	-0.007143
464	-0.012010	0.005802	-0.008906
465	-0.015071	-0.003039	-0.006016
466	-0.012811	0.000573	-0.006692
467	-0.017421	0.006039	-0.011730
468	-0.014274	0.001939	-0.008106
469	-0.016565	0.002310	-0.009438
470	-0.011949	-0.004409	-0.003770
471	-0.010740	-0.002560	-0.004090
472	-0.010049	-0.002239	-0.003905
473	-0.009598	-0.001308	-0.004145
474	-0.012722	0.002316	-0.007519
475	-0.003615	-0.008399	0.002392
476	-0.005947	0.002098	-0.004022
477	-0.014011	-0.004154	-0.004929
478	-0.008800	-0.007432	-0.000684
479	-0.009349	-0.003940	-0.002705
480	-0.007128	-0.001444	-0.002842
481	-0.013232	-0.007096	-0.003068
482	-0.007872	-0.009180	0.000654
483	-0.010480	0.000403	-0.005441
484	-0.008738	-0.007609	-0.000565
485	-0.008810	-0.004193	-0.002309
486	-0.004943	-0.007127	0.001092
487	-0.009010	-0.005605	-0.001703
488	-0.009829	-0.006598	-0.001615
489	-0.013306	-0.002096	-0.005605
490	-0.011899	-0.005969	-0.002965
491	-0.010328	-0.007483	-0.001422
492	-0.002275	-0.010086	0.003905
493	-0.006332	-0.005811	-0.000260
494	-0.012381	-0.005924	-0.003229
495	-0.008478	-0.004964	-0.001757
496	-0.006913	-0.014595	0.003841
497	-0.007212	-0.004183	-0.001514
498	-0.012663	-0.008282	-0.002190
499	-0.011905	-0.008950	-0.001478
500	-0.004785	-0.008283	0.001749
501	-0.003711	-0.009698	0.002993
502	-0.004517	-0.008765	0.002124
503	-0.003284	-0.005652	0.001184
504	-0.005547	-0.011882	0.003168
505	-0.006868	-0.009717	0.001424
506	-0.000546	-0.010539	0.004997
507	-0.005917	-0.014687	0.004385
508	-0.003668	-0.014582	0.005457
509	-0.008150	-0.011873	0.001862
510	-0.000229	-0.014048	0.006909
511	-0.007004	-0.015456	0.004226
512	-0.006301	-0.010519	0.002109
513	-0.003546	-0.010991	0.003722
514	-0.005792	-0.015591	0.004899
515	-0.001513	-0.011595	0.005041
516	0.000217	-0.012519	0.006368
517	-0.003937	-0.013293	0.004678
518	-0.005274	-0.009735	0.002230
519	-0.006764	-0.010559	0.001897
520	-0.000921	-0.022682	0.010881
521	-0.006185	-0.014302	0.004058
522	-0.004423	-0.011116	0.003347
523	0.001570	-0.014293	0.007932
524	-0.001585	-0.013185	0.005800
525	-0.003058	-0.012149	0.004545
526	-0.004337	-0.010449	0.003056
527	-0.004398	-0.013455	0.004529
528	-0.005488	-0.010941	0.002727
529	-0.006187	-0.016798	0.005305
530	-0.001057	-0.017402	0.008172
531	-0.004903	-0.013483	0.004290
532	-0.001377	-0.002402	0.000512
533	-0.000205	-0.016407	0.008101
534	-0.000682	-0.013977	0.006648
535	-0.007150	-0.012987	0.002918
536	0.002079	-0.012821	0.007450
537	-0.007289	-0.012939	0.002825
538	-0.004047	-0.014643	0.005298
539	0.004842	-0.012392	0.008617
540	-0.002589	-0.012822	0.005117
541	-0.005862	-0.015821	0.004980
542	0.000242	-0.012304	0.006273
543	0.001112	-0.015366	0.008239
544	-0.004973	-0.008169	0.001598
545	-0.003315	-0.017949	0.007317
546	-0.001095	-0.017395	0.008150
547	-0.000675	-0.014703	0.007014
548	0.001332	-0.017287	0.009309
549	-0.005544	-0.009080	0.001768
550	-0.000699	-0.013885	0.006593
551	-0.004557	-0.018849	0.007146
552	-0.004293	-0.015205	0.005456
553	0.002598	-0.015703	0.009150
554	-0.001179	-0.016072	0.007446
555	-0.002791	-0.013831	0.005520
556	0.002616	-0.014818	0.008717
557	-0.003001	-0.015200	0.006100
558	-0.000429	-0.012543	0.006057
559	-0.004775	-0.009828	0.002526
560	-0.002842	-0.011594	0.004376
561	-0.004837	-0.012772	0.003968
562	0.000618	-0.009337	0.004978
563	-0.005402	-0.009583	0.002090
564	0.001126	-0.012734	0.006930
565	-0.001402	-0.008836	0.003717
566	-0.001365	-0.007387	0.003011
567	-0.007964	-0.009915	0.000975
568	-0.001935	-0.009327	0.003696
569	-0.004134	-0.014053	0.004959
570	-0.008390	-0.010079	0.000844
571	-0.002548	-0.011600	0.004526
572	-0.005502	-0.009181	0.001839
573	-0.001095	-0.010552	0.004728
574	-0.007941	-0.008225	0.000142
575	-0.007955	-0.006240	-0.000857
576	-0.002903	-0.012326	0.004712
577	-0.006522	-0.008462	0.000970
578	-0.003364	-0.005831	0.001233
579	-0.001899	-0.010699	0.004400
580	-0.004769	-0.014629	0.004930
581	-0.005604	-0.010653	0.002525
582	-0.004374	-0.012826	0.004226
583	-0.005789	-0.008638	0.001425
584	-0.008498	-0.006109	-0.001195
585	-0.005113	-0.003447	-0.000833
586	-0.006619	-0.011014	0.002198
587	-0.008895	-0.007046	-0.000925
588	-0.008982	-0.008516	-0.000233
589	-0.004682	-0.008141	0.001729
590	-0.010725	-0.008819	-0.000953
591	-0.012923	-0.006179	-0.003372
592	-0.007330	-0.004210	-0.001560
593	-0.011037	-0.007463	-0.001787
594	-0.012003	-0.007294	-0.002355
595	-0.015048	-0.007010	-0.004019
596	-0.017719	-0.003031	-0.007344
597	-0.015044	-0.004602	-0.005221
598	-0.014715	-0.003611	-0.005552
599	-0.008772	-0.002465	-0.003153
600	-0.011352	-0.001931	-0.004710
601	-0.008611	-0.008923	0.000156
602	-0.012041	-0.009677	-0.001182
603	-0.008145	-0.003712	-0.002217
604	-0.015130	-0.000978	-0.007076
605	-0.015480	0.004359	-0.009920
606	-0.009836	-0.005365	-0.002236
607	-0.014565	0.001182	-0.007874
608	-0.015533	0.000382	-0.007958
609	-0.016090	-0.008363	-0.003863
610	-0.011238	-0.000957	-0.005141
611	-0.013570	0.002328	-0.007949
612	-0.010382	0.001401	-0.005891
613	-0.011409	-0.002808	-0.004301
614	-0.016339	0.001824	-0.009082
615	-0.015625	-0.001498	-0.007063
616	-0.018382	-0.003992	-0.007195
617	-0.015791	0.003145	-0.009468
618	-0.013669	0.002863	-0.008266
619	-0.013433	0.000104	-0.006768
620	-0.017035	-0.001747	-0.007644
621	-0.013758	0.001620	-0.007689
622	-0.016051	-0.005062	-0.005494
623	-0.018367	0.002431	-0.010399
624	-0.016593	0.003407	-0.010000
625	-0.020208	0.001670	-0.010939
626	-0.011732	0.005697	-0.008715
627	-0.016294	0.002775	-0.009535
628	-0.015232	-0.001767	-0.006733
629	-0.017852	0.000923	-0.009388
630	-0.008397	0.001064	-0.004731
631	-0.017555	-0.000428	-0.008563
632	-0.011489	0.002688	-0.007089
633	-0.017397	0.007469	-0.012433
634	-0.022063	0.002021	-0.012042
635	-0.015365	0.000507	-0.007936
636	-0.017617	0.001846	-0.009732
637	-0.016802	0.002107	-0.009455
638	-0.016114	0.006179	-0.011147
639	-0.014355	-0.000231	-0.007062
640	-0.018044	0.002892	-0.010468
641	-0.016362	0.004194	-0.010278
642	-0.018042	0.000765	-0.009403
643	-0.018312	0.007782	-0.013047
644	-0.017947	0.005215	-0.011581
645	-0.019043	0.003709	-0.011376
646	-0.021402	0.004816	-0.013109
647	-0.018803	0.002790	-0.010797
648	-0.017461	0.001311	-0.009386
649	-0.016790	0.003052	-0.009921
650	-0.018107	0.001945	-0.010026
651	-0.020338	0.006654	-0.013496
652	-0.020934	0.003055	-0.011995
653	-0.018033	0.002495	-0.010264
654	-0.019045	0.006451	-0.012748
655	-0.019656	0.003777	-0.011717
656	-0.019851	0.004669	-0.012260
657	-0.018498	0.004707	-0.011602
658	-0.016172	0.002807	-0.009490
659	-0.019386	0.001747	-0.010567
660	-0.017604	0.003454	-0.010529
661	-0.017957	0.004599	-0.011278
662	-0.016816	0.005379	-0.011098
663	-0.016950	0.002808	-0.009879
664	-0.017655	0.002902	-0.010279
665	-0.018539	0.002817	-0.010678
666	-0.018186	0.004265	-0.011226
667	-0.016708	0.002668	-0.009688
668	-0.015432	0.004106	-0.009769
669	-0.018543	0.003581	-0.011062
670	-0.016964	0.002432	-0.009698
671	-0.017148	0.002588	-0.009868
672	-0.017345	0.003649	-0.010497
673	-0.017097	0.002907	-0.010002
674	-0.017680	0.002300	-0.009990
675	-0.016507	0.000967	-0.008737
676	-0.017025	0.001941	-0.009483
677	-0.016413	0.003277	-0.009845
678	-0.016552	0.003332	-0.009942
679	-0.014754	0.002513	-0.008634
680	-0.016979	0.000795	-0.008887
681	-0.015782	0.000684	-0.008233
682	-0.014669	0.000359	-0.007514
683	-0.014063	0.000788	-0.007425
684	-0.016756	-0.000195	-0.008281
685	-0.016197	0.001525	-0.008861
686	-0.013497	-0.000949	-0.006274
687	-0.013957	0.000856	-0.007407
688	-0.014973	-0.000032	-0.007471
689	-0.013744	-0.000699	-0.006523
690	-0.013671	-0.000895	-0.006388
691	-0.012133	-0.001333	-0.005400
692	-0.013550	-0.001242	-0.006154
693	-0.013298	-0.002552	-0.005373
694	-0.012802	-0.001055	-0.005873
695	-0.013423	-0.001691	-0.005866
696	-0.012038	-0.001497	-0.005270
697	-0.011455	-0.001324	-0.005065
698	-0.011669	-0.001507	-0.005081
699	-0.010748	-0.003550	-0.003599
700	-0.011853	-0.002551	-0.004651
701	-0.010926	-0.002644	-0.004141
702	-0.009948	-0.003344	-0.003302
703	-0.010066	-0.003753	-0.003157
704	-0.010554	-0.004410	-0.003072
705	-0.009492	-0.004143	-0.002674
706	-0.009904	-0.004139	-0.002883
707	-0.009457	-0.005078	-0.002189
708	-0.008888	-0.005061	-0.001913
709	-0.008290	-0.005442	-0.001424
710	-0.008352	-0.006088	-0.001132
711	-0.008692	-0.005565	-0.001563
712	-0.008038	-0.006018	-0.001010
713	-0.006981	-0.005801	-0.000590
714	-0.007712	-0.006705	-0.000503
715	-0.007574	-0.007188	-0.000193
716	-0.006577	-0.007011	0.000217
717	-0.006133	-0.007936	0.000902
718	-0.005629	-0.006613	0.000492
719	-0.006257	-0.007619	0.000681
720	-0.005710	-0.008103	0.001196
721	-0.004864	-0.009068	0.002102
722	-0.004879	-0.009668	0.002394
723	-0.004968	-0.009802	0.002417
724	-0.003731	-0.009878	0.003074
725	-0.003254	-0.010090	0.003418
726	-0.003550	-0.010430	0.003440
727	-0.003365	-0.011172	0.003904
728	-0.002453	-0.010550	0.004048
729	-0.002015	-0.011487	0.004736
730	-0.002043	-0.012187	0.005072
731	-0.002296	-0.012475	0.005090
732	-0.001432	-0.012104	0.005336
733	-0.000228	-0.012965	0.006369
734	-0.000161	-0.013267	0.006553
735	-0.000322	-0.012968	0.006323
736	-0.000680	-0.014067	0.006693
737	0.000793	-0.014333	0.007563
738	-0.000704	-0.015274	0.007285
739	0.000494	-0.015151	0.007822
740	0.000591	-0.014934	0.007762
741	0.001440	-0.015467	0.008454
742	0.002254	-0.015449	0.008852
743	0.001772	-0.015576	0.008674
744	0.002114	-0.016013	0.009063
745	0.002992	-0.016372	0.009682
746	0.002564	-0.016928	0.009746
747	0.003721	-0.017971	0.010846
748	0.003671	-0.017835	0.010753
749	0.003957	-0.017808	0.010883
750	0.003860	-0.018669	0.011264
751	0.004003	-0.018608	0.011305
752	0.003424	-0.019706	0.011565
753	0.005199	-0.019755	0.012477
754	0.005702	-0.019653	0.012677
755	0.006056	-0.020725	0.013390
756	0.006775	-0.020751	0.013763
757	0.006814	-0.020435	0.013624
758	0.007595	-0.021503	0.014549
759	0.008169	-0.022391	0.015280
760	0.007519	-0.022441	0.014980
761	0.007578	-0.022460	0.015019
762	0.008501	-0.022633	0.015567
763	0.008702	-0.023083	0.015892
764	0.009465	-0.023603	0.016534
765	0.009870	-0.023920	0.016895
766	0.009564	-0.023751	0.016657
767	0.010468	-0.024652	0.017560
768	0.010648	-0.024866	0.017757
769	0.011061	-0.025964	0.018513
770	0.011674	-0.025603	0.018638
771	0.011720	-0.026991	0.019355
772	0.012285	-0.027062	0.019674
773	0.012121	-0.026943	0.019532
774	0.012504	-0.027058	0.019781
775	0.013218	-0.027315	0.020267
776	0.013479	-0.028542	0.021010
777	0.014081	-0.028445	0.021263
778	0.014253	-0.028846	0.021550
779	0.014402	-0.029152	0.021777
780	0.014942	-0.029424	0.022183
781	0.015497	-0.029973	0.022735
782	0.015751	-0.030385	0.023068
783	0.016383	-0.030762	0.023573
784	0.016804	-0.030945	0.023874
785	0.016911	-0.032086	0.024498
786	0.017702	-0.032145	0.024923
787	0.017428	-0.032839	0.025133
788	0.017747	-0.032624	0.025185
789	0.018580	-0.033580	0.026080
790	0.018661	-0.033847	0.026254
791	0.019440	-0.033578	0.026509
792	0.019962	-0.034822	0.027392
793	0.020406	-0.034777	0.027591
794	0.020273	-0.035119	0.027696
795	0.020959	-0.035717	0.028338
796	0.021171	-0.036031	0.028601
797	0.021689	-0.036290	0.028989
798	0.022417	-0.037057	0.029737
799	0.022029	-0.037426	0.029728
800	0.022963	-0.037904	0.030433
801	0.023294	-0.038081	0.030688
802	0.023780	-0.038489	0.031135
803	0.024181	-0.039308	0.031745
804	0.024562	-0.039377	0.031969
805	0.024949	-0.040194	0.032572
806	0.025363	-0.039917	0.032640
807	0.025927	-0.041089	0.033508
808	0.026338	-0.041284	0.033811
809	0.026849	-0.041753	0.034301
810	0.027065	-0.042287	0.034676
811	0.026935	-0.042271	0.034603
812	0.027660	-0.042683	0.035172
813	0.028054	-0.042852	0.035453
814	0.028536	-0.043712	0.036124
815	0.028614	-0.043999	0.036306
816	0.029077	-0.044349	0.036713
817	0.030011	-0.044668	0.037339
818	0.029758	-0.044876	0.037317
819	0.030193	-0.045289	0.037741
820	0.030587	-0.045863	0.038225
821	0.031223	-0.045901	0.038562
822	0.030877	-0.046513	0.038695
823	0.031310	-0.047007	0.039159
824	0.031606	-0.047208	0.039407
825	0.032270	-0.047655	0.039963
826	0.032476	-0.047604	0.040040
827	0.032751	-0.047784	0.040268
828	0.033059	-0.048397	0.040728
829	0.033410	-0.048166	0.040788
830	0.033342	-0.049205	0.041273
831	0.033886	-0.048951	0.041418
832	0.034160	-0.048984	0.041572
833	0.034311	-0.050366	0.042339
834	0.034466	-0.049806	0.042136
835	0.034593	-0.050664	0.042628
836	0.035229	-0.050818	0.043023
837	0.035341	-0.051099	0.043220
838	0.035891	-0.051654	0.043772
839	0.035460	-0.051747	0.043604
840	0.036916	-0.051759	0.044337
841	0.037073	-0.052219	0.044646
842	0.036621	-0.052402	0.044512
843	0.037244	-0.052610	0.044927
844	0.037084	-0.053308	0.045196
845	0.037161	-0.052834	0.044997
846	0.038058	-0.053589	0.045823
847	0.037801	-0.053688	0.045744
848	0.038989	-0.053707	0.046348
849	0.038947	-0.054163	0.046555
850	0.038512	-0.054211	0.046361
851	0.039383	-0.054814	0.047098
852	0.039163	-0.054516	0.046840
853	0.039553	-0.054556	0.047055
854	0.039621	-0.055326	0.047474
855	0.039729	-0.055775	0.047752
856	0.039950	-0.056072	0.048011
857	0.039997	-0.055853	0.047925
858	0.040145	-0.055778	0.047962
859	0.040625	-0.055937	0.048281
860	0.040629	-0.056840	0.048735
861	0.040577	-0.057123	0.048850
862	0.041193	-0.057103	0.049148
863	0.041474	-0.056783	0.049129
864	0.041843	-0.057331	0.049587
865	0.041883	-0.058125	0.050004
866	0.042218	-0.057949	0.050084
867	0.042795	-0.057858	0.050327
868	0.042789	-0.058401	0.050595
869	0.042944	-0.058236	0.050590
870	0.042766	-0.058341	0.050553
871	0.043241	-0.058945	0.051093
872	0.043019	-0.058850	0.050934
873	0.043227	-0.059243	0.051235
874	0.043291	-0.058767	0.051029
875	0.043608	-0.059556	0.051582
876	0.043821	-0.059604	0.051712
877	0.043954	-0.059738	0.051846
878	0.043849	-0.059786	0.051818
879	0.044245	-0.060465	0.052355
880	0.044838	-0.060063	0.052450
881	0.044260	-0.060051	0.052155
882	0.044535	-0.060280	0.052407
883	0.045440	-0.060630	0.053035
884	0.045039	-0.060643	0.052841
885	0.044896	-0.061072	0.052984
886	0.044582	-0.060718	0.052650
887	0.045015	-0.060839	0.052927
888	0.045211	-0.061125	0.053168
889	0.045462	-0.060922	0.053192
890	0.045698	-0.060701	0.053200
891	0.045035	-0.060804	0.052920
892	0.045133	-0.060550	0.052841
893	0.045173	-0.060849	0.053011
894	0.044758	-0.061073	0.052915
895	0.044527	-0.060697	0.052612
896	0.044679	-0.061013	0.052846
897	0.044530	-0.060574	0.052552
898	0.044879	-0.060588	0.052733
899	0.045453	-0.060306	0.052880
900	0.045135	-0.060474	0.052804
901	0.043761	-0.060319	0.052040
902	0.044311	-0.059964	0.052137
903	0.044194	-0.060466	0.052330
904	0.043962	-0.060485	0.052223
905	0.043891	-0.059961	0.051926
906	0.043861	-0.060003	0.051932
907	0.043649	-0.059156	0.051403
908	0.043794	-0.059115	0.051454
909	0.043399	-0.058495	0.050947
910	0.042640	-0.058726	0.050683
911	0.042215	-0.058697	0.050456
912	0.042508	-0.058130	0.050319
913	0.042441	-0.058440	0.050440
914	0.042317	-0.058536	0.050426
915	0.042130	-0.057858	0.049994
916	0.041587	-0.058325	0.049956
917	0.041251	-0.057409	0.049330
918	0.041586	-0.057502	0.049544
919	0.040967	-0.057228	0.049097
920	0.040382	-0.056810	0.048596
921	0.040671	-0.055991	0.048331
922	0.040449	-0.054962	0.047705
923	0.039551	-0.055288	0.047419
924	0.039094	-0.055176	0.047135
925	0.038803	-0.055273	0.047038
926	0.038643	-0.054275	0.046459
927	0.039099	-0.054802	0.046951
928	0.038545	-0.054155	0.046350
929	0.038350	-0.054155	0.046253
930	0.037752	-0.053193	0.045473
931	0.037551	-0.053102	0.045327
932	0.037146	-0.053055	0.045100
933	0.036419	-0.053110	0.044765
934	0.036466	-0.052433	0.044450
935	0.035622	-0.052439	0.044031
936	0.035820	-0.051574	0.043697
937	0.035558	-0.051204	0.043381
938	0.034954	-0.051045	0.042999
939	0.034952	-0.050192	0.042572
940	0.034350	-0.050234	0.042292
941	0.034142	-0.049628	0.041885
942	0.033674	-0.049693	0.041684
943	0.033033	-0.049937	0.041485
944	0.032930	-0.049481	0.041206
945	0.033670	-0.048744	0.041207
946	0.032925	-0.047801	0.040363
947	0.032814	-0.048191	0.040502
948	0.032004	-0.047912	0.039958
949	0.031622	-0.048201	0.039911
950	0.031044	-0.047212	0.039128
951	0.031228	-0.047382	0.039305
952	0.031010	-0.047297	0.039153
953	0.029851	-0.046468	0.038159
954	0.029793	-0.046479	0.038136
955	0.030174	-0.045997	0.038085
956	0.029701	-0.045587	0.037644
957	0.029647	-0.046130	0.037889
958	0.029098	-0.045296	0.037197
959	0.029078	-0.045267	0.037173
960	0.028778	-0.044960	0.036869
961	0.029354	-0.044878	0.037116
962	0.028570	-0.043603	0.036086
963	0.027843	-0.043719	0.035781
964	0.027827	-0.043118	0.035472
965	0.027862	-0.043483	0.035673
966	0.027131	-0.043205	0.035168
967	0.027950	-0.043745	0.035848
968	0.027542	-0.042474	0.035008
969	0.027302	-0.043067	0.035185
970	0.026444	-0.043295	0.034869
971	0.026466	-0.041851	0.034159
972	0.025818	-0.042387	0.034103
973	0.025686	-0.042321	0.034003
974	0.025366	-0.042184	0.033775
975	0.025523	-0.041956	0.033739
976	0.025362	-0.041269	0.033315
977	0.024874	-0.040990	0.032932
978	0.024541	-0.040911	0.032726
979	0.025388	-0.040758	0.033073
980	0.024016	-0.041348	0.032682
981	0.024828	-0.040252	0.032540
982	0.024761	-0.040607	0.032684
983	0.024025	-0.040089	0.032057
984	0.024659	-0.039943	0.032301
985	0.023574	-0.039199	0.031386
986	0.024005	-0.039289	0.031647
987	0.023733	-0.039616	0.031674
988	0.023057	-0.039325	0.031191
989	0.022982	-0.038437	0.030710
990	0.022327	-0.038248	0.030288
991	0.023399	-0.038361	0.030880
992	0.022153	-0.038198	0.030175
993	0.022207	-0.037652	0.029930
994	0.022066	-0.038313	0.030189
995	0.022034	-0.038018	0.030026
996	0.020986	-0.037554	0.029270
997	0.020479	-0.037653	0.029066
998	0.022513	-0.037060	0.029786
999	0.020501	-0.037183	0.028842
1000	0.020677	-0.036911	0.028794
1001	0.021028	-0.036040	0.028534
1002	0.020475	-0.036549	0.028512
1003	0.020280	-0.036720	0.028500
1004	0.020170	-0.036273	0.028221
1005	0.020424	-0.036804	0.028614
1006	0.019901	-0.035205	0.027553
1007	0.019528	-0.036124	0.027826
1008	0.020243	-0.036036	0.028139
1009	0.019018	-0.035776	0.027397
1010	0.019198	-0.035151	0.027174
1011	0.018126	-0.035103	0.026615
1012	0.019788	-0.034738	0.027263
1013	0.018189	-0.034890	0.026540
1014	0.019057	-0.034507	0.026782
1015	0.019415	-0.035250	0.027332
1016	0.018090	-0.034223	0.026156
1017	0.018480	-0.034492	0.026486
1018	0.017835	-0.033626	0.025730
1019	0.017443	-0.034455	0.025949
1020	0.018081	-0.034078	0.026080
1021	0.017505	-0.034066	0.025785
1022	0.017455	-0.033351	0.025403
1023	0.017600	-0.032723	0.025162
1024	0.016555	-0.033085	0.024820
1025	0.017301	-0.032424	0.024862
1026	0.017501	-0.033018	0.025259
1027	0.016955	-0.032301	0.024628
1028	0.016575	-0.032892	0.024734
1029	0.016648	-0.032116	0.024382
1030	0.016090	-0.032624	0.024357
1031	0.015598	-0.031498	0.023548
1032	0.015753	-0.031434	0.023593
1033	0.015905	-0.030789	0.023347
1034	0.015587	-0.032041	0.023814
1035	0.016055	-0.031670	0.023862
1036	0.015004	-0.031057	0.023031
1037	0.014071	-0.031316	0.022694
1038	0.014958	-0.031374	0.023166
1039	0.015488	-0.030909	0.023198
1040	0.014655	-0.030819	0.022737
1041	0.014620	-0.030858	0.022739
1042	0.014754	-0.030914	0.022834
1043	0.014211	-0.030410	0.022311
1044	0.013731	-0.029967	0.021849
1045	0.013863	-0.029922	0.021893
1046	0.013802	-0.030086	0.021944
1047	0.013692	-0.030216	0.021954
1048	0.013389	-0.029362	0.021375
1049	0.013544	-0.029623	0.021584
1050	0.013489	-0.029363	0.021426
1051	0.013747	-0.029746	0.021746
1052	0.013494	-0.029867	0.021680
1053	0.013175	-0.029243	0.021209
1054	0.012880	-0.029150	0.021015
1055	0.012913	-0.028943	0.020928
1056	0.012293	-0.028676	0.020485
1057	0.013021	-0.028239	0.020630
1058	0.011455	-0.027468	0.019462
1059	0.012459	-0.027357	0.019908
1060	0.011997	-0.028437	0.020217
1061	0.011715	-0.028770	0.020243
1062	0.011800	-0.027400	0.019600
1063	0.012536	-0.027753	0.020144
1064	0.012329	-0.027746	0.020037
1065	0.010840	-0.027181	0.019011
1066	0.011157	-0.026894	0.019026
1067	0.011299	-0.027841	0.019570
1068	0.011043	-0.027307	0.019175
1069	0.010875	-0.026975	0.018925
1070	0.010604	-0.026747	0.018675
1071	0.011130	-0.027538	0.019334
1072	0.010191	-0.026436	0.018313
1073	0.011066	-0.026283	0.018674
1074	0.010025	-0.025952	0.017989
1075	0.010616	-0.025876	0.018246
1076	0.009288	-0.025198	0.017243
1077	0.009097	-0.026296	0.017697
1078	0.009774	-0.026756	0.018265
1079	0.010149	-0.025045	0.017597
1080	0.009711	-0.025295	0.017503
1081	0.009400	-0.025550	0.017475
1082	0.008950	-0.025024	0.016987
1083	0.008771	-0.025545	0.017158
1084	0.009566	-0.024551	0.017058
1085	0.009172	-0.024612	0.016892
1086	0.008979	-0.024805	0.016892
1087	0.008809	-0.025253	0.017031
1088	0.008488	-0.024707	0.016597
1089	0.008163	-0.023900	0.016031
1090	0.008424	-0.023827	0.016126
1091	0.008856	-0.024007	0.016431
1092	0.008054	-0.024296	0.016175
1093	0.008104	-0.023811	0.015958
1094	0.007623	-0.023973	0.015798
1095	0.007629	-0.024060	0.015844
1096	0.008349	-0.022624	0.015486
1097	0.007724	-0.023377	0.015550
1098	0.007298	-0.023878	0.015588
1099	0.007478	-0.023915	0.015697
1100	0.007200	-0.023035	0.015117
1101	0.007020	-0.022819	0.014919
1102	0.006721	-0.022999	0.014860
1103	0.007015	-0.022621	0.014818
1104	0.007018	-0.023089	0.015053
1105	0.007084	-0.023580	0.015332
1106	0.006606	-0.022673	0.014639
1107	0.007073	-0.023142	0.015108
1108	0.006256	-0.022358	0.014307
1109	0.006217	-0.021945	0.014081
1110	0.005811	-0.022663	0.014237
1111	0.006622	-0.022398	0.014510
1112	0.005838	-0.022076	0.013957
1113	0.006192	-0.022402	0.014297
1114	0.005747	-0.021846	0.013796
1115	0.006420	-0.022277	0.014348
1116	0.006284	-0.021634	0.013959
1117	0.005767	-0.021775	0.013771
1118	0.005937	-0.021921	0.013929
1119	0.005893	-0.021458	0.013675
1120	0.005605	-0.020779	0.013192
1121	0.005466	-0.021356	0.013411
1122	0.005618	-0.021319	0.013468
1123	0.005729	-0.021402	0.013565
1124	0.006123	-0.021058	0.013591
1125	0.005202	-0.021404	0.013303
1126	0.005478	-0.021663	0.013570
1127	0.004706	-0.021463	0.013084
1128	0.005270	-0.021237	0.013253
1129	0.004558	-0.020242	0.012400
1130	0.004941	-0.020811	0.012876
1131	0.005012	-0.019817	0.012415
1132	0.005556	-0.020056	0.012806
1133	0.004210	-0.020580	0.012395
1134	0.004814	-0.019842	0.012328
1135	0.004833	-0.020143	0.012488
1136	0.004400	-0.020317	0.012358
1137	0.004448	-0.019925	0.012186
1138	0.004865	-0.020243	0.012554
1139	0.005065	-0.020874	0.012970
1140	0.003084	-0.020601	0.011843
1141	0.003956	-0.019227	0.011591
1142	0.003790	-0.019772	0.011781
1143	0.003923	-0.019334	0.011629
1144	0.004115	-0.020136	0.012125
1145	0.003968	-0.019411	0.011689
1146	0.004755	-0.019856	0.012305
1147	0.003707	-0.019327	0.011517
1148	0.003268	-0.019411	0.011340
1149	0.003419	-0.018381	0.010900
1150	0.003887	-0.020037	0.011962
1151	0.002917	-0.019570	0.011243
1152	0.002678	-0.018710	0.010694
1153	0.003283	-0.019343	0.011313
1154	0.003266	-0.020099	0.011682
1155	0.003216	-0.018866	0.011041
1156	0.002978	-0.019140	0.011059
1157	0.003032	-0.019211	0.011121
1158	0.003272	-0.019304	0.011288
1159	0.003062	-0.018973	0.011018
1160	0.002703	-0.018754	0.010729
1161	0.002181	-0.018060	0.010120
1162	0.002908	-0.019018	0.010963
1163	0.002378	-0.018387	0.010382
1164	0.003011	-0.018872	0.010942
1165	0.002027	-0.018160	0.010093
1166	0.002797	-0.018691	0.010744
1167	0.002991	-0.018160	0.010575
1168	0.002325	-0.018429	0.010377
1169	0.003094	-0.017976	0.010535
1170	0.002769	-0.018258	0.010514
1171	0.002046	-0.018068	0.010057
1172	0.002762	-0.018170	0.010466
1173	0.002844	-0.018164	0.010504
1174	0.001987	-0.017387	0.009687
1175	0.002254	-0.017917	0.010086
1176	0.001544	-0.018104	0.009824
1177	0.001748	-0.017039	0.009394
1178	0.002498	-0.017814	0.010156
1179	0.002062	-0.017473	0.009767
1180	0.001931	-0.017126	0.009529
1181	0.001073	-0.018452	0.009763
1182	0.001365	-0.018061	0.009713
1183	0.000597	-0.017726	0.009161
1184	0.002738	-0.018024	0.010381
1185	0.001786	-0.017942	0.009864
1186	0.001435	-0.017653	0.009544
1187	0.001620	-0.016998	0.009309
1188	0.001785	-0.016598	0.009191
1189	0.000935	-0.017020	0.008977
1190	0.001950	-0.016551	0.009250
1191	0.001926	-0.017448	0.009687
1192	0.002563	-0.017441	0.010002
1193	0.001384	-0.017856	0.009620
1194	0.001145	-0.016384	0.008765
1195	0.000847	-0.016489	0.008668
1196	0.001838	-0.016944	0.009391
1197	0.001266	-0.017290	0.009278
1198	0.000276	-0.016885	0.008581
1199	0.000208	-0.017162	0.008685
1200	0.001302	-0.017418	0.009360
1201	0.001753	-0.017143	0.009448
1202	0.001632	-0.016895	0.009263
1203	0.000715	-0.017485	0.009100
1204	0.001342	-0.015675	0.008509
1205	0.000993	-0.016372	0.008682
1206	0.000437	-0.016706	0.008572
1207	0.001565	-0.017100	0.009333
1208	0.000942	-0.015972	0.008457
1209	0.001264	-0.016007	0.008635
1210	0.000037	-0.015679	0.007858
1211	-0.000042	-0.016630	0.008294
1212	0.000606	-0.016317	0.008461
1213	0.000696	-0.016388	0.008542
1214	0.000604	-0.016207	0.008405
1215	0.000357	-0.016321	0.008339
1216	0.000837	-0.016291	0.008564
1217	0.000458	-0.015476	0.007967
1218	0.000505	-0.015946	0.008225
1219	-0.001249	-0.015873	0.007312
1220	0.001028	-0.016601	0.008815
1221	0.000613	-0.016062	0.008338
1222	-0.000096	-0.015316	0.007610
1223	-0.000128	-0.015896	0.007884
1224	0.000198	-0.016325	0.008262
1225	-0.000384	-0.015818	0.007717
1226	-0.000471	-0.016794	0.008162
1227	-0.000261	-0.015104	0.007422
1228	0.000029	-0.015418	0.007723
1229	-0.000068	-0.015349	0.007641
1230	-0.000088	-0.015779	0.007845
1231	0.000419	-0.015644	0.008031
1232	0.000456	-0.015063	0.007759
1233	0.000049	-0.014695	0.007372
1234	-0.000510	-0.014832	0.007161
1235	-0.000787	-0.015724	0.007468
1236	-0.000457	-0.015839	0.007691
1237	-0.000103	-0.016129	0.008013
1238	-0.000408	-0.015948	0.007770
1239	-0.000475	-0.015886	0.007705
1240	-0.000454	-0.015518	0.007532
1241	0.000222	-0.014432	0.007327
1242	-0.000788	-0.014677	0.006944
1243	-0.001233	-0.014789	0.006778
1244	-0.000980	-0.015716	0.007368
1245	-0.000344	-0.014685	0.007171
1246	-0.000771	-0.015186	0.007207
1247	-0.001133	-0.015346	0.007107
1248	-0.000341	-0.015570	0.007615
1249	-0.000500	-0.014945	0.007223
1250	0.000161	-0.014335	0.007248
1251	-0.000296	-0.014143	0.006923
1252	-0.000372	-0.014236	0.006932
1253	-0.000979	-0.014563	0.006792
1254	-0.001627	-0.015127	0.006750
1255	-0.001396	-0.015913	0.007259
1256	-0.000258	-0.015311	0.007526
1257	-0.000472	-0.015587	0.007557
1258	-0.000830	-0.013652	0.006411
1259	-0.000618	-0.013879	0.006630
1260	-0.001146	-0.014520	0.006687
1261	-0.001861	-0.015327	0.006733
1262	-0.002101	-0.015036	0.006467
1263	-0.000997	-0.014785	0.006894
1264	-0.001033	-0.014536	0.006752
1265	-0.001229	-0.014348	0.006559
1266	-0.001190	-0.014475	0.006643
1267	-0.000395	-0.015223	0.007414
1268	-0.000858	-0.014333	0.006738
1269	-0.001161	-0.013988	0.006413
1270	-0.001427	-0.014314	0.006444
1271	-0.001179	-0.013972	0.006397
1272	-0.002023	-0.014037	0.006007
1273	-0.001216	-0.014133	0.006458
1274	-0.000613	-0.013699	0.006543
1275	-0.001167	-0.014393	0.006613
1276	-0.001846	-0.014000	0.006077
1277	-0.000983	-0.014611	0.006814
1278	-0.000652	-0.014631	0.006990
1279	-0.000920	-0.014775	0.006927
1280	-0.001321	-0.014518	0.006599
1281	-0.002690	-0.014108	0.005709
1282	-0.002621	-0.013661	0.005520
1283	-0.000907	-0.014786	0.006939
1284	-0.002002	-0.013717	0.005857
1285	-0.001085	-0.014744	0.006829
1286	-0.001157	-0.013918	0.006380
1287	-0.001203	-0.014038	0.006417
1288	-0.001710	-0.013979	0.006135
1289	-0.002778	-0.014554	0.005888
1290	-0.001397	-0.013765	0.006184
1291	-0.002037	-0.013864	0.005913
1292	-0.001523	-0.014828	0.006653
1293	-0.001523	-0.014938	0.006708
1294	-0.001900	-0.013696	0.005898
1295	-0.001965	-0.013846	0.005940
1296	-0.001504	-0.012993	0.005744
1297	-0.002481	-0.013226	0.005372
1298	-0.001658	-0.013307	0.005824
1299	-0.001925	-0.013937	0.006006
1300	-0.001424	-0.014101	0.006339
1301	-0.002740	-0.013124	0.005192
1302	-0.001789	-0.014099	0.006155
1303	-0.002793	-0.013219	0.005213
1304	-0.002668	-0.013211	0.005272
1305	-0.001165	-0.013786	0.006311
1306	-0.001101	-0.013862	0.006380
1307	-0.002476	-0.012632	0.005078
1308	-0.003087	-0.013755	0.005334
1309	-0.003133	-0.013715	0.005291
1310	-0.002311	-0.013033	0.005361
1311	-0.002269	-0.014098	0.005914
1312	-0.003165	-0.013041	0.004938
1313	-0.002575	-0.013883	0.005654
1314	-0.001602	-0.013346	0.005872
1315	-0.003038	-0.013704	0.005333
1316	-0.002316	-0.012620	0.005152
1317	-0.001469	-0.013878	0.006205
1318	-0.002615	-0.013679	0.005532
1319	-0.002945	-0.012812	0.004934
1320	-0.003613	-0.014104	0.005246
1321	-0.001540	-0.013880	0.006170
1322	-0.002837	-0.013051	0.005107
1323	-0.002648	-0.014689	0.006021
1324	-0.002731	-0.013088	0.005178
1325	-0.001479	-0.013309	0.005915
1326	-0.003717	-0.013227	0.004755
1327	-0.002695	-0.012922	0.005114
1328	-0.001626	-0.012090	0.005232
1329	-0.002346	-0.012596	0.005125
1330	-0.003285	-0.012787	0.004751
1331	-0.002690	-0.013760	0.005535
1332	-0.001723	-0.012822	0.005550
1333	-0.002828	-0.013452	0.005312
1334	-0.002782	-0.011651	0.004435
1335	-0.002220	-0.012981	0.005380
1336	-0.001739	-0.013268	0.005764
1337	-0.001969	-0.014487	0.006259
1338	-0.003343	-0.013273	0.004965
1339	-0.003035	-0.012847	0.004906
1340	-0.003064	-0.013686	0.005311
1341	-0.002538	-0.012688	0.005075
1342	-0.001689	-0.012854	0.005582
1343	-0.001969	-0.012900	0.005465
1344	-0.002648	-0.012008	0.004680
1345	-0.002617	-0.012454	0.004919
1346	-0.002754	-0.012014	0.004630
1347	-0.002381	-0.011760	0.004690
1348	-0.001924	-0.013108	0.005592
1349	-0.002674	-0.012195	0.004760
1350	-0.004410	-0.012720	0.004155
1351	-0.002039	-0.012501	0.005231
1352	-0.003640	-0.013235	0.004798
1353	-0.001991	-0.013176	0.005592
1354	-0.003243	-0.014062	0.005410
1355	-0.004208	-0.012470	0.004131
1356	-0.002950	-0.012892	0.004971
1357	-0.001834	-0.012050	0.005108
1358	-0.003103	-0.013242	0.005070
1359	-0.003648	-0.013245	0.004798
1360	-0.003424	-0.011855	0.004215
1361	-0.003376	-0.011776	0.004200
1362	-0.002277	-0.011887	0.004805
1363	-0.002526	-0.011805	0.004640
1364	-0.002695	-0.011818	0.004562
1365	-0.002440	-0.012387	0.004973
1366	-0.002852	-0.012909	0.005029
1367	-0.004414	-0.011397	0.003492
1368	-0.003323	-0.012109	0.004393
1369	-0.002967	-0.011077	0.004055
1370	-0.004112	-0.011794	0.003841
1371	-0.003886	-0.013655	0.004885
1372	-0.002426	-0.011471	0.004522
1373	-0.003963	-0.012887	0.004462
1374	-0.004057	-0.011730	0.003836
1375	-0.003989	-0.011584	0.003797
1376	-0.003452	-0.012573	0.004561
1377	-0.003410	-0.013649	0.005120
1378	-0.003076	-0.012566	0.004745
1379	-0.002433	-0.010915	0.004241
1380	-0.003968	-0.011851	0.003941
1381	-0.004296	-0.011224	0.003464
1382	-0.003254	-0.011757	0.004252
1383	-0.003269	-0.013406	0.005069
1384	-0.002959	-0.012162	0.004602
1385	-0.003739	-0.013017	0.004639
1386	-0.004178	-0.011529	0.003676
1387	-0.003569	-0.012614	0.004523
1388	-0.003532	-0.011667	0.004067
1389	-0.003954	-0.012131	0.004088
1390	-0.004043	-0.011945	0.003951
1391	-0.003379	-0.011773	0.004197
1392	-0.002805	-0.011459	0.004327
1393	-0.003214	-0.012359	0.004573
1394	-0.003121	-0.011279	0.004079
1395	-0.003705	-0.012262	0.004278
1396	-0.004884	-0.012342	0.003729
1397	-0.003862	-0.013218	0.004678
1398	-0.004743	-0.012277	0.003767
1399	-0.003439	-0.010962	0.003762
1400	-0.004104	-0.010597	0.003247
1401	-0.004566	-0.013046	0.004240
1402	-0.003145	-0.012531	0.004693
1403	-0.003730	-0.011317	0.003794
1404	-0.004439	-0.010966	0.003263
1405	-0.003429	-0.010876	0.003724
1406	-0.004013	-0.012156	0.004072
1407	-0.003054	-0.012169	0.004558
1408	-0.003856	-0.013026	0.004585
1409	-0.003621	-0.012575	0.004477
1410	-0.004356	-0.010758	0.003201
1411	-0.003706	-0.010702	0.003498
1412	-0.003975	-0.010405	0.003215
1413	-0.003927	-0.012152	0.004113
1414	-0.003451	-0.011281	0.003915
1415	-0.002857	-0.010871	0.004007
1416	-0.003365	-0.010926	0.003780
1417	-0.002885	-0.012263	0.004689
1418	-0.004438	-0.011628	0.003595
1419	-0.003797	-0.012568	0.004386
1420	-0.004193	-0.011597	0.003702
1421	-0.003525	-0.011252	0.003864
1422	-0.003784	-0.010174	0.003195
1423	-0.004239	-0.011531	0.003646
1424	-0.004344	-0.010099	0.002878
1425	-0.004004	-0.010785	0.003391
1426	-0.003880	-0.011349	0.003734
1427	-0.004425	-0.011750	0.003663
1428	-0.004285	-0.010929	0.003322
1429	-0.003888	-0.011077	0.003595
1430	-0.004109	-0.010928	0.003409
1431	-0.002598	-0.012669	0.005035
1432	-0.004571	-0.010669	0.003049
1433	-0.003449	-0.010856	0.003703
1434	-0.004568	-0.010408	0.002920
1435	-0.004665	-0.010951	0.003143
1436	-0.003638	-0.011946	0.004154
1437	-0.006199	-0.011103	0.002452
1438	-0.004185	-0.012168	0.003992
1439	-0.004271	-0.011464	0.003597
1440	-0.005047	-0.011733	0.003343
1441	-0.005210	-0.012237	0.003514
1442	-0.004145	-0.009765	0.002810
1443	-0.003806	-0.010650	0.003422
1444	-0.005232	-0.011035	0.002901
1445	-0.004622	-0.011463	0.003421
1446	-0.004049	-0.010709	0.003330
1447	-0.004142	-0.011362	0.003610
1448	-0.004435	-0.010376	0.002971
1449	-0.004015	-0.011581	0.003783
1450	-0.004403	-0.010254	0.002925
1451	-0.005327	-0.010735	0.002704
1452	-0.004513	-0.010641	0.003064
1453	-0.004888	-0.010792	0.002952
1454	-0.005147	-0.009988	0.002421
1455	-0.004039	-0.010607	0.003284
1456	-0.003933	-0.011242	0.003655
1457	-0.004572	-0.012328	0.003878
1458	-0.004327	-0.011187	0.003430
1459	-0.005238	-0.012123	0.003442
1460	-0.005212	-0.011250	0.003019
1461	-0.003503	-0.012445	0.004471
1462	-0.005075	-0.012129	0.003527
1463	-0.003498	-0.011156	0.003829
1464	-0.003981	-0.011043	0.003531
1465	-0.004450	-0.010882	0.003216
1466	-0.004382	-0.010637	0.003128
1467	-0.005681	-0.010306	0.002312
1468	-0.005618	-0.011769	0.003076
1469	-0.006799	-0.011242	0.002221
1470	-0.004621	-0.010961	0.003170
1471	-0.004072	-0.011291	0.003609
1472	-0.005252	-0.011252	0.003000
1473	-0.004205	-0.012105	0.003950
1474	-0.005779	-0.009700	0.001961
1475	-0.004134	-0.011516	0.003691
1476	-0.005360	-0.010703	0.002671
1477	-0.002981	-0.011137	0.004078
1478	-0.004144	-0.010837	0.003347
1479	-0.004298	-0.010732	0.003217
1480	-0.005011	-0.010003	0.002496
1481	-0.004720	-0.010487	0.002884
1482	-0.005519	-0.011255	0.002868
1483	-0.005866	-0.011995	0.003064
1484	-0.004573	-0.010480	0.002953
1485	-0.003889	-0.010489	0.003300
1486	-0.003774	-0.011029	0.003628
1487	-0.004941	-0.009850	0.002454
1488	-0.004692	-0.010798	0.003053
1489	-0.005739	-0.010138	0.002199
1490	-0.004624	-0.011542	0.003459
1491	-0.004709	-0.011829	0.003560
1492	-0.004366	-0.011252	0.003443
1493	-0.006551	-0.010753	0.002101
1494	-0.005717	-0.011103	0.002693
1495	-0.005121	-0.011077	0.002978
1496	-0.005092	-0.010972	0.002940
1497	-0.004594	-0.011557	0.003482
1498	-0.003475	-0.011584	0.004055
1499	-0.004882	-0.010686	0.002902
1500	-0.005644	-0.010457	0.002406
1501	-0.004505	-0.010598	0.003046
1502	-0.005022	-0.010005	0.002491
1503	-0.004828	-0.008843	0.002008
1504	-0.005879	-0.009783	0.001952
1505	-0.005010	-0.010812	0.002901
1506	-0.005543	-0.011075	0.002766
1507	-0.003514	-0.010072	0.003279
1508	-0.004620	-0.008501	0.001940
1509	-0.003486	-0.010710	0.003612
1510	-0.004947	-0.009539	0.002296
1511	-0.005254	-0.010511	0.002628
1512	-0.005223	-0.010692	0.002734
1513	-0.005273	-0.010728	0.002728
1514	-0.004702	-0.011193	0.003245
1515	-0.005888	-0.011287	0.002700
1516	-0.005546	-0.011270	0.002862
1517	-0.006347	-0.011988	0.002820
1518	-0.005224	-0.011762	0.003269
1519	-0.004274	-0.011526	0.003626
1520	-0.006235	-0.010090	0.001927
1521	-0.005388	-0.010499	0.002556
1522	-0.005743	-0.011263	0.002760
1523	-0.004020	-0.009504	0.002742
1524	-0.005437	-0.011467	0.003015
1525	-0.004476	-0.009784	0.002654
1526	-0.004556	-0.009512	0.002478
1527	-0.006589	-0.010824	0.002117
1528	-0.005950	-0.010671	0.002361
1529	-0.005367	-0.009817	0.002225
1530	-0.005544	-0.009036	0.001746
1531	-0.005782	-0.011612	0.002915
1532	-0.006769	-0.011028	0.002129
1533	-0.005506	-0.010473	0.002483
1534	-0.004872	-0.010979	0.003053
1535	-0.006673	-0.010713	0.002020
1536	-0.005341	-0.009717	0.002188
1537	-0.003916	-0.011500	0.003792
1538	-0.005297	-0.008945	0.001824
1539	-0.005341	-0.011480	0.003070
1540	-0.006310	-0.010569	0.002129
1541	-0.004019	-0.008571	0.002276
1542	-0.005838	-0.010374	0.002268
1543	-0.004616	-0.009215	0.002299
1544	-0.004218	-0.010270	0.003026
1545	-0.004567	-0.010360	0.002897
1546	-0.004555	-0.009231	0.002338
1547	-0.004134	-0.009289	0.002578
1548	-0.005077	-0.011396	0.003160
1549	-0.005248	-0.008552	0.001652
1550	-0.005027	-0.010526	0.002749
1551	-0.004660	-0.008968	0.002154
1552	-0.004235	-0.010569	0.003167
1553	-0.003493	-0.009351	0.002929
1554	-0.005014	-0.010211	0.002598
1555	-0.004715	-0.009275	0.002280
1556	-0.003933	-0.010096	0.003081
1557	-0.004783	-0.009259	0.002238
1558	-0.006121	-0.009147	0.001513
1559	-0.005311	-0.009842	0.002265
1560	-0.004656	-0.009451	0.002398
1561	-0.005045	-0.011461	0.003208
1562	-0.005929	-0.011502	0.002786
1563	-0.006684	-0.011496	0.002406
1564	-0.006769	-0.007732	0.000481
1565	-0.007595	-0.010561	0.001483
1566	-0.003943	-0.010837	0.003447
1567	-0.004862	-0.009481	0.002310
1568	-0.004053	-0.010198	0.003072
1569	-0.005921	-0.009942	0.002010
1570	-0.004808	-0.009244	0.002218
1571	-0.004861	-0.008021	0.001580
1572	-0.006746	-0.009574	0.001414
1573	-0.004703	-0.009796	0.002546
1574	-0.005967	-0.009846	0.001939
1575	-0.007271	-0.011290	0.002009
1576	-0.006779	-0.011328	0.002275
1577	-0.006785	-0.009514	0.001365
1578	-0.005871	-0.010871	0.002500
1579	-0.005578	-0.009665	0.002043
1580	-0.006125	-0.010766	0.002321
1581	-0.006616	-0.009933	0.001658
1582	-0.006190	-0.009955	0.001883
1583	-0.003749	-0.009373	0.002812
1584	-0.005534	-0.010027	0.002246
1585	-0.006194	-0.009943	0.001875
1586	-0.006005	-0.010012	0.002003
1587	-0.006140	-0.008918	0.001389
1588	-0.005938	-0.010625	0.002344
1589	-0.007061	-0.008716	0.000828
1590	-0.006980	-0.010469	0.001745
1591	-0.005107	-0.009378	0.002135
1592	-0.006906	-0.010895	0.001995
1593	-0.005217	-0.009774	0.002279
1594	-0.005316	-0.008373	0.001529
1595	-0.007095	-0.010355	0.001630
1596	-0.005358	-0.009955	0.002298
1597	-0.005765	-0.010946	0.002590
1598	-0.007608	-0.008437	0.000415
1599	-0.004808	-0.009666	0.002429
1600	-0.005521	-0.010386	0.002433
1601	-0.005908	-0.010294	0.002193
1602	-0.008361	-0.010704	0.001171
1603	-0.005362	-0.010285	0.002462
1604	-0.006210	-0.007448	0.000619
1605	-0.006745	-0.009409	0.001332
1606	-0.005830	-0.009672	0.001921
1607	-0.006529	-0.010208	0.001839
1608	-0.005807	-0.010147	0.002170
1609	-0.004771	-0.009670	0.002449
1610	-0.007341	-0.009606	0.001132
1611	-0.007261	-0.008576	0.000657
1612	-0.005650	-0.009347	0.001849
1613	-0.005031	-0.010027	0.002498
1614	-0.006473	-0.008778	0.001153
1615	-0.006494	-0.009485	0.001495
1616	-0.007181	-0.010214	0.001516
1617	-0.006121	-0.009750	0.001814
1618	-0.006032	-0.011161	0.002564
1619	-0.005582	-0.010453	0.002436
1620	-0.004463	-0.009139	0.002338
1621	-0.007559	-0.009524	0.000983
1622	-0.003956	-0.009520	0.002782
1623	-0.006155	-0.010890	0.002368
1624	-0.007918	-0.008308	0.000195
1625	-0.006044	-0.009968	0.001962
1626	-0.006747	-0.011281	0.002267
1627	-0.006685	-0.010217	0.001766
1628	-0.006013	-0.009900	0.001943
1629	-0.005923	-0.011014	0.002546
1630	-0.004947	-0.008563	0.001808
1631	-0.007364	-0.009194	0.000915
1632	-0.007242	-0.010290	0.001524
1633	-0.004700	-0.010516	0.002908
1634	-0.007190	-0.010696	0.001753
1635	-0.007377	-0.009067	0.000845
1636	-0.005683	-0.011390	0.002854
1637	-0.005396	-0.010291	0.002448
1638	-0.004882	-0.010161	0.002640
1639	-0.005577	-0.008962	0.001693
1640	-0.007442	-0.009588	0.001073
1641	-0.006134	-0.010135	0.002001
1642	-0.008029	-0.009225	0.000598
1643	-0.006888	-0.010558	0.001835
1644	-0.006230	-0.010613	0.002192
1645	-0.006001	-0.010259	0.002129
1646	-0.002173	-0.009233	0.003530
1647	-0.004990	-0.009884	0.002447
1648	-0.007245	-0.009534	0.001144
1649	-0.006110	-0.010007	0.001948
1650	-0.007125	-0.009907	0.001391
1651	-0.005468	-0.009893	0.002213
1652	-0.005388	-0.008888	0.001750
1653	-0.003430	-0.009356	0.002963
1654	-0.006251	-0.009687	0.001718
1655	-0.005822	-0.008961	0.001570
1656	-0.005312	-0.008057	0.001372
1657	-0.006226	-0.010731	0.002253
1658	-0.006686	-0.009163	0.001239
1659	-0.008058	-0.008740	0.000341
1660	-0.007419	-0.007849	0.000215
1661	-0.004518	-0.008785	0.002133
1662	-0.003598	-0.008019	0.002210
1663	-0.004905	-0.010598	0.002846
1664	-0.005813	-0.008430	0.001308
1665	-0.006723	-0.008342	0.000809
1666	-0.003624	-0.009653	0.003014
1667	-0.006469	-0.008101	0.000816
1668	-0.006615	-0.010929	0.002157
1669	-0.006491	-0.009920	0.001714
1670	-0.002901	-0.008089	0.002594
1671	-0.007406	-0.006435	-0.000486
1672	-0.006225	-0.007325	0.000550
1673	-0.007509	-0.008202	0.000346
1674	-0.004703	-0.011280	0.003288
1675	-0.006891	-0.009430	0.001270
1676	-0.005776	-0.008496	0.001360
1677	-0.007070	-0.009156	0.001043
1678	-0.007521	-0.008101	0.000290
1679	-0.006179	-0.012739	0.003280
1680	-0.005963	-0.008684	0.001360
1681	-0.005033	-0.006922	0.000944
1682	-0.005641	-0.007714	0.001037
1683	-0.006125	-0.011035	0.002455
1684	-0.003250	-0.007858	0.002304
1685	-0.007724	-0.007671	-0.000027
1686	-0.008854	-0.009461	0.000303
1687	-0.004263	-0.009310	0.002523
1688	-0.005450	-0.011150	0.002850
1689	-0.004950	-0.010295	0.002673
1690	-0.005292	-0.009711	0.002210
1691	-0.004679	-0.008326	0.001823
1692	-0.004158	-0.006998	0.001420
1693	-0.006049	-0.010847	0.002399
1694	-0.006447	-0.010230	0.001892
1695	-0.009120	-0.009814	0.000347
1696	-0.006691	-0.008131	0.000720
1697	-0.008434	-0.009020	0.000293
1698	-0.005335	-0.008850	0.001758
1699	-0.006515	-0.007930	0.000707
1700	-0.007381	-0.007999	0.000309
1701	-0.005339	-0.007177	0.000919
1702	-0.003901	-0.009137	0.002618
1703	-0.005952	-0.010687	0.002368
1704	-0.005568	-0.007436	0.000934
1705	-0.007143	-0.009156	0.001007
1706	-0.006146	-0.009579	0.001717
1707	-0.006377	-0.009604	0.001613
1708	-0.004966	-0.009391	0.002212
1709	-0.005389	-0.010690	0.002650
1710	-0.005750	-0.006713	0.000481
1711	-0.008984	-0.011298	0.001157
1712	-0.006227	-0.008351	0.001062
1713	-0.004405	-0.006683	0.001139
1714	-0.004231	-0.009785	0.002777
1715	-0.005575	-0.007264	0.000845
1716	-0.005153	-0.008418	0.001633
1717	-0.006809	-0.009527	0.001359
1718	-0.005207	-0.008911	0.001852
1719	-0.007190	-0.011152	0.001981
1720	-0.007653	-0.009300	0.000823
1721	-0.004058	-0.010008	0.002975
1722	-0.008399	-0.009189	0.000395
1723	-0.007895	-0.011524	0.001815
1724	-0.004851	-0.006526	0.000838
1725	-0.007711	-0.010922	0.001606
1726	-0.009666	-0.007510	-0.001078
1727	-0.007309	-0.010891	0.001791
1728	-0.006128	-0.010479	0.002176
1729	-0.007639	-0.010177	0.001269
1730	-0.006109	-0.008172	0.001031
1731	-0.007435	-0.008843	0.000704
1732	-0.008946	-0.007621	-0.000663
1733	-0.004638	-0.008751	0.002057
1734	-0.009279	-0.007813	-0.000733
1735	-0.007582	-0.011943	0.002180
1736	-0.007250	-0.007405	0.000078
1737	-0.004085	-0.009036	0.002475
1738	-0.004623	-0.008022	0.001699
1739	-0.007412	-0.006821	-0.000296
1740	-0.008965	-0.008406	-0.000280
1741	-0.004363	-0.011665	0.003651
1742	-0.008080	-0.008773	0.000347
1743	-0.006559	-0.009675	0.001558
1744	-0.006406	-0.006419	0.000006
1745	-0.004270	-0.006262	0.000996
1746	-0.007218	-0.010888	0.001835
1747	-0.011277	-0.005354	-0.002961
1748	-0.009324	-0.008308	-0.000508
1749	-0.005656	-0.006562	0.000453
1750	-0.004717	-0.006394	0.000838
1751	-0.006210	-0.004191	-0.001009
1752	-0.004327	-0.008364	0.002018
1753	-0.007194	-0.007898	0.000352
1754	-0.009250	-0.009568	0.000159
1755	-0.003919	-0.011503	0.003792
1756	-0.011661	-0.006360	-0.002651
1757	-0.007825	-0.010451	0.001313
1758	-0.008722	-0.006977	-0.000873
1759	-0.007840	-0.011021	0.001591
1760	-0.007648	-0.006895	-0.000376
1761	-0.004695	-0.009712	0.002509
1762	-0.011187	-0.007429	-0.001879
1763	-0.009991	-0.007329	-0.001331
1764	-0.006389	-0.011573	0.002592
1765	-0.004139	-0.010739	0.003300
1766	-0.010603	-0.004244	-0.003180
1767	-0.008412	-0.008809	0.000199
1768	-0.007575	-0.010570	0.001498
1769	-0.002102	-0.010304	0.004101
1770	-0.008008	-0.008308	0.000150
1771	-0.006855	-0.008219	0.000682
1772	-0.008683	-0.011610	0.001464
1773	-0.009901	-0.010766	0.000432
1774	-0.006304	-0.009954	0.001825
1775	-0.005883	-0.007710	0.000913
1776	-0.005870	-0.009819	0.001974
1777	-0.005270	-0.010186	0.002458
1778	-0.007901	-0.013543	0.002821
1779	-0.000528	-0.009589	0.004531
1780	-0.012426	-0.012493	0.000033
1781	-0.006511	-0.014497	0.003993
1782	-0.008562	-0.009554	0.000496
1783	-0.005786	-0.009702	0.001958
1784	-0.008115	-0.007593	-0.000261
1785	-0.006865	-0.009714	0.001425
1786	-0.008899	-0.007414	-0.000743
1787	-0.005890	-0.006873	0.000491
1788	-0.008858	-0.012480	0.001811
1789	-0.008614	-0.007373	-0.000621
1790	-0.007772	-0.007945	0.000087
1791	-0.008212	-0.006535	-0.000838
1792	-0.002054	-0.008020	0.002983
1793	-0.009717	-0.011350	0.000817
1794	-0.005520	-0.006953	0.000716
1795	-0.002892	-0.010006	0.003557
1796	-0.007389	-0.005309	-0.001040
1797	-0.004081	-0.011410	0.003664
1798	-0.012994	-0.013412	0.000209
1799	-0.008937	-0.009704	0.000383
1800	-0.009671	-0.005503	-0.002084
1801	-0.006768	-0.014083	0.003658
1802	-0.007316	-0.005182	-0.001067
1803	-0.009552	-0.010029	0.000239
1804	-0.005513	-0.012721	0.003604
1805	-0.008754	-0.007777	-0.000489
1806	-0.004347	-0.011177	0.003415
1807	-0.005507	-0.009008	0.001750
1808	-0.011636	-0.004936	-0.003350
1809	-0.013032	-0.007467	-0.002782
1810	-0.004632	-0.007192	0.001280
1811	-0.008711	-0.008074	-0.000318
1812	-0.012698	-0.008531	-0.002084
1813	-0.010158	-0.008314	-0.000922
1814	-0.007696	-0.006325	-0.000685
1815	-0.004483	-0.010851	0.003184
1816	-0.001645	-0.010236	0.004295
1817	-0.008238	-0.011256	0.001509
1818	-0.004169	-0.013510	0.004670
1819	-0.002478	-0.009246	0.003384
1820	-0.008833	-0.011314	0.001240
1821	-0.007098	-0.002955	-0.002071
1822	-0.007606	-0.006007	-0.000799
1823	-0.005042	-0.006006	0.000482
1824	-0.001483	-0.005876	0.002197
1825	-0.009507	-0.012004	0.001248
1826	-0.015114	-0.007638	-0.003738
1827	-0.012063	-0.005971	-0.003046
1828	-0.001853	-0.002807	0.000477
1829	-0.006597	-0.007963	0.000683
1830	-0.008944	-0.006936	-0.001004
1831	-0.005329	-0.008949	0.001810
1832	0.000599	-0.006850	0.003725
1833	-0.006142	-0.010333	0.002095
1834	-0.003249	-0.005700	0.001226
1835	-0.004401	-0.010209	0.002904
1836	-0.008947	-0.014542	0.002798
1837	-0.016093	-0.014581	-0.000756
1838	-0.009584	-0.010659	0.000538
1839	-0.002148	-0.003742	0.000797
1840	-0.005294	-0.003694	-0.000800
1841	-0.010081	-0.005744	-0.002169
1842	-0.005272	-0.013860	0.004294
1843	-0.008436	-0.005245	-0.001596
1844	-0.007081	-0.008300	0.000610
1845	-0.011513	-0.006846	-0.002334
1846	-0.013307	-0.007183	-0.003062
1847	-0.004932	-0.015453	0.005261
1848	-0.001195	-0.012128	0.005467
1849	-0.010453	-0.012624	0.001086
1850	-0.009768	-0.011176	0.000704
1851	-0.009618	-0.008296	-0.000661
1852	-0.005031	-0.010167	0.002568
1853	-0.018977	-0.008256	-0.005361
1854	-0.008966	-0.010336	0.000685
1855	-0.008939	-0.011252	0.001157
1856	-0.012451	-0.010295	-0.001078
1857	-0.008564	-0.007417	-0.000574
1858	-0.008287	-0.006946	-0.000670
1859	-0.009531	-0.007364	-0.001084
1860	-0.004270	-0.011538	0.003634
1861	-0.003051	-0.000807	-0.001122
1862	-0.016404	-0.004579	-0.005913
1863	-0.010246	-0.009674	-0.000286
1864	-0.013660	-0.004150	-0.004755
1865	-0.008744	-0.007806	-0.000469
1866	-0.002008	-0.004349	0.001171
1867	-0.006544	-0.006695	0.000076
1868	-0.004460	-0.000515	-0.001972
1869	-0.005970	-0.005462	-0.000254
1870	-0.003852	-0.006366	0.001257
1871	0.002046	-0.010896	0.006471
1872	-0.015390	-0.013125	-0.001132
1873	-0.002826	-0.011835	0.004504
1874	0.000543	-0.007350	0.003947
1875	-0.010388	-0.010630	0.000121
1876	-0.000926	-0.015663	0.007368
1877	-0.011366	-0.004596	-0.003385
1878	-0.002701	-0.005356	0.001327
1879	-0.010313	-0.007275	-0.001519
1880	-0.007397	-0.006650	-0.000374
1881	-0.005557	-0.003884	-0.000836
1882	-0.011087	-0.010708	-0.000189
1883	-0.008807	-0.002781	-0.003013
1884	0.000178	-0.004502	0.002340
1885	-0.003756	-0.009197	0.002721
1886	-0.010259	-0.010666	0.000203
1887	-0.008398	-0.009022	0.000312
1888	-0.002291	-0.009224	0.003467
1889	-0.008962	-0.008880	-0.000041
1890	-0.006042	-0.009373	0.001665
1891	-0.014834	-0.011650	-0.001592
1892	-0.003874	0.000977	-0.002426
1893	-0.002523	-0.010176	0.003827
1894	-0.012795	-0.006438	-0.003179
1895	-0.004111	-0.008347	0.002118
1896	-0.003355	-0.010579	0.003612
1897	-0.006368	-0.015440	0.004536
1898	-0.011695	-0.016165	0.002235
1899	-0.007932	-0.009105	0.000587
1900	-0.003791	-0.014733	0.005471
1901	0.000106	-0.014386	0.007246
1902	-0.014195	-0.015975	0.000890
1903	-0.012333	-0.005992	-0.003170
1904	-0.004650	-0.005961	0.000656
1905	-0.011297	-0.011676	0.000189
1906	-0.008840	-0.006092	-0.001374
1907	-0.010603	0.000113	-0.005358
1908	-0.007501	-0.003129	-0.002186
1909	-0.006817	-0.012553	0.002868
1910	-0.003414	-0.017784	0.007185
1911	-0.001969	-0.012050	0.005041
1912	-0.010577	-0.012299	0.000861
1913	-0.002676	-0.006256	0.001790
1914	-0.008194	-0.006949	-0.000622
1915	0.003432	0.000296	0.001568
1916	0.000926	-0.001700	0.001313
1917	-0.000252	-0.000765	0.000256
1918	-0.013319	-0.009492	-0.001913
1919	-0.011275	-0.003977	-0.003649
1920	-0.001003	-0.005165	0.002081
1921	-0.007087	-0.001430	-0.002829
1922	-0.011434	-0.006179	-0.002628
1923	-0.004438	-0.010034	0.002798
1924	-0.007818	-0.004584	-0.001617
1925	-0.009251	0.003668	-0.006459
1926	-0.011515	-0.010818	-0.000348
1927	-0.002934	0.002084	-0.002509
1928	-0.010136	-0.003814	-0.003161
1929	-0.013447	-0.009988	-0.001729
1930	0.000698	-0.004867	0.002782
1931	-0.010359	-0.006535	-0.001912
1932	-0.011009	-0.008358	-0.001326
1933	-0.008456	-0.004455	-0.002000
1934	-0.006258	-0.014770	0.004256
1935	0.002722	-0.006264	0.004493
1936	-0.003913	-0.004215	0.000151
1937	-0.010166	-0.003366	-0.003400
1938	-0.013459	-0.017189	0.001865
1939	-0.015247	-0.014040	-0.000603
1940	-0.008179	-0.014068	0.002944
1941	-0.006826	-0.005967	-0.000430
1942	-0.007359	-0.004029	-0.001665
1943	-0.002231	-0.006383	0.002076
1944	-0.009090	-0.007580	-0.000755
1945	0.001114	-0.005965	0.003540
1946	0.004138	-0.012689	0.008413
1947	-0.000357	0.002674	-0.001516
1948	-0.004592	-0.011769	0.003588
1949	-0.003011	0.002393	-0.002702
1950	-0.011642	-0.005843	-0.002899
1951	-0.006034	-0.006978	0.000472
1952	-0.006840	-0.013435	0.003298
1953	-0.000084	0.002504	-0.001294
1954	-0.005717	-0.001825	-0.001946
1955	-0.014954	-0.011499	-0.001727
1956	-0.000770	-0.011803	0.005516
1957	0.002311	-0.007929	0.005120
1958	-0.016074	-0.002458	-0.006808
1959	-0.005751	-0.010400	0.002325
1960	-0.007341	-0.006856	-0.000242
1961	-0.003804	0.006724	-0.005264
1962	-0.000463	-0.004718	0.002127
1963	-0.005334	-0.008608	0.001637
1964	0.003358	-0.000267	0.001812
1965	0.004629	-0.004914	0.004772
1966	-0.001907	0.002816	-0.002362
1967	-0.010882	-0.004823	-0.003029
1968	-0.006037	-0.017541	0.005752
1969	-0.014605	-0.013462	-0.000572
1970	0.001994	0.003641	-0.000823
1971	-0.007460	-0.008668	0.000604
1972	-0.010889	-0.005342	-0.002774
1973	-0.005388	-0.008959	0.001786
1974	-0.006127	-0.001806	-0.002160
1975	-0.000410	-0.011083	0.005336
1976	-0.013020	0.003431	-0.008225
1977	-0.016810	-0.008860	-0.003975
1978	0.001240	-0.011469	0.006354
1979	0.016505	-0.005671	0.011088
1980	-0.000303	-0.012009	0.005853
1981	-0.008710	-0.010721	0.001005
1982	-0.005959	0.001323	-0.003641
1983	-0.012624	0.007625	-0.010124
1984	0.010154	-0.004473	0.007314
1985	0.003540	-0.006355	0.004948
1986	0.015832	-0.007999	0.011915
1987	-0.017441	-0.015841	-0.000800
1988	0.004059	-0.009573	0.006816
1989	-0.004840	-0.007689	0.001425
1990	-0.008059	-0.009568	0.000754
1991	-0.001868	-0.007675	0.002904
1992	-0.001918	0.004136	-0.003027
1993	-0.003772	-0.012433	0.004330
1994	-0.005959	-0.002022	-0.001969
1995	-0.004669	-0.017978	0.006654
1996	0.001222	-0.016032	0.008627
1997	0.014805	-0.000652	0.007729
1998	-0.026488	-0.012977	-0.006756
1999	-0.003202	0.007131	-0.005167
2000	0.001949	-0.014915	0.008432
2001	-0.006339	-0.014920	0.004291
2002	-0.007115	-0.020896	0.006890
2003	0.001485	0.007702	-0.003109
2004	-0.008014	-0.017446	0.004716
2005	-0.009585	-0.003135	-0.003225
2006	0.001347	0.009243	-0.003948
2007	-0.006056	-0.010815	0.002380
2008	-0.010436	-0.010673	0.000118
2009	-0.008709	-0.001768	-0.003470
2010	-0.019335	-0.016492	-0.001421
2011	-0.009091	-0.016071	0.003490
2012	-0.018344	-0.007061	-0.005641
2013	-0.011641	-0.005170	-0.003235
2014	-0.011227	-0.001454	-0.004887
2015	-0.016156	-0.016381	0.000112
2016	-0.022431	-0.005205	-0.008613
2017	-0.027531	-0.016993	-0.005269
2018	-0.014881	-0.014460	-0.000210
2019	-0.008525	-0.002282	-0.003122
2020	-0.017161	-0.009754	-0.003703
2021	-0.009193	-0.008374	-0.000409
2022	-0.004293	-0.011085	0.003396
2023	-0.005925	-0.024394	0.009234
2024	-0.016453	-0.017967	0.000757
2025	0.001578	0.001826	-0.000124
2026	0.005881	-0.015411	0.010646
2027	-0.001472	-0.016734	0.007631
2028	0.003783	-0.024140	0.013962
2029	0.000083	0.000233	-0.000075
2030	0.005628	0.008088	-0.001230
2031	-0.012302	-0.023788	0.005743
2032	-0.015460	-0.010192	-0.002634
2033	-0.025186	-0.010858	-0.007164
2034	-0.026882	-0.003274	-0.011804
2035	-0.009155	-0.001860	-0.003648
2036	-0.011804	-0.028355	0.008275
2037	0.013151	-0.009655	0.011403
2038	-0.004606	0.010343	-0.007474
2039	-0.012937	0.002635	-0.007786
2040	-0.015351	-0.015424	0.000037
2041	0.000658	-0.019095	0.009877
2042	-0.020586	-0.032800	0.006107
2043	0.003681	-0.015194	0.009437
2044	-0.008250	-0.009232	0.000491
2045	-0.012265	-0.005319	-0.003473
2046	-0.009340	-0.004921	-0.002210
2047	-0.009417	-0.019261	0.004922
