0	0.102978	0.102978	0.000000
1	-929406585213470.875000	-929406585213470.875000	0.000000
2	0.837537	-0.594060	0.715799
3	0.544362	2.107296	-0.781467
4	0.439273	0.401210	0.019031
5	0.299431	-20.756415	10.527923
6	2.140979	0.410900	0.865040
7	-2.487328	1.328636	-1.907982
8	0.316410	4.045707	-1.864649
9	0.736368	2.630094	-0.946863
10	0.447011	-0.766235	0.606623
11	0.360276	0.524431	-0.082077
12	0.773009	5.197697	-2.212344
13	0.277203	-2.046870	1.162037
14	0.381830	2.672670	-1.145420
15	0.341046	0.412856	-0.035905
16	0.397516	-0.513859	0.455687
17	0.274730	-0.867657	0.571194
18	0.288416	1.762411	-0.736998
19	0.409998	0.265495	0.072252
20	0.296770	0.367791	-0.035511
21	0.548371	0.776093	-0.113861
22	1.463326	-25.098829	13.281078
23	0.825165	2.238081	-0.706458
24	1.078007	-0.819525	0.948766
25	1.296599	-0.817313	1.056956
26	-70.878569	-0.867084	-35.005742
27	-0.801694	-0.819662	0.008984
28	-2.525585	-0.249982	-1.137802
29	4.367157	-13.430149	8.898653
30	-0.943967	-0.420423	-0.261772
31	-0.814480	-0.825443	0.005482
32	3.091155	-0.580449	1.835802
33	-0.843578	-9.589150	4.372786
34	-5.826934	-0.357836	-2.734549
35	7.939496	-0.147535	4.043515
36	-0.664741	-1.048495	0.191877
37	-0.462067	-0.514838	0.026386
38	1.224057	-0.281301	0.752679
39	-0.888861	-0.737065	-0.075898
40	-0.315910	-0.434978	0.059534
41	-3.292206	-0.622654	-1.334776
42	-0.518943	-1.193195	0.337126
43	-2.438605	-0.544427	-0.947089
44	-0.550001	-0.320472	-0.114765
45	-0.797785	-0.815513	0.008864
46	-0.901943	-0.451465	-0.225239
47	-0.559838	-0.337667	-0.111086
48	-0.570621	-0.450000	-0.060310
49	-0.276951	-0.366539	0.044794
50	-0.350850	-0.708465	0.178808
51	-1.048303	-1.692520	0.322109
52	2.737208	-0.738813	1.738010
53	-0.301229	-1.813254	0.756013
54	-1.196458	-0.358923	-0.418767
55	-8.766508	-0.456628	-4.154940
56	-25.870629	-0.320685	-12.774972
57	-0.574122	-0.399779	-0.087171
58	0.533835	-0.545712	0.539774
59	-0.482183	-0.282329	-0.099927
60	-0.459454	-0.506393	0.023469
61	-0.579810	-1.030595	0.225393
62	-5.020885	-0.415069	-2.302908
63	-0.383524	-0.356654	-0.013435
64	-0.633589	-0.283561	-0.175014
65	-2.951216	-1.615810	-0.667703
66	-1.264316	-0.132712	-0.565802
67	-0.533905	-0.330827	-0.101539
68	-0.500918	-0.184641	-0.158139
69	-0.613966	-0.731829	0.058932
70	-0.632435	-0.430095	-0.101170
71	-0.329496	-0.687858	0.179181
72	-0.493410	-1.025130	0.265860
73	-5.414622	-0.178786	-2.617918
74	-1.345735	-0.920308	-0.212713
75	-6.143072	-0.396729	-2.873171
76	-1.924307	-1.665983	-0.129162
77	-0.279108	-0.321138	0.021015
78	-1.528097	-0.278619	-0.624739
79	-0.355628	-0.317901	-0.018863
80	-1.059461	-0.502132	-0.278664
81	-0.325522	-0.618925	0.146702
82	-0.479947	-0.359210	-0.060369
83	-0.408368	-0.334312	-0.037028
84	-0.465306	-0.676633	0.105664
85	-0.429313	-0.417952	-0.005680
86	-0.452465	-0.606665	0.077100
87	-0.350825	-0.329021	-0.010902
88	-0.340404	-0.268111	-0.036147
89	-0.260367	-0.210096	-0.025136
90	-0.238289	-0.301406	0.031559
91	-0.170580	-0.316938	0.073179
92	-0.310197	-0.253530	-0.028333
93	-0.468516	-0.279318	-0.094599
94	-0.690464	-0.305263	-0.192600
95	-0.266025	-0.180607	-0.042709
96	-0.300371	-0.258364	-0.021003
97	-0.198759	-0.162188	-0.018285
98	-0.287369	-0.154016	-0.066676
99	-0.240043	-0.238843	-0.000600
100	-0.308258	-0.189923	-0.059168
101	-0.340574	-0.235786	-0.052394
102	-0.184315	-0.161375	-0.011470
103	-0.222082	-0.207101	-0.007491
104	-0.217979	-0.136096	-0.040942
105	-0.160344	-0.173150	0.006403
106	-0.179134	-0.279892	0.050379
107	-0.168036	-0.221318	0.026641
108	-0.146569	-0.210574	0.032002
109	-0.128876	-0.151348	0.011236
110	-0.200162	-0.164022	-0.018070
111	-0.211624	-0.166579	-0.022522
112	-0.142409	-0.170370	0.013981
113	-0.162630	-0.151228	-0.005701
114	-0.191111	-0.182558	-0.004277
115	-0.119908	-0.145815	0.012954
116	-0.116890	-0.142027	0.012569
117	-0.147361	-0.182601	0.017620
118	-0.151504	-0.158328	0.003412
119	-0.145585	-0.153276	0.003845
120	-0.151454	-0.145196	-0.003129
121	-0.142974	-0.130238	-0.006368
122	-0.129130	-0.149031	0.009950
123	-0.131046	-0.153751	0.011353
124	-0.138330	-0.150685	0.006178
125	-0.152556	-0.162225	0.004835
126	-0.129037	-0.160120	0.015542
127	-0.154726	-0.147493	-0.003616
128	-0.124215	-0.127323	0.001554
129	-0.139079	-0.099872	-0.019603
130	-0.127565	-0.114602	-0.006481
131	-0.109945	-0.106972	-0.001486
132	-0.088898	-0.123693	0.017398
133	-0.123759	-0.114747	-0.004506
134	-0.125077	-0.125893	0.000408
135	-0.098323	-0.103937	0.002807
136	-0.090246	-0.103776	0.006765
137	-0.064549	-0.103369	0.019410
138	-0.103110	-0.129979	0.013434
139	-0.106708	-0.098669	-0.004020
140	-0.090814	-0.092692	0.000939
141	-0.092911	-0.096701	0.001895
142	-0.062804	-0.114372	0.025784
143	-0.098539	-0.108200	0.004830
144	-0.070231	-0.085980	0.007874
145	-0.082939	-0.078159	-0.002390
146	-0.072599	-0.082751	0.005076
147	-0.082977	-0.079256	-0.001860
148	-0.053978	-0.081980	0.014001
149	-0.069107	-0.091345	0.011119
150	-0.078019	-0.081019	0.001500
151	-0.066129	-0.084609	0.009240
152	-0.064383	-0.083359	0.009488
153	-0.064911	-0.079296	0.007193
154	-0.064130	-0.075923	0.005897
155	-0.064526	-0.076686	0.006080
156	-0.055093	-0.077832	0.011370
157	-0.060857	-0.062311	0.000727
158	-0.071945	-0.079744	0.003899
159	-0.062641	-0.072662	0.005011
160	-0.068440	-0.080032	0.005796
161	-0.049282	-0.064728	0.007723
162	-0.052780	-0.054237	0.000729
163	-0.052244	-0.057597	0.002676
164	-0.047344	-0.055980	0.004318
165	-0.049869	-0.075067	0.012599
166	-0.041987	-0.061486	0.009749
167	-0.048340	-0.065485	0.008573
168	-0.049553	-0.060218	0.005333
169	-0.043428	-0.057046	0.006809
170	-0.047350	-0.048132	0.000391
171	-0.036778	-0.065369	0.014296
172	-0.040340	-0.065243	0.012452
173	-0.043636	-0.060871	0.008617
174	-0.032662	-0.058586	0.012962
175	-0.031325	-0.044175	0.006425
176	-0.037534	-0.062599	0.012533
177	-0.035749	-0.045200	0.004725
178	-0.031852	-0.055369	0.011758
179	-0.032615	-0.052506	0.009946
180	-0.031586	-0.045622	0.007018
181	-0.026523	-0.047082	0.010280
182	-0.032071	-0.052675	0.010302
183	-0.026376	-0.048616	0.011120
184	-0.030150	-0.046808	0.008329
185	-0.029689	-0.038869	0.004590
186	-0.037636	-0.048271	0.005318
187	-0.024964	-0.040531	0.007783
188	-0.030856	-0.039075	0.004110
189	-0.024783	-0.045659	0.010438
190	-0.032201	-0.037580	0.002689
191	-0.017140	-0.039149	0.011005
192	-0.024837	-0.046515	0.010839
193	-0.026516	-0.041326	0.007405
194	-0.020031	-0.031948	0.005959
195	-0.021065	-0.037042	0.007988
196	-0.027353	-0.036255	0.004451
197	-0.022427	-0.040442	0.009007
198	-0.023221	-0.030974	0.003877
199	-0.025379	-0.034918	0.004769
200	-0.027672	-0.028937	0.000633
201	-0.022977	-0.031045	0.004034
202	-0.015133	-0.035816	0.010341
203	-0.018484	-0.030064	0.005790
204	-0.016631	-0.032730	0.008049
205	-0.020369	-0.030889	0.005260
206	-0.022722	-0.028237	0.002757
207	-0.019316	-0.026031	0.003357
208	-0.023247	-0.028143	0.002448
209	-0.022825	-0.031923	0.004549
210	-0.022260	-0.023449	0.000595
211	-0.018708	-0.028553	0.004922
212	-0.023719	-0.022461	-0.000629
213	-0.019842	-0.018696	-0.000573
214	-0.021588	-0.024652	0.001532
215	-0.015270	-0.017279	0.001004
216	-0.017270	-0.016748	-0.000261
217	-0.017789	-0.021191	0.001701
218	-0.018334	-0.018919	0.000293
219	-0.021042	-0.021468	0.000213
220	-0.016352	-0.019385	0.001517
221	-0.014585	-0.017455	0.001435
222	-0.022364	-0.016962	-0.002701
223	-0.019312	-0.021318	0.001003
224	-0.019501	-0.015908	-0.001797
225	-0.019634	-0.014629	-0.002502
226	-0.017704	-0.012819	-0.002443
227	-0.019270	-0.011450	-0.003910
228	-0.022225	-0.010192	-0.006016
229	-0.017111	-0.016930	-0.000091
230	-0.024558	-0.011481	-0.006538
231	-0.026295	-0.008696	-0.008800
232	-0.023596	-0.014026	-0.004785
233	-0.025118	-0.014252	-0.005433
234	-0.024237	-0.006560	-0.008838
235	-0.024002	-0.008912	-0.007545
236	-0.021640	-0.009770	-0.005935
237	-0.032993	-0.008845	-0.012074
238	-0.024414	-0.008938	-0.007738
239	-0.033159	-0.008641	-0.012259
240	-0.025669	-0.010613	-0.007528
241	-0.031542	-0.005928	-0.012807
242	-0.029846	-0.006142	-0.011852
243	-0.033565	-0.001951	-0.015807
244	-0.030262	-0.003606	-0.013328
245	-0.031236	-0.006493	-0.012371
246	-0.031668	-0.006181	-0.012744
247	-0.033414	-0.002445	-0.015484
248	-0.033064	-0.003637	-0.014713
249	-0.030236	-0.001152	-0.014542
250	-0.030859	-0.005699	-0.012580
251	-0.034979	0.000405	-0.017692
252	-0.033126	0.001294	-0.017210
253	-0.044492	-0.001115	-0.021689
254	-0.038564	0.000669	-0.019617
255	-0.033754	0.002543	-0.018148
256	-0.037632	0.000448	-0.019040
257	-0.037416	0.004027	-0.020721
258	-0.036708	0.003254	-0.019981
259	-0.039681	0.006774	-0.023227
260	-0.041818	0.007454	-0.024636
261	-0.040274	0.006933	-0.023604
262	-0.035668	0.004374	-0.020021
263	-0.041388	0.010700	-0.026044
264	-0.036917	0.008141	-0.022529
265	-0.038783	0.009676	-0.024229
266	-0.037699	0.011662	-0.024681
267	-0.039758	0.012231	-0.025995
268	-0.043572	0.010915	-0.027243
269	-0.039413	0.014286	-0.026850
270	-0.041863	0.014026	-0.027944
271	-0.040725	0.011465	-0.026095
272	-0.041326	0.015248	-0.028287
273	-0.040077	0.014731	-0.027404
274	-0.040507	0.013311	-0.026909
275	-0.042865	0.016982	-0.029923
276	-0.039453	0.014346	-0.026899
277	-0.042326	0.018243	-0.030285
278	-0.041985	0.016263	-0.029124
279	-0.043612	0.019060	-0.031336
280	-0.044579	0.018028	-0.031304
281	-0.045655	0.013861	-0.029758
282	-0.040675	0.015924	-0.028300
283	-0.042865	0.015775	-0.029320
284	-0.044667	0.019329	-0.031998
285	-0.044761	0.018732	-0.031747
286	-0.046248	0.019419	-0.032833
287	-0.048701	0.017225	-0.032963
288	-0.044252	0.018330	-0.031291
289	-0.043965	0.019320	-0.031643
290	-0.045527	0.014698	-0.030112
291	-0.044546	0.019537	-0.032042
292	-0.044881	0.015398	-0.030139
293	-0.047018	0.019995	-0.033506
294	-0.048515	0.019940	-0.034228
295	-0.049052	0.022275	-0.035663
296	-0.045685	0.021616	-0.033650
297	-0.043809	0.018975	-0.031392
298	-0.048223	0.019085	-0.033654
299	-0.050882	0.019744	-0.035313
300	-0.047290	0.021226	-0.034258
301	-0.045695	0.020695	-0.033195
302	-0.049216	0.018816	-0.034016
303	-0.051435	0.018656	-0.035046
304	-0.047975	0.021647	-0.034811
305	-0.048680	0.020214	-0.034447
306	-0.047995	0.021367	-0.034681
307	-0.047979	0.022695	-0.035337
308	-0.047912	0.019973	-0.033943
309	-0.046986	0.023432	-0.035209
310	-0.046282	0.019389	-0.032836
311	-0.048301	0.023120	-0.035710
312	-0.044532	0.021634	-0.033083
313	-0.047264	0.022606	-0.034935
314	-0.046921	0.021975	-0.034448
315	-0.043273	0.023610	-0.033441
316	-0.049179	0.018563	-0.033871
317	-0.048662	0.020601	-0.034632
318	-0.048214	0.019697	-0.033956
319	-0.048820	0.022650	-0.035735
320	-0.044988	0.020816	-0.032902
321	-0.048034	0.021917	-0.034976
322	-0.047782	0.019950	-0.033866
323	-0.048834	0.021408	-0.035121
324	-0.048090	0.023200	-0.035645
325	-0.047968	0.022568	-0.035268
326	-0.048749	0.023243	-0.035996
327	-0.046792	0.023919	-0.035356
328	-0.049091	0.021856	-0.035474
329	-0.050075	0.021648	-0.035861
330	-0.044922	0.019202	-0.032062
331	-0.046003	0.018999	-0.032501
332	-0.043583	0.022441	-0.033012
333	-0.046287	0.021168	-0.033728
334	-0.044376	0.021979	-0.033178
335	-0.046164	0.023113	-0.034639
336	-0.046299	0.022428	-0.034363
337	-0.046910	0.022303	-0.034607
338	-0.046954	0.021918	-0.034436
339	-0.043794	0.022695	-0.033245
340	-0.045539	0.020612	-0.033075
341	-0.044016	0.021570	-0.032793
342	-0.044803	0.020128	-0.032465
343	-0.043186	0.021434	-0.032310
344	-0.045404	0.020769	-0.033087
345	-0.042939	0.020784	-0.031862
346	-0.044640	0.022117	-0.033379
347	-0.044924	0.020387	-0.032656
348	-0.045372	0.021941	-0.033657
349	-0.045181	0.020195	-0.032688
350	-0.044203	0.019488	-0.031845
351	-0.041745	0.020146	-0.030945
352	-0.046236	0.016368	-0.031302
353	-0.045607	0.017398	-0.031503
354	-0.041967	0.020710	-0.031338
355	-0.042564	0.017132	-0.029848
356	-0.043638	0.021069	-0.032353
357	-0.044908	0.018400	-0.031654
358	-0.042452	0.017558	-0.030005
359	-0.043125	0.018996	-0.031061
360	-0.041087	0.019480	-0.030283
361	-0.040144	0.020767	-0.030455
362	-0.042610	0.017516	-0.030063
363	-0.044168	0.017016	-0.030592
364	-0.041437	0.019111	-0.030274
365	-0.042695	0.018188	-0.030442
366	-0.041534	0.019304	-0.030419
367	-0.039994	0.017231	-0.028613
368	-0.040924	0.017115	-0.029020
369	-0.039492	0.017593	-0.028543
370	-0.040973	0.017980	-0.029477
371	-0.039838	0.016851	-0.028345
372	-0.039790	0.015520	-0.027655
373	-0.038990	0.015785	-0.027388
374	-0.041837	0.014760	-0.028298
375	-0.037962	0.016141	-0.027052
376	-0.039542	0.017384	-0.028463
377	-0.040155	0.016577	-0.028366
378	-0.037065	0.014996	-0.026030
379	-0.038487	0.015136	-0.026812
380	-0.038570	0.015902	-0.027236
381	-0.036272	0.014705	-0.025489
382	-0.038540	0.014108	-0.026324
383	-0.037555	0.013822	-0.025688
384	-0.036446	0.014059	-0.025252
385	-0.037214	0.012986	-0.025100
386	-0.034852	0.012945	-0.023898
387	-0.036783	0.015044	-0.025913
388	-0.036530	0.013198	-0.024864
389	-0.038723	0.013255	-0.025989
390	-0.035951	0.011075	-0.023513
391	-0.034035	0.011430	-0.022733
392	-0.036156	0.012767	-0.024461
393	-0.038211	0.012011	-0.025111
394	-0.034624	0.011359	-0.022992
395	-0.035145	0.013121	-0.024133
396	-0.034603	0.012779	-0.023691
397	-0.035129	0.011734	-0.023431
398	-0.035985	0.009898	-0.022942
399	-0.033642	0.011192	-0.022417
400	-0.035208	0.013142	-0.024175
401	-0.033510	0.012067	-0.022789
402	-0.034740	0.011911	-0.023325
403	-0.033530	0.009850	-0.021690
404	-0.033693	0.011231	-0.022462
405	-0.036104	0.009516	-0.022810
406	-0.031972	0.009471	-0.020722
407	-0.032972	0.009411	-0.021192
408	-0.032301	0.010367	-0.021334
409	-0.033174	0.008976	-0.021075
410	-0.030460	0.009427	-0.019944
411	-0.031476	0.010438	-0.020957
412	-0.030840	0.010292	-0.020566
413	-0.029641	0.008603	-0.019122
414	-0.031629	0.009664	-0.020647
415	-0.032118	0.009770	-0.020944
416	-0.030355	0.008996	-0.019675
417	-0.030661	0.009362	-0.020012
418	-0.029787	0.006922	-0.018354
419	-0.031594	0.006684	-0.019139
420	-0.030614	0.009392	-0.020003
421	-0.027689	0.006291	-0.016990
422	-0.028530	0.008502	-0.018516
423	-0.029072	0.008963	-0.019017
424	-0.028021	0.006889	-0.017455
425	-0.029370	0.006808	-0.018089
426	-0.026148	0.006143	-0.016146
427	-0.027586	0.006838	-0.017212
428	-0.027134	0.008423	-0.017778
429	-0.025585	0.005947	-0.015766
430	-0.028058	0.005268	-0.016663
431	-0.025583	0.005573	-0.015578
432	-0.028053	0.005546	-0.016799
433	-0.026304	0.003376	-0.014840
434	-0.027081	0.005763	-0.016422
435	-0.026290	0.006138	-0.016214
436	-0.025384	0.004445	-0.014914
437	-0.026266	0.003629	-0.014948
438	-0.024468	0.001961	-0.013215
439	-0.025739	0.003381	-0.014560
440	-0.023979	0.003475	-0.013727
441	-0.023561	0.001949	-0.012755
442	-0.024080	0.003622	-0.013851
443	-0.022621	0.002259	-0.012440
444	-0.024913	0.003856	-0.014385
445	-0.022368	0.003110	-0.012739
446	-0.022077	0.001383	-0.011730
447	-0.022164	0.001323	-0.011744
448	-0.019975	0.001448	-0.010712
449	-0.021984	0.000309	-0.011146
450	-0.018729	0.002146	-0.010437
451	-0.020530	0.001776	-0.011153
452	-0.023027	0.001977	-0.012502
453	-0.020657	-0.000846	-0.009906
454	-0.020776	0.001523	-0.011150
455	-0.019754	0.000768	-0.010261
456	-0.019800	-0.002046	-0.008877
457	-0.019229	-0.000888	-0.009170
458	-0.019103	-0.001383	-0.008860
459	-0.017596	-0.002419	-0.007589
460	-0.019329	-0.002902	-0.008214
461	-0.020760	-0.003132	-0.008814
462	-0.017118	-0.001101	-0.008009
463	-0.016543	-0.000473	-0.008035
464	-0.018062	-0.001407	-0.008328
465	-0.015954	-0.006117	-0.004919
466	-0.016698	-0.003597	-0.006550
467	-0.014862	-0.002697	-0.006083
468	-0.017355	-0.003696	-0.006829
469	-0.014706	-0.002909	-0.005898
470	-0.015692	-0.004542	-0.005575
471	-0.014943	-0.003691	-0.005626
472	-0.014569	-0.003509	-0.005530
473	-0.014173	-0.005939	-0.004117
474	-0.013727	-0.007061	-0.003333
475	-0.013678	-0.004784	-0.004447
476	-0.012357	-0.004875	-0.003741
477	-0.013315	-0.005801	-0.003757
478	-0.012572	-0.005955	-0.003308
479	-0.013009	-0.007979	-0.002515
480	-0.014400	-0.007399	-0.003501
481	-0.010582	-0.005381	-0.002600
482	-0.015394	-0.006476	-0.004459
483	-0.011264	-0.008474	-0.001395
484	-0.011305	-0.009446	-0.000930
485	-0.011006	-0.007962	-0.001522
486	-0.010832	-0.006309	-0.002261
487	-0.010079	-0.011275	0.000598
488	-0.010400	-0.011096	0.000348
489	-0.010870	-0.010092	-0.000389
490	-0.009706	-0.010526	0.000410
491	-0.009426	-0.011063	0.000819
492	-0.008731	-0.010423	0.000846
493	-0.008876	-0.011432	0.001278
494	-0.008990	-0.010398	0.000704
495	-0.007160	-0.010649	0.001744
496	-0.007763	-0.011345	0.001791
497	-0.006800	-0.013588	0.003394
498	-0.007358	-0.010378	0.001510
499	-0.008747	-0.011621	0.001437
500	-0.009353	-0.012356	0.001501
501	-0.008010	-0.012231	0.002110
502	-0.008288	-0.016573	0.004142
503	-0.009099	-0.013189	0.002045
504	-0.005323	-0.012860	0.003769
505	-0.006527	-0.014372	0.003923
506	-0.008378	-0.015100	0.003361
507	-0.007282	-0.014527	0.003622
508	-0.006944	-0.013279	0.003167
509	-0.005119	-0.013969	0.004425
510	-0.004023	-0.015437	0.005707
511	-0.005686	-0.014775	0.004545
512	-0.005776	-0.013621	0.003922
513	-0.006472	-0.014693	0.004110
514	-0.005885	-0.014614	0.004364
515	-0.004377	-0.016167	0.005895
516	-0.003496	-0.013805	0.005154
517	-0.006263	-0.013947	0.003842
518	-0.003775	-0.013659	0.004942
519	-0.004369	-0.015424	0.005527
520	-0.005522	-0.014883	0.004681
521	-0.005190	-0.016640	0.005725
522	-0.004263	-0.015457	0.005597
523	-0.002816	-0.017930	0.007557
524	-0.003867	-0.016234	0.006184
525	-0.004269	-0.014782	0.005256
526	-0.003813	-0.015386	0.005786
527	-0.004288	-0.013980	0.004846
528	-0.005132	-0.017231	0.006050
529	-0.003000	-0.016128	0.006564
530	-0.002342	-0.015444	0.006551
531	-0.002160	-0.017011	0.007425
532	-0.002314	-0.015933	0.006810
533	-0.004824	-0.017079	0.006127
534	-0.004072	-0.015099	0.005513
535	-0.003245	-0.016004	0.006379
536	-0.003120	-0.016376	0.006628
537	-0.002697	-0.017774	0.007539
538	-0.001081	-0.017607	0.008263
539	-0.004004	-0.015447	0.005722
540	-0.002126	-0.016364	0.007119
541	-0.004270	-0.015216	0.005473
542	-0.004486	-0.016673	0.006093
543	-0.002108	-0.016557	0.007225
544	-0.003117	-0.014493	0.005688
545	-0.004126	-0.017749	0.006812
546	-0.004122	-0.016421	0.006149
547	-0.004106	-0.017827	0.006860
548	-0.002837	-0.018150	0.007657
549	-0.004338	-0.016396	0.006029
550	-0.003129	-0.018759	0.007815
551	-0.003207	-0.018082	0.007438
552	-0.002998	-0.015566	0.006284
553	-0.002757	-0.016251	0.006747
554	-0.003555	-0.015724	0.006084
555	-0.003907	-0.014644	0.005369
556	-0.003530	-0.014356	0.005413
557	-0.003474	-0.014507	0.005517
558	-0.004497	-0.012964	0.004234
559	-0.003702	-0.017041	0.006670
560	-0.004253	-0.015365	0.005556
561	-0.006165	-0.015276	0.004556
562	-0.002870	-0.014928	0.006029
563	-0.004669	-0.013872	0.004602
564	-0.004860	-0.014229	0.004685
565	-0.005788	-0.014945	0.004579
566	-0.003696	-0.013149	0.004726
567	-0.004189	-0.013280	0.004546
568	-0.004916	-0.015102	0.005093
569	-0.006442	-0.014379	0.003968
570	-0.005292	-0.014679	0.004694
571	-0.006319	-0.012115	0.002898
572	-0.006112	-0.014146	0.004017
573	-0.005710	-0.012991	0.003641
574	-0.007645	-0.013480	0.002917
575	-0.005513	-0.012787	0.003637
576	-0.008107	-0.011471	0.001682
577	-0.008425	-0.012666	0.002121
578	-0.007229	-0.012195	0.002483
579	-0.006960	-0.011829	0.002435
580	-0.008416	-0.011743	0.001663
581	-0.008445	-0.010359	0.000957
582	-0.010165	-0.010323	0.000079
583	-0.008895	-0.010493	0.000799
584	-0.010148	-0.009833	-0.000158
585	-0.010559	-0.010033	-0.000263
586	-0.009504	-0.008882	-0.000311
587	-0.009283	-0.010942	0.000829
588	-0.010641	-0.009408	-0.000616
589	-0.009950	-0.009099	-0.000425
590	-0.010007	-0.007926	-0.001041
591	-0.010257	-0.008377	-0.000940
592	-0.011985	-0.008813	-0.001586
593	-0.011126	-0.008669	-0.001229
594	-0.011235	-0.009682	-0.000777
595	-0.012506	-0.008380	-0.002063
596	-0.012325	-0.008460	-0.001932
597	-0.011792	-0.008264	-0.001764
598	-0.011918	-0.007104	-0.002407
599	-0.011964	-0.007618	-0.002173
600	-0.011949	-0.007956	-0.001996
601	-0.014219	-0.006990	-0.003615
602	-0.014124	-0.005247	-0.004439
603	-0.014085	-0.006128	-0.003978
604	-0.013881	-0.003967	-0.004957
605	-0.014996	-0.005428	-0.004784
606	-0.016451	-0.005734	-0.005358
607	-0.014537	-0.004558	-0.004989
608	-0.015384	-0.006106	-0.004639
609	-0.016711	-0.004957	-0.005877
610	-0.015968	-0.001792	-0.007088
611	-0.016216	-0.004368	-0.005924
612	-0.017200	-0.003633	-0.006784
613	-0.015332	-0.004352	-0.005490
614	-0.014436	-0.003274	-0.005581
615	-0.015731	-0.003111	-0.006310
616	-0.015595	-0.001398	-0.007098
617	-0.016655	-0.001943	-0.007356
618	-0.016571	-0.001881	-0.007345
619	-0.016915	-0.000916	-0.008000
620	-0.018036	-0.002785	-0.007626
621	-0.016673	-0.001976	-0.007349
622	-0.016292	-0.001313	-0.007490
623	-0.017979	-0.000198	-0.008890
624	-0.017672	-0.002325	-0.007674
625	-0.017230	-0.001776	-0.007727
626	-0.019087	-0.001194	-0.008947
627	-0.018721	-0.000341	-0.009190
628	-0.018940	-0.000218	-0.009361
629	-0.019608	-0.000180	-0.009714
630	-0.019474	-0.001294	-0.009090
631	-0.018143	-0.000059	-0.009042
632	-0.020274	-0.000035	-0.010120
633	-0.020732	0.000548	-0.010640
634	-0.018620	0.000429	-0.009525
635	-0.018509	0.000099	-0.009304
636	-0.018985	0.000233	-0.009609
637	-0.020347	0.000836	-0.010591
638	-0.018918	0.000360	-0.009639
639	-0.018710	0.001867	-0.010288
640	-0.018232	0.001609	-0.009921
641	-0.020313	0.002114	-0.011214
642	-0.019416	0.002359	-0.010887
643	-0.019542	0.002748	-0.011145
644	-0.019352	0.001480	-0.010416
645	-0.019629	0.000767	-0.010198
646	-0.021289	0.001989	-0.011639
647	-0.021218	0.002797	-0.012007
648	-0.020649	0.001089	-0.010869
649	-0.020914	0.002974	-0.011944
650	-0.020957	0.002487	-0.011722
651	-0.020173	0.002094	-0.011133
652	-0.020340	0.002259	-0.011300
653	-0.019756	0.002829	-0.011293
654	-0.021011	0.001864	-0.011437
655	-0.020067	0.002345	-0.011206
656	-0.019599	0.002924	-0.011262
657	-0.019348	0.001604	-0.010476
658	-0.019737	0.002256	-0.010996
659	-0.019612	0.002444	-0.011028
660	-0.019351	0.001927	-0.010639
661	-0.019338	0.001938	-0.010638
662	-0.019378	0.002003	-0.010691
663	-0.019149	0.002784	-0.010967
664	-0.019060	0.002308	-0.010684
665	-0.019384	0.002470	-0.010927
666	-0.018775	0.002208	-0.010492
667	-0.018425	0.002124	-0.010275
668	-0.018755	0.001924	-0.010339
669	-0.018693	0.001673	-0.010183
670	-0.018167	0.001394	-0.009780
671	-0.018492	0.001570	-0.010031
672	-0.018426	0.001932	-0.010179
673	-0.017557	0.001081	-0.009319
674	-0.017472	0.000514	-0.008993
675	-0.017400	0.001170	-0.009285
676	-0.017502	0.001228	-0.009365
677	-0.017580	0.000755	-0.009167
678	-0.016863	0.000933	-0.008898
679	-0.016786	0.000814	-0.008800
680	-0.016999	-0.000028	-0.008485
681	-0.016990	0.000131	-0.008561
682	-0.016470	0.000117	-0.008293
683	-0.016220	-0.000728	-0.007746
684	-0.015421	-0.000762	-0.007329
685	-0.015542	-0.000935	-0.007304
686	-0.015184	-0.000833	-0.007176
687	-0.015047	-0.001062	-0.006992
688	-0.014870	-0.001522	-0.006674
689	-0.014486	-0.001220	-0.006633
690	-0.014489	-0.001331	-0.006579
691	-0.013807	-0.001721	-0.006043
692	-0.013510	-0.001734	-0.005888
693	-0.012991	-0.002003	-0.005494
694	-0.013144	-0.001835	-0.005654
695	-0.012502	-0.001938	-0.005282
696	-0.012821	-0.002550	-0.005136
697	-0.012046	-0.002756	-0.004645
698	-0.011573	-0.002832	-0.004371
699	-0.011544	-0.003173	-0.004185
700	-0.011018	-0.003251	-0.003883
701	-0.010995	-0.003619	-0.003688
702	-0.010626	-0.004099	-0.003263
703	-0.010444	-0.004144	-0.003150
704	-0.009905	-0.004553	-0.002676
705	-0.009853	-0.004632	-0.002610
706	-0.009679	-0.005195	-0.002242
707	-0.009244	-0.005406	-0.001919
708	-0.008831	-0.005799	-0.001516
709	-0.008852	-0.005972	-0.001440
710	-0.008579	-0.006459	-0.001060
711	-0.008134	-0.006790	-0.000672
712	-0.007858	-0.007119	-0.000370
713	-0.007708	-0.007211	-0.000248
714	-0.007365	-0.007531	0.000083
715	-0.006692	-0.007832	0.000570
716	-0.006836	-0.008084	0.000624
717	-0.006365	-0.008503	0.001069
718	-0.006043	-0.008842	0.001399
719	-0.005758	-0.009284	0.001763
720	-0.005417	-0.009613	0.002098
721	-0.005287	-0.009727	0.002220
722	-0.004939	-0.009694	0.002377
723	-0.004265	-0.010494	0.003115
724	-0.004304	-0.010363	0.003030
725	-0.004034	-0.010960	0.003463
726	-0.003433	-0.011239	0.003903
727	-0.003153	-0.011502	0.004174
728	-0.002804	-0.011986	0.004591
729	-0.002310	-0.011866	0.004778
730	-0.002157	-0.012334	0.005088
731	-0.001664	-0.012505	0.005420
732	-0.001694	-0.012946	0.005626
733	-0.001409	-0.013318	0.005955
734	-0.000987	-0.013693	0.006353
735	-0.000467	-0.014106	0.006820
736	-0.000248	-0.014266	0.007009
737	0.000196	-0.014751	0.007473
738	0.000325	-0.014896	0.007610
739	0.000794	-0.015426	0.008110
740	0.001016	-0.015615	0.008315
741	0.001296	-0.016018	0.008657
742	0.001572	-0.016292	0.008932
743	0.002041	-0.016772	0.009406
744	0.002337	-0.017111	0.009724
745	0.002767	-0.017380	0.010074
746	0.002884	-0.017932	0.010408
747	0.003250	-0.018138	0.010694
748	0.003743	-0.018320	0.011031
749	0.003794	-0.018748	0.011271
750	0.004527	-0.019362	0.011944
751	0.004651	-0.019594	0.012123
752	0.004931	-0.019832	0.012382
753	0.005369	-0.020293	0.012831
754	0.005851	-0.020499	0.013175
755	0.006014	-0.020974	0.013494
756	0.006446	-0.021280	0.013863
757	0.006874	-0.021765	0.014320
758	0.007188	-0.021962	0.014575
759	0.007538	-0.022363	0.014951
760	0.007798	-0.022777	0.015287
761	0.008110	-0.023074	0.015592
762	0.008482	-0.023457	0.015969
763	0.008892	-0.023735	0.016313
764	0.009235	-0.024021	0.016628
765	0.009650	-0.024354	0.017002
766	0.009900	-0.024935	0.017418
767	0.010268	-0.025010	0.017639
768	0.010818	-0.025388	0.018103
769	0.011161	-0.025983	0.018572
770	0.011522	-0.026153	0.018838
771	0.011935	-0.026597	0.019266
772	0.012450	-0.026966	0.019708
773	0.012779	-0.027347	0.020063
774	0.012958	-0.027794	0.020376
775	0.013379	-0.028205	0.020792
776	0.013796	-0.028586	0.021191
777	0.014290	-0.028962	0.021626
778	0.014632	-0.029351	0.021991
779	0.015026	-0.029543	0.022285
780	0.015465	-0.030155	0.022810
781	0.015747	-0.030491	0.023119
782	0.015947	-0.030830	0.023388
783	0.016543	-0.031214	0.023879
784	0.016932	-0.031545	0.024238
785	0.017375	-0.032108	0.024741
786	0.017660	-0.032559	0.025110
787	0.018114	-0.032858	0.025486
788	0.018547	-0.033154	0.025851
789	0.018925	-0.033545	0.026235
790	0.019382	-0.034255	0.026818
791	0.019629	-0.034471	0.027050
792	0.020187	-0.034910	0.027549
793	0.020608	-0.035281	0.027944
794	0.020932	-0.035816	0.028374
795	0.021420	-0.036143	0.028782
796	0.021805	-0.036584	0.029195
797	0.022134	-0.037117	0.029626
798	0.022645	-0.037525	0.030085
799	0.023044	-0.037994	0.030519
800	0.023328	-0.038537	0.030932
801	0.023813	-0.038831	0.031322
802	0.024285	-0.039370	0.031828
803	0.024702	-0.039670	0.032186
804	0.025225	-0.040157	0.032691
805	0.025507	-0.040624	0.033065
806	0.026002	-0.040977	0.033490
807	0.026313	-0.041329	0.033821
808	0.026746	-0.041755	0.034251
809	0.027245	-0.042274	0.034760
810	0.027622	-0.042568	0.035095
811	0.027983	-0.042946	0.035464
812	0.028375	-0.043316	0.035845
813	0.028723	-0.043667	0.036195
814	0.029127	-0.044042	0.036584
815	0.029516	-0.044586	0.037051
816	0.029926	-0.044874	0.037400
817	0.030111	-0.045086	0.037598
818	0.030571	-0.045642	0.038107
819	0.031036	-0.046082	0.038559
820	0.031192	-0.046498	0.038845
821	0.031512	-0.046659	0.039086
822	0.031913	-0.047031	0.039472
823	0.032303	-0.047407	0.039855
824	0.032532	-0.047813	0.040172
825	0.032788	-0.047870	0.040329
826	0.033149	-0.048293	0.040721
827	0.033463	-0.048709	0.041086
828	0.033668	-0.049109	0.041389
829	0.033989	-0.049524	0.041756
830	0.034417	-0.049843	0.042130
831	0.034739	-0.050074	0.042406
832	0.034917	-0.050280	0.042599
833	0.035270	-0.050662	0.042966
834	0.035306	-0.051077	0.043191
835	0.035553	-0.051145	0.043349
836	0.035893	-0.051266	0.043579
837	0.036277	-0.051726	0.044001
838	0.036477	-0.052084	0.044281
839	0.036877	-0.052449	0.044663
840	0.036892	-0.052273	0.044582
841	0.037334	-0.052707	0.045021
842	0.037482	-0.053305	0.045394
843	0.037945	-0.053353	0.045649
844	0.037997	-0.053705	0.045851
845	0.038201	-0.053972	0.046086
846	0.038553	-0.054029	0.046291
847	0.038761	-0.054173	0.046467
848	0.039072	-0.054602	0.046837
849	0.039274	-0.054903	0.047089
850	0.039671	-0.055078	0.047375
851	0.039399	-0.055403	0.047401
852	0.039823	-0.055687	0.047755
853	0.040035	-0.055851	0.047943
854	0.040393	-0.055972	0.048182
855	0.040509	-0.056383	0.048446
856	0.040650	-0.056470	0.048560
857	0.040873	-0.056755	0.048814
858	0.041196	-0.056977	0.049087
859	0.041318	-0.057130	0.049224
860	0.041526	-0.057494	0.049510
861	0.042040	-0.057572	0.049806
862	0.042010	-0.057804	0.049907
863	0.042259	-0.058065	0.050162
864	0.042381	-0.058340	0.050360
865	0.042692	-0.058501	0.050596
866	0.042954	-0.058760	0.050857
867	0.043258	-0.058718	0.050988
868	0.043325	-0.058892	0.051109
869	0.043415	-0.059272	0.051344
870	0.043534	-0.059483	0.051509
871	0.043829	-0.059685	0.051757
872	0.043997	-0.059804	0.051900
873	0.044151	-0.059970	0.052060
874	0.044365	-0.060326	0.052346
875	0.044422	-0.060383	0.052402
876	0.044656	-0.060597	0.052627
877	0.044861	-0.060680	0.052770
878	0.044901	-0.060845	0.052873
879	0.045135	-0.060774	0.052955
880	0.045088	-0.061105	0.053096
881	0.045425	-0.061396	0.053410
882	0.045396	-0.061298	0.053347
883	0.045388	-0.061433	0.053411
884	0.045615	-0.061419	0.053517
885	0.045483	-0.061742	0.053613
886	0.045749	-0.061888	0.053819
887	0.045686	-0.061767	0.053727
888	0.045788	-0.061814	0.053801
889	0.045874	-0.061860	0.053867
890	0.045625	-0.061921	0.053773
891	0.045681	-0.061830	0.053755
892	0.045676	-0.062031	0.053854
893	0.045722	-0.061730	0.053726
894	0.045794	-0.061870	0.053832
895	0.045797	-0.061824	0.053811
896	0.045591	-0.061747	0.053669
897	0.045599	-0.061692	0.053646
898	0.045520	-0.061667	0.053593
899	0.045340	-0.061713	0.053526
900	0.045313	-0.061417	0.053365
901	0.045000	-0.061160	0.053080
902	0.044896	-0.061328	0.053112
903	0.045024	-0.061115	0.053070
904	0.044689	-0.060690	0.052689
905	0.044472	-0.060776	0.052624
906	0.044238	-0.060437	0.052337
907	0.044079	-0.060294	0.052187
908	0.043919	-0.060127	0.052023
909	0.043597	-0.060113	0.051855
910	0.043463	-0.059895	0.051679
911	0.043148	-0.059473	0.051311
912	0.042839	-0.059088	0.050963
913	0.042688	-0.059005	0.050847
914	0.042482	-0.058583	0.050533
915	0.042223	-0.058344	0.050283
916	0.041982	-0.058300	0.050141
917	0.041639	-0.058108	0.049874
918	0.041309	-0.057745	0.049527
919	0.041012	-0.057462	0.049237
920	0.040695	-0.057261	0.048978
921	0.040276	-0.056757	0.048517
922	0.039939	-0.056552	0.048245
923	0.039662	-0.056174	0.047918
924	0.039425	-0.055909	0.047667
925	0.039224	-0.055595	0.047409
926	0.039017	-0.055382	0.047200
927	0.038302	-0.054933	0.046618
928	0.038269	-0.054699	0.046484
929	0.037900	-0.054286	0.046093
930	0.037467	-0.053839	0.045653
931	0.037263	-0.053607	0.045435
932	0.036898	-0.053264	0.045081
933	0.036602	-0.052994	0.044798
934	0.036281	-0.052692	0.044487
935	0.035909	-0.052351	0.044130
936	0.035554	-0.051971	0.043763
937	0.035349	-0.051650	0.043499
938	0.034856	-0.051161	0.043009
939	0.034667	-0.051069	0.042868
940	0.034354	-0.050689	0.042522
941	0.033861	-0.050430	0.042145
942	0.033763	-0.049909	0.041836
943	0.033446	-0.049866	0.041656
944	0.033199	-0.049326	0.041263
945	0.032841	-0.049078	0.040960
946	0.032635	-0.048814	0.040725
947	0.032171	-0.048697	0.040434
948	0.031973	-0.048308	0.040140
949	0.031555	-0.048113	0.039834
950	0.031320	-0.047776	0.039548
951	0.030926	-0.047366	0.039146
952	0.030907	-0.047200	0.039053
953	0.030545	-0.046662	0.038603
954	0.030247	-0.046642	0.038445
955	0.030005	-0.046463	0.038234
956	0.029701	-0.045944	0.037823
957	0.029352	-0.045646	0.037499
958	0.029068	-0.045606	0.037337
959	0.028784	-0.045372	0.037078
960	0.028870	-0.045090	0.036980
961	0.028623	-0.044979	0.036801
962	0.028216	-0.044659	0.036437
963	0.027802	-0.044565	0.036184
964	0.027963	-0.044213	0.036088
965	0.027469	-0.043836	0.035652
966	0.027384	-0.043497	0.035441
967	0.027145	-0.043620	0.035383
968	0.027060	-0.043203	0.035131
969	0.026598	-0.042920	0.034759
970	0.026414	-0.042917	0.034665
971	0.026124	-0.042617	0.034371
972	0.026039	-0.042306	0.034173
973	0.025966	-0.041978	0.033972
974	0.025579	-0.041902	0.033740
975	0.025470	-0.041936	0.033703
976	0.025212	-0.041706	0.033459
977	0.024874	-0.041295	0.033084
978	0.024948	-0.041076	0.033012
979	0.024595	-0.041040	0.032818
980	0.024363	-0.040730	0.032546
981	0.024359	-0.040718	0.032539
982	0.024091	-0.040510	0.032300
983	0.023909	-0.040254	0.032081
984	0.023898	-0.040077	0.031987
985	0.023715	-0.039839	0.031777
986	0.023629	-0.039582	0.031605
987	0.023283	-0.039330	0.031307
988	0.023064	-0.039198	0.031131
989	0.023087	-0.039082	0.031085
990	0.022973	-0.039014	0.030994
991	0.022383	-0.038777	0.030580
992	0.022441	-0.038489	0.030465
993	0.022390	-0.038544	0.030467
994	0.022241	-0.038348	0.030295
995	0.021942	-0.038159	0.030051
996	0.021528	-0.037909	0.029718
997	0.021264	-0.037757	0.029511
998	0.021012	-0.037708	0.029360
999	0.020893	-0.037501	0.029197
1000	0.020763	-0.037317	0.029040
1001	0.020981	-0.036752	0.028867
1002	0.020426	-0.037128	0.028777
1003	0.020333	-0.036699	0.028516
1004	0.020331	-0.036420	0.028376
1005	0.020147	-0.036324	0.028235
1006	0.019854	-0.036273	0.028063
1007	0.019822	-0.036127	0.027975
1008	0.019703	-0.035855	0.027779
1009	0.019243	-0.035756	0.027499
1010	0.019178	-0.035687	0.027432
1011	0.018826	-0.035626	0.027226
1012	0.018780	-0.035457	0.027118
1013	0.018795	-0.035294	0.027045
1014	0.018451	-0.035025	0.026738
1015	0.018467	-0.035031	0.026749
1016	0.018114	-0.034475	0.026294
1017	0.018055	-0.034277	0.026166
1018	0.017800	-0.034544	0.026172
1019	0.017710	-0.034018	0.025864
1020	0.017464	-0.034132	0.025798
1021	0.017662	-0.033942	0.025802
1022	0.017429	-0.033686	0.025557
1023	0.017181	-0.033756	0.025468
1024	0.017366	-0.033813	0.025589
1025	0.017062	-0.033276	0.025169
1026	0.016824	-0.033253	0.025039
1027	0.016672	-0.033327	0.024999
1028	0.016552	-0.032950	0.024751
1029	0.016388	-0.032828	0.024608
1030	0.016030	-0.032443	0.024237
1031	0.016025	-0.032246	0.024136
1032	0.016073	-0.031997	0.024035
1033	0.015890	-0.032287	0.024088
1034	0.015584	-0.032090	0.023837
1035	0.015657	-0.031711	0.023684
1036	0.015136	-0.031561	0.023348
1037	0.015170	-0.031375	0.023272
1038	0.014954	-0.031254	0.023104
1039	0.014975	-0.031173	0.023074
1040	0.014640	-0.030889	0.022764
1041	0.014507	-0.030827	0.022667
1042	0.014533	-0.030803	0.022668
1043	0.014087	-0.030873	0.022480
1044	0.014092	-0.030588	0.022340
1045	0.014209	-0.030481	0.022345
1046	0.013918	-0.030125	0.022021
1047	0.013787	-0.029983	0.021885
1048	0.014037	-0.029906	0.021972
1049	0.013619	-0.029678	0.021649
1050	0.013304	-0.029688	0.021496
1051	0.013278	-0.029470	0.021374
1052	0.013386	-0.029136	0.021261
1053	0.013283	-0.029178	0.021230
1054	0.012992	-0.029000	0.020996
1055	0.012731	-0.029053	0.020892
1056	0.012536	-0.028882	0.020709
1057	0.012354	-0.028625	0.020489
1058	0.012254	-0.028490	0.020372
1059	0.012410	-0.028501	0.020455
1060	0.012047	-0.028152	0.020099
1061	0.011842	-0.028280	0.020061
1062	0.011669	-0.027874	0.019772
1063	0.011519	-0.027822	0.019670
1064	0.011526	-0.027663	0.019595
1065	0.011531	-0.027606	0.019568
1066	0.011369	-0.027309	0.019339
1067	0.011320	-0.027482	0.019401
1068	0.011023	-0.027212	0.019118
1069	0.010907	-0.026950	0.018928
1070	0.010716	-0.026927	0.018821
1071	0.010623	-0.027164	0.018894
1072	0.010461	-0.026439	0.018450
1073	0.010379	-0.026691	0.018535
1074	0.010120	-0.026488	0.018304
1075	0.010100	-0.026260	0.018180
1076	0.009775	-0.026264	0.018019
1077	0.009880	-0.026349	0.018115
1078	0.009637	-0.025899	0.017768
1079	0.009347	-0.025948	0.017647
1080	0.009377	-0.025906	0.017642
1081	0.009209	-0.025510	0.017359
1082	0.009177	-0.025246	0.017211
1083	0.008839	-0.025322	0.017081
1084	0.009037	-0.025237	0.017137
1085	0.008974	-0.025165	0.017070
1086	0.008821	-0.025201	0.017011
1087	0.008532	-0.024832	0.016682
1088	0.008836	-0.024651	0.016743
1089	0.008523	-0.024856	0.016689
1090	0.008151	-0.024518	0.016334
1091	0.008236	-0.024368	0.016302
1092	0.008091	-0.024334	0.016212
1093	0.007824	-0.024170	0.015997
1094	0.007874	-0.024135	0.016005
1095	0.007807	-0.023930	0.015869
1096	0.007689	-0.024270	0.015980
1097	0.007834	-0.023991	0.015913
1098	0.007547	-0.023733	0.015640
1099	0.007273	-0.023628	0.015451
1100	0.007453	-0.023706	0.015580
1101	0.007118	-0.023444	0.015281
1102	0.007026	-0.023407	0.015216
1103	0.006791	-0.023223	0.015007
1104	0.006928	-0.023036	0.014982
1105	0.006825	-0.022999	0.014912
1106	0.006652	-0.022633	0.014642
1107	0.006575	-0.022653	0.014614
1108	0.006752	-0.022722	0.014737
1109	0.006393	-0.022691	0.014542
1110	0.006280	-0.022754	0.014517
1111	0.006185	-0.022666	0.014426
1112	0.005967	-0.022684	0.014326
1113	0.005934	-0.022274	0.014104
1114	0.005867	-0.022329	0.014098
1115	0.005858	-0.022307	0.014082
1116	0.005906	-0.022254	0.014080
1117	0.005594	-0.021810	0.013702
1118	0.005387	-0.021933	0.013660
1119	0.005309	-0.021996	0.013652
1120	0.005460	-0.021812	0.013636
1121	0.005219	-0.021772	0.013495
1122	0.005185	-0.021800	0.013492
1123	0.005244	-0.021805	0.013525
1124	0.005091	-0.021437	0.013264
1125	0.005013	-0.021380	0.013197
1126	0.005004	-0.021484	0.013244
1127	0.004801	-0.021555	0.013178
1128	0.004820	-0.021316	0.013068
1129	0.004797	-0.021152	0.012975
1130	0.004573	-0.021303	0.012938
1131	0.004696	-0.020945	0.012820
1132	0.004730	-0.020948	0.012839
1133	0.004550	-0.021051	0.012801
1134	0.004481	-0.020380	0.012430
1135	0.004278	-0.020603	0.012441
1136	0.004046	-0.020585	0.012315
1137	0.004358	-0.020621	0.012489
1138	0.004537	-0.020498	0.012517
1139	0.004300	-0.020221	0.012260
1140	0.003972	-0.020190	0.012081
1141	0.003876	-0.020228	0.012052
1142	0.003724	-0.020108	0.011916
1143	0.003634	-0.020127	0.011881
1144	0.003729	-0.020049	0.011889
1145	0.003557	-0.019941	0.011749
1146	0.003478	-0.020043	0.011760
1147	0.003430	-0.019696	0.011563
1148	0.003726	-0.019676	0.011701
1149	0.003782	-0.019678	0.011730
1150	0.003499	-0.019738	0.011619
1151	0.003292	-0.019433	0.011362
1152	0.003253	-0.019524	0.011388
1153	0.003038	-0.019481	0.011259
1154	0.003190	-0.019558	0.011374
1155	0.003250	-0.019303	0.011276
1156	0.002870	-0.019159	0.011014
1157	0.002893	-0.019180	0.011036
1158	0.003068	-0.019209	0.011139
1159	0.002902	-0.019136	0.011019
1160	0.002873	-0.019150	0.011012
1161	0.003027	-0.018938	0.010982
1162	0.002477	-0.018757	0.010617
1163	0.002800	-0.019062	0.010931
1164	0.002884	-0.019073	0.010979
1165	0.002567	-0.018796	0.010681
1166	0.002501	-0.018856	0.010678
1167	0.002643	-0.018556	0.010600
1168	0.002249	-0.018388	0.010319
1169	0.002338	-0.018282	0.010310
1170	0.002365	-0.018470	0.010417
1171	0.001943	-0.018524	0.010233
1172	0.002120	-0.018245	0.010182
1173	0.002262	-0.018550	0.010406
1174	0.002090	-0.018556	0.010323
1175	0.001990	-0.018035	0.010013
1176	0.002043	-0.018226	0.010134
1177	0.002053	-0.018141	0.010097
1178	0.001760	-0.018189	0.009975
1179	0.001935	-0.018202	0.010069
1180	0.001416	-0.017956	0.009686
1181	0.001711	-0.017990	0.009851
1182	0.001601	-0.017852	0.009726
1183	0.001669	-0.017973	0.009821
1184	0.001807	-0.017903	0.009855
1185	0.001547	-0.017662	0.009604
1186	0.001678	-0.017655	0.009667
1187	0.001642	-0.017669	0.009655
1188	0.001498	-0.017752	0.009625
1189	0.001270	-0.017535	0.009402
1190	0.001061	-0.017565	0.009313
1191	0.001386	-0.017830	0.009608
1192	0.001505	-0.017130	0.009318
1193	0.001201	-0.017469	0.009335
1194	0.001239	-0.017543	0.009391
1195	0.000989	-0.017418	0.009204
1196	0.001195	-0.017071	0.009133
1197	0.001027	-0.017276	0.009152
1198	0.001082	-0.017333	0.009207
1199	0.000851	-0.017427	0.009139
1200	0.000627	-0.017366	0.008996
1201	0.001044	-0.017194	0.009119
1202	0.000968	-0.016942	0.008955
1203	0.000897	-0.016996	0.008947
1204	0.000819	-0.016803	0.008811
1205	0.000751	-0.017125	0.008938
1206	0.000749	-0.017192	0.008971
1207	0.000459	-0.016938	0.008698
1208	0.000629	-0.016652	0.008640
1209	0.000710	-0.016730	0.008720
1210	0.000602	-0.016589	0.008596
1211	0.000676	-0.016597	0.008637
1212	0.000421	-0.016717	0.008569
1213	0.000494	-0.016468	0.008481
1214	0.000286	-0.016591	0.008439
1215	0.000486	-0.016749	0.008618
1216	0.000277	-0.016464	0.008370
1217	0.000368	-0.016512	0.008440
1218	0.000258	-0.015953	0.008105
1219	0.000654	-0.016556	0.008605
1220	0.000199	-0.016344	0.008272
1221	0.000366	-0.016207	0.008287
1222	0.000270	-0.016353	0.008312
1223	-0.000024	-0.016275	0.008125
1224	0.000383	-0.016136	0.008259
1225	-0.000079	-0.016131	0.008026
1226	-0.000123	-0.016092	0.007985
1227	0.000173	-0.016082	0.008128
1228	-0.000137	-0.016008	0.007935
1229	-0.000047	-0.015888	0.007920
1230	-0.000145	-0.015832	0.007843
1231	-0.000072	-0.016017	0.007973
1232	-0.000190	-0.015890	0.007850
1233	-0.000293	-0.015833	0.007770
1234	-0.000335	-0.015953	0.007809
1235	-0.000320	-0.015738	0.007709
1236	-0.000271	-0.015807	0.007768
1237	-0.000158	-0.015657	0.007749
1238	-0.000886	-0.015937	0.007526
1239	-0.000412	-0.015793	0.007690
1240	-0.000379	-0.015549	0.007585
1241	-0.000382	-0.015430	0.007524
1242	-0.000835	-0.015682	0.007423
1243	-0.000529	-0.015651	0.007561
1244	-0.000600	-0.015630	0.007515
1245	-0.000561	-0.015525	0.007482
1246	-0.000452	-0.015552	0.007550
1247	-0.000743	-0.015386	0.007322
1248	-0.000921	-0.015339	0.007209
1249	-0.000738	-0.015263	0.007263
1250	-0.001075	-0.015304	0.007114
1251	-0.000997	-0.015400	0.007202
1252	-0.000793	-0.015131	0.007169
1253	-0.000908	-0.015081	0.007087
1254	-0.000621	-0.015357	0.007368
1255	-0.000950	-0.015374	0.007212
1256	-0.001437	-0.015536	0.007050
1257	-0.001071	-0.015314	0.007122
1258	-0.001191	-0.015161	0.006985
1259	-0.001072	-0.015148	0.007038
1260	-0.001002	-0.014953	0.006976
1261	-0.001303	-0.015232	0.006965
1262	-0.001281	-0.015007	0.006863
1263	-0.001223	-0.014946	0.006861
1264	-0.001355	-0.014902	0.006773
1265	-0.000997	-0.015032	0.007017
1266	-0.001311	-0.014783	0.006736
1267	-0.001420	-0.014726	0.006653
1268	-0.001435	-0.014975	0.006770
1269	-0.001835	-0.014573	0.006369
1270	-0.001284	-0.014773	0.006745
1271	-0.001343	-0.014564	0.006610
1272	-0.001493	-0.014656	0.006582
1273	-0.001729	-0.014691	0.006481
1274	-0.001485	-0.014652	0.006584
1275	-0.001537	-0.014702	0.006582
1276	-0.001838	-0.014401	0.006282
1277	-0.001680	-0.014861	0.006591
1278	-0.001794	-0.014635	0.006420
1279	-0.001948	-0.014493	0.006272
1280	-0.001850	-0.014711	0.006431
1281	-0.001896	-0.014430	0.006267
1282	-0.002051	-0.014548	0.006249
1283	-0.001959	-0.014461	0.006251
1284	-0.001886	-0.014628	0.006371
1285	-0.001846	-0.014559	0.006356
1286	-0.001893	-0.014562	0.006334
1287	-0.002009	-0.014690	0.006340
1288	-0.001940	-0.014467	0.006264
1289	-0.001765	-0.014465	0.006350
1290	-0.002128	-0.014537	0.006205
1291	-0.002267	-0.014636	0.006185
1292	-0.002397	-0.014228	0.005915
1293	-0.002137	-0.014587	0.006225
1294	-0.002092	-0.014040	0.005974
1295	-0.002095	-0.014134	0.006020
1296	-0.002066	-0.014011	0.005972
1297	-0.002009	-0.013996	0.005994
1298	-0.002327	-0.014031	0.005852
1299	-0.002078	-0.014185	0.006053
1300	-0.002066	-0.013983	0.005958
1301	-0.002198	-0.014571	0.006187
1302	-0.002293	-0.014083	0.005895
1303	-0.002162	-0.014164	0.006001
1304	-0.002197	-0.014143	0.005973
1305	-0.002250	-0.014082	0.005916
1306	-0.002509	-0.013999	0.005745
1307	-0.002613	-0.014307	0.005847
1308	-0.002668	-0.013839	0.005586
1309	-0.002324	-0.013899	0.005787
1310	-0.002484	-0.013808	0.005662
1311	-0.002669	-0.014159	0.005745
1312	-0.002484	-0.013781	0.005649
1313	-0.002618	-0.014012	0.005697
1314	-0.002612	-0.013931	0.005659
1315	-0.002936	-0.013963	0.005513
1316	-0.002653	-0.013795	0.005571
1317	-0.002650	-0.013552	0.005451
1318	-0.002660	-0.014054	0.005697
1319	-0.002330	-0.013269	0.005470
1320	-0.002961	-0.013961	0.005500
1321	-0.003187	-0.013706	0.005259
1322	-0.002627	-0.013374	0.005373
1323	-0.002580	-0.013569	0.005494
1324	-0.002902	-0.013404	0.005251
1325	-0.003011	-0.014194	0.005592
1326	-0.003106	-0.013275	0.005085
1327	-0.002961	-0.013637	0.005338
1328	-0.002659	-0.013699	0.005520
1329	-0.002820	-0.013307	0.005243
1330	-0.002643	-0.013532	0.005445
1331	-0.003003	-0.013484	0.005240
1332	-0.002675	-0.013249	0.005287
1333	-0.002861	-0.013630	0.005385
1334	-0.002628	-0.013081	0.005226
1335	-0.002729	-0.013413	0.005342
1336	-0.002751	-0.013132	0.005190
1337	-0.003068	-0.013349	0.005140
1338	-0.002670	-0.013315	0.005322
1339	-0.002702	-0.013138	0.005218
1340	-0.002902	-0.013328	0.005213
1341	-0.003423	-0.013312	0.004944
1342	-0.003075	-0.013417	0.005171
1343	-0.003313	-0.013086	0.004887
1344	-0.003207	-0.013025	0.004909
1345	-0.003171	-0.013365	0.005097
1346	-0.003250	-0.013305	0.005027
1347	-0.003346	-0.013526	0.005090
1348	-0.003374	-0.012683	0.004654
1349	-0.003214	-0.013325	0.005055
1350	-0.003582	-0.013038	0.004728
1351	-0.003341	-0.013550	0.005105
1352	-0.003200	-0.012817	0.004809
1353	-0.003514	-0.012888	0.004687
1354	-0.003187	-0.012816	0.004814
1355	-0.003333	-0.012917	0.004792
1356	-0.003234	-0.012760	0.004763
1357	-0.003585	-0.012917	0.004666
1358	-0.003613	-0.013101	0.004744
1359	-0.003468	-0.013444	0.004988
1360	-0.003753	-0.013034	0.004641
1361	-0.003401	-0.013022	0.004811
1362	-0.003629	-0.013161	0.004766
1363	-0.003473	-0.013084	0.004805
1364	-0.003908	-0.012794	0.004443
1365	-0.003656	-0.012473	0.004409
1366	-0.003495	-0.013259	0.004882
1367	-0.003372	-0.012807	0.004717
1368	-0.003816	-0.012776	0.004480
1369	-0.003596	-0.013003	0.004703
1370	-0.003812	-0.012984	0.004586
1371	-0.003812	-0.013117	0.004652
1372	-0.003477	-0.012958	0.004740
1373	-0.003613	-0.012625	0.004506
1374	-0.003797	-0.012608	0.004405
1375	-0.003619	-0.012667	0.004524
1376	-0.003643	-0.012885	0.004621
1377	-0.003915	-0.012875	0.004480
1378	-0.003976	-0.012562	0.004293
1379	-0.004143	-0.012740	0.004299
1380	-0.004171	-0.012921	0.004375
1381	-0.003771	-0.012690	0.004460
1382	-0.004498	-0.012427	0.003965
1383	-0.004224	-0.012693	0.004234
1384	-0.004284	-0.012693	0.004204
1385	-0.003947	-0.012499	0.004276
1386	-0.003655	-0.012671	0.004508
1387	-0.004234	-0.012812	0.004289
1388	-0.004284	-0.012652	0.004184
1389	-0.003891	-0.012377	0.004243
1390	-0.004081	-0.012680	0.004300
1391	-0.003781	-0.012129	0.004174
1392	-0.004148	-0.012218	0.004035
1393	-0.004196	-0.012428	0.004116
1394	-0.004017	-0.012521	0.004252
1395	-0.004276	-0.012487	0.004105
1396	-0.004092	-0.012738	0.004323
1397	-0.004061	-0.012364	0.004151
1398	-0.004168	-0.012382	0.004107
1399	-0.004491	-0.012394	0.003951
1400	-0.004158	-0.012202	0.004022
1401	-0.003988	-0.012229	0.004121
1402	-0.003962	-0.012381	0.004209
1403	-0.004071	-0.012359	0.004144
1404	-0.004221	-0.012657	0.004218
1405	-0.004507	-0.012385	0.003939
1406	-0.004047	-0.012363	0.004158
1407	-0.004364	-0.012598	0.004117
1408	-0.004119	-0.012464	0.004172
1409	-0.004370	-0.012301	0.003966
1410	-0.004113	-0.012255	0.004071
1411	-0.004034	-0.012294	0.004130
1412	-0.004158	-0.012012	0.003927
1413	-0.004033	-0.012410	0.004188
1414	-0.004272	-0.012091	0.003909
1415	-0.004578	-0.012137	0.003779
1416	-0.004559	-0.012025	0.003733
1417	-0.004363	-0.012417	0.004027
1418	-0.004137	-0.012061	0.003962
1419	-0.004373	-0.012345	0.003986
1420	-0.004734	-0.012251	0.003759
1421	-0.004734	-0.012098	0.003682
1422	-0.004563	-0.012493	0.003965
1423	-0.004448	-0.012392	0.003972
1424	-0.004948	-0.012521	0.003787
1425	-0.004863	-0.012094	0.003616
1426	-0.004871	-0.012168	0.003649
1427	-0.004664	-0.011899	0.003617
1428	-0.005054	-0.012031	0.003489
1429	-0.005062	-0.012232	0.003585
1430	-0.004764	-0.012263	0.003749
1431	-0.004958	-0.012070	0.003556
1432	-0.004610	-0.012084	0.003737
1433	-0.005295	-0.012238	0.003471
1434	-0.005142	-0.012099	0.003479
1435	-0.004819	-0.012044	0.003613
1436	-0.004663	-0.011914	0.003626
1437	-0.004558	-0.012086	0.003764
1438	-0.005262	-0.012571	0.003654
1439	-0.004998	-0.012245	0.003623
1440	-0.004468	-0.012422	0.003977
1441	-0.004936	-0.012117	0.003590
1442	-0.005127	-0.011613	0.003243
1443	-0.004694	-0.012188	0.003747
1444	-0.004782	-0.011923	0.003571
1445	-0.005078	-0.011977	0.003450
1446	-0.005140	-0.012045	0.003452
1447	-0.004915	-0.012036	0.003561
1448	-0.005142	-0.012286	0.003572
1449	-0.005384	-0.011844	0.003230
1450	-0.005071	-0.011665	0.003297
1451	-0.005061	-0.012296	0.003618
1452	-0.005023	-0.012348	0.003662
1453	-0.005026	-0.011888	0.003431
1454	-0.005123	-0.011693	0.003285
1455	-0.004681	-0.012297	0.003808
1456	-0.005132	-0.011423	0.003145
1457	-0.005172	-0.011871	0.003349
1458	-0.004926	-0.012049	0.003561
1459	-0.005353	-0.012232	0.003439
1460	-0.005049	-0.011925	0.003438
1461	-0.005110	-0.011830	0.003360
1462	-0.005621	-0.011769	0.003074
1463	-0.005868	-0.011691	0.002911
1464	-0.005130	-0.011975	0.003422
1465	-0.005385	-0.011823	0.003219
1466	-0.005453	-0.011835	0.003191
1467	-0.005694	-0.011542	0.002924
1468	-0.005092	-0.011615	0.003262
1469	-0.005581	-0.011757	0.003088
1470	-0.004957	-0.011911	0.003477
1471	-0.005552	-0.011456	0.002952
1472	-0.004889	-0.011755	0.003433
1473	-0.005270	-0.011801	0.003266
1474	-0.005370	-0.011910	0.003270
1475	-0.005264	-0.011417	0.003076
1476	-0.004939	-0.011460	0.003260
1477	-0.005110	-0.012028	0.003459
1478	-0.004967	-0.011680	0.003357
1479	-0.005096	-0.011841	0.003372
1480	-0.005364	-0.011814	0.003225
1481	-0.005378	-0.012031	0.003327
1482	-0.005619	-0.012007	0.003194
1483	-0.005428	-0.011564	0.003068
1484	-0.005349	-0.012155	0.003403
1485	-0.005816	-0.011892	0.003038
1486	-0.005278	-0.011581	0.003152
1487	-0.005552	-0.011699	0.003073
1488	-0.005554	-0.011920	0.003183
1489	-0.005543	-0.012168	0.003313
1490	-0.005642	-0.011477	0.002917
1491	-0.005720	-0.012037	0.003159
1492	-0.005962	-0.012162	0.003100
1493	-0.005207	-0.011736	0.003264
1494	-0.005357	-0.011541	0.003092
1495	-0.005289	-0.011740	0.003225
1496	-0.005507	-0.011203	0.002848
1497	-0.005735	-0.011133	0.002699
1498	-0.005436	-0.011832	0.003198
1499	-0.005078	-0.011579	0.003251
1500	-0.005425	-0.011252	0.002913
1501	-0.005878	-0.011262	0.002692
1502	-0.005691	-0.011833	0.003071
1503	-0.006129	-0.011705	0.002788
1504	-0.005856	-0.011318	0.002731
1505	-0.005959	-0.011525	0.002783
1506	-0.005652	-0.011670	0.003009
1507	-0.005431	-0.011573	0.003071
1508	-0.005818	-0.011533	0.002858
1509	-0.005561	-0.011373	0.002906
1510	-0.005854	-0.011018	0.002582
1511	-0.005725	-0.012046	0.003161
1512	-0.006029	-0.011484	0.002728
1513	-0.005736	-0.011891	0.003078
1514	-0.006301	-0.011466	0.002582
1515	-0.006089	-0.011293	0.002602
1516	-0.005468	-0.011135	0.002834
1517	-0.005421	-0.011480	0.003029
1518	-0.005507	-0.010964	0.002729
1519	-0.005402	-0.011421	0.003010
1520	-0.005621	-0.011463	0.002921
1521	-0.005705	-0.011177	0.002736
1522	-0.006020	-0.011018	0.002499
1523	-0.006221	-0.011239	0.002509
1524	-0.006045	-0.011040	0.002497
1525	-0.006199	-0.011342	0.002571
1526	-0.005804	-0.011017	0.002607
1527	-0.005514	-0.011339	0.002913
1528	-0.006006	-0.011486	0.002740
1529	-0.006076	-0.010879	0.002401
1530	-0.006029	-0.011031	0.002501
1531	-0.005940	-0.011478	0.002769
1532	-0.005691	-0.011556	0.002933
1533	-0.006020	-0.011543	0.002761
1534	-0.006367	-0.011135	0.002384
1535	-0.005931	-0.011945	0.003007
1536	-0.005670	-0.011450	0.002890
1537	-0.006641	-0.010923	0.002141
1538	-0.006019	-0.011305	0.002643
1539	-0.005983	-0.011387	0.002702
1540	-0.005704	-0.011239	0.002767
1541	-0.005924	-0.011353	0.002714
1542	-0.005980	-0.010839	0.002430
1543	-0.005981	-0.011131	0.002575
1544	-0.005839	-0.011240	0.002701
1545	-0.005856	-0.011689	0.002917
1546	-0.006165	-0.010905	0.002370
1547	-0.006140	-0.011227	0.002543
1548	-0.006059	-0.011101	0.002521
1549	-0.006134	-0.011262	0.002564
1550	-0.006234	-0.011296	0.002531
1551	-0.006411	-0.010928	0.002259
1552	-0.006046	-0.011205	0.002580
1553	-0.006534	-0.010879	0.002173
1554	-0.006452	-0.010582	0.002065
1555	-0.006297	-0.011116	0.002409
1556	-0.006619	-0.010858	0.002120
1557	-0.005919	-0.010712	0.002396
1558	-0.006427	-0.011416	0.002495
1559	-0.006700	-0.011289	0.002295
1560	-0.006440	-0.011130	0.002345
1561	-0.006396	-0.011590	0.002597
1562	-0.006186	-0.011494	0.002654
1563	-0.005723	-0.011209	0.002743
1564	-0.006678	-0.011282	0.002302
1565	-0.006721	-0.011045	0.002162
1566	-0.006670	-0.011795	0.002562
1567	-0.006490	-0.011281	0.002396
1568	-0.006110	-0.010664	0.002277
1569	-0.006468	-0.011297	0.002414
1570	-0.006261	-0.010470	0.002105
1571	-0.006495	-0.010520	0.002012
1572	-0.006519	-0.010745	0.002113
1573	-0.006704	-0.010815	0.002056
1574	-0.006544	-0.010966	0.002211
1575	-0.006470	-0.011202	0.002366
1576	-0.006103	-0.011035	0.002466
1577	-0.006114	-0.010773	0.002330
1578	-0.007011	-0.011258	0.002124
1579	-0.006383	-0.010983	0.002300
1580	-0.006098	-0.010687	0.002295
1581	-0.006089	-0.011020	0.002466
1582	-0.006809	-0.011119	0.002155
1583	-0.006311	-0.011205	0.002447
1584	-0.006440	-0.011092	0.002326
1585	-0.006320	-0.011240	0.002460
1586	-0.006704	-0.010780	0.002038
1587	-0.006712	-0.011051	0.002169
1588	-0.006784	-0.011167	0.002191
1589	-0.006357	-0.010900	0.002271
1590	-0.006222	-0.010722	0.002250
1591	-0.006064	-0.010891	0.002414
1592	-0.006029	-0.010667	0.002319
1593	-0.006401	-0.010888	0.002244
1594	-0.006389	-0.010994	0.002302
1595	-0.005988	-0.010255	0.002134
1596	-0.006406	-0.010663	0.002129
1597	-0.006651	-0.010899	0.002124
1598	-0.006642	-0.010572	0.001965
1599	-0.006579	-0.010414	0.001917
1600	-0.006560	-0.010791	0.002115
1601	-0.006049	-0.010627	0.002289
1602	-0.007184	-0.011246	0.002031
1603	-0.006690	-0.010520	0.001915
1604	-0.006588	-0.010953	0.002182
1605	-0.006893	-0.011076	0.002092
1606	-0.006372	-0.010192	0.001910
1607	-0.007187	-0.010726	0.001769
1608	-0.006598	-0.010785	0.002093
1609	-0.006577	-0.010634	0.002028
1610	-0.006943	-0.010843	0.001950
1611	-0.006760	-0.010954	0.002097
1612	-0.006447	-0.011132	0.002342
1613	-0.006586	-0.011292	0.002353
1614	-0.006670	-0.010784	0.002057
1615	-0.007244	-0.011124	0.001940
1616	-0.006972	-0.010606	0.001817
1617	-0.006489	-0.011009	0.002260
1618	-0.006982	-0.011049	0.002033
1619	-0.006824	-0.010859	0.002017
1620	-0.006631	-0.010779	0.002074
1621	-0.006558	-0.010714	0.002078
1622	-0.006999	-0.011091	0.002046
1623	-0.006627	-0.010934	0.002154
1624	-0.007381	-0.010484	0.001552
1625	-0.007335	-0.010956	0.001810
1626	-0.006925	-0.011125	0.002100
1627	-0.007570	-0.010902	0.001666
1628	-0.007201	-0.010604	0.001701
1629	-0.007255	-0.010862	0.001804
1630	-0.006810	-0.011263	0.002226
1631	-0.006909	-0.011378	0.002234
1632	-0.006796	-0.010807	0.002005
1633	-0.006768	-0.010533	0.001883
1634	-0.007362	-0.011234	0.001936
1635	-0.007473	-0.010854	0.001691
1636	-0.007118	-0.010954	0.001918
1637	-0.007291	-0.010896	0.001803
1638	-0.007264	-0.011069	0.001902
1639	-0.007903	-0.010401	0.001249
1640	-0.007658	-0.010718	0.001530
1641	-0.007084	-0.010822	0.001869
1642	-0.006884	-0.010234	0.001675
1643	-0.007634	-0.010911	0.001638
1644	-0.007399	-0.011310	0.001956
1645	-0.007523	-0.010623	0.001550
1646	-0.007789	-0.010973	0.001592
1647	-0.007526	-0.011198	0.001836
1648	-0.007448	-0.010797	0.001675
1649	-0.007555	-0.010783	0.001614
1650	-0.007311	-0.010400	0.001544
1651	-0.007045	-0.010353	0.001654
1652	-0.007770	-0.010843	0.001537
1653	-0.007480	-0.010620	0.001570
1654	-0.007736	-0.010552	0.001408
1655	-0.007452	-0.011526	0.002037
1656	-0.007643	-0.011096	0.001727
1657	-0.007552	-0.011315	0.001881
1658	-0.007609	-0.011065	0.001728
1659	-0.008057	-0.011379	0.001661
1660	-0.007363	-0.010667	0.001652
1661	-0.007752	-0.011457	0.001852
1662	-0.007254	-0.010607	0.001676
1663	-0.007624	-0.010123	0.001250
1664	-0.007273	-0.011034	0.001881
1665	-0.008030	-0.010526	0.001248
1666	-0.007627	-0.011397	0.001885
1667	-0.007321	-0.010953	0.001816
1668	-0.008828	-0.011386	0.001279
1669	-0.007436	-0.010683	0.001624
1670	-0.008306	-0.011347	0.001520
1671	-0.006858	-0.011008	0.002075
1672	-0.007594	-0.011304	0.001855
1673	-0.007897	-0.011301	0.001702
1674	-0.007673	-0.011413	0.001870
1675	-0.008182	-0.012338	0.002078
1676	-0.007308	-0.011301	0.001996
1677	-0.007502	-0.010617	0.001557
1678	-0.007762	-0.011278	0.001758
1679	-0.007278	-0.010997	0.001859
1680	-0.008075	-0.011563	0.001744
1681	-0.008293	-0.011354	0.001531
1682	-0.008140	-0.011664	0.001762
1683	-0.008554	-0.010719	0.001083
1684	-0.008420	-0.011060	0.001320
1685	-0.007906	-0.011827	0.001960
1686	-0.008125	-0.011348	0.001611
1687	-0.007785	-0.011086	0.001651
1688	-0.007395	-0.011388	0.001996
1689	-0.006725	-0.010367	0.001821
1690	-0.007654	-0.011456	0.001901
1691	-0.007986	-0.009888	0.000951
1692	-0.008272	-0.011191	0.001459
1693	-0.008000	-0.011355	0.001677
1694	-0.008144	-0.011593	0.001724
1695	-0.007779	-0.010303	0.001262
1696	-0.007798	-0.011279	0.001741
1697	-0.007936	-0.010768	0.001416
1698	-0.007180	-0.011547	0.002184
1699	-0.008231	-0.011443	0.001606
1700	-0.008249	-0.010558	0.001154
1701	-0.007691	-0.011202	0.001756
1702	-0.008571	-0.011392	0.001411
1703	-0.008330	-0.011436	0.001553
1704	-0.007496	-0.010775	0.001640
1705	-0.007516	-0.010794	0.001639
1706	-0.008278	-0.011362	0.001542
1707	-0.007904	-0.011570	0.001833
1708	-0.008489	-0.010664	0.001088
1709	-0.008100	-0.011780	0.001840
1710	-0.008739	-0.011872	0.001566
1711	-0.008290	-0.011652	0.001681
1712	-0.008738	-0.011439	0.001350
1713	-0.006875	-0.011173	0.002149
1714	-0.008092	-0.011603	0.001756
1715	-0.008697	-0.011202	0.001252
1716	-0.008222	-0.011689	0.001733
1717	-0.008559	-0.011429	0.001435
1718	-0.008433	-0.011996	0.001781
1719	-0.009061	-0.009997	0.000468
1720	-0.008410	-0.012311	0.001951
1721	-0.008840	-0.011419	0.001289
1722	-0.008160	-0.011831	0.001835
1723	-0.007344	-0.012149	0.002402
1724	-0.008826	-0.011975	0.001575
1725	-0.008842	-0.011746	0.001452
1726	-0.008689	-0.011652	0.001482
1727	-0.008001	-0.012548	0.002273
1728	-0.008418	-0.011924	0.001753
1729	-0.008724	-0.011450	0.001363
1730	-0.008311	-0.011170	0.001429
1731	-0.008521	-0.011395	0.001437
1732	-0.009201	-0.011190	0.000994
1733	-0.008942	-0.011893	0.001476
1734	-0.009548	-0.011886	0.001169
1735	-0.009169	-0.011342	0.001087
1736	-0.010237	-0.010585	0.000174
1737	-0.008687	-0.012597	0.001955
1738	-0.008647	-0.011439	0.001396
1739	-0.008206	-0.011230	0.001512
1740	-0.007949	-0.011504	0.001777
1741	-0.008684	-0.011034	0.001175
1742	-0.007915	-0.011513	0.001799
1743	-0.008320	-0.011720	0.001700
1744	-0.008749	-0.011488	0.001369
1745	-0.010497	-0.010528	0.000015
1746	-0.010117	-0.011250	0.000567
1747	-0.010393	-0.012255	0.000931
1748	-0.009204	-0.012739	0.001767
1749	-0.008983	-0.012492	0.001754
1750	-0.009583	-0.012382	0.001399
1751	-0.009787	-0.011483	0.000848
1752	-0.009568	-0.012670	0.001551
1753	-0.008730	-0.011375	0.001323
1754	-0.009414	-0.011673	0.001129
1755	-0.009346	-0.010544	0.000599
1756	-0.009718	-0.012646	0.001464
1757	-0.009339	-0.012452	0.001556
1758	-0.009773	-0.012162	0.001195
1759	-0.008808	-0.012224	0.001708
1760	-0.009216	-0.011287	0.001036
1761	-0.009221	-0.011831	0.001305
1762	-0.009608	-0.011207	0.000799
1763	-0.010369	-0.013189	0.001410
1764	-0.009644	-0.012812	0.001584
1765	-0.008620	-0.012282	0.001831
1766	-0.008889	-0.012797	0.001954
1767	-0.009539	-0.011375	0.000918
1768	-0.010550	-0.013150	0.001300
1769	-0.009200	-0.011496	0.001148
1770	-0.010289	-0.011488	0.000599
1771	-0.008212	-0.010014	0.000901
1772	-0.009893	-0.011541	0.000824
1773	-0.009041	-0.012714	0.001836
1774	-0.009939	-0.013301	0.001681
1775	-0.010223	-0.013147	0.001462
1776	-0.009161	-0.012331	0.001585
1777	-0.009262	-0.013050	0.001894
1778	-0.009638	-0.012807	0.001585
1779	-0.010722	-0.013615	0.001447
1780	-0.011490	-0.013525	0.001018
1781	-0.010372	-0.013276	0.001452
1782	-0.009725	-0.013184	0.001730
1783	-0.008689	-0.012708	0.002010
1784	-0.010246	-0.012110	0.000932
1785	-0.010678	-0.013051	0.001186
1786	-0.008952	-0.013592	0.002320
1787	-0.009642	-0.012469	0.001413
1788	-0.011752	-0.013335	0.000792
1789	-0.010770	-0.012263	0.000746
1790	-0.010576	-0.011716	0.000570
1791	-0.009552	-0.012962	0.001705
1792	-0.010341	-0.012168	0.000914
1793	-0.010260	-0.013582	0.001661
1794	-0.010871	-0.013023	0.001076
1795	-0.009609	-0.013600	0.001996
1796	-0.010134	-0.013499	0.001682
1797	-0.010037	-0.012968	0.001465
1798	-0.011259	-0.011977	0.000359
1799	-0.010056	-0.012727	0.001335
1800	-0.011223	-0.011213	-0.000005
1801	-0.009358	-0.011583	0.001113
1802	-0.010082	-0.012416	0.001167
1803	-0.011031	-0.011204	0.000087
1804	-0.011254	-0.012693	0.000719
1805	-0.010599	-0.014170	0.001786
1806	-0.010939	-0.013360	0.001211
1807	-0.010550	-0.013205	0.001327
1808	-0.012012	-0.013846	0.000917
1809	-0.011577	-0.013691	0.001057
1810	-0.010308	-0.014170	0.001931
1811	-0.010827	-0.012776	0.000975
1812	-0.009726	-0.012168	0.001221
1813	-0.011438	-0.014664	0.001613
1814	-0.009508	-0.012397	0.001445
1815	-0.010496	-0.012889	0.001196
1816	-0.009070	-0.012249	0.001590
1817	-0.010663	-0.013222	0.001279
1818	-0.010191	-0.013988	0.001899
1819	-0.011565	-0.012434	0.000434
1820	-0.011251	-0.011759	0.000254
1821	-0.009974	-0.011974	0.001000
1822	-0.010813	-0.012951	0.001069
1823	-0.010129	-0.012165	0.001018
1824	-0.009868	-0.012378	0.001255
1825	-0.011444	-0.013467	0.001011
1826	-0.012193	-0.014052	0.000930
1827	-0.010954	-0.012751	0.000899
1828	-0.011224	-0.012726	0.000751
1829	-0.010354	-0.013796	0.001721
1830	-0.010654	-0.014275	0.001811
1831	-0.010375	-0.012172	0.000899
1832	-0.011511	-0.012646	0.000568
1833	-0.010606	-0.013912	0.001653
1834	-0.010187	-0.012930	0.001372
1835	-0.011949	-0.013836	0.000944
1836	-0.012614	-0.015478	0.001432
1837	-0.011255	-0.013367	0.001056
1838	-0.012125	-0.013769	0.000822
1839	-0.011613	-0.013942	0.001164
1840	-0.013272	-0.014093	0.000410
1841	-0.013071	-0.014447	0.000688
1842	-0.012382	-0.011680	-0.000351
1843	-0.013752	-0.013949	0.000099
1844	-0.011921	-0.012677	0.000378
1845	-0.012704	-0.011350	-0.000677
1846	-0.011701	-0.013899	0.001099
1847	-0.011236	-0.015077	0.001921
1848	-0.009010	-0.015176	0.003083
1849	-0.011492	-0.013523	0.001015
1850	-0.013123	-0.013555	0.000216
1851	-0.010486	-0.013989	0.001751
1852	-0.011611	-0.013667	0.001028
1853	-0.011703	-0.013018	0.000657
1854	-0.011327	-0.014024	0.001348
1855	-0.013674	-0.015777	0.001051
1856	-0.011406	-0.016263	0.002429
1857	-0.012424	-0.016213	0.001895
1858	-0.013458	-0.013906	0.000224
1859	-0.013660	-0.015690	0.001015
1860	-0.010997	-0.010645	-0.000176
1861	-0.012518	-0.012846	0.000164
1862	-0.012268	-0.015145	0.001439
1863	-0.012019	-0.013366	0.000674
1864	-0.011148	-0.013183	0.001018
1865	-0.010486	-0.015840	0.002677
1866	-0.011597	-0.017570	0.002986
1867	-0.011795	-0.013445	0.000825
1868	-0.012931	-0.014412	0.000741
1869	-0.011806	-0.016397	0.002296
1870	-0.013546	-0.013472	-0.000037
1871	-0.013184	-0.012385	-0.000400
1872	-0.013022	-0.015048	0.001013
1873	-0.012893	-0.014498	0.000803
1874	-0.013215	-0.015097	0.000941
1875	-0.011609	-0.014219	0.001305
1876	-0.010668	-0.014623	0.001977
1877	-0.011804	-0.014011	0.001104
1878	-0.012667	-0.016381	0.001857
1879	-0.013587	-0.014473	0.000443
1880	-0.013379	-0.016531	0.001576
1881	-0.013130	-0.017058	0.001964
1882	-0.013300	-0.015500	0.001100
1883	-0.012892	-0.015023	0.001065
1884	-0.012019	-0.016824	0.002402
1885	-0.014265	-0.013176	-0.000545
1886	-0.013676	-0.014088	0.000206
1887	-0.014692	-0.015439	0.000374
1888	-0.015304	-0.015767	0.000232
1889	-0.014864	-0.016780	0.000958
1890	-0.012642	-0.014074	0.000716
1891	-0.013751	-0.015152	0.000700
1892	-0.013942	-0.015468	0.000763
1893	-0.013440	-0.014369	0.000464
1894	-0.014955	-0.017349	0.001197
1895	-0.015229	-0.014335	-0.000447
1896	-0.014866	-0.013946	-0.000460
1897	-0.015452	-0.015261	-0.000096
1898	-0.015517	-0.015024	-0.000246
1899	-0.016983	-0.013948	-0.001517
1900	-0.015090	-0.013641	-0.000725
1901	-0.011346	-0.018598	0.003626
1902	-0.015095	-0.014232	-0.000432
1903	-0.014496	-0.017590	0.001547
1904	-0.014525	-0.013667	-0.000429
1905	-0.016666	-0.018193	0.000763
1906	-0.014257	-0.016820	0.001282
1907	-0.016640	-0.016838	0.000099
1908	-0.015756	-0.015642	-0.000057
1909	-0.016270	-0.016684	0.000207
1910	-0.015687	-0.014755	-0.000466
1911	-0.014733	-0.017210	0.001238
1912	-0.015210	-0.018663	0.001727
1913	-0.014954	-0.016795	0.000920
1914	-0.014673	-0.016692	0.001010
1915	-0.011722	-0.018401	0.003340
1916	-0.012639	-0.015237	0.001299
1917	-0.015515	-0.017228	0.000857
1918	-0.014365	-0.018317	0.001976
1919	-0.016472	-0.017095	0.000311
1920	-0.015675	-0.017200	0.000763
1921	-0.012546	-0.016553	0.002004
1922	-0.017677	-0.016471	-0.000603
1923	-0.014672	-0.016420	0.000874
1924	-0.014701	-0.015593	0.000446
1925	-0.016712	-0.016607	-0.000053
1926	-0.013445	-0.016911	0.001733
1927	-0.020235	-0.014314	-0.002960
1928	-0.014941	-0.019231	0.002145
1929	-0.018216	-0.017278	-0.000469
1930	-0.016919	-0.014260	-0.001329
1931	-0.019574	-0.015481	-0.002046
1932	-0.016539	-0.015771	-0.000384
1933	-0.016266	-0.019115	0.001424
1934	-0.013562	-0.016503	0.001471
1935	-0.017994	-0.016775	-0.000609
1936	-0.014567	-0.015470	0.000451
1937	-0.014976	-0.018235	0.001629
1938	-0.014878	-0.020360	0.002741
1939	-0.016032	-0.018580	0.001274
1940	-0.019079	-0.016648	-0.001216
1941	-0.021116	-0.015092	-0.003012
1942	-0.017753	-0.016236	-0.000758
1943	-0.015407	-0.016440	0.000517
1944	-0.014770	-0.019500	0.002365
1945	-0.017083	-0.020132	0.001524
1946	-0.015935	-0.018198	0.001131
1947	-0.014584	-0.019473	0.002444
1948	-0.017304	-0.022527	0.002611
1949	-0.017219	-0.013917	-0.001651
1950	-0.014764	-0.019082	0.002159
1951	-0.014319	-0.019489	0.002585
1952	-0.015819	-0.018447	0.001314
1953	-0.018064	-0.018022	-0.000021
1954	-0.017387	-0.016190	-0.000598
1955	-0.017463	-0.020606	0.001571
1956	-0.018373	-0.020484	0.001055
1957	-0.018266	-0.019262	0.000498
1958	-0.016071	-0.018807	0.001368
1959	-0.015838	-0.018952	0.001557
1960	-0.017799	-0.018554	0.000377
1961	-0.018311	-0.017439	-0.000436
1962	-0.017597	-0.019176	0.000790
1963	-0.020160	-0.019657	-0.000252
1964	-0.018685	-0.019068	0.000192
1965	-0.018482	-0.021968	0.001743
1966	-0.015178	-0.021405	0.003113
1967	-0.017498	-0.020740	0.001621
1968	-0.015668	-0.021697	0.003014
1969	-0.018406	-0.018725	0.000160
1970	-0.016238	-0.020779	0.002271
1971	-0.018539	-0.019321	0.000391
1972	-0.019900	-0.020098	0.000099
1973	-0.021939	-0.020950	-0.000495
1974	-0.017085	-0.019504	0.001209
1975	-0.017382	-0.017925	0.000272
1976	-0.019142	-0.018812	-0.000165
1977	-0.020552	-0.017487	-0.001533
1978	-0.015997	-0.021593	0.002798
1979	-0.018450	-0.016871	-0.000789
1980	-0.020974	-0.015620	-0.002677
1981	-0.018170	-0.021059	0.001444
1982	-0.016349	-0.020355	0.002003
1983	-0.021927	-0.021824	-0.000052
1984	-0.013998	-0.020335	0.003169
1985	-0.016181	-0.018136	0.000977
1986	-0.018990	-0.023663	0.002337
1987	-0.022334	-0.022653	0.000160
1988	-0.024886	-0.019234	-0.002826
1989	-0.017974	-0.017745	-0.000115
1990	-0.020751	-0.016419	-0.002166
1991	-0.021923	-0.023031	0.000554
1992	-0.026250	-0.023731	-0.001259
1993	-0.023729	-0.021791	-0.000969
1994	-0.024525	-0.025948	0.000711
1995	-0.022151	-0.023664	0.000757
1996	-0.024802	-0.022112	-0.001345
1997	-0.024948	-0.019593	-0.002677
1998	-0.023620	-0.021650	-0.000985
1999	-0.016650	-0.022593	0.002972
2000	-0.021400	-0.023935	0.001267
2001	-0.021997	-0.020535	-0.000731
2002	-0.024527	-0.021372	-0.001577
2003	-0.016446	-0.028805	0.006179
2004	-0.023929	-0.022970	-0.000480
2005	-0.024365	-0.024321	-0.000022
2006	-0.021815	-0.019379	-0.001218
2007	-0.022346	-0.023741	0.000698
2008	-0.020475	-0.025044	0.002285
2009	-0.019557	-0.024569	0.002506
2010	-0.024235	-0.019972	-0.002131
2011	-0.021374	-0.024627	0.001627
2012	-0.020072	-0.021821	0.000874
2013	-0.025575	-0.019281	-0.003147
2014	-0.022564	-0.016887	-0.002838
2015	-0.020564	-0.022313	0.000875
2016	-0.021989	-0.023075	0.000543
2017	-0.019037	-0.029803	0.005383
2018	-0.021119	-0.019584	-0.000767
2019	-0.025792	-0.028373	0.001291
2020	-0.021124	-0.020508	-0.000308
2021	-0.023576	-0.023411	-0.000082
2022	-0.018395	-0.020138	0.000871
2023	-0.017020	-0.027620	0.005300
2024	-0.026903	-0.023458	-0.001722
2025	-0.024976	-0.024139	-0.000418
2026	-0.022550	-0.019851	-0.001350
2027	-0.026804	-0.024436	-0.001184
2028	-0.020409	-0.024729	0.002160
2029	-0.027106	-0.029033	0.000964
2030	-0.026246	-0.020038	-0.003104
2031	-0.022535	-0.020484	-0.001025
2032	-0.022206	-0.026669	0.002231
2033	-0.021287	-0.024113	0.001413
2034	-0.023547	-0.026685	0.001569
2035	-0.028718	-0.024544	-0.002087
2036	-0.024069	-0.027931	0.001931
2037	-0.025938	-0.025438	-0.000250
2038	-0.019627	-0.030331	0.005352
2039	-0.018694	-0.028307	0.004806
2040	-0.027183	-0.031428	0.002122
2041	-0.017668	-0.028885	0.005608
2042	-0.028565	-0.027071	-0.000747
2043	-0.031363	-0.025581	-0.002891
2044	-0.023205	-0.031393	0.004094
2045	-0.026994	-0.028854	0.000930
2046	-0.022396	-0.026549	0.002077
2047	-0.019451	-0.019436	-0.000008
