189.527725	0.102978	0.102978	0.000000
189.916390	-929406585213470.875000	-929406585213470.875000	0.000000
190.305018	-0.002337	0.347823	-0.175080
190.693607	-0.264733	-0.082723	-0.091005
191.082159	-0.382353	-0.078416	-0.151968
191.470673	-0.058759	-0.075335	0.008288
191.859149	0.156143	0.451571	-0.147714
192.247587	-0.535871	0.372253	-0.454062
192.635988	-0.047272	0.225497	-0.136384
193.024351	-1.533697	-0.752277	-0.390710
193.412676	-0.270256	0.349430	-0.309843
193.800963	-0.466850	-1.678491	0.605820
194.189212	0.314971	0.158302	0.078334
194.577423	0.088634	0.003719	0.042458
194.965597	-4.012017	-0.055480	-1.978268
195.353732	0.293912	0.247693	0.023109
195.741830	-0.111404	-0.098446	-0.006479
196.129890	1.585645	-16.321680	8.953662
196.517911	0.131018	1.023976	-0.446479
196.905895	0.275307	-0.580272	0.427789
197.293841	-1.138719	0.244070	-0.691395
197.681749	-0.513470	-0.542270	0.014400
198.069619	2.051962	-0.042297	1.047129
198.457452	-5.016831	0.424969	-2.720900
198.845246	-0.007256	-0.813783	0.403264
199.233002	-0.065517	-0.122994	0.028738
199.620720	0.235120	9.051377	-4.408128
200.008400	0.030441	-0.175216	0.102828
200.396042	-0.175260	-0.038502	-0.068379
200.783646	-0.191417	-0.084127	-0.053645
201.171212	0.045900	-0.115154	0.080527
201.558740	-0.056699	-0.074027	0.008664
201.946230	0.079062	-0.565175	0.322118
202.333682	0.145175	-0.068477	0.106826
202.721096	0.200475	-0.031155	0.115815
203.108472	0.133495	0.046995	0.043250
203.495809	0.131649	-0.114178	0.122913
203.883109	-0.628662	-0.493716	-0.067473
204.270370	-0.310996	-0.114800	-0.098098
204.657593	0.083248	0.074090	0.004579
205.044779	-0.120364	-0.046084	-0.037140
205.431926	-0.051723	-1.126831	0.537554
205.819034	-0.070793	-0.024007	-0.023393
206.206105	0.337806	0.440336	-0.051265
206.593137	-0.004896	0.791082	-0.397989
206.980132	0.166151	-0.210623	0.188387
207.367088	0.048728	0.009499	0.019615
207.754006	-0.050724	-0.803980	0.376628
208.140885	-0.390487	-0.036430	-0.177028
208.527727	-0.093108	0.537748	-0.315428
208.914530	-0.530005	-0.011128	-0.259439
209.301295	0.073511	-0.103700	0.088605
209.688022	-0.044939	0.086645	-0.065792
210.074710	0.015177	0.050126	-0.017474
210.461360	-0.982786	0.364635	-0.673710
210.847972	0.850908	-0.469498	0.660203
211.234546	-0.037947	-0.042102	0.002078
211.621081	0.001447	-0.862025	0.431736
212.007578	1.095688	-0.798271	0.946979
212.394036	-0.248161	0.013708	-0.130935
212.780457	-0.113690	-0.173426	0.029868
213.166839	-0.040053	-0.336986	0.148466
213.553182	0.582944	-0.449629	0.516286
213.939487	0.363926	-0.283351	0.323639
214.325754	-0.393673	-0.271739	-0.060967
214.711983	0.166623	0.231953	-0.032665
215.098173	0.322993	0.077929	0.122532
215.484324	-0.172747	-0.087334	-0.042707
215.870437	-0.036882	0.132207	-0.084545
216.256512	0.008742	-0.192249	0.100496
216.642548	-0.148322	-0.166864	0.009271
217.028546	-1.274894	0.089675	-0.682284
217.414506	1.623426	0.297164	0.663131
217.800427	-0.708951	-0.188217	-0.260367
218.186309	-0.054907	-0.011706	-0.021601
218.572153	-0.112865	-0.234998	0.061067
218.957959	-0.186344	-0.076965	-0.054689
219.343726	2.347666	-0.088945	1.218306
219.729454	-0.082001	-0.172673	0.045336
220.115144	0.001022	0.974240	-0.486609
220.500795	-0.925401	-0.015490	-0.454956
220.886408	0.019672	-0.278391	0.149031
221.271983	-0.721413	0.036634	-0.379024
221.657518	-0.117406	-2.772581	1.327587
222.043016	-0.053982	-0.461797	0.203907
222.428474	0.161041	-0.186251	0.173646
222.813894	-0.095186	-1.467528	0.686171
223.199275	-0.065930	-0.024742	-0.020594
223.584618	-0.680764	0.015461	-0.348112
223.969922	-0.072761	-0.497227	0.212233
224.355188	0.052960	-0.254523	0.153741
224.740414	-0.096271	-0.371412	0.137571
225.125603	0.042803	-0.197779	0.120291
225.510752	-0.053871	-0.234587	0.090358
225.895863	0.031785	-0.023134	0.027459
226.280935	-0.068511	0.007331	-0.037921
226.665968	-0.087255	-0.899955	0.406350
227.050963	-0.249362	-0.011213	-0.119075
227.435919	-18.477821	-0.258591	-9.109615
227.820836	-0.207010	0.011572	-0.109291
228.205715	-0.112406	-0.032195	-0.040105
228.590555	-0.463053	-0.136812	-0.163121
228.975356	0.003652	-0.089055	0.046354
229.360118	-0.027333	-0.106717	0.039692
229.744841	-0.055306	-0.117861	0.031278
230.129526	-0.029790	-0.149170	0.059690
230.514172	-0.062575	-0.132892	0.035159
230.898779	-0.137943	-0.005544	-0.066200
231.283347	-0.046317	0.015392	-0.030854
231.667877	-0.036413	-0.136313	0.049950
232.052367	-0.013387	0.059684	-0.036536
232.436819	-0.186628	-0.012275	-0.087177
232.821232	-0.068462	-0.107769	0.019653
233.205606	-0.014482	-0.020739	0.003128
233.589941	-0.029425	0.027260	-0.028342
233.974237	-0.042862	-0.122558	0.039848
234.358495	0.004601	-0.285967	0.145284
234.742713	-0.308566	-0.025416	-0.141575
235.126893	-0.066967	-0.064558	-0.001204
235.511033	0.035313	-0.116682	0.075998
235.895135	-0.083025	-0.060786	-0.011120
236.279198	-0.073091	-0.082248	0.004578
236.663221	-0.035058	-0.088186	0.026564
237.047206	-0.072524	-0.191499	0.059487
237.431152	-0.084805	-0.021011	-0.031897
237.815059	-0.021587	-0.052162	0.015287
238.198926	-0.029273	-0.084308	0.027517
238.582755	0.001786	-0.085861	0.043823
238.966545	-0.042355	-0.136252	0.046948
239.350296	-0.019884	-0.070551	0.025333
239.734007	0.005463	-0.013339	0.009401
240.117680	-0.043512	-0.041786	-0.000863
240.501314	-0.088148	-0.167844	0.039848
240.884908	-0.121844	0.026943	-0.074394
241.268464	-0.064741	-0.087885	0.011572
241.651980	-0.088384	-0.139634	0.025625
242.035457	-0.041554	-0.080613	0.019530
242.418895	-0.058727	-0.086340	0.013807
242.802294	-0.065634	-0.097094	0.015730
243.185654	-0.043077	-0.040935	-0.001071
243.568975	-0.022555	-0.030993	0.004219
243.952257	-0.104356	-0.028572	-0.037892
244.335499	-0.052390	-0.048446	-0.001972
244.718702	0.021311	-0.093016	0.057163
245.101867	-0.102180	-0.001912	-0.050134
245.484991	-0.026994	-0.070614	0.021810
245.868077	-0.047169	-0.056705	0.004768
246.251124	-0.049340	-0.038178	-0.005581
246.634131	-0.012068	-0.010622	-0.000723
247.017099	-0.044707	-0.046928	0.001111
247.400028	-0.018981	-0.045302	0.013160
247.782917	-0.066823	-0.064765	-0.001029
248.165768	-0.041140	-0.003728	-0.018706
248.548579	-0.089425	-0.036437	-0.026494
248.931350	0.011617	-0.061043	0.036330
249.314083	-0.048028	-0.036966	-0.005531
249.696776	-0.042032	-0.073853	0.015911
250.079430	-0.053921	-0.040187	-0.006867
250.462044	-0.001328	-0.058057	0.028364
250.844620	-0.031998	-0.052466	0.010234
251.227155	-0.023558	-0.063051	0.019746
251.609652	-0.015188	-0.007333	-0.003927
251.992109	-0.056876	-0.010702	-0.023087
252.374527	-0.043478	-0.024042	-0.009718
252.756905	-0.045170	-0.035227	-0.004972
253.139244	-0.006888	-0.007388	0.000250
253.521544	-0.020372	-0.042573	0.011101
253.903804	-0.048032	-0.041075	-0.003479
254.286025	-0.052784	-0.024623	-0.014080
254.668206	-0.001269	-0.034374	0.016553
255.050348	-0.054232	-0.100578	0.023173
255.432451	-0.017969	-0.051675	0.016853
255.814514	-0.027358	-0.047892	0.010267
256.196537	-0.013917	-0.037133	0.011608
256.578521	-0.032547	-0.058527	0.012990
256.960466	-0.018760	-0.014729	-0.002016
257.342371	0.009020	-0.032844	0.020932
257.724236	-0.035039	-0.010161	-0.012439
258.106062	-0.022797	-0.046041	0.011622
258.487849	-0.003937	-0.011941	0.004002
258.869596	-0.005150	-0.034991	0.014920
259.251303	-0.013954	0.009106	-0.011530
259.632971	-0.016348	-0.008384	-0.003982
260.014599	-0.013985	-0.022603	0.004309
260.396188	0.010033	-0.012889	0.011461
260.777737	-0.028781	-0.003518	-0.012632
261.159247	-0.038261	-0.027914	-0.005173
261.540717	-0.010950	-0.021277	0.005164
261.922147	-0.002557	-0.040150	0.018796
262.303538	-0.009164	-0.008116	-0.000524
262.684889	-0.013091	-0.016286	0.001598
263.066200	-0.014502	-0.020063	0.002781
263.447472	-0.018317	-0.021817	0.001750
263.828704	-0.006468	-0.026511	0.010022
264.209896	-0.007920	-0.021813	0.006947
264.591049	-0.017567	0.007577	-0.012572
264.972162	0.001569	-0.013139	0.007354
265.353235	-0.029691	-0.028992	-0.000350
265.734268	-0.025438	-0.040254	0.007408
266.115262	0.006858	-0.016244	0.011551
266.496216	-0.005656	-0.017629	0.005987
266.877130	-0.027396	-0.016879	-0.005259
267.258005	-0.016123	-0.005138	-0.005493
267.638840	0.003756	-0.001314	0.002535
268.019635	-0.007807	-0.019228	0.005710
268.400390	-0.022534	-0.040600	0.009033
268.781105	-0.004557	-0.020748	0.008095
269.161781	-0.006596	-0.000315	-0.003140
269.542417	-0.027637	-0.003620	-0.012008
269.923013	-0.005524	-0.002648	-0.001438
270.303569	-0.022236	-0.007693	-0.007272
270.684085	-0.029691	-0.008467	-0.010612
271.064561	-0.007579	-0.003319	-0.002130
271.444998	-0.018667	-0.005214	-0.006726
271.825394	-0.003898	-0.010959	0.003530
272.205751	-0.015456	-0.023796	0.004170
272.586068	-0.021642	-0.025053	0.001706
272.966345	-0.025001	-0.013160	-0.005921
273.346582	-0.012890	-0.016754	0.001932
273.726779	-0.011866	0.010030	-0.010948
274.106936	-0.025482	0.006230	-0.015856
274.487053	-0.033494	-0.023173	-0.005160
274.867130	-0.014516	-0.018807	0.002146
275.247168	-0.009633	-0.009248	-0.000192
275.627165	-0.025173	-0.003394	-0.010889
276.007122	-0.012768	0.008413	-0.010590
276.387040	-0.017493	0.004423	-0.010958
276.766917	0.001754	0.005885	-0.002065
277.146754	-0.010174	-0.003533	-0.003321
277.526551	-0.022335	0.015303	-0.018819
277.906308	-0.028141	-0.005869	-0.011136
278.286026	-0.013734	0.012033	-0.012883
278.665703	-0.009868	0.002377	-0.006123
279.045340	-0.016821	0.013565	-0.015193
279.424936	-0.019568	0.006430	-0.012999
279.804493	-0.049905	-0.009930	-0.019988
280.184010	-0.026912	0.022588	-0.024750
280.563487	-0.018044	0.020694	-0.019369
280.942923	-0.008978	-0.001122	-0.003928
281.322319	-0.022862	0.002212	-0.012537
281.701676	-0.008222	-0.002178	-0.003022
282.080992	-0.023514	0.002872	-0.013193
282.460268	-0.018613	0.007697	-0.013155
282.839503	-0.027936	0.018146	-0.023041
283.218699	-0.030317	0.012474	-0.021396
283.597854	-0.007865	0.005747	-0.006806
283.976969	-0.021054	0.001647	-0.011351
284.356044	-0.029421	0.032086	-0.030754
284.735079	-0.021542	0.024384	-0.022963
285.114073	-0.018913	0.015324	-0.017119
285.493028	-0.020474	-0.002925	-0.008774
285.871942	-0.024191	0.009895	-0.017043
286.250815	-0.040012	0.017838	-0.028925
286.629649	-0.021560	0.000222	-0.010891
287.008442	-0.024230	0.004936	-0.014583
287.387195	-0.026510	0.002389	-0.014450
287.765907	-0.037168	0.003121	-0.020144
288.144580	-0.030945	0.016231	-0.023588
288.523212	-0.029878	0.013578	-0.021728
288.901803	-0.030195	0.007550	-0.018872
289.280355	-0.041953	0.011684	-0.026818
289.658866	-0.029477	0.008899	-0.019188
290.037336	-0.040535	0.009740	-0.025138
290.415766	-0.026648	0.009171	-0.017910
290.794156	-0.025385	0.030536	-0.027961
291.172505	-0.025764	0.002045	-0.013904
291.550814	-0.034090	0.014770	-0.024430
291.929083	-0.032990	0.012869	-0.022930
292.307311	-0.023772	0.024010	-0.023891
292.685499	-0.044591	0.021920	-0.033255
293.063646	-0.029836	0.017288	-0.023562
293.441753	-0.038177	0.018238	-0.028208
293.819820	-0.038042	0.010077	-0.024059
294.197845	-0.026015	0.024045	-0.025030
294.575831	-0.036637	0.023143	-0.029890
294.953776	-0.039135	0.014784	-0.026960
295.331680	-0.037255	0.026221	-0.031738
295.709544	-0.041074	0.023442	-0.032258
296.087368	-0.031935	0.027214	-0.029575
296.465150	-0.033378	0.020435	-0.026907
296.842893	-0.034408	0.021761	-0.028084
297.220595	-0.031020	0.018455	-0.024737
297.598256	-0.033490	0.031329	-0.032409
297.975876	-0.039123	0.023365	-0.031244
298.353457	-0.043930	0.025794	-0.034862
298.730996	-0.037900	0.027203	-0.032552
299.108495	-0.038747	0.022159	-0.030453
299.485953	-0.044438	0.025951	-0.035194
299.863371	-0.034438	0.019450	-0.026944
300.240748	-0.038892	0.022353	-0.030622
300.618084	-0.037603	0.020393	-0.028998
300.995380	-0.046490	0.021292	-0.033891
301.372635	-0.045223	0.026721	-0.035972
301.749849	-0.041485	0.020576	-0.031031
302.127023	-0.037250	0.016951	-0.027101
302.504156	-0.041027	0.027394	-0.034210
302.881248	-0.051499	0.029195	-0.040347
303.258300	-0.031750	0.020824	-0.026287
303.635311	-0.030769	0.023449	-0.027109
304.012281	-0.046532	0.028501	-0.037517
304.389210	-0.043000	0.023243	-0.033122
304.766099	-0.044507	0.023378	-0.033942
305.142947	-0.040224	0.031153	-0.035688
305.519754	-0.038801	0.023510	-0.031156
305.896520	-0.049181	0.027650	-0.038416
306.273246	-0.041516	0.015691	-0.028603
306.649930	-0.040224	0.017423	-0.028823
307.026574	-0.039714	0.036276	-0.037995
307.403177	-0.045734	0.018720	-0.032227
307.779740	-0.046010	0.029264	-0.037637
308.156261	-0.039468	0.032006	-0.035737
308.532742	-0.045086	0.027280	-0.036183
308.909181	-0.044879	0.036639	-0.040759
309.285580	-0.033202	0.026492	-0.029847
309.661938	-0.046849	0.025329	-0.036089
310.038255	-0.041751	0.032162	-0.036956
310.414531	-0.030908	0.034339	-0.032623
310.790766	-0.043799	0.030702	-0.037251
311.166961	-0.044174	0.024288	-0.034231
311.543114	-0.054761	0.028521	-0.041641
311.919226	-0.051095	0.033549	-0.042322
312.295298	-0.044552	0.028293	-0.036422
312.671328	-0.044855	0.037419	-0.041137
313.047318	-0.041696	0.024029	-0.032862
313.423267	-0.042700	0.022884	-0.032792
313.799174	-0.044037	0.029748	-0.036893
314.175041	-0.041939	0.029899	-0.035919
314.550866	-0.048032	0.024186	-0.036109
314.926651	-0.043219	0.024860	-0.034039
315.302394	-0.043228	0.024884	-0.034056
315.678097	-0.035960	0.029501	-0.032730
316.053758	-0.042684	0.024142	-0.033413
316.429378	-0.035719	0.029410	-0.032565
316.804958	-0.046397	0.033608	-0.040002
317.180496	-0.043649	0.031935	-0.037792
317.555993	-0.041828	0.030920	-0.036374
317.931449	-0.046734	0.032966	-0.039850
318.306864	-0.034318	0.025053	-0.029686
318.682238	-0.033619	0.028298	-0.030958
319.057570	-0.039302	0.026852	-0.033077
319.432862	-0.044040	0.031031	-0.037536
319.808112	-0.042565	0.033959	-0.038262
320.183321	-0.038701	0.032158	-0.035429
320.558489	-0.030867	0.027652	-0.029259
320.933616	-0.038789	0.027216	-0.033003
321.308701	-0.037936	0.027076	-0.032506
321.683746	-0.038384	0.025270	-0.031827
322.058749	-0.042455	0.021225	-0.031840
322.433711	-0.044997	0.016296	-0.030646
322.808632	-0.046328	0.023344	-0.034836
323.183511	-0.043191	0.020127	-0.031659
323.558349	-0.035060	0.025718	-0.030389
323.933146	-0.049297	0.025913	-0.037605
324.307902	-0.046462	0.018896	-0.032679
324.682617	-0.034378	0.024627	-0.029502
325.057290	-0.034090	0.024439	-0.029265
325.431921	-0.038954	0.022327	-0.030640
325.806512	-0.042022	0.020654	-0.031338
326.181061	-0.041023	0.023183	-0.032103
326.555569	-0.042284	0.024098	-0.033191
326.930035	-0.035886	0.026133	-0.031010
327.304461	-0.040253	0.017192	-0.028722
327.678844	-0.033130	0.022339	-0.027735
328.053187	-0.037277	0.023224	-0.030250
328.427488	-0.037199	0.020129	-0.028664
328.801747	-0.032690	0.019470	-0.026080
329.175966	-0.035431	0.014012	-0.024722
329.550142	-0.030486	0.022688	-0.026587
329.924278	-0.037392	0.020798	-0.029095
330.298372	-0.029685	0.018430	-0.024058
330.672424	-0.036439	0.020990	-0.028715
331.046435	-0.032437	0.012945	-0.022691
331.420405	-0.032073	0.019797	-0.025935
331.794333	-0.034569	0.019740	-0.027154
332.168220	-0.042709	0.022477	-0.032593
332.542065	-0.035552	0.017498	-0.026525
332.915869	-0.033136	0.024271	-0.028704
333.289631	-0.036036	0.022365	-0.029201
333.663351	-0.036797	0.026148	-0.031472
334.037030	-0.040843	0.019240	-0.030041
334.410668	-0.034903	0.020108	-0.027505
334.784264	-0.037450	0.011264	-0.024357
335.157818	-0.030521	0.011895	-0.021208
335.531331	-0.035191	0.017297	-0.026244
335.904802	-0.028556	0.019403	-0.023979
336.278232	-0.030986	0.016673	-0.023830
336.651620	-0.035205	0.020688	-0.027947
337.024966	-0.029443	0.015388	-0.022416
337.398271	-0.037209	0.012215	-0.024712
337.771534	-0.041329	0.010397	-0.025863
338.144756	-0.032757	0.023847	-0.028302
338.517936	-0.029909	0.021376	-0.025643
338.891074	-0.032638	0.010192	-0.021415
339.264171	-0.029604	0.022797	-0.026200
339.637225	-0.041783	0.015495	-0.028639
340.010239	-0.035855	0.020318	-0.028086
340.383210	-0.032542	0.016244	-0.024393
340.756140	-0.034960	0.015022	-0.024991
341.129028	-0.028187	0.018570	-0.023378
341.501874	-0.029289	0.015448	-0.022369
341.874679	-0.029597	0.017830	-0.023713
342.247441	-0.029384	0.005357	-0.017371
342.620162	-0.027537	0.018384	-0.022960
342.992842	-0.023439	0.014487	-0.018963
343.365479	-0.027903	0.010057	-0.018980
343.738075	-0.027967	0.019616	-0.023791
344.110629	-0.033393	0.011815	-0.022604
344.483141	-0.028471	0.011972	-0.020221
344.855611	-0.025766	0.013206	-0.019486
345.228039	-0.030181	0.014560	-0.022370
345.600426	-0.029038	0.011030	-0.020034
345.972770	-0.027338	0.015765	-0.021552
346.345073	-0.029494	0.015348	-0.022421
346.717334	-0.033211	0.020419	-0.026815
347.089553	-0.030101	0.012125	-0.021113
347.461730	-0.031706	0.010383	-0.021044
347.833866	-0.033300	0.009704	-0.021502
348.205959	-0.021500	0.011630	-0.016565
348.578010	-0.025331	0.015725	-0.020528
348.950020	-0.029847	0.011674	-0.020760
349.321987	-0.018888	0.010353	-0.014620
349.693913	-0.025244	0.012430	-0.018837
350.065797	-0.024052	0.009613	-0.016832
350.437638	-0.025711	0.019067	-0.022389
350.809438	-0.025546	0.014661	-0.020103
351.181196	-0.023806	0.009127	-0.016466
351.552911	-0.026573	0.010635	-0.018604
351.924585	-0.027514	0.013458	-0.020486
352.296217	-0.024303	0.009853	-0.017078
352.667806	-0.017271	0.010092	-0.013681
353.039354	-0.025036	0.012469	-0.018753
353.410859	-0.025893	0.005128	-0.015511
353.782323	-0.022645	0.010560	-0.016602
354.153744	-0.026365	0.010657	-0.018511
354.525123	-0.019782	0.007560	-0.013671
354.896460	-0.014963	0.011401	-0.013182
355.267756	-0.021577	0.011266	-0.016422
355.639008	-0.023321	0.006417	-0.014869
356.010219	-0.023064	0.008060	-0.015562
356.381388	-0.016498	0.007317	-0.011908
356.752515	-0.019640	0.013644	-0.016642
357.123599	-0.013915	0.005461	-0.009688
357.494641	-0.019495	0.008998	-0.014246
357.865641	-0.021943	0.003091	-0.012517
358.236599	-0.024171	0.009686	-0.016928
358.607515	-0.020338	0.005020	-0.012679
358.978388	-0.017884	0.009975	-0.013929
359.349219	-0.016722	0.008587	-0.012655
359.720008	-0.019804	0.011043	-0.015423
360.090755	-0.020528	0.003714	-0.012121
360.461460	-0.015091	0.007956	-0.011523
360.832122	-0.017976	0.007541	-0.012758
361.202742	-0.018479	0.001524	-0.010002
361.573320	-0.020326	0.008345	-0.014336
361.943855	-0.019078	0.001569	-0.010324
362.314348	-0.017207	0.005765	-0.011486
362.684799	-0.017703	0.006726	-0.012214
363.055208	-0.015101	0.007084	-0.011093
363.425574	-0.012249	0.003794	-0.008022
363.795898	-0.013037	0.003888	-0.008462
364.166180	-0.011496	0.001290	-0.006393
364.536419	-0.012385	-0.003839	-0.004273
364.906616	-0.009550	-0.001496	-0.004027
365.276770	-0.012135	0.005569	-0.008852
365.646882	-0.018645	0.001110	-0.009877
366.016952	-0.009498	-0.002569	-0.003465
366.386979	-0.010678	-0.000394	-0.005142
366.756964	-0.016614	0.001925	-0.009269
367.126906	-0.011551	-0.002395	-0.004578
367.496806	-0.015401	-0.000913	-0.007244
367.866664	-0.009293	0.000352	-0.004823
368.236479	-0.014201	-0.003247	-0.005477
368.606251	-0.008745	-0.000481	-0.004132
368.975981	-0.016045	-0.005887	-0.005079
369.345669	-0.012245	-0.004206	-0.004020
369.715314	-0.011898	-0.001090	-0.005404
370.084917	-0.008760	-0.001294	-0.003733
370.454477	-0.007227	-0.002246	-0.002491
370.823995	-0.011469	0.001557	-0.006513
371.193470	-0.009739	0.002252	-0.005996
371.562902	-0.004301	-0.004539	0.000119
371.932292	-0.004702	-0.005176	0.000237
372.301640	-0.014512	-0.003631	-0.005440
372.670944	-0.012359	-0.005666	-0.003346
373.040207	-0.011107	0.002792	-0.006949
373.409426	-0.008985	-0.007972	-0.000506
373.778603	-0.002088	-0.000997	-0.000545
374.147738	-0.015962	-0.002600	-0.006681
374.516830	-0.002293	-0.009010	0.003358
374.885879	-0.007123	-0.002535	-0.002294
375.254885	-0.011260	-0.008050	-0.001605
375.623849	-0.005278	-0.010398	0.002560
375.992770	-0.002887	-0.002710	-0.000088
376.361649	-0.003446	-0.002688	-0.000379
376.730485	-0.005962	-0.008121	0.001080
377.099278	-0.006887	-0.006862	-0.000012
377.468028	-0.010457	-0.009481	-0.000488
377.836736	-0.001304	-0.007368	0.003032
378.205401	-0.009161	-0.006869	-0.001146
378.574023	-0.004844	-0.004827	-0.000008
378.942603	-0.003332	-0.008583	0.002626
379.311139	0.001798	-0.007476	0.004637
379.679633	-0.006380	-0.007288	0.000454
380.048085	-0.004274	-0.006572	0.001149
380.416493	-0.005679	-0.008752	0.001537
380.784859	-0.009592	-0.010520	0.000464
381.153181	-0.010583	-0.013350	0.001383
381.521461	-0.004549	-0.009428	0.002440
381.889699	-0.000784	-0.010516	0.004866
382.257893	0.004294	-0.010133	0.007213
382.626044	-0.010027	-0.008023	-0.001002
382.994153	0.000890	-0.012743	0.006817
383.362219	-0.007416	-0.005111	-0.001153
383.730242	0.001972	-0.013887	0.007929
384.098222	0.000408	-0.010782	0.005595
384.466159	-0.006709	-0.008490	0.000891
384.834053	-0.004824	-0.006098	0.000637
385.201904	0.000098	-0.009250	0.004674
385.569713	-0.002504	-0.010891	0.004193
385.937478	-0.001868	-0.008321	0.003227
386.305201	-0.003489	-0.011514	0.004012
386.672880	-0.001313	-0.012535	0.005611
387.040517	-0.003213	-0.019652	0.008220
387.408110	-0.002795	-0.017988	0.007597
387.775661	-0.003629	-0.013996	0.005183
388.143168	-0.000843	-0.012548	0.005852
388.510633	-0.002309	-0.016504	0.007098
388.878055	0.001413	-0.006586	0.003999
389.245433	0.000321	-0.009682	0.005002
389.612769	-0.000850	-0.014735	0.006943
389.980061	-0.007028	-0.016697	0.004835
390.347310	-0.001280	-0.010523	0.004621
390.714517	-0.001230	-0.005578	0.002174
391.081680	-0.008087	-0.011669	0.001791
391.448800	0.002901	-0.015753	0.009327
391.815877	0.001306	-0.011178	0.006242
392.182911	-0.004567	-0.014736	0.005085
392.549902	-0.002227	-0.014783	0.006278
392.916850	0.000336	-0.008434	0.004385
393.283754	0.001243	-0.018272	0.009757
393.650616	-0.001259	-0.015221	0.006981
394.017434	0.006088	-0.013534	0.009811
394.384209	-0.000210	-0.012904	0.006347
394.750941	-0.002548	-0.016471	0.006962
395.117630	0.001055	-0.010219	0.005637
395.484275	-0.000086	-0.007285	0.003600
395.850878	0.006320	-0.013147	0.009734
396.217437	-0.002127	-0.012723	0.005298
396.583953	-0.000260	-0.012052	0.005896
396.950425	-0.000060	-0.020622	0.010281
397.316855	0.001806	-0.012134	0.006970
397.683241	0.006849	-0.009409	0.008129
398.049584	0.000689	-0.013910	0.007300
398.415884	-0.003459	-0.008811	0.002676
398.782140	0.001247	-0.014894	0.008071
399.148353	-0.001362	-0.012186	0.005412
399.514523	0.002760	-0.011983	0.007371
399.880649	-0.001652	-0.011710	0.005029
400.246732	-0.005842	-0.012374	0.003266
400.612772	-0.001415	-0.017947	0.008266
400.978768	-0.001100	-0.016402	0.007651
401.344721	0.000830	-0.015892	0.008361
401.710631	-0.007010	-0.007227	0.000109
402.076497	-0.006551	-0.012413	0.002931
402.442320	-0.002099	-0.010116	0.004008
402.808100	-0.000366	-0.015093	0.007363
403.173836	-0.001880	-0.008052	0.003086
403.539528	-0.006350	-0.009721	0.001685
403.905178	0.003706	-0.013328	0.008517
404.270783	-0.002251	-0.009896	0.003822
404.636346	-0.002607	-0.005991	0.001692
405.001865	-0.003813	-0.008533	0.002360
405.367340	-0.007198	-0.010837	0.001819
405.732772	-0.004996	-0.007808	0.001406
406.098161	-0.007727	-0.004433	-0.001647
406.463506	-0.004172	-0.006752	0.001290
406.828807	-0.007847	-0.011091	0.001622
407.194065	-0.006170	-0.010122	0.001976
407.559279	-0.000104	-0.008833	0.004365
407.924450	-0.009399	-0.003587	-0.002906
408.289578	-0.006760	-0.005084	-0.000838
408.654661	-0.003952	-0.012199	0.004123
409.019702	-0.005654	-0.006159	0.000252
409.384698	-0.001227	-0.005047	0.001910
409.749651	-0.012049	-0.007162	-0.002443
410.114561	-0.005931	-0.009267	0.001668
410.479427	-0.002732	-0.005161	0.001215
410.844249	-0.005903	-0.005132	-0.000385
411.209027	-0.005184	-0.009403	0.002109
411.573762	-0.004426	-0.003887	-0.000270
411.938454	-0.011349	-0.005592	-0.002878
412.303101	-0.009790	0.000572	-0.005181
412.667705	-0.009948	-0.006311	-0.001818
413.032266	-0.006912	0.003385	-0.005149
413.396782	-0.014528	-0.001119	-0.006705
413.761255	-0.009108	-0.002866	-0.003121
414.125684	-0.013365	-0.005635	-0.003865
414.490070	-0.003501	-0.001923	-0.000789
414.854412	-0.006078	-0.000486	-0.002796
415.218710	-0.003846	-0.001757	-0.001045
415.582964	-0.008342	-0.005185	-0.001578
415.947175	-0.011795	-0.004182	-0.003807
416.311341	-0.013842	0.000563	-0.007202
416.675464	-0.009393	-0.003739	-0.002827
417.039543	-0.012072	-0.001349	-0.005361
417.403579	-0.013368	-0.003616	-0.004876
417.767570	-0.017084	0.000675	-0.008879
418.131518	-0.015154	0.000394	-0.007774
418.495422	-0.019837	0.001046	-0.010442
418.859282	-0.009852	0.001904	-0.005878
419.223098	-0.017632	-0.002054	-0.007789
419.586871	-0.011100	-0.004656	-0.003222
419.950599	-0.012383	-0.002939	-0.004722
420.314284	-0.019252	-0.005556	-0.006848
420.677925	-0.014641	0.000620	-0.007630
421.041522	-0.008960	-0.000479	-0.004240
421.405075	-0.017457	0.000819	-0.009138
421.768584	-0.018026	0.001906	-0.009966
422.132049	-0.015228	0.005763	-0.010496
422.495470	-0.015916	-0.000047	-0.007935
422.858847	-0.016948	0.001013	-0.008980
423.222180	-0.018882	0.001798	-0.010340
423.585470	-0.015296	0.002794	-0.009045
423.948715	-0.011668	0.006566	-0.009117
424.311916	-0.019565	0.000882	-0.010224
424.675074	-0.017917	0.000240	-0.009079
425.038187	-0.016171	0.002940	-0.009555
425.401256	-0.014394	0.005210	-0.009802
425.764281	-0.015191	0.001192	-0.008192
426.127263	-0.011777	0.004789	-0.008283
426.490200	-0.019288	0.005736	-0.012512
426.853093	-0.018914	0.003817	-0.011365
427.215942	-0.019630	0.002474	-0.011052
427.578747	-0.015852	0.003394	-0.009623
427.941508	-0.021274	0.002995	-0.012134
428.304225	-0.014659	0.002577	-0.008618
428.666897	-0.017271	0.003882	-0.010577
429.029526	-0.015811	0.003594	-0.009703
429.392110	-0.018637	0.005059	-0.011848
429.754651	-0.017228	0.000032	-0.008630
430.117147	-0.016664	0.002022	-0.009343
430.479599	-0.017064	0.004969	-0.011017
430.842007	-0.020686	0.004434	-0.012560
431.204370	-0.016989	0.005553	-0.011271
431.566690	-0.019550	0.003536	-0.011543
431.928965	-0.018448	0.004625	-0.011536
432.291196	-0.014567	0.002614	-0.008590
432.653383	-0.017428	0.002754	-0.010091
433.015525	-0.016274	0.006527	-0.011400
433.377624	-0.019464	0.004154	-0.011809
433.739678	-0.020697	0.002675	-0.011686
434.101688	-0.019208	0.003065	-0.011136
434.463653	-0.018371	0.002504	-0.010437
434.825575	-0.018552	0.004492	-0.011522
435.187452	-0.019237	0.003329	-0.011283
435.549284	-0.020114	0.004534	-0.012324
435.911073	-0.019615	0.003214	-0.011414
436.272817	-0.018228	0.002505	-0.010366
436.634516	-0.019826	0.000373	-0.010099
436.996172	-0.017783	0.002565	-0.010174
437.357783	-0.016626	0.002110	-0.009368
437.719350	-0.017026	0.002891	-0.009958
438.080872	-0.015961	0.002565	-0.009263
438.442350	-0.019406	0.002909	-0.011157
438.803783	-0.018220	0.003886	-0.011053
439.165173	-0.017926	0.003540	-0.010733
439.526517	-0.017685	0.003831	-0.010758
439.887818	-0.017848	0.002051	-0.009949
440.249074	-0.018077	0.002297	-0.010187
440.610285	-0.017478	0.003138	-0.010308
440.971452	-0.017271	0.002971	-0.010121
441.332575	-0.016811	0.002308	-0.009560
441.693653	-0.017425	0.003392	-0.010409
442.054686	-0.016380	0.001160	-0.008770
442.415676	-0.016420	0.002210	-0.009315
442.776620	-0.016713	0.003177	-0.009945
443.137520	-0.015554	0.001369	-0.008462
443.498376	-0.016324	0.002289	-0.009306
443.859187	-0.018508	0.001532	-0.010020
444.219953	-0.015642	0.002365	-0.009003
444.580675	-0.015793	-0.000669	-0.007562
444.941353	-0.017250	0.000766	-0.009008
445.301986	-0.015586	0.001006	-0.008296
445.662574	-0.015594	0.000740	-0.008167
446.023118	-0.015691	0.000725	-0.008208
446.383617	-0.014279	0.000317	-0.007298
446.744071	-0.014980	0.000437	-0.007708
447.104481	-0.015205	-0.000122	-0.007542
447.464846	-0.013812	-0.000671	-0.006571
447.825167	-0.013573	-0.000342	-0.006615
448.185443	-0.012704	-0.001187	-0.005758
448.545674	-0.014040	-0.000078	-0.006981
448.905861	-0.012306	-0.000787	-0.005760
449.266002	-0.013213	-0.001064	-0.006075
449.626100	-0.012355	-0.002529	-0.004913
449.986152	-0.012162	-0.001091	-0.005536
450.346160	-0.012563	-0.002134	-0.005215
450.706123	-0.011983	-0.003143	-0.004420
451.066041	-0.011191	-0.002762	-0.004214
451.425915	-0.011346	-0.002383	-0.004482
451.785744	-0.011240	-0.002794	-0.004223
452.145528	-0.010790	-0.003353	-0.003718
452.505267	-0.011355	-0.004508	-0.003423
452.864962	-0.010766	-0.003340	-0.003713
453.224612	-0.008511	-0.004424	-0.002044
453.584217	-0.010155	-0.003771	-0.003192
453.943777	-0.009056	-0.004656	-0.002200
454.303292	-0.009597	-0.005384	-0.002106
454.662763	-0.008347	-0.005512	-0.001418
455.022188	-0.009541	-0.006295	-0.001623
455.381569	-0.008537	-0.006787	-0.000875
455.740905	-0.007581	-0.006248	-0.000666
456.100196	-0.008204	-0.007028	-0.000588
456.459443	-0.007487	-0.006225	-0.000631
456.818644	-0.007275	-0.007453	0.000089
457.177800	-0.007409	-0.007472	0.000032
457.536912	-0.006359	-0.007716	0.000679
457.895978	-0.006332	-0.007644	0.000656
458.255000	-0.006380	-0.008895	0.001258
458.613977	-0.005727	-0.008664	0.001469
458.972909	-0.004972	-0.009092	0.002060
459.331795	-0.004487	-0.009059	0.002286
459.690637	-0.004968	-0.009803	0.002417
460.049434	-0.004908	-0.009972	0.002532
460.408186	-0.004407	-0.009612	0.002602
460.766893	-0.004534	-0.011282	0.003374
461.125555	-0.003520	-0.011026	0.003753
461.484172	-0.004024	-0.010817	0.003396
461.842743	-0.003024	-0.011145	0.004061
462.201270	-0.002149	-0.012189	0.005020
462.559752	-0.002488	-0.011452	0.004482
462.918188	-0.001475	-0.011564	0.005044
463.276580	-0.001157	-0.012332	0.005587
463.634927	-0.001710	-0.013041	0.005665
463.993228	-0.001362	-0.014086	0.006362
464.351484	0.000402	-0.013601	0.007001
464.709696	0.000515	-0.014034	0.007275
465.067862	-0.000238	-0.014503	0.007133
465.425983	0.000354	-0.014753	0.007554
465.784058	0.000925	-0.014964	0.007945
466.142089	0.001456	-0.016219	0.008837
466.500075	0.001567	-0.016000	0.008784
466.858015	0.001593	-0.016145	0.008869
467.215910	0.002866	-0.016547	0.009706
467.573760	0.002054	-0.016134	0.009094
467.931565	0.002750	-0.017398	0.010074
468.289324	0.003019	-0.017157	0.010088
468.647039	0.003969	-0.017994	0.010981
469.004708	0.003860	-0.018138	0.010999
469.362332	0.004162	-0.017792	0.010977
469.719910	0.004235	-0.018904	0.011570
470.077443	0.005097	-0.019519	0.012308
470.434932	0.005204	-0.020001	0.012602
470.792374	0.006055	-0.020309	0.013182
471.149772	0.005984	-0.020102	0.013043
471.507124	0.006036	-0.020941	0.013489
471.864431	0.006601	-0.021027	0.013814
472.221693	0.006250	-0.021071	0.013661
472.578909	0.007179	-0.021736	0.014457
472.936080	0.007201	-0.021992	0.014596
473.293205	0.007855	-0.022315	0.015085
473.650285	0.008406	-0.022566	0.015486
474.007320	0.008892	-0.023247	0.016069
474.364310	0.008822	-0.023150	0.015986
474.721254	0.009390	-0.023530	0.016460
475.078152	0.009638	-0.024082	0.016860
475.435006	0.009943	-0.024609	0.017276
475.791813	0.010346	-0.025102	0.017724
476.148576	0.010676	-0.025274	0.017975
476.505293	0.010939	-0.025971	0.018455
476.861964	0.011223	-0.026089	0.018656
477.218590	0.011633	-0.026319	0.018976
477.575171	0.011795	-0.026745	0.019270
477.931706	0.012947	-0.027557	0.020252
478.288195	0.013043	-0.027937	0.020490
478.644639	0.013883	-0.028154	0.021019
479.001038	0.013377	-0.027721	0.020549
479.357391	0.013853	-0.028259	0.021056
479.713699	0.014393	-0.028939	0.021666
480.069960	0.014871	-0.029552	0.022212
480.426177	0.015441	-0.029576	0.022508
480.782348	0.015429	-0.030386	0.022907
481.138473	0.016051	-0.030495	0.023273
481.494553	0.016479	-0.031191	0.023835
481.850587	0.016998	-0.031697	0.024348
482.206575	0.017198	-0.031834	0.024516
482.562518	0.017554	-0.031846	0.024700
482.918416	0.017886	-0.032219	0.025052
483.274267	0.018447	-0.032721	0.025584
483.630073	0.019067	-0.033871	0.026469
483.985834	0.019310	-0.033727	0.026519
484.341548	0.020051	-0.034236	0.027143
484.697217	0.020022	-0.034793	0.027407
485.052841	0.020588	-0.035421	0.028004
485.408418	0.020969	-0.035463	0.028216
485.763950	0.021636	-0.036113	0.028875
486.119436	0.022375	-0.036418	0.029397
486.474877	0.021751	-0.037009	0.029380
486.830272	0.022451	-0.037255	0.029853
487.185621	0.022919	-0.037518	0.030219
487.540924	0.022956	-0.038502	0.030729
487.896182	0.023887	-0.038770	0.031328
488.251393	0.024335	-0.039005	0.031670
488.606559	0.025007	-0.039499	0.032253
488.961679	0.024967	-0.039919	0.032443
489.316754	0.025617	-0.040231	0.032924
489.671782	0.025673	-0.040527	0.033100
490.026765	0.026250	-0.041065	0.033658
490.381702	0.026736	-0.041660	0.034198
490.736593	0.027117	-0.041894	0.034506
491.091438	0.027212	-0.042566	0.034889
491.446238	0.027619	-0.042554	0.035086
491.800991	0.028360	-0.043196	0.035778
492.155699	0.028720	-0.043316	0.036018
492.510360	0.028873	-0.043937	0.036405
492.864976	0.029213	-0.043921	0.036567
493.219546	0.029801	-0.044303	0.037052
493.574070	0.029848	-0.045117	0.037483
493.928548	0.030291	-0.044859	0.037575
494.282980	0.031141	-0.045814	0.038478
494.637366	0.031208	-0.046114	0.038661
494.991707	0.031685	-0.046361	0.039023
495.346001	0.032087	-0.047133	0.039610
495.700249	0.031831	-0.047552	0.039691
496.054451	0.032080	-0.047375	0.039728
496.408607	0.032711	-0.047582	0.040147
496.762718	0.032699	-0.047581	0.040140
497.116782	0.033609	-0.048603	0.041106
497.470800	0.033179	-0.049182	0.041180
497.824772	0.033414	-0.049156	0.041285
498.178698	0.034093	-0.049296	0.041695
498.532578	0.034165	-0.049547	0.041856
498.886412	0.034874	-0.050157	0.042516
499.240200	0.034947	-0.050852	0.042899
499.593942	0.035206	-0.050712	0.042959
499.947637	0.036119	-0.050207	0.043163
500.301287	0.035862	-0.050925	0.043394
500.654890	0.036398	-0.051430	0.043914
501.008448	0.036465	-0.051730	0.044098
501.361959	0.036570	-0.051833	0.044201
501.715424	0.037092	-0.052277	0.044685
502.068843	0.037084	-0.052682	0.044883
502.422215	0.037185	-0.052272	0.044729
502.775542	0.037698	-0.052931	0.045315
503.128822	0.038169	-0.052838	0.045503
503.482056	0.038341	-0.053046	0.045693
503.835244	0.038759	-0.053997	0.046378
504.188386	0.038652	-0.054057	0.046355
504.541481	0.039111	-0.054460	0.046785
504.894530	0.039449	-0.054641	0.047045
505.247533	0.038992	-0.054925	0.046959
505.600490	0.039258	-0.055093	0.047176
505.953400	0.039843	-0.055122	0.047482
506.306264	0.039657	-0.055250	0.047454
506.659082	0.039826	-0.055315	0.047571
507.011854	0.040304	-0.056007	0.048155
507.364579	0.040513	-0.056061	0.048287
507.717258	0.040566	-0.056365	0.048466
508.069890	0.041634	-0.056399	0.049016
508.422477	0.040811	-0.056140	0.048476
508.775016	0.041195	-0.057599	0.049397
509.127510	0.041766	-0.056671	0.049218
509.479957	0.041958	-0.056939	0.049449
509.832358	0.042243	-0.058252	0.050247
510.184712	0.042394	-0.058284	0.050339
510.537020	0.042408	-0.058776	0.050592
510.889281	0.042602	-0.058517	0.050559
511.241497	0.042918	-0.058386	0.050652
511.593665	0.043406	-0.058128	0.050767
511.945787	0.043310	-0.058487	0.050899
512.297863	0.043939	-0.059342	0.051641
512.649892	0.043313	-0.059793	0.051553
513.001875	0.044223	-0.059442	0.051832
513.353812	0.044020	-0.059968	0.051994
513.705701	0.044467	-0.059886	0.052177
514.057545	0.044155	-0.059864	0.052009
514.409342	0.044470	-0.060197	0.052334
514.761092	0.044672	-0.060482	0.052577
515.112796	0.044949	-0.059745	0.052347
515.464453	0.045483	-0.060678	0.053080
515.816064	0.044604	-0.061063	0.052833
516.167628	0.044809	-0.060822	0.052816
516.519145	0.045550	-0.061276	0.053413
516.870616	0.045319	-0.060957	0.053138
517.222041	0.045580	-0.060835	0.053207
517.573418	0.045463	-0.060977	0.053220
517.924750	0.045665	-0.061231	0.053448
518.276034	0.045348	-0.061542	0.053445
518.627272	0.045898	-0.061219	0.053558
518.978463	0.045919	-0.061507	0.053713
519.329608	0.045467	-0.061720	0.053593
519.680706	0.045475	-0.061838	0.053657
520.031757	0.045412	-0.061376	0.053394
520.382762	0.045504	-0.061696	0.053600
520.733719	0.045636	-0.061534	0.053585
521.084631	0.045437	-0.061314	0.053375
521.435495	0.045976	-0.061111	0.053543
521.786313	0.045071	-0.061074	0.053072
522.137084	0.045676	-0.061213	0.053445
522.487808	0.045894	-0.061134	0.053514
522.838486	0.044635	-0.060711	0.052673
523.189116	0.044988	-0.061369	0.053178
523.539700	0.044577	-0.060864	0.052720
523.890237	0.044748	-0.060861	0.052805
524.240728	0.044312	-0.060033	0.052173
524.591171	0.044632	-0.060322	0.052477
524.941568	0.044914	-0.060036	0.052475
525.291918	0.044391	-0.059662	0.052026
525.642221	0.043389	-0.060229	0.051809
525.992478	0.043603	-0.059935	0.051769
526.342687	0.043892	-0.059945	0.051919
526.692850	0.043066	-0.058957	0.051012
527.042965	0.042526	-0.058851	0.050689
527.393034	0.042369	-0.058926	0.050648
527.743056	0.042491	-0.058406	0.050448
528.093031	0.041928	-0.058531	0.050229
528.442959	0.041939	-0.057995	0.049967
528.792840	0.041042	-0.057893	0.049468
529.142674	0.040656	-0.057103	0.048880
529.492462	0.041293	-0.057160	0.049227
529.842202	0.040920	-0.057198	0.049059
530.191895	0.040710	-0.056784	0.048747
530.541542	0.040361	-0.056570	0.048466
530.891141	0.039140	-0.056009	0.047575
531.240694	0.039824	-0.055384	0.047604
531.590199	0.039021	-0.055929	0.047475
531.939657	0.038649	-0.054726	0.046687
532.289069	0.038592	-0.054379	0.046486
532.638433	0.038804	-0.054464	0.046634
532.987750	0.038235	-0.053742	0.045989
533.337021	0.037470	-0.053102	0.045286
533.686244	0.037770	-0.053255	0.045513
534.035420	0.036714	-0.053002	0.044858
534.384549	0.037039	-0.053078	0.045058
534.733631	0.036423	-0.052823	0.044623
535.082666	0.036677	-0.052191	0.044434
535.431653	0.035495	-0.051947	0.043721
535.780594	0.034816	-0.051626	0.043221
536.129487	0.035021	-0.050228	0.042625
536.478334	0.034855	-0.050983	0.042919
536.827133	0.034245	-0.050674	0.042459
537.175885	0.034363	-0.049853	0.042108
537.524590	0.034297	-0.049391	0.041844
537.873247	0.033994	-0.049610	0.041802
538.221858	0.033054	-0.049259	0.041157
538.570421	0.032778	-0.049443	0.041110
538.918937	0.033449	-0.049000	0.041224
539.267406	0.032868	-0.048495	0.040681
539.615827	0.032074	-0.047940	0.040007
539.964202	0.032349	-0.048214	0.040281
540.312529	0.030789	-0.047431	0.039110
540.660808	0.031328	-0.047271	0.039300
541.009041	0.030722	-0.047023	0.038872
541.357226	0.031065	-0.047195	0.039130
541.705364	0.030607	-0.047286	0.038946
542.053455	0.030115	-0.046714	0.038415
542.401498	0.030880	-0.045635	0.038257
542.749494	0.030020	-0.046006	0.038013
543.097443	0.028943	-0.045121	0.037032
543.445344	0.029242	-0.044985	0.037113
543.793198	0.028771	-0.044861	0.036816
544.141005	0.029050	-0.044854	0.036952
544.488764	0.028603	-0.044006	0.036305
544.836476	0.028631	-0.043536	0.036083
545.184140	0.028670	-0.043629	0.036149
545.531757	0.027593	-0.043804	0.035698
545.879327	0.027355	-0.043576	0.035465
546.226849	0.027706	-0.042852	0.035279
546.574324	0.027056	-0.043101	0.035079
546.921751	0.026931	-0.042907	0.034919
547.269131	0.026792	-0.042650	0.034721
547.616463	0.026579	-0.042366	0.034473
547.963748	0.026510	-0.042219	0.034364
548.310985	0.025683	-0.042368	0.034026
548.658175	0.025311	-0.041482	0.033396
549.005318	0.025683	-0.041320	0.033501
549.352413	0.025284	-0.041362	0.033323
549.699460	0.025199	-0.040758	0.032978
550.046460	0.025075	-0.041054	0.033064
550.393412	0.024484	-0.041290	0.032887
550.740317	0.024861	-0.040842	0.032851
551.087174	0.024538	-0.040344	0.032441
551.433984	0.024672	-0.040505	0.032588
551.780746	0.023831	-0.040021	0.031926
552.127460	0.023931	-0.039477	0.031704
552.474127	0.023895	-0.038954	0.031425
552.820746	0.023717	-0.039890	0.031804
553.167318	0.023832	-0.040318	0.032075
553.513842	0.023296	-0.039334	0.031315
553.860318	0.023216	-0.038851	0.031033
554.206747	0.022586	-0.039023	0.030804
554.553128	0.022522	-0.038934	0.030728
554.899461	0.021841	-0.038209	0.030025
555.245747	0.022350	-0.037661	0.030006
555.591985	0.022222	-0.038295	0.030259
555.938175	0.021961	-0.038363	0.030162
556.284317	0.021531	-0.038674	0.030102
556.630412	0.021435	-0.037603	0.029519
556.976459	0.020969	-0.037409	0.029189
557.322459	0.022004	-0.037061	0.029532
557.668410	0.021484	-0.037253	0.029368
558.014314	0.020928	-0.036332	0.028630
558.360170	0.020819	-0.036961	0.028890
558.705978	0.020138	-0.036954	0.028546
559.051739	0.019876	-0.036586	0.028231
559.397451	0.020091	-0.036982	0.028536
559.743116	0.020229	-0.035547	0.027888
560.088733	0.019807	-0.035773	0.027790
560.434302	0.019703	-0.035330	0.027517
560.779823	0.020019	-0.036028	0.028023
561.125297	0.019494	-0.036000	0.027747
561.470722	0.020099	-0.035474	0.027787
561.816100	0.018486	-0.035285	0.026886
562.161430	0.018653	-0.035075	0.026864
562.506712	0.019241	-0.034689	0.026965
562.851946	0.017706	-0.034883	0.026294
563.197132	0.018330	-0.034040	0.026185
563.542270	0.018344	-0.034724	0.026534
563.887360	0.017933	-0.034723	0.026328
564.232403	0.017830	-0.034653	0.026242
564.577397	0.017309	-0.033738	0.025524
564.922343	0.016644	-0.034199	0.025422
565.267242	0.017389	-0.033357	0.025373
565.612092	0.017468	-0.032363	0.024916
565.956895	0.016898	-0.033688	0.025293
566.301649	0.017332	-0.033748	0.025540
566.646355	0.016796	-0.033248	0.025022
566.991014	0.017240	-0.033044	0.025142
567.335624	0.017943	-0.031998	0.024971
567.680186	0.017576	-0.032487	0.025032
568.024700	0.016504	-0.032211	0.024357
568.369167	0.016481	-0.032527	0.024504
568.713585	0.016163	-0.032544	0.024353
569.057955	0.016355	-0.032847	0.024601
569.402277	0.016053	-0.031748	0.023900
569.746550	0.016319	-0.032028	0.024174
570.090776	0.015244	-0.031770	0.023507
570.434954	0.015537	-0.031593	0.023565
570.779083	0.015541	-0.031264	0.023403
571.123164	0.015549	-0.031761	0.023655
571.467197	0.014543	-0.030013	0.022278
571.811182	0.014802	-0.031119	0.022961
572.155119	0.015268	-0.031053	0.023160
572.499008	0.015022	-0.030492	0.022757
572.842848	0.013948	-0.030297	0.022123
573.186640	0.013858	-0.030684	0.022271
573.530384	0.014175	-0.029376	0.021775
573.874080	0.014492	-0.029638	0.022065
574.217727	0.013864	-0.029952	0.021908
574.561327	0.014225	-0.029608	0.021917
574.904878	0.013384	-0.029684	0.021534
575.248380	0.012801	-0.029758	0.021280
575.591835	0.013607	-0.028856	0.021232
575.935241	0.012866	-0.029006	0.020936
576.278599	0.012561	-0.028618	0.020590
576.621908	0.013279	-0.028665	0.020972
576.965170	0.011741	-0.029080	0.020411
577.308383	0.012279	-0.028716	0.020497
577.651547	0.012617	-0.028954	0.020786
577.994663	0.012237	-0.028269	0.020253
578.337731	0.012203	-0.028369	0.020286
578.680751	0.012212	-0.027284	0.019748
579.023722	0.012360	-0.027866	0.020113
579.366645	0.011763	-0.028031	0.019897
579.709519	0.012147	-0.027406	0.019776
580.052345	0.011374	-0.026514	0.018944
580.395123	0.011823	-0.027183	0.019503
580.737852	0.011316	-0.027383	0.019349
581.080532	0.010716	-0.027181	0.018949
581.423165	0.010271	-0.027300	0.018785
581.765748	0.010712	-0.026771	0.018742
582.108284	0.010240	-0.027346	0.018793
582.450770	0.011060	-0.026688	0.018874
582.793209	0.011156	-0.026547	0.018851
583.135599	0.010233	-0.026839	0.018536
583.477940	0.010680	-0.026686	0.018683
583.820233	0.010065	-0.026533	0.018299
584.162477	0.010154	-0.024808	0.017481
584.504673	0.010358	-0.026296	0.018327
584.846820	0.009725	-0.025910	0.017817
585.188919	0.009318	-0.025448	0.017383
585.530969	0.009640	-0.024753	0.017197
585.872970	0.010021	-0.025045	0.017533
586.214923	0.009544	-0.025360	0.017452
586.556827	0.009571	-0.024979	0.017275
586.898683	0.009032	-0.024950	0.016991
587.240490	0.009244	-0.024135	0.016689
587.582249	0.008350	-0.025050	0.016700
587.923958	0.008783	-0.024620	0.016701
588.265620	0.008953	-0.024613	0.016783
588.607232	0.007177	-0.024237	0.015707
588.948796	0.007855	-0.023569	0.015712
589.290311	0.008433	-0.024538	0.016485
589.631778	0.008483	-0.024756	0.016620
589.973196	0.008482	-0.023959	0.016220
590.314565	0.007582	-0.023716	0.015649
590.655885	0.007816	-0.023654	0.015735
590.997157	0.008469	-0.023163	0.015816
591.338379	0.008106	-0.024002	0.016054
591.679554	0.007762	-0.023330	0.015546
592.020679	0.007687	-0.023650	0.015668
592.361756	0.006739	-0.022702	0.014721
592.702784	0.008158	-0.022816	0.015487
593.043763	0.007594	-0.023636	0.015615
593.384693	0.007183	-0.023274	0.015229
593.725574	0.006921	-0.022962	0.014941
594.066407	0.007182	-0.022960	0.015071
594.407191	0.006631	-0.021827	0.014229
594.747926	0.007189	-0.022299	0.014744
595.088612	0.006092	-0.023004	0.014548
595.429249	0.006737	-0.022446	0.014591
595.769838	0.006757	-0.023111	0.014934
596.110377	0.006963	-0.022038	0.014501
596.450868	0.005086	-0.022470	0.013778
596.791309	0.005471	-0.022134	0.013802
597.131702	0.006034	-0.022552	0.014293
597.472046	0.006130	-0.021611	0.013870
597.812341	0.005946	-0.021696	0.013821
598.152587	0.005735	-0.021482	0.013608
598.492784	0.006186	-0.021090	0.013638
598.832933	0.005763	-0.021780	0.013772
599.173032	0.004794	-0.021860	0.013327
599.513082	0.005183	-0.021127	0.013155
599.853083	0.004840	-0.021394	0.013117
600.193035	0.005773	-0.021379	0.013576
600.532939	0.005282	-0.021674	0.013478
600.872793	0.004496	-0.021165	0.012831
601.212598	0.004998	-0.020994	0.012996
601.552354	0.004626	-0.021168	0.012897
601.892061	0.005331	-0.020120	0.012726
602.231719	0.004272	-0.020768	0.012520
602.571328	0.004888	-0.021201	0.013044
602.910888	0.004035	-0.020911	0.012473
603.250399	0.005367	-0.020730	0.013048
603.589860	0.004536	-0.020641	0.012588
603.929273	0.004879	-0.019948	0.012414
604.268636	0.004135	-0.020631	0.012383
604.607951	0.005259	-0.020192	0.012725
604.947216	0.003596	-0.020210	0.011903
605.286432	0.004698	-0.020076	0.012387
605.625599	0.005275	-0.020570	0.012923
605.964717	0.003518	-0.020244	0.011881
606.303785	0.004047	-0.019949	0.011998
606.642805	0.004258	-0.019362	0.011810
606.981775	0.004466	-0.019650	0.012058
607.320696	0.003515	-0.019959	0.011737
607.659567	0.003707	-0.019632	0.011669
607.998390	0.003415	-0.019897	0.011656
608.337163	0.003252	-0.019153	0.011203
608.675887	0.003578	-0.019435	0.011506
609.014562	0.003891	-0.019197	0.011544
609.353187	0.003564	-0.019798	0.011681
609.691764	0.002821	-0.018811	0.010816
610.030290	0.002510	-0.018800	0.010655
610.368768	0.003050	-0.019337	0.011193
610.707196	0.003548	-0.019638	0.011593
611.045575	0.003605	-0.019564	0.011584
611.383905	0.003840	-0.019201	0.011521
611.722185	0.003458	-0.018382	0.010920
612.060416	0.002817	-0.018476	0.010646
612.398598	0.002847	-0.018656	0.010751
612.736730	0.003187	-0.018666	0.010927
613.074813	0.002764	-0.018364	0.010564
613.412847	0.003077	-0.019415	0.011246
613.750831	0.003076	-0.019489	0.011283
614.088765	0.002763	-0.019321	0.011042
614.426651	0.002578	-0.018472	0.010525
614.764486	0.002686	-0.018881	0.010784
615.102273	0.002658	-0.017192	0.009925
615.440010	0.002574	-0.019094	0.010834
615.777697	0.002834	-0.018548	0.010691
616.115335	0.002771	-0.018141	0.010456
616.452924	0.002214	-0.017805	0.010010
616.790463	0.002310	-0.018241	0.010276
617.127952	0.002456	-0.018180	0.010318
617.465392	0.003035	-0.018314	0.010675
617.802783	0.002236	-0.018189	0.010213
618.140124	0.002491	-0.017285	0.009888
618.477415	0.001544	-0.018278	0.009911
618.814657	0.002391	-0.017607	0.009999
619.151850	0.001671	-0.018863	0.010267
619.488992	0.002649	-0.018183	0.010416
619.826086	0.002024	-0.017837	0.009930
620.163129	0.001062	-0.017957	0.009510
620.500123	0.001734	-0.017791	0.009762
620.837068	0.002055	-0.017527	0.009791
621.173962	0.002237	-0.016620	0.009428
621.510808	0.001865	-0.017805	0.009835
621.847603	0.001328	-0.017896	0.009612
622.184349	0.001848	-0.017442	0.009645
622.521045	0.001336	-0.017372	0.009354
622.857692	0.001353	-0.016701	0.009027
623.194289	0.001314	-0.016979	0.009146
623.530836	0.001045	-0.017391	0.009218
623.867333	0.001932	-0.017308	0.009620
624.203781	0.001821	-0.017041	0.009431
624.540179	0.001398	-0.018016	0.009707
624.876527	0.001440	-0.016580	0.009010
625.212826	0.000704	-0.017292	0.008998
625.549075	0.000745	-0.015797	0.008271
625.885274	0.000347	-0.016264	0.008305
626.221423	0.000781	-0.016465	0.008623
626.557523	0.001232	-0.016452	0.008842
626.893572	0.001634	-0.016729	0.009181
627.229572	0.000835	-0.017202	0.009018
627.565522	0.000976	-0.016500	0.008738
627.901423	0.000263	-0.016904	0.008584
628.237273	0.000962	-0.016557	0.008759
628.573074	0.000401	-0.016745	0.008573
628.908825	0.001240	-0.016133	0.008687
629.244526	-0.000193	-0.016534	0.008171
629.580177	0.001258	-0.015873	0.008565
629.915778	0.000638	-0.015757	0.008197
630.251329	0.000257	-0.016551	0.008404
630.586830	0.000897	-0.016553	0.008725
630.922282	0.000807	-0.016660	0.008734
631.257683	0.000927	-0.016139	0.008533
631.593035	0.000849	-0.015790	0.008320
631.928337	0.000359	-0.016229	0.008294
632.263588	0.001208	-0.015775	0.008491
632.598790	-0.000061	-0.015816	0.007878
632.933942	0.000816	-0.016009	0.008412
633.269044	0.001192	-0.016634	0.008913
633.604096	0.000089	-0.015308	0.007698
633.939098	0.000201	-0.015843	0.008022
634.274049	-0.000719	-0.016202	0.007741
634.608951	-0.000612	-0.016088	0.007738
634.943803	0.000368	-0.015441	0.007904
635.278605	0.000051	-0.015931	0.007991
635.613356	0.000471	-0.015591	0.008031
635.948058	-0.000328	-0.016677	0.008175
636.282710	0.000273	-0.016041	0.008157
636.617311	0.000094	-0.015787	0.007941
636.951862	-0.000048	-0.015591	0.007772
637.286364	-0.000931	-0.016285	0.007677
637.620815	-0.000358	-0.014665	0.007153
637.955216	-0.000931	-0.014601	0.006835
638.289567	0.000167	-0.016328	0.008248
638.623868	-0.000169	-0.016014	0.007922
638.958118	-0.000231	-0.015817	0.007793
639.292319	-0.000813	-0.015328	0.007257
639.626469	-0.000934	-0.015041	0.007054
639.960569	-0.000342	-0.014379	0.007019
640.294619	-0.000653	-0.015728	0.007538
640.628619	-0.001088	-0.014385	0.006649
640.962568	-0.000938	-0.015191	0.007127
641.296468	-0.000159	-0.015198	0.007520
641.630317	-0.000949	-0.015547	0.007299
641.964116	-0.000449	-0.015693	0.007622
642.297864	-0.001313	-0.014281	0.006484
642.631563	-0.000833	-0.015118	0.007142
642.965211	-0.000908	-0.014057	0.006574
643.298808	-0.000549	-0.014673	0.007062
643.632356	-0.000658	-0.014463	0.006902
643.965853	-0.001142	-0.014684	0.006771
644.299300	-0.000380	-0.015154	0.007387
644.632697	-0.000251	-0.014499	0.007124
644.966043	-0.001192	-0.014387	0.006597
645.299339	-0.001160	-0.014547	0.006693
645.632584	-0.000521	-0.015158	0.007319
645.965779	-0.000309	-0.014332	0.007012
646.298924	-0.001387	-0.014023	0.006318
646.632019	-0.000755	-0.014729	0.006987
646.965063	-0.001089	-0.014899	0.006905
647.298056	-0.000303	-0.013954	0.006826
647.630999	-0.001173	-0.014997	0.006912
647.963892	-0.001167	-0.014420	0.006627
648.296735	-0.001280	-0.014743	0.006731
648.629527	-0.001859	-0.014662	0.006401
648.962268	-0.000261	-0.015050	0.007394
649.294959	-0.001288	-0.015869	0.007291
649.627600	-0.001284	-0.014830	0.006773
649.960190	-0.002396	-0.014236	0.005920
650.292729	-0.001449	-0.014722	0.006637
650.625218	-0.001776	-0.014194	0.006209
650.957657	-0.001586	-0.013988	0.006201
651.290045	-0.002694	-0.014149	0.005728
651.622383	-0.001457	-0.014941	0.006742
651.954669	-0.001444	-0.015041	0.006799
652.286906	-0.001757	-0.014951	0.006597
652.619092	-0.001653	-0.014776	0.006562
652.951227	-0.002253	-0.013725	0.005736
653.283312	-0.001340	-0.014069	0.006365
653.615346	-0.000833	-0.014779	0.006973
653.947329	-0.002047	-0.014589	0.006271
654.279262	-0.002466	-0.014116	0.005825
654.611145	-0.001887	-0.014239	0.006176
654.942976	-0.002239	-0.013895	0.005828
655.274757	-0.002494	-0.013794	0.005650
655.606488	-0.001923	-0.014583	0.006330
655.938167	-0.001701	-0.014074	0.006187
656.269796	-0.002104	-0.014486	0.006191
656.601375	-0.002399	-0.013870	0.005736
656.932902	-0.002461	-0.013412	0.005475
657.264379	-0.002399	-0.013125	0.005363
657.595806	-0.002106	-0.014591	0.006243
657.927181	-0.001779	-0.014173	0.006197
658.258506	-0.002576	-0.013803	0.005614
658.589780	-0.001912	-0.014335	0.006211
658.921003	-0.002501	-0.013648	0.005573
659.252176	-0.001193	-0.014517	0.006662
659.583298	-0.002537	-0.013563	0.005513
659.914369	-0.002806	-0.013333	0.005264
660.245389	-0.002045	-0.014029	0.005992
660.576358	-0.002380	-0.014144	0.005882
660.907277	-0.002572	-0.013221	0.005324
661.238145	-0.002453	-0.014197	0.005872
661.568962	-0.002894	-0.012806	0.004956
661.899728	-0.003128	-0.013755	0.005314
662.230443	-0.002184	-0.015173	0.006495
662.561107	-0.002024	-0.013764	0.005870
662.891721	-0.001969	-0.013020	0.005526
663.222283	-0.001782	-0.013535	0.005876
663.552795	-0.002279	-0.013866	0.005793
663.883256	-0.002041	-0.014443	0.006201
664.213666	-0.002644	-0.012997	0.005176
664.544025	-0.002545	-0.013867	0.005661
664.874333	-0.003239	-0.013822	0.005291
665.204590	-0.002119	-0.013358	0.005619
665.534796	-0.002174	-0.013823	0.005825
665.864952	-0.002857	-0.014094	0.005619
666.195056	-0.003103	-0.014299	0.005598
666.525109	-0.002879	-0.014267	0.005694
666.855111	-0.003253	-0.013324	0.005035
667.185063	-0.002481	-0.013186	0.005352
667.514963	-0.003109	-0.012566	0.004729
667.844812	-0.002542	-0.013448	0.005453
668.174610	-0.001800	-0.013187	0.005693
668.504357	-0.002667	-0.013150	0.005242
668.834054	-0.001425	-0.012739	0.005657
669.163699	-0.002205	-0.014380	0.006088
669.493293	-0.002971	-0.012689	0.004859
669.822836	-0.002884	-0.013192	0.005154
670.152327	-0.002957	-0.014227	0.005635
670.481768	-0.002415	-0.012026	0.004805
670.811158	-0.003415	-0.012591	0.004588
671.140496	-0.002092	-0.011750	0.004829
671.469783	-0.002404	-0.011497	0.004546
671.799020	-0.002390	-0.011063	0.004337
672.128205	-0.003018	-0.013877	0.005430
672.457339	-0.003630	-0.013471	0.004921
672.786421	-0.003869	-0.011677	0.003904
673.115453	-0.003254	-0.012116	0.004431
673.444433	-0.003065	-0.013464	0.005199
673.773362	-0.002980	-0.013393	0.005206
674.102240	-0.003298	-0.013400	0.005051
674.431067	-0.002420	-0.012248	0.004914
674.759842	-0.002781	-0.012579	0.004899
675.088567	-0.003578	-0.012596	0.004509
675.417240	-0.002842	-0.012509	0.004834
675.745861	-0.002627	-0.011752	0.004563
676.074432	-0.002455	-0.012141	0.004843
676.402951	-0.002493	-0.013487	0.005497
676.731419	-0.003086	-0.012737	0.004826
677.059835	-0.003089	-0.012451	0.004681
677.388201	-0.003349	-0.013115	0.004883
677.716515	-0.002792	-0.011684	0.004446
678.044777	-0.003157	-0.012309	0.004576
678.372988	-0.004271	-0.012416	0.004073
678.701148	-0.002067	-0.011616	0.004774
679.029257	-0.003352	-0.012447	0.004548
679.357314	-0.003271	-0.011237	0.003983
679.685320	-0.002734	-0.012299	0.004783
680.013274	-0.003854	-0.012262	0.004204
680.341177	-0.004499	-0.011938	0.003719
680.669029	-0.004063	-0.011850	0.003893
680.996829	-0.003758	-0.012427	0.004334
681.324578	-0.004367	-0.012947	0.004290
681.652275	-0.002612	-0.011882	0.004635
681.979921	-0.004059	-0.012108	0.004024
682.307515	-0.004344	-0.012197	0.003927
682.635058	-0.003054	-0.011674	0.004310
682.962550	-0.002619	-0.012242	0.004811
683.289989	-0.003540	-0.012399	0.004429
683.617378	-0.003130	-0.012455	0.004662
683.944715	-0.004260	-0.012913	0.004327
684.272000	-0.002878	-0.012119	0.004621
684.599234	-0.003893	-0.012410	0.004258
684.926416	-0.003078	-0.012589	0.004755
685.253547	-0.002279	-0.012654	0.005187
685.580626	-0.003032	-0.013068	0.005018
685.907654	-0.004778	-0.011481	0.003351
686.234630	-0.003042	-0.013057	0.005008
686.561554	-0.003540	-0.012547	0.004503
686.888427	-0.003829	-0.012051	0.004111
687.215248	-0.002715	-0.012991	0.005138
687.542018	-0.004574	-0.011679	0.003552
687.868736	-0.003964	-0.012931	0.004483
688.195402	-0.003608	-0.011935	0.004164
688.522017	-0.003703	-0.012766	0.004531
688.848580	-0.003220	-0.011181	0.003981
689.175091	-0.003752	-0.011732	0.003990
689.501551	-0.003930	-0.011769	0.003920
689.827959	-0.003062	-0.012146	0.004542
690.154315	-0.003341	-0.012522	0.004590
690.480620	-0.004486	-0.010740	0.003127
690.806873	-0.004102	-0.011640	0.003769
691.133074	-0.003887	-0.012855	0.004484
691.459223	-0.004530	-0.011971	0.003720
691.785321	-0.004046	-0.011748	0.003851
692.111367	-0.004521	-0.012415	0.003947
692.437361	-0.003628	-0.011047	0.003710
692.763303	-0.004197	-0.011363	0.003583
693.089193	-0.004125	-0.012190	0.004033
693.415032	-0.005191	-0.010689	0.002749
693.740819	-0.004506	-0.012778	0.004136
694.066554	-0.003994	-0.012280	0.004143
694.392237	-0.004987	-0.011899	0.003456
694.717869	-0.003413	-0.012113	0.004350
695.043448	-0.003882	-0.013026	0.004572
695.368976	-0.004572	-0.012398	0.003913
695.694452	-0.004350	-0.011188	0.003419
696.019876	-0.003941	-0.011506	0.003783
696.345248	-0.003734	-0.011333	0.003799
696.670568	-0.003246	-0.012390	0.004572
696.995836	-0.004586	-0.012799	0.004107
697.321052	-0.003321	-0.012391	0.004535
697.646216	-0.004275	-0.012342	0.004034
697.971329	-0.004878	-0.012300	0.003711
698.296389	-0.004531	-0.014287	0.004878
698.621398	-0.003605	-0.011860	0.004128
698.946354	-0.004193	-0.011203	0.003505
699.271259	-0.004080	-0.012710	0.004315
699.596111	-0.005663	-0.012020	0.003179
699.920912	-0.004225	-0.011954	0.003865
700.245660	-0.004847	-0.012438	0.003796
700.570357	-0.003493	-0.011598	0.004053
700.895001	-0.005549	-0.011232	0.002842
701.219594	-0.004141	-0.011975	0.003917
701.544134	-0.004195	-0.011307	0.003556
701.868622	-0.005269	-0.012357	0.003544
702.193059	-0.005434	-0.011953	0.003260
702.517443	-0.003990	-0.010989	0.003499
702.841775	-0.004069	-0.012095	0.004013
703.166055	-0.005722	-0.012225	0.003252
703.490283	-0.004308	-0.011351	0.003521
703.814458	-0.005108	-0.011364	0.003128
704.138582	-0.005576	-0.012077	0.003251
704.462653	-0.004324	-0.011801	0.003738
704.786673	-0.004711	-0.010614	0.002952
705.110640	-0.005173	-0.011441	0.003134
705.434555	-0.003577	-0.011595	0.004009
705.758417	-0.005163	-0.012452	0.003645
706.082228	-0.003370	-0.011661	0.004146
706.405986	-0.004536	-0.012026	0.003745
706.729692	-0.004727	-0.011700	0.003487
707.053346	-0.003377	-0.011101	0.003862
707.376948	-0.004791	-0.010688	0.002948
707.700497	-0.005006	-0.011236	0.003115
708.023995	-0.004041	-0.011533	0.003746
708.347439	-0.003308	-0.011122	0.003907
708.670832	-0.004109	-0.011455	0.003673
708.994173	-0.004430	-0.011508	0.003539
709.317461	-0.004209	-0.011924	0.003858
709.640696	-0.005479	-0.011999	0.003260
709.963880	-0.005278	-0.011767	0.003244
710.287011	-0.005164	-0.011354	0.003095
710.610090	-0.004607	-0.011046	0.003219
710.933116	-0.003917	-0.011022	0.003553
711.256090	-0.004559	-0.012131	0.003786
711.579012	-0.005543	-0.012018	0.003238
711.901881	-0.005161	-0.010746	0.002793
712.224698	-0.003015	-0.010515	0.003750
712.547463	-0.004898	-0.010758	0.002930
712.870175	-0.004518	-0.011805	0.003644
713.192835	-0.005180	-0.010833	0.002827
713.515442	-0.004381	-0.012666	0.004142
713.837997	-0.006085	-0.011433	0.002674
714.160499	-0.005193	-0.011640	0.003224
714.482949	-0.005579	-0.011118	0.002770
714.805347	-0.005598	-0.011528	0.002965
715.127692	-0.005631	-0.010863	0.002616
715.449985	-0.004871	-0.011175	0.003152
715.772225	-0.005623	-0.012454	0.003416
716.094412	-0.004604	-0.011466	0.003431
716.416547	-0.004423	-0.010997	0.003287
716.738630	-0.005192	-0.011575	0.003192
717.060660	-0.004915	-0.010517	0.002801
717.382637	-0.004515	-0.010693	0.003089
717.704562	-0.005205	-0.012085	0.003440
718.026435	-0.003895	-0.010337	0.003221
718.348254	-0.004928	-0.012899	0.003985
718.670022	-0.004662	-0.010690	0.003014
718.991736	-0.006472	-0.010334	0.001931
719.313398	-0.003423	-0.010479	0.003528
719.635008	-0.005377	-0.011993	0.003308
719.956564	-0.004103	-0.012198	0.004048
720.278068	-0.004604	-0.009899	0.002647
720.599520	-0.005441	-0.011398	0.002979
720.920919	-0.005110	-0.011147	0.003019
721.242265	-0.004421	-0.011763	0.003671
721.563558	-0.006394	-0.010298	0.001952
721.884799	-0.005815	-0.010708	0.002447
722.205987	-0.004837	-0.010668	0.002916
722.527123	-0.005514	-0.011561	0.003024
722.848205	-0.005226	-0.011578	0.003176
723.169235	-0.005618	-0.011884	0.003133
723.490212	-0.004559	-0.011496	0.003469
723.811137	-0.006107	-0.013200	0.003547
724.132009	-0.005339	-0.010831	0.002746
724.452828	-0.005600	-0.010651	0.002526
724.773594	-0.006026	-0.010611	0.002292
725.094307	-0.006532	-0.011440	0.002454
725.414968	-0.005116	-0.010210	0.002547
725.735576	-0.004885	-0.011767	0.003441
726.056131	-0.005091	-0.011370	0.003140
726.376633	-0.004915	-0.012066	0.003576
726.697082	-0.006158	-0.010610	0.002226
727.017478	-0.006559	-0.011777	0.002609
727.337822	-0.005246	-0.009664	0.002209
727.658113	-0.007201	-0.009642	0.001220
727.978351	-0.005757	-0.010415	0.002329
728.298536	-0.004839	-0.010023	0.002592
728.618668	-0.005511	-0.010589	0.002539
728.938747	-0.006595	-0.009417	0.001411
729.258773	-0.005729	-0.010335	0.002303
729.578747	-0.005532	-0.011115	0.002791
729.898667	-0.006180	-0.010125	0.001972
730.218534	-0.005436	-0.011886	0.003225
730.538349	-0.004888	-0.011422	0.003267
730.858111	-0.005241	-0.009296	0.002028
731.177819	-0.004424	-0.010744	0.003160
731.497475	-0.004953	-0.010382	0.002715
731.817077	-0.005402	-0.010848	0.002723
732.136627	-0.005629	-0.009813	0.002092
732.456123	-0.005963	-0.011093	0.002565
732.775567	-0.004482	-0.011031	0.003274
733.094958	-0.006088	-0.010781	0.002346
733.414295	-0.005431	-0.010222	0.002395
733.733579	-0.006037	-0.011317	0.002640
734.052811	-0.005629	-0.009776	0.002073
734.371989	-0.005006	-0.011545	0.003270
734.691114	-0.005174	-0.010999	0.002913
735.010186	-0.006141	-0.010582	0.002221
735.329205	-0.004650	-0.010610	0.002980
735.648171	-0.005825	-0.011642	0.002909
735.967084	-0.005273	-0.010775	0.002751
736.285944	-0.004120	-0.010014	0.002947
736.604750	-0.004481	-0.011318	0.003419
736.923503	-0.005522	-0.009658	0.002068
737.242203	-0.005515	-0.010110	0.002298
737.560850	-0.008312	-0.010214	0.000951
737.879444	-0.004893	-0.008959	0.002033
738.197985	-0.004989	-0.011474	0.003242
738.516472	-0.006559	-0.010687	0.002064
738.834906	-0.005611	-0.009394	0.001892
739.153287	-0.005994	-0.011238	0.002622
739.471615	-0.004596	-0.010927	0.003166
739.789889	-0.007170	-0.010072	0.001451
740.108111	-0.005886	-0.009748	0.001931
740.426279	-0.006257	-0.011685	0.002714
740.744393	-0.006484	-0.010540	0.002028
741.062455	-0.006734	-0.010173	0.001720
741.380463	-0.006225	-0.011425	0.002600
741.698417	-0.004704	-0.010945	0.003120
742.016319	-0.005551	-0.010003	0.002226
742.334167	-0.006432	-0.009941	0.001754
742.651962	-0.004808	-0.011315	0.003254
742.969703	-0.006166	-0.008851	0.001342
743.287391	-0.005494	-0.009915	0.002210
743.605026	-0.008043	-0.009277	0.000617
743.922607	-0.006015	-0.010771	0.002378
744.240135	-0.005283	-0.010762	0.002739
744.557610	-0.005593	-0.010337	0.002372
744.875031	-0.006309	-0.009526	0.001609
745.192399	-0.005274	-0.012502	0.003614
745.509713	-0.006897	-0.009622	0.001362
745.826974	-0.006813	-0.010299	0.001743
746.144182	-0.006660	-0.010821	0.002081
746.461336	-0.005756	-0.011384	0.002814
746.778436	-0.005054	-0.012323	0.003634
747.095483	-0.005103	-0.010884	0.002890
747.412477	-0.006693	-0.011608	0.002458
747.729417	-0.005556	-0.010758	0.002601
748.046303	-0.006099	-0.009764	0.001833
748.363136	-0.007007	-0.011006	0.002000
748.679916	-0.004556	-0.012119	0.003782
748.996642	-0.008019	-0.011045	0.001513
749.313314	-0.005103	-0.010150	0.002523
749.629933	-0.006696	-0.010378	0.001841
749.946498	-0.005505	-0.010153	0.002324
750.263010	-0.003388	-0.010939	0.003776
750.579468	-0.005152	-0.011049	0.002948
750.895873	-0.005132	-0.009879	0.002373
751.212224	-0.006471	-0.009856	0.001692
751.528521	-0.007151	-0.010285	0.001567
751.844765	-0.005244	-0.010705	0.002730
752.160955	-0.006219	-0.009195	0.001488
752.477091	-0.005437	-0.010239	0.002401
752.793174	-0.005691	-0.010735	0.002522
753.109203	-0.006154	-0.009457	0.001652
753.425178	-0.007030	-0.009105	0.001038
753.741100	-0.006040	-0.010762	0.002361
754.056968	-0.005759	-0.011027	0.002634
754.372783	-0.005598	-0.010585	0.002494
754.688543	-0.005329	-0.010831	0.002751
755.004250	-0.007822	-0.011138	0.001658
755.319903	-0.005944	-0.010568	0.002312
755.635503	-0.007089	-0.009681	0.001296
755.951048	-0.007985	-0.008916	0.000465
756.266540	-0.007357	-0.010375	0.001509
756.581978	-0.005229	-0.010494	0.002632
756.897363	-0.005381	-0.010541	0.002580
757.212693	-0.007309	-0.010024	0.001358
757.527970	-0.007490	-0.009487	0.000999
757.843193	-0.006504	-0.009672	0.001584
758.158362	-0.005351	-0.010458	0.002553
758.473477	-0.006177	-0.009685	0.001754
758.788538	-0.004919	-0.008858	0.001970
759.103546	-0.006947	-0.009014	0.001034
759.418499	-0.006098	-0.009301	0.001602
759.733399	-0.006615	-0.011178	0.002282
760.048245	-0.005933	-0.007296	0.000682
760.363037	-0.005393	-0.011144	0.002875
760.677775	-0.007478	-0.010903	0.001713
760.992459	-0.005508	-0.009949	0.002220
761.307090	-0.006146	-0.010487	0.002171
761.621666	-0.008029	-0.010043	0.001007
761.936188	-0.006370	-0.010398	0.002014
762.250657	-0.005421	-0.010161	0.002370
762.565071	-0.005724	-0.009724	0.002000
762.879432	-0.006422	-0.010694	0.002136
763.193738	-0.004712	-0.010273	0.002780
763.507991	-0.004980	-0.008853	0.001936
763.822189	-0.006159	-0.009449	0.001645
764.136333	-0.006137	-0.010064	0.001963
764.450424	-0.007695	-0.010230	0.001268
764.764460	-0.008210	-0.009574	0.000682
765.078443	-0.007707	-0.010639	0.001466
765.392371	-0.008646	-0.009247	0.000301
765.706245	-0.007399	-0.012056	0.002328
766.020065	-0.007126	-0.009472	0.001173
766.333831	-0.006985	-0.009101	0.001058
766.647543	-0.005554	-0.008621	0.001534
766.961201	-0.007263	-0.009901	0.001319
767.274805	-0.005649	-0.009520	0.001935
767.588354	-0.007295	-0.011201	0.001953
767.901850	-0.005250	-0.009893	0.002322
768.215291	-0.007828	-0.010014	0.001093
768.528678	-0.006319	-0.010680	0.002181
768.842011	-0.006905	-0.009267	0.001181
769.155290	-0.005438	-0.009447	0.002005
769.468515	-0.005155	-0.010369	0.002607
769.781685	-0.006319	-0.011402	0.002542
770.094801	-0.006446	-0.011024	0.002289
770.407864	-0.004698	-0.011129	0.003216
770.720871	-0.005429	-0.008777	0.001674
771.033825	-0.006991	-0.008648	0.000829
771.346724	-0.005913	-0.011072	0.002580
771.659569	-0.005498	-0.010099	0.002301
771.972360	-0.006288	-0.009712	0.001712
772.285096	-0.006029	-0.009699	0.001835
772.597779	-0.005824	-0.012819	0.003498
772.910407	-0.007655	-0.010401	0.001373
773.222980	-0.007225	-0.011587	0.002181
773.535499	-0.006306	-0.009190	0.001442
773.847964	-0.008251	-0.011413	0.001581
774.160375	-0.007171	-0.010647	0.001738
774.472731	-0.005997	-0.010329	0.002166
774.785033	-0.004750	-0.011125	0.003187
775.097281	-0.006129	-0.011404	0.002637
775.409474	-0.006464	-0.012593	0.003065
775.721613	-0.006982	-0.011948	0.002483
776.033697	-0.006867	-0.010300	0.001717
776.345727	-0.005300	-0.009173	0.001936
776.657702	-0.004941	-0.011171	0.003115
776.969624	-0.006730	-0.010807	0.002039
777.281490	-0.005604	-0.009070	0.001733
777.593303	-0.008155	-0.011211	0.001528
777.905060	-0.006585	-0.010087	0.001751
778.216764	-0.009092	-0.011914	0.001411
778.528412	-0.005672	-0.010981	0.002654
778.840007	-0.008661	-0.010642	0.000990
779.151547	-0.005311	-0.011234	0.002962
779.463032	-0.004964	-0.010041	0.002539
779.774463	-0.007144	-0.011510	0.002183
780.085839	-0.008164	-0.009892	0.000864
780.397161	-0.007655	-0.008813	0.000579
780.708428	-0.007241	-0.010912	0.001836
781.019641	-0.006973	-0.010096	0.001562
781.330799	-0.005642	-0.009633	0.001995
781.641902	-0.008022	-0.010324	0.001151
781.952951	-0.006200	-0.011131	0.002465
782.263946	-0.008137	-0.008091	-0.000023
782.574885	-0.007726	-0.009284	0.000779
782.885770	-0.007143	-0.010535	0.001696
783.196601	-0.005487	-0.010238	0.002375
783.507377	-0.006727	-0.009630	0.001452
783.818098	-0.007172	-0.008985	0.000907
784.128764	-0.007681	-0.011568	0.001944
784.439376	-0.008070	-0.010973	0.001452
784.749933	-0.006435	-0.010342	0.001953
785.060436	-0.007127	-0.011042	0.001957
785.370884	-0.008191	-0.010154	0.000982
785.681277	-0.005618	-0.011804	0.003093
785.991615	-0.006749	-0.011377	0.002314
786.301899	-0.007979	-0.011038	0.001529
786.612128	-0.006738	-0.012355	0.002808
786.922302	-0.008265	-0.009416	0.000576
787.232421	-0.008920	-0.010630	0.000855
787.542486	-0.009123	-0.009238	0.000057
787.852496	-0.007282	-0.009933	0.001326
788.162451	-0.007739	-0.008986	0.000623
788.472351	-0.005262	-0.007430	0.001084
788.782196	-0.010469	-0.009710	-0.000379
789.091987	-0.008695	-0.007239	-0.000728
789.401723	-0.006671	-0.009686	0.001507
789.711404	-0.007151	-0.009318	0.001083
790.021030	-0.007012	-0.009276	0.001132
790.330601	-0.004470	-0.008811	0.002170
790.640117	-0.007268	-0.010675	0.001704
790.949579	-0.008263	-0.010731	0.001234
791.258985	-0.007490	-0.008237	0.000374
791.568337	-0.006597	-0.009243	0.001323
791.877634	-0.008079	-0.011173	0.001547
792.186876	-0.006922	-0.007742	0.000410
792.496063	-0.004735	-0.009822	0.002544
792.805195	-0.010420	-0.009162	-0.000629
793.114272	-0.008918	-0.009137	0.000109
793.423294	-0.006502	-0.009561	0.001529
793.732261	-0.006911	-0.007877	0.000483
794.041173	-0.005714	-0.007964	0.001125
794.350030	-0.006419	-0.009483	0.001532
794.658833	-0.006173	-0.006178	0.000002
794.967580	-0.007481	-0.010004	0.001262
795.276272	-0.006663	-0.008864	0.001100
795.584909	-0.006030	-0.012102	0.003036
795.893491	-0.008753	-0.008281	-0.000236
796.202018	-0.008320	-0.007625	-0.000348
796.510490	-0.010113	-0.010345	0.000116
796.818907	-0.004734	-0.009507	0.002387
797.127269	-0.005020	-0.009520	0.002250
797.435576	-0.007621	-0.014532	0.003455
797.743827	-0.009766	-0.008896	-0.000435
798.052024	-0.008213	-0.008758	0.000273
798.360165	-0.006902	-0.008351	0.000724
798.668251	-0.006191	-0.006598	0.000203
798.976283	-0.008460	-0.008944	0.000242
799.284259	-0.009743	-0.007282	-0.001230
799.592179	-0.008747	-0.012560	0.001906
799.900045	-0.005625	-0.010869	0.002622
800.207855	-0.011272	-0.011959	0.000343
800.515611	-0.009972	-0.011636	0.000832
800.823311	-0.006812	-0.008620	0.000904
801.130956	-0.011064	-0.008647	-0.001209
801.438545	-0.008498	-0.008575	0.000038
801.746080	-0.008193	-0.010165	0.000986
802.053559	-0.006679	-0.009114	0.001218
802.360983	-0.010143	-0.008866	-0.000639
802.668352	-0.008082	-0.008519	0.000218
802.975665	-0.006692	-0.009907	0.001607
803.282923	-0.009480	-0.007970	-0.000755
803.590126	-0.006805	-0.006482	-0.000161
803.897274	-0.009241	-0.006552	-0.001344
804.204366	-0.005309	-0.007720	0.001206
804.511403	-0.007585	-0.012378	0.002396
804.818384	-0.008006	-0.011759	0.001877
805.125311	-0.007999	-0.009914	0.000957
805.432181	-0.007570	-0.008243	0.000336
805.738997	-0.010133	-0.007737	-0.001198
806.045757	-0.009226	-0.012865	0.001820
806.352462	-0.005945	-0.009703	0.001879
806.659111	-0.011750	-0.010606	-0.000572
806.965705	-0.007529	-0.009466	0.000968
807.272244	-0.005785	-0.010138	0.002176
807.578727	-0.008282	-0.007814	-0.000234
807.885155	-0.007684	-0.010942	0.001629
808.191527	-0.010014	-0.008762	-0.000626
808.497844	-0.005564	-0.012548	0.003492
808.804105	-0.004298	-0.004956	0.000329
809.110311	-0.008686	-0.009724	0.000519
809.416462	-0.008851	-0.015178	0.003164
809.722557	-0.004197	-0.012530	0.004167
810.028596	-0.009803	-0.008482	-0.000661
810.334580	-0.011050	-0.009190	-0.000930
810.640508	-0.006943	-0.010184	0.001621
810.946381	-0.009496	-0.008125	-0.000685
811.252199	-0.005188	-0.008928	0.001870
811.557961	-0.004174	-0.009276	0.002551
811.863667	-0.005658	-0.008674	0.001508
812.169317	-0.006928	-0.009053	0.001063
812.474913	-0.009401	-0.008375	-0.000513
812.780452	-0.007404	-0.012224	0.002410
813.085936	-0.010384	-0.011866	0.000741
813.391364	-0.005077	-0.013062	0.003993
813.696737	-0.006782	-0.011120	0.002169
814.002054	-0.006577	-0.012102	0.002762
814.307315	-0.009538	-0.010564	0.000513
814.612521	-0.007726	-0.013623	0.002949
814.917671	-0.002799	-0.009377	0.003289
815.222766	-0.008614	-0.006439	-0.001088
815.527804	-0.005443	-0.004945	-0.000249
815.832787	-0.009597	-0.009906	0.000154
816.137715	-0.009152	-0.008677	-0.000238
816.442586	-0.011354	-0.006481	-0.002437
816.747402	-0.006040	-0.007746	0.000853
817.052162	-0.006678	-0.009291	0.001306
817.356867	-0.011116	-0.012440	0.000662
817.661516	-0.009188	-0.011533	0.001173
817.966109	-0.013410	-0.010145	-0.001633
818.270646	-0.005786	-0.012501	0.003358
818.575127	-0.005115	-0.012690	0.003788
818.879553	-0.008175	-0.009489	0.000657
819.183922	-0.005903	-0.008999	0.001548
819.488236	-0.007260	-0.010490	0.001615
819.792495	-0.005243	-0.011361	0.003059
820.096697	-0.004905	-0.011568	0.003332
820.400843	-0.006187	-0.015661	0.004737
820.704934	-0.006702	-0.011004	0.002151
821.008969	-0.010306	-0.011875	0.000784
821.312948	-0.006311	-0.009595	0.001642
821.616871	-0.006377	-0.009876	0.001750
821.920738	-0.010386	-0.006935	-0.001726
822.224549	-0.008042	-0.012232	0.002095
822.528305	-0.009261	-0.011038	0.000888
822.832004	-0.008112	-0.010745	0.001317
823.135647	-0.006307	-0.009303	0.001498
823.439235	-0.009750	-0.007325	-0.001213
823.742767	-0.014504	-0.011029	-0.001738
824.046242	-0.007252	-0.010966	0.001857
824.349662	-0.007436	-0.009542	0.001053
824.653026	-0.008218	-0.010269	0.001025
824.956333	-0.007192	-0.011628	0.002218
825.259585	-0.007803	-0.012594	0.002395
825.562781	-0.010984	-0.012628	0.000822
825.865920	-0.008138	-0.006465	-0.000837
826.169004	-0.014621	-0.003377	-0.005622
826.472031	-0.012372	-0.008587	-0.001892
826.775003	-0.006460	-0.011404	0.002472
827.077918	-0.005350	-0.012654	0.003652
827.380778	-0.015202	-0.008389	-0.003407
827.683581	-0.011356	-0.012351	0.000498
827.986328	-0.009069	-0.011413	0.001172
828.289019	-0.010910	-0.006843	-0.002033
828.591654	-0.006101	-0.009515	0.001707
828.894233	-0.009960	-0.007357	-0.001302
829.196756	-0.006025	-0.008312	0.001144
829.499223	-0.000654	-0.005949	0.002648
829.801633	-0.007923	-0.009086	0.000582
830.103988	-0.009061	-0.011391	0.001165
830.406286	-0.013406	-0.009135	-0.002135
830.708528	-0.009875	-0.011047	0.000586
831.010713	-0.007580	-0.009227	0.000824
831.312843	-0.011764	-0.006638	-0.002563
831.614916	-0.003897	-0.004328	0.000216
831.916933	-0.014008	-0.010443	-0.001783
832.218894	-0.009903	-0.006712	-0.001595
832.520799	-0.005331	-0.012183	0.003426
832.822647	-0.005273	-0.010704	0.002715
833.124440	-0.017092	-0.008911	-0.004091
833.426175	-0.012533	-0.014421	0.000944
833.727855	-0.003872	-0.008522	0.002325
834.029478	-0.012700	-0.010988	-0.000856
834.331045	-0.008250	-0.012498	0.002124
834.632556	-0.006782	-0.009028	0.001123
834.934010	-0.010487	-0.009906	-0.000290
835.235408	-0.008896	-0.006375	-0.001261
835.536750	-0.005035	-0.010356	0.002660
835.838035	-0.011196	-0.007894	-0.001651
836.139264	-0.004430	-0.009374	0.002472
836.440437	-0.010712	-0.011889	0.000589
836.741553	-0.007700	-0.004116	-0.001792
837.042613	-0.000321	-0.011124	0.005401
837.343616	-0.010295	-0.006836	-0.001729
837.644563	-0.011135	-0.006679	-0.002228
837.945454	-0.009481	-0.013753	0.002136
838.246288	-0.008238	-0.001190	-0.003524
838.547066	-0.008889	-0.009341	0.000226
838.847787	-0.010207	-0.009356	-0.000426
839.148452	-0.013611	-0.004337	-0.004637
839.449060	-0.012207	-0.010828	-0.000690
839.749612	-0.011524	-0.014506	0.001491
840.050108	-0.010968	-0.008052	-0.001458
840.350547	-0.010512	-0.014113	0.001800
840.650929	-0.009946	-0.011264	0.000659
840.951255	-0.007475	-0.013014	0.002770
841.251524	-0.012889	-0.018285	0.002698
841.551737	-0.010705	-0.015101	0.002198
841.851893	-0.000883	-0.009141	0.004129
842.151993	-0.011068	-0.004787	-0.003140
842.452036	-0.011933	-0.012751	0.000409
842.752022	-0.012648	-0.012283	-0.000183
843.051952	-0.007514	-0.007643	0.000065
843.351825	-0.005823	-0.005628	-0.000098
843.651642	-0.011092	-0.012839	0.000873
843.951402	-0.015630	-0.006996	-0.004317
844.251106	-0.007818	-0.003713	-0.002053
844.550752	-0.015645	-0.004442	-0.005601
844.850343	-0.016213	-0.011846	-0.002183
845.149876	-0.012181	-0.005208	-0.003486
845.449353	-0.007425	-0.006338	-0.000543
845.748773	-0.006750	-0.015943	0.004596
846.048136	-0.014864	-0.006957	-0.003954
846.347443	-0.005584	-0.010829	0.002622
846.646693	-0.007062	-0.011142	0.002040
846.945886	-0.009818	-0.015866	0.003024
847.245023	-0.006167	-0.021638	0.007735
847.544103	-0.012844	-0.016872	0.002014
847.843126	-0.007837	-0.017545	0.004854
848.142092	-0.006221	-0.010808	0.002293
848.441002	-0.009031	-0.009850	0.000410
848.739854	0.000912	-0.005130	0.003021
849.038650	-0.016137	-0.012089	-0.002024
849.337390	-0.010015	-0.008318	-0.000848
849.636072	-0.007869	-0.013692	0.002911
849.934697	-0.009355	-0.012318	0.001481
850.233266	-0.002944	-0.008128	0.002592
850.531778	-0.010270	-0.018861	0.004296
850.830233	-0.005576	-0.013866	0.004145
851.128631	-0.003885	-0.011646	0.003881
851.426972	-0.010590	-0.011008	0.000209
851.725257	0.000765	-0.010340	0.005553
852.023484	-0.009015	-0.012464	0.001724
852.321655	-0.007409	-0.007789	0.000190
852.619768	-0.010529	-0.009743	-0.000393
852.917825	-0.014927	-0.006107	-0.004410
853.215825	-0.003975	-0.007899	0.001962
853.513768	-0.005627	-0.012519	0.003446
853.811654	-0.010224	-0.017894	0.003835
854.109483	-0.016717	-0.006987	-0.004865
854.407255	-0.008776	-0.004916	-0.001930
854.704970	-0.011577	-0.019175	0.003799
855.002628	-0.006332	-0.013256	0.003462
855.300229	-0.014677	-0.023262	0.004293
855.597773	-0.005637	-0.006972	0.000668
855.895260	-0.007489	-0.007731	0.000121
856.192690	-0.009679	-0.010412	0.000367
856.490063	-0.015440	-0.011384	-0.002028
856.787378	-0.009919	-0.001527	-0.004196
857.084637	-0.013814	-0.013729	-0.000042
857.381839	-0.013563	-0.014741	0.000589
857.678984	0.009134	-0.015725	0.012429
857.976071	-0.012723	-0.000618	-0.006053
858.273101	-0.013072	-0.007407	-0.002832
858.570075	-0.007439	-0.014790	0.003675
858.866991	-0.007301	-0.012425	0.002562
859.163850	-0.009969	-0.016708	0.003370
859.460652	-0.008348	-0.023268	0.007460
859.757397	-0.006936	-0.005079	-0.000929
860.054084	-0.002466	-0.006971	0.002252
860.350715	-0.007232	-0.020425	0.006596
860.647288	-0.016774	-0.011718	-0.002528
860.943804	-0.011990	-0.012339	0.000175
861.240263	-0.005383	-0.020722	0.007670
861.536665	-0.015902	-0.017521	0.000809
861.833009	-0.013206	-0.018030	0.002412
862.129296	-0.016112	-0.014279	-0.000916
862.425526	-0.016691	-0.010125	-0.003283
862.721699	-0.017892	-0.008660	-0.004616
863.017814	-0.013968	-0.010497	-0.001735
863.313872	-0.011025	-0.024426	0.006700
863.609873	-0.009622	-0.004172	-0.002725
863.905817	-0.024340	-0.008706	-0.007817
864.201703	-0.016737	-0.003383	-0.006677
864.497532	-0.004936	-0.011949	0.003507
864.793304	-0.019781	-0.009969	-0.004906
865.089018	-0.004109	-0.003879	-0.000115
865.384675	-0.012579	-0.011569	-0.000505
865.680274	-0.015953	-0.021302	0.002674
865.975817	-0.007176	-0.005879	-0.000649
866.271302	-0.008249	-0.011717	0.001734
866.566729	-0.019139	-0.021751	0.001306
866.862099	-0.012137	-0.013958	0.000911
867.157412	-0.005929	-0.011634	0.002853
867.452667	-0.018865	-0.019123	0.000129
867.747865	-0.011364	-0.012350	0.000493
868.043005	-0.013225	-0.012649	-0.000288
868.338088	-0.019965	-0.001556	-0.009204
868.633114	-0.002957	-0.019864	0.008453
868.928082	-0.014985	-0.008578	-0.003203
869.222993	-0.009154	-0.008284	-0.000435
869.517846	-0.008811	-0.017492	0.004340
869.812641	-0.014100	-0.008106	-0.002997
870.107379	-0.010611	-0.010634	0.000011
870.402060	-0.017047	-0.012424	-0.002311
870.696683	-0.008183	-0.011318	0.001568
870.991248	-0.016008	-0.012315	-0.001847
871.285756	-0.023217	-0.010437	-0.006390
871.580207	-0.007416	-0.009749	0.001167
871.874600	-0.014161	-0.000991	-0.006585
872.168935	-0.019241	-0.007118	-0.006062
872.463213	-0.007620	-0.002756	-0.002432
872.757433	-0.002414	-0.013292	0.005439
873.051595	-0.015102	-0.014468	-0.000317
873.345700	-0.025149	-0.019210	-0.002970
873.639748	-0.013397	-0.006008	-0.003694
873.933737	-0.004694	-0.003756	-0.000469
874.227669	-0.003653	-0.018176	0.007262
874.521544	-0.014733	-0.021340	0.003303
874.815360	-0.020418	-0.022768	0.001175
875.109119	-0.019362	-0.015339	-0.002012
875.402821	0.008639	-0.014786	0.011712
875.696464	-0.005423	-0.028050	0.011313
875.990050	-0.002240	-0.009577	0.003668
876.283578	-0.005730	-0.018356	0.006313
876.577049	-0.004053	-0.013494	0.004720
876.870462	-0.027790	-0.006014	-0.010888
877.163817	-0.017548	-0.022585	0.002519
877.457114	-0.019604	-0.018588	-0.000508
877.750353	-0.004305	-0.005916	0.000806
878.043535	-0.006392	-0.018359	0.005983
878.336659	-0.018639	-0.013029	-0.002805
878.629725	-0.030820	-0.024010	-0.003405
878.922733	-0.016581	-0.020301	0.001860
879.215684	-0.002679	-0.001016	-0.000832
879.508577	-0.008321	-0.009104	0.000392
879.801411	-0.019583	-0.007528	-0.006027
880.094189	-0.018687	-0.016693	-0.000997
880.386908	-0.016547	-0.010205	-0.003171
880.679569	-0.011034	-0.010124	-0.000455
880.972172	-0.005317	-0.009910	0.002296
881.264718	-0.018012	-0.012703	-0.002654
881.557206	-0.014129	-0.011245	-0.001442
881.849635	-0.005266	-0.015555	0.005144
882.142007	-0.002751	-0.016091	0.006670
882.434321	-0.024419	-0.014638	-0.004891
882.726577	-0.020942	-0.001887	-0.009527
883.018775	0.007197	-0.002645	0.004921
883.310915	-0.018451	-0.006388	-0.006032
883.602997	0.000989	-0.001087	0.001038
883.895021	-0.012676	-0.019912	0.003618
884.186987	-0.006360	-0.022618	0.008129
884.478896	-0.017536	-0.022474	0.002469
884.770746	-0.012918	-0.007327	-0.002796
885.062538	-0.005192	-0.023728	0.009268
885.354272	-0.020138	-0.012260	-0.003939
885.645948	0.001802	-0.022657	0.012229
885.937566	-0.027866	-0.009656	-0.009105
886.229126	-0.007713	-0.016483	0.004385
886.520628	-0.013092	-0.014420	0.000664
886.812072	-0.004992	-0.003709	-0.000641
887.103458	-0.027231	-0.013977	-0.006627
887.394785	0.002290	-0.016401	0.009346
887.686055	-0.003311	-0.004605	0.000647
887.977266	0.010614	-0.007682	0.009148
888.268420	-0.013726	-0.022475	0.004375
888.559515	-0.011547	-0.016725	0.002589
888.850552	-0.021659	-0.001447	-0.010106
889.141531	-0.002568	-0.004836	0.001134
889.432451	-0.009473	-0.019475	0.005001
889.723314	-0.026616	-0.030116	0.001750
890.014118	-0.037141	-0.004656	-0.016242
890.304864	-0.031803	-0.020311	-0.005746
890.595552	-0.032283	-0.016333	-0.007975
890.886182	-0.018403	-0.021098	0.001347
891.176754	-0.022476	-0.004972	-0.008752
891.467267	-0.001963	-0.029285	0.013661
891.757722	-0.010595	-0.014620	0.002013
