189.527725	0.102978	0.102978	0.000000
189.916390	-929406585213470.875000	-929406585213470.875000	0.000000
190.305018	0.322000	0.057226	0.132387
190.693607	-0.111132	-0.715114	0.301991
191.082159	0.162325	0.432743	-0.135209
191.470673	0.041486	0.274451	-0.116482
191.859149	-0.001724	-0.023267	0.010771
192.247587	0.089724	-0.147633	0.118679
192.635988	-0.150524	-0.667178	0.258327
193.024351	12.539443	0.110376	6.214534
193.412676	0.031003	-0.211542	0.121272
193.800963	0.033031	1.327309	-0.647139
194.189212	0.005424	0.042472	-0.018524
194.577423	-0.124838	-0.120301	-0.002269
194.965597	0.287092	0.093846	0.096623
195.353732	-0.059313	-0.440731	0.190709
195.741830	0.095908	-0.116792	0.106350
196.129890	-0.194276	0.104017	-0.149147
196.517911	0.080658	0.057039	0.011809
196.905895	-0.784788	0.096968	-0.440878
197.293841	0.104626	0.063442	0.020592
197.681749	0.248391	-0.114370	0.181380
198.069619	0.141419	-0.058932	0.100176
198.457452	0.206517	0.314188	-0.053835
198.845246	0.064207	0.065024	-0.000408
199.233002	0.680721	-0.491974	0.586348
199.620720	0.083090	0.008237	0.037426
200.008400	0.060474	-0.031064	0.045769
200.396042	0.055957	0.534021	-0.239032
200.783646	0.169086	0.107530	0.030778
201.171212	-0.077846	0.076654	-0.077250
201.558740	0.190884	-0.281609	0.236246
201.946230	0.066331	-0.004751	0.035541
202.333682	0.292169	0.166508	0.062831
202.721096	0.149989	0.059829	0.045080
203.108472	0.480674	0.272241	0.104216
203.495809	-0.164842	1.572945	-0.868893
203.883109	0.150378	0.187030	-0.018326
204.270370	-0.144829	1.419891	-0.782360
204.657593	0.222852	0.009606	0.106623
205.044779	0.025774	0.135208	-0.054717
205.431926	0.189317	0.841202	-0.325942
205.819034	-0.185244	-1.046989	0.430872
206.206105	-0.002831	-0.731363	0.364266
206.593137	-0.081709	0.321558	-0.201634
206.980132	0.259291	-0.327537	0.293414
207.367088	0.318544	-0.254395	0.286470
207.754006	-0.207445	-0.051853	-0.077796
208.140885	4.383654	-0.170789	2.277221
208.527727	0.104713	-0.050743	0.077728
208.914530	0.143387	0.236575	-0.046594
209.301295	-0.005661	-0.157162	0.075751
209.688022	0.137756	-0.182949	0.160353
210.074710	0.028120	0.158754	-0.065317
210.461360	0.028216	-0.000491	0.014354
210.847972	-0.039640	-0.477370	0.218865
211.234546	0.144205	0.009112	0.067547
211.621081	0.009125	0.092647	-0.041761
212.007578	0.014041	0.084988	-0.035474
212.394036	0.038921	0.037173	0.000874
212.780457	-0.038898	-1.355580	0.658341
213.166839	0.038253	0.029395	0.004429
213.553182	0.150441	-0.077568	0.114005
213.939487	0.084244	0.042505	0.020870
214.325754	0.072711	0.039195	0.016758
214.711983	0.016857	0.429409	-0.206276
215.098173	-0.111191	0.156369	-0.133780
215.484324	-0.093126	0.915144	-0.504135
215.870437	0.338893	0.269219	0.034837
216.256512	0.684635	0.224360	0.230138
216.642548	0.244165	-1.127001	0.685583
217.028546	0.082175	0.280184	-0.099004
217.414506	0.150497	0.061914	0.044291
217.800427	0.010266	0.083855	-0.036795
218.186309	-0.120620	-0.235831	0.057606
218.572153	0.105383	-0.105905	0.105644
218.957959	-3.250604	-0.054341	-1.598132
219.343726	0.008639	-0.087697	0.048168
219.729454	0.122486	0.073895	0.024296
220.115144	-0.023718	-0.025191	0.000736
220.500795	0.203545	-1.430462	0.817003
220.886408	0.050681	0.273632	-0.111476
221.271983	0.137792	0.248199	-0.055203
221.657518	0.139175	-0.175063	0.157119
222.043016	-0.033511	-0.035923	0.001206
222.428474	0.074009	-0.067378	0.070693
222.813894	-0.135628	0.199171	-0.167400
223.199275	0.018065	0.176618	-0.079276
223.584618	0.213350	0.244378	-0.015514
223.969922	0.616479	-0.768657	0.692568
224.355188	-0.042474	-0.351609	0.154568
224.740414	-0.002927	5.474793	-2.738860
225.125603	0.060529	-0.585819	0.323174
225.510752	-0.084209	0.023573	-0.053891
225.895863	0.135258	0.176708	-0.020725
226.280935	-0.146919	0.221059	-0.183989
226.665968	-0.318341	0.003142	-0.160741
227.050963	0.074664	0.065263	0.004700
227.435919	-0.092485	0.103557	-0.098021
227.820836	0.243613	0.168831	0.037391
228.205715	-0.016021	0.305136	-0.160578
228.590555	-0.575231	0.159522	-0.367377
228.975356	0.506956	0.146862	0.180047
229.360118	-0.572769	-0.016100	-0.278335
229.744841	-9.728381	0.373136	-5.050758
230.129526	-0.412133	-1.158788	0.373328
230.514172	0.213360	-0.045494	0.129427
230.898779	-0.137198	0.576536	-0.356867
231.283347	-0.033434	0.060476	-0.046955
231.667877	0.394779	-0.066688	0.230733
232.052367	-0.073509	0.038733	-0.056121
232.436819	0.138296	-0.030668	0.084482
232.821232	0.010607	-0.092377	0.051492
233.205606	-0.007179	0.533510	-0.270344
233.589941	-0.480695	-0.066274	-0.207211
233.974237	-0.618583	0.006381	-0.312482
234.358495	-0.120768	1.775404	-0.948086
234.742713	-0.621748	-0.160147	-0.230801
235.126893	0.189452	-0.162966	0.176209
235.511033	0.036018	-0.029817	0.032918
235.895135	-0.030178	0.094660	-0.062419
236.279198	0.065816	-1.258926	0.662371
236.663221	0.147113	-0.045043	0.096078
237.047206	0.024148	-0.214705	0.119427
237.431152	-0.005987	0.149500	-0.077743
237.815059	-0.030788	0.082683	-0.056735
238.198926	-0.744475	-0.001520	-0.371478
238.582755	0.219542	-0.213338	0.216440
238.966545	-0.082456	-0.480070	0.198807
239.350296	0.074162	-1.693753	0.883958
239.734007	0.009868	-0.035713	0.022790
240.117680	0.076372	-0.075750	0.076061
240.501314	0.312456	-0.010873	0.161665
240.884908	-0.083033	-0.085894	0.001431
241.268464	0.019612	-0.238468	0.129040
241.651980	0.039759	0.174670	-0.067455
242.035457	-0.076733	0.003132	-0.039933
242.418895	0.088365	-0.018937	0.053651
242.802294	-0.080642	-0.012121	-0.034260
243.185654	0.035002	0.149117	-0.057058
243.568975	-0.667728	-0.137082	-0.265323
243.952257	-0.079131	-0.564979	0.242924
244.335499	0.286864	0.721079	-0.217108
244.718702	0.113743	0.065562	0.024090
245.101867	-0.032107	0.275444	-0.153776
245.484991	0.237541	0.200240	0.018651
245.868077	-0.038173	0.038174	-0.038173
246.251124	0.035528	-0.096105	0.065816
246.634131	-0.242332	0.061346	-0.151839
247.017099	0.065183	-1.580366	0.822775
247.400028	0.076688	-0.396554	0.236621
247.782917	0.002498	-0.003438	0.002968
248.165768	0.402080	-0.813007	0.607544
248.548579	-0.051315	0.150823	-0.101069
248.931350	0.076594	-0.257096	0.166845
249.314083	-0.511073	0.259914	-0.385493
249.696776	0.183628	0.080554	0.051537
250.079430	-0.063524	-0.038044	-0.012740
250.462044	0.002573	-0.008731	0.005652
250.844620	0.059337	0.398906	-0.169785
251.227155	-0.046298	-0.055673	0.004687
251.609652	0.059492	-0.067455	0.063474
251.992109	0.201004	0.098936	0.051034
252.374527	-0.028712	-0.027444	-0.000634
252.756905	-0.037097	-0.300275	0.131589
253.139244	0.193256	0.108718	0.042269
253.521544	0.249753	0.226073	0.011840
253.903804	0.122538	0.392245	-0.134853
254.286025	0.037969	-2.528709	1.283339
254.668206	0.075468	-0.078806	0.077137
255.050348	-0.581008	0.367499	-0.474253
255.432451	-0.005692	0.142720	-0.074206
255.814514	0.063882	-0.053903	0.058893
256.196537	0.063531	-0.009032	0.036282
256.578521	0.059805	0.158178	-0.049186
256.960466	0.049015	0.191715	-0.071350
257.342371	0.070906	0.402450	-0.165772
257.724236	-0.359407	0.378164	-0.368785
258.106062	0.097045	0.131396	-0.017175
258.487849	0.029240	0.252252	-0.111506
258.869596	-0.066719	-0.121374	0.027327
259.251303	-0.001447	-5.728221	2.863387
259.632971	0.250170	1.401882	-0.575856
260.014599	0.231525	-1.127054	0.679290
260.396188	0.169858	-0.138116	0.153987
260.777737	0.057670	-0.065465	0.061568
261.159247	0.147355	-0.046920	0.097137
261.540717	0.020756	0.049686	-0.014465
261.922147	-0.007297	0.025952	-0.016624
262.303538	-0.006323	0.145850	-0.076087
262.684889	0.106290	-0.165505	0.135898
263.066200	0.048015	0.446539	-0.199262
263.447472	-0.130958	-0.143189	0.006116
263.828704	-0.018710	-0.080847	0.031068
264.209896	0.100849	0.421509	-0.160330
264.591049	-0.031218	363.191618	-181.611418
264.972162	0.042600	0.120714	-0.039057
265.353235	0.011175	-8.381769	4.196472
265.734268	0.297305	-0.346238	0.321772
266.115262	0.599824	0.150851	0.224487
266.496216	0.058788	0.763086	-0.352149
266.877130	-0.156539	0.077488	-0.117013
267.258005	0.063877	0.359089	-0.147606
267.638840	0.136485	-0.075254	0.105870
268.019635	-0.021916	0.017738	-0.019827
268.400390	0.106898	0.037827	0.034536
268.781105	0.070478	0.332440	-0.130981
269.161781	0.063744	-0.448387	0.256065
269.542417	-0.208505	0.044519	-0.126512
269.923013	0.279816	-0.110967	0.195391
270.303569	-0.101350	0.209670	-0.155510
270.684085	-6.701616	0.072585	-3.387101
271.064561	0.133972	0.056716	0.038628
271.444998	-0.131529	0.066687	-0.099108
271.825394	0.136794	0.001575	0.067609
272.205751	0.259525	0.005348	0.127089
272.586068	-0.177737	0.193669	-0.185703
272.966345	-0.084202	-0.016255	-0.033974
273.346582	0.330831	-2.391032	1.360931
273.726779	0.351802	0.157552	0.097125
274.106936	0.071880	-0.178485	0.125183
274.487053	-0.126150	0.409491	-0.267820
274.867130	-0.032317	0.078323	-0.055320
275.247168	0.279731	0.315775	-0.018022
275.627165	-0.040943	-0.417880	0.188468
276.007122	0.008153	0.162157	-0.077002
276.387040	-0.106624	0.020043	-0.063333
276.766917	1.080476	0.027844	0.526316
277.146754	-0.012633	0.537976	-0.275305
277.526551	-0.243820	0.046112	-0.144966
277.906308	0.050724	-179.693814	89.872269
278.286026	0.591083	-0.114064	0.352573
278.665703	0.178336	-0.769185	0.473761
279.045340	0.153198	-0.017651	0.085425
279.424936	-0.025645	0.157048	-0.091346
279.804493	0.278659	-0.025126	0.151893
280.184010	-0.027263	0.167514	-0.097388
280.563487	-0.051026	0.007847	-0.029436
280.942923	0.096182	-0.416557	0.256369
281.322319	0.030221	0.182924	-0.076351
281.701676	-0.046053	0.037669	-0.041861
282.080992	-0.118116	-0.018508	-0.049804
282.460268	0.005173	0.006670	-0.000749
282.839503	-0.000864	-0.117005	0.058070
283.218699	0.420193	0.039013	0.190590
283.597854	1.847397	-1.855714	1.851555
283.976969	-52.807111	0.131187	-26.469149
284.356044	0.163106	0.267993	-0.052444
284.735079	0.161345	1.064180	-0.451417
285.114073	0.201094	0.152394	0.024350
285.493028	-0.076182	0.087595	-0.081889
285.871942	0.042225	0.461843	-0.209809
286.250815	0.118679	-0.122828	0.120753
286.629649	0.101781	0.047587	0.027097
287.008442	0.018407	-0.501807	0.260107
287.387195	-0.001256	-0.205046	0.101895
287.765907	0.109187	-0.050852	0.080019
288.144580	-0.136083	0.525780	-0.330932
288.523212	-0.015270	-0.448338	0.216534
288.901803	-0.042853	-0.093506	0.025326
289.280355	0.156052	0.254881	-0.049414
289.658866	0.035290	0.254090	-0.109400
290.037336	-0.033574	0.064150	-0.048862
290.415766	0.172072	-0.894052	0.533062
290.794156	-0.025622	-0.396387	0.185383
291.172505	0.423586	6.971724	-3.274069
291.550814	0.120361	0.124936	-0.002288
291.929083	-0.015437	0.119298	-0.067368
292.307311	-0.016730	-0.230876	0.107073
292.685499	0.149061	0.077060	0.036001
293.063646	0.027298	0.088468	-0.030585
293.441753	-0.017177	0.523275	-0.270226
293.819820	22.446277	-0.031672	11.238974
294.197845	0.816397	0.424383	0.196007
294.575831	0.023743	-0.008505	0.016124
294.953776	0.199614	-0.089905	0.144759
295.331680	-0.047551	0.007324	-0.027437
295.709544	-0.206017	0.357172	-0.281594
296.087368	-0.566578	0.049970	-0.308274
296.465150	0.150992	0.034638	0.058177
296.842893	0.040275	0.045451	-0.002588
297.220595	0.835946	-0.122920	0.479433
297.598256	0.234688	0.910021	-0.337666
297.975876	-0.032560	-0.188129	0.077784
298.353457	-0.011508	-1.342170	0.665331
298.730996	-0.472760	0.709917	-0.591339
299.108495	-0.055324	-0.050471	-0.002427
299.485953	0.677525	-0.217595	0.447560
299.863371	0.611920	0.055316	0.278302
300.240748	0.010522	0.170952	-0.080215
300.618084	4.298689	-0.000891	2.149790
300.995380	0.592092	-0.105062	0.348577
301.372635	1.649037	0.312464	0.668287
301.749849	-0.274045	0.137344	-0.205694
302.127023	-0.071127	0.332875	-0.202001
302.504156	0.037551	-0.060777	0.049164
302.881248	-0.078081	-0.989879	0.455899
303.258300	0.343601	0.921780	-0.289089
303.635311	0.004967	-0.352330	0.178649
304.012281	0.069672	0.846648	-0.388488
304.389210	0.128800	-1.628421	0.878611
304.766099	0.071684	-0.096511	0.084097
305.142947	0.084849	0.022010	0.031420
305.519754	-0.020908	-0.124480	0.051786
305.896520	0.077323	-0.092679	0.085001
306.273246	0.135900	-0.087853	0.111876
306.649930	0.032523	-3.531926	1.782224
307.026574	-0.684480	0.127213	-0.405847
307.403177	0.030103	0.298632	-0.134264
307.779740	-0.140199	0.173107	-0.156653
308.156261	0.125713	-1.566959	0.846336
308.532742	0.465471	0.249384	0.108044
308.909181	0.047287	0.322616	-0.137665
309.285580	0.121178	0.981467	-0.430145
309.661938	0.045420	-2.781087	1.413253
310.038255	-0.050957	-0.241481	0.095262
310.414531	0.054664	-0.799496	0.427080
310.790766	0.253631	0.170289	0.041671
311.166961	0.051116	0.324853	-0.136868
311.543114	0.260908	0.239827	0.010540
311.919226	0.008309	-0.001784	0.005046
312.295298	-0.219993	-0.320930	0.050468
312.671328	-0.134900	0.368421	-0.251660
313.047318	-0.038645	0.046671	-0.042658
313.423267	0.173182	0.141774	0.015704
313.799174	0.083475	0.015626	0.033925
314.175041	-0.019341	0.078468	-0.048905
314.550866	-0.129979	-0.188984	0.029502
314.926651	0.536172	0.337206	0.099483
315.302394	-0.018769	0.002885	-0.010827
315.678097	-0.026626	0.050011	-0.038319
316.053758	-0.021026	0.182666	-0.101846
316.429378	0.041314	-0.242335	0.141825
316.804958	0.010781	-0.701075	0.355928
317.180496	-0.168879	0.223497	-0.196188
317.555993	-0.064425	0.135001	-0.099713
317.931449	0.024974	-0.045437	0.035205
318.306864	0.273335	0.478147	-0.102406
318.682238	-0.015352	-0.304290	0.144469
319.057570	-0.015655	-0.313315	0.148830
319.432862	-0.001618	0.388504	-0.195061
319.808112	0.026941	0.753797	-0.363428
320.183321	2.051737	-0.538539	1.295138
320.558489	0.613630	2.331485	-0.858927
320.933616	0.000716	0.235644	-0.117464
321.308701	0.282247	0.004455	0.138896
321.683746	0.008281	0.179461	-0.085590
322.058749	-0.094265	-0.711279	0.308507
322.433711	0.203579	0.187578	0.008001
322.808632	0.117045	0.210500	-0.046728
323.183511	0.148260	-1.796667	0.972464
323.558349	0.040125	-2.068702	1.054413
323.933146	-0.081666	0.040814	-0.061240
324.307902	0.067472	0.145955	-0.039241
324.682617	0.033049	0.473890	-0.220421
325.057290	0.091432	-0.069417	0.080425
325.431921	0.100690	-0.093757	0.097224
325.806512	-1.003568	0.760767	-0.882167
326.181061	0.157933	0.041446	0.058243
326.555569	-0.057650	-0.070078	0.006214
326.930035	0.097035	-1.127701	0.612368
327.304461	-0.069406	0.323155	-0.196280
327.678844	0.200338	0.164641	0.017849
328.053187	-0.047757	0.014819	-0.031288
328.427488	-0.098237	0.113816	-0.106027
328.801747	0.091803	0.115059	-0.011628
329.175966	-1.531640	0.389858	-0.960749
329.550142	0.864607	0.279597	0.292505
329.924278	0.183623	0.060457	0.061583
330.298372	0.044415	-1.015525	0.529970
330.672424	0.106855	0.090619	0.008118
331.046435	0.367620	-0.589004	0.478312
331.420405	0.110147	0.305849	-0.097851
331.794333	-0.065797	3.482885	-1.774341
332.168220	-0.092086	0.239208	-0.165647
332.542065	-0.099702	0.123300	-0.111501
332.915869	-0.212265	-0.436260	0.111998
333.289631	0.438857	0.038938	0.199959
333.663351	1.779555	-0.006931	0.893243
334.037030	0.132608	0.358822	-0.113107
334.410668	-0.355507	3.363414	-1.859461
334.784264	0.156837	0.195816	-0.019489
335.157818	0.493986	0.022007	0.235989
335.531331	0.052120	-0.000139	0.026130
335.904802	0.040237	-0.602225	0.321231
336.278232	0.008724	0.125731	-0.058504
336.651620	0.061787	0.241720	-0.089967
337.024966	0.267697	0.529105	-0.130704
337.398271	-0.114843	-0.058085	-0.028379
337.771534	0.127861	0.188650	-0.030395
338.144756	-0.054288	0.178995	-0.116642
338.517936	-1.331035	-0.048254	-0.641390
338.891074	0.013923	-0.039810	0.026866
339.264171	0.059823	0.099842	-0.020009
339.637225	0.014737	-0.925922	0.470330
340.010239	0.106783	0.883599	-0.388408
340.383210	0.113719	0.323986	-0.105133
340.756140	-0.083618	0.118670	-0.101144
341.129028	0.052577	0.257036	-0.102230
341.501874	0.024666	0.748348	-0.361841
341.874679	-0.804417	0.010661	-0.407539
342.247441	0.407749	0.163357	0.122196
342.620162	1.065559	0.029969	0.517795
342.992842	-0.015558	0.109173	-0.062366
343.365479	-0.011784	0.872206	-0.441995
343.738075	0.140381	0.552852	-0.206235
344.110629	0.145971	0.646523	-0.250276
344.483141	0.037715	-1.497397	0.767556
344.855611	-0.267730	-0.222028	-0.022851
345.228039	0.465045	-0.028443	0.246744
345.600426	0.061951	-0.032651	0.047301
345.972770	0.205344	0.175282	0.015031
346.345073	-0.069114	0.293805	-0.181460
346.717334	0.930116	0.126094	0.402011
347.089553	-0.033705	0.168282	-0.100994
347.461730	-0.052426	-1.023022	0.485298
347.833866	0.021495	0.260449	-0.119477
348.205959	0.241802	0.399117	-0.078658
348.578010	0.047875	0.184063	-0.068094
348.950020	-0.024440	0.273413	-0.148927
349.321987	5.482435	0.136467	2.672984
349.693913	0.049530	0.009300	0.020115
350.065797	0.312754	0.127071	0.092842
350.437638	3.370277	0.368365	1.500956
350.809438	-1.005084	-1.423958	0.209437
351.181196	0.365338	0.188904	0.088217
351.552911	0.002911	-0.100518	0.051715
351.924585	-0.144196	-0.131136	-0.006530
352.296217	-0.022844	0.130783	-0.076813
352.667806	-0.048333	0.117027	-0.082680
353.039354	0.172332	0.047509	0.062412
353.410859	0.218097	-0.685523	0.451810
353.782323	0.121661	0.071726	0.024967
354.153744	0.140147	0.197275	-0.028564
354.525123	0.008015	0.143634	-0.067810
354.896460	0.217338	1.255605	-0.519133
355.267756	0.090680	0.212843	-0.061081
355.639008	0.108664	0.320030	-0.105683
356.010219	0.089301	-0.049109	0.069205
356.381388	0.133724	-0.033345	0.083535
356.752515	0.205518	-0.151338	0.178428
357.123599	-0.095591	0.348062	-0.221826
357.494641	0.128230	0.326683	-0.099227
357.865641	0.054149	0.020948	0.016601
358.236599	0.009375	-0.640277	0.324826
358.607515	-0.014246	0.027493	-0.020870
358.978388	-0.082248	-0.262069	0.089911
359.349219	0.109205	1.099302	-0.495048
359.720008	0.032464	0.534142	-0.250839
360.090755	-0.194398	0.065996	-0.130197
360.461460	0.080431	-0.772667	0.426549
360.832122	0.170893	0.124668	0.023112
361.202742	0.528538	-0.149647	0.339093
361.573320	-0.032419	-0.000971	-0.015724
361.943855	-0.374541	-0.075948	-0.149297
362.314348	0.135707	-0.198132	0.166920
362.684799	0.042294	0.158071	-0.057888
363.055208	0.274458	-0.293946	0.284202
363.425574	0.045692	0.112475	-0.033392
363.795898	0.024482	0.427211	-0.201365
364.166180	0.216340	0.203281	0.006529
364.536419	0.133521	-0.112976	0.123249
364.906616	0.380895	-0.114443	0.247669
365.276770	0.061244	0.198400	-0.068578
365.646882	0.025930	-0.179654	0.102792
366.016952	-0.072295	-0.009531	-0.031382
366.386979	0.098503	-0.209956	0.154229
366.756964	0.183052	0.046866	0.068093
367.126906	-0.064253	-0.068651	0.002199
367.496806	0.123534	0.411586	-0.144026
367.866664	0.330941	5.353318	-2.511189
368.236479	0.043137	0.222876	-0.089869
368.606251	0.076526	-0.177782	0.127154
368.975981	0.083256	0.211001	-0.063872
369.345669	0.078607	0.103813	-0.012603
369.715314	0.117657	0.381122	-0.131733
370.084917	-0.106107	0.186702	-0.146405
370.454477	0.173802	-0.030565	0.102183
370.823995	0.022157	0.055533	-0.016688
371.193470	0.061475	-0.025861	0.043668
371.562902	0.028300	0.154560	-0.063130
371.932292	0.403166	0.179877	0.111644
372.301640	0.053433	0.083758	-0.015162
372.670944	0.012716	0.048093	-0.017688
373.040207	-0.044882	0.172030	-0.108456
373.409426	0.034127	0.125707	-0.045790
373.778603	0.133468	0.470755	-0.168643
374.147738	0.028958	0.164043	-0.067543
374.516830	-0.000083	0.112178	-0.056130
374.885879	-0.767327	0.112507	-0.439917
375.254885	0.027757	0.091384	-0.031813
375.623849	0.135333	0.588347	-0.226507
375.992770	0.314281	0.097236	0.108522
376.361649	0.023752	0.047934	-0.012091
376.730485	-0.014050	-0.172273	0.079111
377.099278	0.224762	0.006202	0.109280
377.468028	0.060832	-0.079301	0.070067
377.836736	0.048377	-0.045693	0.047035
378.205401	-0.232604	0.113206	-0.172905
378.574023	0.024849	0.014054	0.005397
378.942603	-0.012828	0.042557	-0.027692
379.311139	0.120263	-0.038646	0.079454
379.679633	0.068269	0.142332	-0.037032
380.048085	0.092079	0.583732	-0.245826
380.416493	0.310295	0.066481	0.121907
380.784859	0.190929	0.070818	0.060055
381.153181	0.172793	-0.033252	0.103023
381.521461	0.185639	-0.199096	0.192367
381.889699	2.446121	0.341986	1.052068
382.257893	0.015040	0.139379	-0.062170
382.626044	0.004403	-1.178287	0.591345
382.994153	-0.027593	0.846086	-0.436839
383.362219	0.123370	-0.033798	0.078584
383.730242	0.041947	0.111772	-0.034912
384.098222	0.077478	0.145314	-0.033918
384.466159	0.086135	0.112473	-0.013169
384.834053	0.063080	0.055287	0.003896
385.201904	-0.023575	0.136058	-0.079817
385.569713	0.044025	0.033213	0.005406
385.937478	0.000476	0.497360	-0.248442
386.305201	0.129874	0.046047	0.041913
386.672880	0.068391	0.071976	-0.001793
387.040517	0.007749	0.073226	-0.032738
387.408110	0.037125	0.278511	-0.120693
387.775661	0.016047	-0.405572	0.210810
388.143168	-0.101728	0.243204	-0.172466
388.510633	-0.011749	1.466719	-0.739234
388.878055	0.074720	0.027265	0.023728
389.245433	0.006820	0.064065	-0.028623
389.612769	-0.074887	0.139732	-0.107310
389.980061	0.122747	0.115008	0.003869
390.347310	-0.001993	-0.111660	0.054833
390.714517	0.008878	0.007886	0.000496
391.081680	0.107444	0.144356	-0.018456
391.448800	0.056574	0.528959	-0.236193
391.815877	0.104330	0.114222	-0.004946
392.182911	0.026502	0.072811	-0.023155
392.549902	0.062222	-0.062535	0.062378
392.916850	0.073002	0.006772	0.033115
393.283754	0.077978	0.383389	-0.152705
393.650616	0.148514	0.170058	-0.010772
394.017434	0.090518	0.093291	-0.001387
394.384209	0.086980	0.111669	-0.012344
394.750941	0.110680	0.060399	0.025140
395.117630	0.107434	0.000417	0.053508
395.484275	0.113536	0.096971	0.008283
395.850878	0.038886	0.177713	-0.069414
396.217437	0.112507	0.214141	-0.050817
396.583953	-0.015696	0.026248	-0.020972
396.950425	0.042539	0.036032	0.003253
397.316855	0.038344	0.252020	-0.106838
397.683241	0.083581	0.071314	0.006133
398.049584	0.090489	0.048361	0.021064
398.415884	0.112525	0.113189	-0.000332
398.782140	0.049369	0.010540	0.019414
399.148353	0.056679	0.101981	-0.022651
399.514523	0.067800	0.486363	-0.209281
399.880649	0.046264	0.214424	-0.084080
400.246732	0.098564	-0.039978	0.069271
400.612772	0.094022	0.132850	-0.019414
400.978768	0.239731	0.107059	0.066336
401.344721	0.040095	0.096186	-0.028046
401.710631	0.012320	0.046732	-0.017206
402.076497	0.113364	0.043797	0.034784
402.442320	0.052900	0.178867	-0.062984
402.808100	0.057116	0.382479	-0.162681
403.173836	0.101771	0.057648	0.022062
403.539528	0.050161	0.081352	-0.015596
403.905178	0.101106	0.085629	0.007739
404.270783	0.040695	0.139788	-0.049546
404.636346	0.125101	0.109213	0.007944
405.001865	0.001250	0.054992	-0.026871
405.367340	0.055353	0.048715	0.003319
405.732772	0.097844	0.055012	0.021416
406.098161	0.026163	0.071247	-0.022542
406.463506	0.051825	0.073907	-0.011041
406.828807	0.058780	0.092126	-0.016673
407.194065	0.097338	0.119092	-0.010877
407.559279	0.072909	0.073477	-0.000284
407.924450	0.103363	0.045056	0.029153
408.289578	0.085497	0.080251	0.002623
408.654661	0.039333	0.093440	-0.027053
409.019702	0.126597	0.082505	0.022046
409.384698	0.086226	0.076128	0.005049
409.749651	0.077226	0.097843	-0.010309
410.114561	0.033925	0.043838	-0.004956
410.479427	0.046743	0.069030	-0.011144
410.844249	0.011153	0.058947	-0.023897
411.209027	0.056591	0.088950	-0.016179
411.573762	0.051515	0.054032	-0.001259
411.938454	0.079526	0.047277	0.016124
412.303101	0.085314	0.056751	0.014281
412.667705	0.039174	0.058961	-0.009894
413.032266	0.070804	0.062817	0.003993
413.396782	0.049453	0.058833	-0.004690
413.761255	0.029690	0.115731	-0.043021
414.125684	0.071054	0.160375	-0.044660
414.490070	0.071073	0.087010	-0.007968
414.854412	0.033373	0.051745	-0.009186
415.218710	0.058340	0.081825	-0.011743
415.582964	0.068461	0.081824	-0.006682
415.947175	0.054950	0.068350	-0.006700
416.311341	0.066438	0.067982	-0.000772
416.675464	0.072889	0.062114	0.005388
417.039543	0.040639	0.080965	-0.020163
417.403579	0.073489	0.080411	-0.003461
417.767570	0.068058	0.117047	-0.024494
418.131518	0.061853	0.021941	0.019956
418.495422	0.033387	0.122604	-0.044608
418.859282	0.045697	0.068092	-0.011198
419.223098	0.028143	0.052753	-0.012305
419.586871	0.038445	0.055199	-0.008377
419.950599	0.052411	0.060613	-0.004101
420.314284	0.057728	0.073957	-0.008114
420.677925	0.035839	0.070550	-0.017355
421.041522	0.074252	0.140464	-0.033106
421.405075	0.072666	0.021997	0.025334
421.768584	0.092608	0.081567	0.005521
422.132049	0.051339	0.095859	-0.022260
422.495470	0.048526	0.043910	0.002308
422.858847	0.046411	0.091032	-0.022311
423.222180	0.039654	0.110198	-0.035272
423.585470	0.079222	0.106056	-0.013417
423.948715	0.055824	0.103511	-0.023844
424.311916	0.042388	0.070649	-0.014130
424.675074	0.067501	0.084191	-0.008345
425.038187	0.039470	0.071739	-0.016134
425.401256	0.087558	0.068678	0.009440
425.764281	0.070803	0.073953	-0.001575
426.127263	0.056957	0.070174	-0.006608
426.490200	0.064346	0.070702	-0.003178
426.853093	0.051275	0.076868	-0.012797
427.215942	0.050496	0.085815	-0.017660
427.578747	0.044455	0.087334	-0.021440
427.941508	0.046216	0.083855	-0.018819
428.304225	0.065082	0.059916	0.002583
428.666897	0.046402	0.072317	-0.012957
429.029526	0.066390	0.073707	-0.003658
429.392110	0.040551	0.056721	-0.008085
429.754651	0.061931	0.066955	-0.002512
430.117147	0.057182	0.065956	-0.004387
430.479599	0.055403	0.076185	-0.010391
430.842007	0.056632	0.067108	-0.005238
431.204370	0.064548	0.065538	-0.000495
431.566690	0.062686	0.075294	-0.006304
431.928965	0.061370	0.063002	-0.000816
432.291196	0.061824	0.070058	-0.004117
432.653383	0.054481	0.065773	-0.005646
433.015525	0.057221	0.067564	-0.005172
433.377624	0.060397	0.071885	-0.005744
433.739678	0.054847	0.064194	-0.004674
434.101688	0.051444	0.070277	-0.009417
434.463653	0.061761	0.061784	-0.000011
434.825575	0.057653	0.070084	-0.006216
435.187452	0.060711	0.067030	-0.003160
435.549284	0.053881	0.068652	-0.007386
435.911073	0.055593	0.070033	-0.007220
436.272817	0.059365	0.067906	-0.004271
436.634516	0.058372	0.070081	-0.005854
436.996172	0.056696	0.063401	-0.003353
437.357783	0.052267	0.070362	-0.009048
437.719350	0.059030	0.070447	-0.005709
438.080872	0.056129	0.067707	-0.005789
438.442350	0.052834	0.072478	-0.009822
438.803783	0.059060	0.068669	-0.004805
439.165173	0.054806	0.068860	-0.007027
439.526517	0.057368	0.070379	-0.006506
439.887818	0.052949	0.068117	-0.007584
440.249074	0.056245	0.066624	-0.005189
440.610285	0.059157	0.067780	-0.004312
440.971452	0.052390	0.068822	-0.008216
441.332575	0.054109	0.069120	-0.007505
441.693653	0.055086	0.067766	-0.006340
442.054686	0.057880	0.064460	-0.003290
442.415676	0.052770	0.067034	-0.007132
442.776620	0.057668	0.065424	-0.003878
443.137520	0.056639	0.065815	-0.004588
443.498376	0.054153	0.067288	-0.006567
443.859187	0.057869	0.066969	-0.004550
444.219953	0.057979	0.066959	-0.004490
444.580675	0.057170	0.068407	-0.005619
444.941353	0.057029	0.068755	-0.005863
445.301986	0.060452	0.067380	-0.003464
445.662574	0.056637	0.067070	-0.005216
446.023118	0.054679	0.066391	-0.005856
446.383617	0.057357	0.065865	-0.004254
446.744071	0.058378	0.067055	-0.004338
447.104481	0.057201	0.068052	-0.005425
447.464846	0.054052	0.065230	-0.005589
447.825167	0.058885	0.066583	-0.003849
448.185443	0.055985	0.066490	-0.005253
448.545674	0.056730	0.067143	-0.005207
448.905861	0.056609	0.067039	-0.005215
449.266002	0.057215	0.067553	-0.005169
449.626100	0.057846	0.065787	-0.003970
449.986152	0.057499	0.065961	-0.004231
450.346160	0.057853	0.066819	-0.004483
450.706123	0.057823	0.067380	-0.004778
451.066041	0.057473	0.066784	-0.004656
451.425915	0.058686	0.066426	-0.003870
451.785744	0.058276	0.067785	-0.004754
452.145528	0.057036	0.066112	-0.004538
452.505267	0.057712	0.067229	-0.004759
452.864962	0.057116	0.067627	-0.005255
453.224612	0.058121	0.067682	-0.004780
453.584217	0.058037	0.067955	-0.004959
453.943777	0.057022	0.065694	-0.004336
454.303292	0.056340	0.067451	-0.005556
454.662763	0.056722	0.066607	-0.004943
455.022188	0.056549	0.067381	-0.005416
455.381569	0.055700	0.067491	-0.005896
455.740905	0.057211	0.065294	-0.004042
456.100196	0.057125	0.065811	-0.004343
456.459443	0.057064	0.068150	-0.005543
456.818644	0.056199	0.066516	-0.005158
457.177800	0.057114	0.067971	-0.005429
457.536912	0.057463	0.065371	-0.003954
457.895978	0.058523	0.065917	-0.003697
458.255000	0.057150	0.066405	-0.004627
458.613977	0.057530	0.066100	-0.004285
458.972909	0.057999	0.066189	-0.004095
459.331795	0.059259	0.066093	-0.003417
459.690637	0.056814	0.066565	-0.004876
460.049434	0.057451	0.066780	-0.004664
460.408186	0.057002	0.066542	-0.004770
460.766893	0.057371	0.065291	-0.003960
461.125555	0.058780	0.068090	-0.004655
461.484172	0.058104	0.066041	-0.003968
461.842743	0.058091	0.066124	-0.004016
462.201270	0.057171	0.065384	-0.004107
462.559752	0.057769	0.065893	-0.004062
462.918188	0.057409	0.066147	-0.004369
463.276580	0.055689	0.065847	-0.005079
463.634927	0.056559	0.066842	-0.005141
463.993228	0.057378	0.067083	-0.004853
464.351484	0.056673	0.066262	-0.004794
464.709696	0.057446	0.065488	-0.004021
465.067862	0.058255	0.065691	-0.003718
465.425983	0.057811	0.065792	-0.003991
465.784058	0.056515	0.066195	-0.004840
466.142089	0.057862	0.066515	-0.004327
466.500075	0.056486	0.066117	-0.004815
466.858015	0.057755	0.066441	-0.004343
467.215910	0.057937	0.066132	-0.004097
467.573760	0.057283	0.065758	-0.004237
467.931565	0.058179	0.066912	-0.004367
468.289324	0.058732	0.065312	-0.003290
468.647039	0.056275	0.065978	-0.004851
469.004708	0.057666	0.067006	-0.004670
469.362332	0.058044	0.065809	-0.003882
469.719910	0.058900	0.066053	-0.003576
470.077443	0.057868	0.066949	-0.004540
470.434932	0.057263	0.066033	-0.004385
470.792374	0.057539	0.066099	-0.004280
471.149772	0.058305	0.065419	-0.003557
471.507124	0.056795	0.064428	-0.003817
471.864431	0.057155	0.065719	-0.004282
472.221693	0.058199	0.065016	-0.003408
472.578909	0.057498	0.066342	-0.004422
472.936080	0.059178	0.066640	-0.003731
473.293205	0.057579	0.065885	-0.004153
473.650285	0.058662	0.065574	-0.003456
474.007320	0.058148	0.066258	-0.004055
474.364310	0.058746	0.065074	-0.003164
474.721254	0.057356	0.065666	-0.004155
475.078152	0.058770	0.065120	-0.003175
475.435006	0.057669	0.065858	-0.004094
475.791813	0.057886	0.065840	-0.003977
476.148576	0.058532	0.065313	-0.003390
476.505293	0.058476	0.065675	-0.003599
476.861964	0.057206	0.065327	-0.004061
477.218590	0.059131	0.065510	-0.003189
477.575171	0.058220	0.065543	-0.003662
477.931706	0.057948	0.066086	-0.004069
478.288195	0.056872	0.064798	-0.003963
478.644639	0.058382	0.065342	-0.003480
479.001038	0.059037	0.065551	-0.003257
479.357391	0.058169	0.065091	-0.003461
479.713699	0.058548	0.064429	-0.002940
480.069960	0.058058	0.065598	-0.003770
480.426177	0.058855	0.065092	-0.003119
480.782348	0.057375	0.065077	-0.003851
481.138473	0.058502	0.064902	-0.003200
481.494553	0.058145	0.064510	-0.003182
481.850587	0.058082	0.065349	-0.003633
482.206575	0.058448	0.065364	-0.003458
482.562518	0.058152	0.064477	-0.003162
482.918416	0.057853	0.064332	-0.003239
483.274267	0.058329	0.064874	-0.003273
483.630073	0.059277	0.064559	-0.002641
483.985834	0.058723	0.064027	-0.002652
484.341548	0.058403	0.064718	-0.003157
484.697217	0.058323	0.065256	-0.003466
485.052841	0.058999	0.064994	-0.002998
485.408418	0.058209	0.065136	-0.003463
485.763950	0.058050	0.064613	-0.003282
486.119436	0.058517	0.064290	-0.002886
486.474877	0.058451	0.064806	-0.003178
486.830272	0.058815	0.065212	-0.003199
487.185621	0.059140	0.064056	-0.002458
487.540924	0.058032	0.064803	-0.003386
487.896182	0.058622	0.064394	-0.002886
488.251393	0.058625	0.064298	-0.002836
488.606559	0.058345	0.064205	-0.002930
488.961679	0.058869	0.064350	-0.002740
489.316754	0.058620	0.064180	-0.002780
489.671782	0.059071	0.064084	-0.002506
490.026765	0.058245	0.063825	-0.002790
490.381702	0.059010	0.064725	-0.002858
490.736593	0.058165	0.064228	-0.003031
491.091438	0.059042	0.063832	-0.002395
491.446238	0.059253	0.063730	-0.002239
491.800991	0.059275	0.064384	-0.002555
492.155699	0.059026	0.064142	-0.002558
492.510360	0.058300	0.064176	-0.002938
492.864976	0.059351	0.064224	-0.002437
493.219546	0.058526	0.063966	-0.002720
493.574070	0.059474	0.063543	-0.002035
493.928548	0.058770	0.063275	-0.002252
494.282980	0.059155	0.063526	-0.002186
494.637366	0.058551	0.063686	-0.002567
494.991707	0.058651	0.063887	-0.002618
495.346001	0.059734	0.063926	-0.002096
495.700249	0.058960	0.062649	-0.001845
496.054451	0.058733	0.064040	-0.002653
496.408607	0.058471	0.063414	-0.002471
496.762718	0.059423	0.063972	-0.002275
497.116782	0.058465	0.062151	-0.001843
497.470800	0.059128	0.062985	-0.001928
497.824772	0.058756	0.062731	-0.001987
498.178698	0.059088	0.063156	-0.002034
498.532578	0.058675	0.063282	-0.002304
498.886412	0.058705	0.063886	-0.002591
499.240200	0.059081	0.063739	-0.002329
499.593942	0.060007	0.062912	-0.001453
499.947637	0.058960	0.062841	-0.001940
500.301287	0.059606	0.062868	-0.001631
500.654890	0.058821	0.062175	-0.001677
501.008448	0.060010	0.062888	-0.001439
501.361959	0.058963	0.063903	-0.002470
501.715424	0.059617	0.062644	-0.001514
502.068843	0.059692	0.061823	-0.001066
502.422215	0.058655	0.062958	-0.002152
502.775542	0.058872	0.062419	-0.001774
503.128822	0.058425	0.062075	-0.001825
503.482056	0.057735	0.062784	-0.002525
503.835244	0.058590	0.062930	-0.002170
504.188386	0.059454	0.061661	-0.001104
504.541481	0.058776	0.063144	-0.002184
504.894530	0.059590	0.062975	-0.001692
505.247533	0.058158	0.063225	-0.002533
505.600490	0.059905	0.062017	-0.001056
505.953400	0.059399	0.061881	-0.001241
506.306264	0.058763	0.062406	-0.001822
506.659082	0.059387	0.062555	-0.001584
507.011854	0.059165	0.062350	-0.001592
507.364579	0.059755	0.061713	-0.000979
507.717258	0.058508	0.061718	-0.001605
508.069890	0.058935	0.062595	-0.001830
508.422477	0.059091	0.061345	-0.001127
508.775016	0.059712	0.061257	-0.000773
509.127510	0.059237	0.061499	-0.001131
509.479957	0.059341	0.062393	-0.001526
509.832358	0.059663	0.062932	-0.001634
510.184712	0.060118	0.061693	-0.000788
510.537020	0.058708	0.061238	-0.001265
510.889281	0.057918	0.061910	-0.001996
511.241497	0.058881	0.062072	-0.001596
511.593665	0.058713	0.061610	-0.001449
511.945787	0.057933	0.061915	-0.001991
512.297863	0.059924	0.060104	-0.000090
512.649892	0.058749	0.061287	-0.001269
513.001875	0.059168	0.062168	-0.001500
513.353812	0.059644	0.061217	-0.000786
513.705701	0.058110	0.061434	-0.001662
514.057545	0.058518	0.061217	-0.001350
514.409342	0.059574	0.060740	-0.000583
514.761092	0.059071	0.062026	-0.001478
515.112796	0.059009	0.062271	-0.001631
515.464453	0.060153	0.061676	-0.000762
515.816064	0.059202	0.060929	-0.000864
516.167628	0.059113	0.061192	-0.001040
516.519145	0.059335	0.060515	-0.000590
516.870616	0.060043	0.059652	0.000195
517.222041	0.057957	0.061024	-0.001534
517.573418	0.058089	0.060684	-0.001297
517.924750	0.060066	0.061459	-0.000697
518.276034	0.058921	0.061525	-0.001302
518.627272	0.059392	0.061599	-0.001103
518.978463	0.058675	0.060764	-0.001045
519.329608	0.058211	0.060851	-0.001320
519.680706	0.058928	0.060067	-0.000570
520.031757	0.059156	0.061029	-0.000937
520.382762	0.058596	0.060342	-0.000873
520.733719	0.058319	0.060641	-0.001161
521.084631	0.057969	0.060892	-0.001461
521.435495	0.059088	0.060856	-0.000884
521.786313	0.058795	0.059863	-0.000534
522.137084	0.059562	0.059763	-0.000101
522.487808	0.059130	0.060526	-0.000698
522.838486	0.058868	0.060729	-0.000931
523.189116	0.058904	0.061228	-0.001162
523.539700	0.058735	0.059929	-0.000597
523.890237	0.060362	0.060772	-0.000205
524.240728	0.059132	0.059345	-0.000106
524.591171	0.058862	0.059500	-0.000319
524.941568	0.057931	0.060397	-0.001233
525.291918	0.058775	0.060366	-0.000795
525.642221	0.058059	0.060773	-0.001357
525.992478	0.059031	0.060788	-0.000878
526.342687	0.058553	0.059682	-0.000565
526.692850	0.059571	0.060789	-0.000609
527.042965	0.058876	0.060689	-0.000906
527.393034	0.058751	0.060961	-0.001105
527.743056	0.058713	0.059779	-0.000533
528.093031	0.058320	0.060610	-0.001145
528.442959	0.057783	0.060109	-0.001163
528.792840	0.060279	0.060890	-0.000306
529.142674	0.057632	0.061478	-0.001923
529.492462	0.058550	0.059558	-0.000504
529.842202	0.059087	0.060738	-0.000826
530.191895	0.057697	0.059761	-0.001032
530.541542	0.058809	0.060591	-0.000891
530.891141	0.059604	0.060920	-0.000658
531.240694	0.058860	0.060084	-0.000612
531.590199	0.057492	0.058945	-0.000726
531.939657	0.058047	0.059696	-0.000825
532.289069	0.059228	0.060317	-0.000545
532.638433	0.059321	0.059580	-0.000129
532.987750	0.059793	0.058681	0.000556
533.337021	0.059137	0.060557	-0.000710
533.686244	0.059162	0.059434	-0.000136
534.035420	0.058150	0.060277	-0.001064
534.384549	0.058006	0.060366	-0.001180
534.733631	0.058849	0.060216	-0.000683
535.082666	0.058395	0.059654	-0.000629
535.431653	0.058772	0.058559	0.000106
535.780594	0.058350	0.058976	-0.000313
536.129487	0.059142	0.058298	0.000422
536.478334	0.058548	0.060114	-0.000783
536.827133	0.059110	0.058566	0.000272
537.175885	0.059759	0.059964	-0.000102
537.524590	0.059384	0.059865	-0.000240
537.873247	0.058744	0.059700	-0.000478
538.221858	0.057388	0.059090	-0.000851
538.570421	0.058622	0.059490	-0.000434
538.918937	0.058411	0.059831	-0.000710
539.267406	0.058078	0.060169	-0.001046
539.615827	0.057908	0.061575	-0.001833
539.964202	0.057811	0.060180	-0.001185
540.312529	0.057542	0.058290	-0.000374
540.660808	0.057934	0.057646	0.000144
541.009041	0.058011	0.059930	-0.000960
541.357226	0.059819	0.061250	-0.000716
541.705364	0.058889	0.059938	-0.000525
542.053455	0.058577	0.058989	-0.000206
542.401498	0.058198	0.058747	-0.000274
542.749494	0.058363	0.058956	-0.000296
543.097443	0.059476	0.059506	-0.000015
543.445344	0.059886	0.059882	0.000002
543.793198	0.058562	0.058780	-0.000109
544.141005	0.058101	0.058912	-0.000405
544.488764	0.058461	0.058085	0.000188
544.836476	0.057290	0.059584	-0.001147
545.184140	0.058755	0.059794	-0.000519
545.531757	0.057582	0.058965	-0.000691
545.879327	0.058422	0.059261	-0.000419
546.226849	0.057694	0.058680	-0.000493
546.574324	0.057596	0.059544	-0.000974
546.921751	0.057594	0.056466	0.000564
547.269131	0.055295	0.058711	-0.001708
547.616463	0.057332	0.060277	-0.001473
547.963748	0.058341	0.058691	-0.000175
548.310985	0.058685	0.059357	-0.000336
548.658175	0.059352	0.059050	0.000151
549.005318	0.057610	0.058871	-0.000631
549.352413	0.057010	0.058392	-0.000691
549.699460	0.057445	0.059072	-0.000813
550.046460	0.058725	0.060405	-0.000840
550.393412	0.057399	0.058455	-0.000528
550.740317	0.058515	0.058583	-0.000034
551.087174	0.056732	0.058976	-0.001122
551.433984	0.056041	0.059096	-0.001527
551.780746	0.056799	0.059287	-0.001244
552.127460	0.056560	0.059300	-0.001370
552.474127	0.057117	0.059241	-0.001062
552.820746	0.058699	0.060331	-0.000816
553.167318	0.058733	0.059667	-0.000467
553.513842	0.057487	0.061330	-0.001922
553.860318	0.057554	0.057176	0.000189
554.206747	0.057324	0.058103	-0.000389
554.553128	0.058928	0.058123	0.000403
554.899461	0.056209	0.059985	-0.001888
555.245747	0.058121	0.058802	-0.000340
555.591985	0.057053	0.059008	-0.000978
555.938175	0.056963	0.060385	-0.001711
556.284317	0.056646	0.060843	-0.002099
556.630412	0.058087	0.059799	-0.000856
556.976459	0.055072	0.061103	-0.003015
557.322459	0.058476	0.059858	-0.000691
557.668410	0.056930	0.059751	-0.001410
558.014314	0.055951	0.059552	-0.001800
558.360170	0.055502	0.058537	-0.001517
558.705978	0.058209	0.059518	-0.000654
559.051739	0.058707	0.059320	-0.000306
559.397451	0.053852	0.057289	-0.001719
559.743116	0.058693	0.056654	0.001019
560.088733	0.055275	0.059103	-0.001914
560.434302	0.057294	0.060258	-0.001482
560.779823	0.055894	0.059009	-0.001558
561.125297	0.055462	0.058156	-0.001347
561.470722	0.055057	0.058936	-0.001939
561.816100	0.056877	0.057340	-0.000231
562.161430	0.057629	0.059479	-0.000925
562.506712	0.055489	0.059698	-0.002104
562.851946	0.055772	0.058443	-0.001335
563.197132	0.056760	0.057801	-0.000521
563.542270	0.058033	0.056250	0.000892
563.887360	0.056057	0.059438	-0.001690
564.232403	0.054296	0.060247	-0.002976
564.577397	0.056327	0.059529	-0.001601
564.922343	0.054374	0.060488	-0.003057
565.267242	0.056932	0.060447	-0.001758
565.612092	0.058028	0.058288	-0.000130
565.956895	0.056461	0.061278	-0.002408
566.301649	0.058152	0.060290	-0.001069
566.646355	0.057009	0.060101	-0.001546
566.991014	0.055467	0.059029	-0.001781
567.335624	0.054117	0.056484	-0.001184
567.680186	0.055388	0.059699	-0.002155
568.024700	0.054856	0.060334	-0.002739
568.369167	0.057882	0.060443	-0.001281
568.713585	0.058212	0.060315	-0.001051
569.057955	0.054640	0.059532	-0.002446
569.402277	0.053578	0.060439	-0.003431
569.746550	0.056375	0.058412	-0.001018
570.090776	0.055908	0.059926	-0.002009
570.434954	0.054488	0.060848	-0.003180
570.779083	0.056386	0.057627	-0.000621
571.123164	0.057404	0.059032	-0.000814
571.467197	0.054399	0.058590	-0.002096
571.811182	0.054575	0.059048	-0.002237
572.155119	0.055434	0.057228	-0.000897
572.499008	0.056016	0.058643	-0.001314
572.842848	0.055076	0.060585	-0.002755
573.186640	0.056465	0.059900	-0.001718
573.530384	0.054660	0.058000	-0.001670
573.874080	0.054725	0.058429	-0.001852
574.217727	0.054828	0.059139	-0.002155
574.561327	0.054518	0.058069	-0.001775
574.904878	0.056996	0.057253	-0.000129
575.248380	0.053922	0.059895	-0.002987
575.591835	0.056598	0.060102	-0.001752
575.935241	0.054585	0.058731	-0.002073
576.278599	0.052697	0.061865	-0.004584
576.621908	0.054842	0.057735	-0.001446
576.965170	0.054036	0.060203	-0.003083
577.308383	0.056112	0.059439	-0.001663
577.651547	0.053759	0.060269	-0.003255
577.994663	0.052737	0.056942	-0.002102
578.337731	0.053753	0.059698	-0.002972
578.680751	0.057828	0.061550	-0.001861
579.023722	0.055503	0.062059	-0.003278
579.366645	0.056229	0.059972	-0.001871
579.709519	0.053999	0.059066	-0.002533
580.052345	0.056450	0.058680	-0.001115
580.395123	0.054993	0.058372	-0.001690
580.737852	0.054879	0.060907	-0.003014
581.080532	0.054907	0.058923	-0.002008
581.423165	0.054619	0.056522	-0.000952
581.765748	0.053737	0.058812	-0.002538
582.108284	0.055390	0.061263	-0.002936
582.450770	0.056172	0.059240	-0.001534
582.793209	0.054383	0.060166	-0.002892
583.135599	0.055364	0.059960	-0.002298
583.477940	0.052609	0.059124	-0.003258
583.820233	0.051872	0.058359	-0.003243
584.162477	0.053363	0.061214	-0.003925
584.504673	0.053779	0.056474	-0.001348
584.846820	0.055167	0.057387	-0.001110
585.188919	0.054997	0.058637	-0.001820
585.530969	0.054869	0.058732	-0.001931
585.872970	0.052541	0.058993	-0.003226
586.214923	0.053995	0.059243	-0.002624
586.556827	0.053357	0.059912	-0.003277
586.898683	0.052740	0.060186	-0.003723
587.240490	0.054739	0.060188	-0.002725
587.582249	0.052387	0.058824	-0.003219
587.923958	0.054760	0.060624	-0.002932
588.265620	0.055002	0.058531	-0.001764
588.607232	0.054184	0.059884	-0.002850
588.948796	0.054241	0.060055	-0.002907
589.290311	0.053238	0.062164	-0.004463
589.631778	0.054137	0.059228	-0.002545
589.973196	0.054306	0.060283	-0.002989
590.314565	0.052826	0.060728	-0.003951
590.655885	0.052249	0.057131	-0.002441
590.997157	0.051298	0.060154	-0.004428
591.338379	0.054483	0.061021	-0.003269
591.679554	0.055877	0.056752	-0.000438
592.020679	0.053859	0.059966	-0.003054
592.361756	0.054462	0.058883	-0.002211
592.702784	0.051212	0.058543	-0.003666
593.043763	0.055779	0.059685	-0.001953
593.384693	0.053693	0.057466	-0.001887
593.725574	0.053873	0.058953	-0.002540
594.066407	0.055437	0.059913	-0.002238
594.407191	0.053178	0.062359	-0.004590
594.747926	0.052051	0.060474	-0.004212
595.088612	0.056931	0.060005	-0.001537
595.429249	0.054662	0.058467	-0.001903
595.769838	0.050606	0.059412	-0.004403
596.110377	0.053802	0.059694	-0.002946
596.450868	0.055457	0.059622	-0.002083
596.791309	0.052248	0.060148	-0.003950
597.131702	0.053217	0.059365	-0.003074
597.472046	0.052940	0.060008	-0.003534
597.812341	0.052608	0.058590	-0.002991
598.152587	0.054122	0.057433	-0.001656
598.492784	0.053840	0.061130	-0.003645
598.832933	0.051748	0.059309	-0.003780
599.173032	0.051527	0.057695	-0.003084
599.513082	0.053464	0.060256	-0.003396
599.853083	0.055292	0.062649	-0.003678
600.193035	0.054668	0.058978	-0.002155
600.532939	0.054156	0.059629	-0.002736
600.872793	0.055343	0.061046	-0.002852
601.212598	0.056200	0.060063	-0.001931
601.552354	0.051852	0.059486	-0.003817
601.892061	0.052122	0.058874	-0.003376
602.231719	0.052620	0.061292	-0.004336
602.571328	0.053761	0.060187	-0.003213
602.910888	0.053467	0.059121	-0.002827
603.250399	0.051815	0.058684	-0.003434
603.589860	0.050805	0.060423	-0.004809
603.929273	0.053122	0.058226	-0.002552
604.268636	0.052923	0.058317	-0.002697
604.607951	0.054033	0.060677	-0.003322
604.947216	0.050269	0.063630	-0.006681
605.286432	0.051616	0.061663	-0.005024
605.625599	0.052050	0.058971	-0.003460
605.964717	0.055443	0.058797	-0.001677
606.303785	0.053691	0.058724	-0.002517
606.642805	0.052518	0.060531	-0.004007
606.981775	0.052535	0.061145	-0.004305
607.320696	0.053764	0.058964	-0.002600
607.659567	0.054541	0.059382	-0.002421
607.998390	0.054049	0.057027	-0.001489
608.337163	0.052255	0.060649	-0.004197
608.675887	0.051787	0.061695	-0.004954
609.014562	0.051477	0.061521	-0.005022
609.353187	0.051881	0.058616	-0.003367
609.691764	0.052607	0.059689	-0.003541
610.030290	0.054361	0.058155	-0.001897
610.368768	0.051809	0.062117	-0.005154
610.707196	0.051191	0.060788	-0.004799
611.045575	0.053158	0.058466	-0.002654
611.383905	0.053331	0.058425	-0.002547
611.722185	0.052357	0.060123	-0.003883
612.060416	0.054510	0.058477	-0.001984
612.398598	0.051254	0.058765	-0.003755
612.736730	0.052045	0.062325	-0.005140
613.074813	0.052181	0.059840	-0.003829
613.412847	0.049581	0.058666	-0.004543
613.750831	0.051375	0.061211	-0.004918
614.088765	0.051433	0.062314	-0.005440
614.426651	0.052506	0.057934	-0.002714
614.764486	0.053452	0.059426	-0.002987
615.102273	0.051634	0.057984	-0.003175
615.440010	0.051460	0.060452	-0.004496
615.777697	0.053938	0.060817	-0.003440
616.115335	0.052526	0.059330	-0.003402
616.452924	0.052201	0.056949	-0.002374
616.790463	0.053572	0.059809	-0.003118
617.127952	0.051349	0.059506	-0.004079
617.465392	0.050194	0.059418	-0.004612
617.802783	0.052039	0.059630	-0.003795
618.140124	0.051780	0.060834	-0.004527
618.477415	0.048719	0.058748	-0.005014
618.814657	0.053807	0.059759	-0.002976
619.151850	0.051949	0.061559	-0.004805
619.488992	0.050702	0.057560	-0.003429
619.826086	0.050908	0.059947	-0.004519
620.163129	0.049030	0.059620	-0.005295
620.500123	0.052821	0.057436	-0.002308
620.837068	0.053199	0.058829	-0.002815
621.173962	0.051331	0.062380	-0.005524
621.510808	0.051597	0.056313	-0.002358
621.847603	0.052588	0.059508	-0.003460
622.184349	0.054750	0.059285	-0.002267
622.521045	0.051920	0.058013	-0.003046
622.857692	0.052777	0.058461	-0.002842
623.194289	0.052864	0.060342	-0.003739
623.530836	0.053488	0.063498	-0.005005
623.867333	0.052018	0.059930	-0.003956
624.203781	0.054075	0.058253	-0.002089
624.540179	0.052325	0.059826	-0.003750
624.876527	0.053100	0.058848	-0.002874
625.212826	0.052404	0.059971	-0.003783
625.549075	0.050305	0.059110	-0.004403
625.885274	0.051372	0.061581	-0.005105
626.221423	0.051898	0.058449	-0.003276
626.557523	0.052966	0.060432	-0.003733
626.893572	0.054348	0.058690	-0.002171
627.229572	0.052606	0.057899	-0.002647
627.565522	0.053367	0.059597	-0.003115
627.901423	0.053284	0.062005	-0.004360
628.237273	0.052809	0.060581	-0.003886
628.573074	0.049806	0.060278	-0.005236
628.908825	0.051782	0.059884	-0.004051
629.244526	0.050598	0.059336	-0.004369
629.580177	0.051226	0.059507	-0.004141
629.915778	0.051737	0.059851	-0.004057
630.251329	0.052174	0.059063	-0.003445
630.586830	0.053946	0.059273	-0.002664
630.922282	0.052358	0.058895	-0.003269
631.257683	0.050607	0.058512	-0.003953
631.593035	0.052220	0.059151	-0.003466
631.928337	0.051449	0.059195	-0.003873
632.263588	0.051233	0.061563	-0.005165
632.598790	0.052463	0.059843	-0.003690
632.933942	0.052502	0.060310	-0.003904
633.269044	0.053661	0.060404	-0.003371
633.604096	0.053654	0.059318	-0.002832
633.939098	0.054534	0.060489	-0.002977
634.274049	0.049404	0.061930	-0.006263
634.608951	0.050871	0.062181	-0.005655
634.943803	0.050892	0.060575	-0.004841
635.278605	0.053302	0.060574	-0.003636
635.613356	0.053516	0.059297	-0.002890
635.948058	0.047503	0.059028	-0.005763
636.282710	0.050238	0.059264	-0.004513
636.617311	0.052735	0.060157	-0.003711
636.951862	0.051174	0.059959	-0.004393
637.286364	0.049367	0.061935	-0.006284
637.620815	0.053435	0.060826	-0.003695
637.955216	0.051494	0.058248	-0.003377
638.289567	0.051011	0.058880	-0.003934
638.623868	0.050584	0.060246	-0.004831
638.958118	0.053739	0.063131	-0.004696
639.292319	0.051592	0.060037	-0.004223
639.626469	0.052074	0.058666	-0.003296
639.960569	0.050906	0.058565	-0.003830
640.294619	0.052559	0.059228	-0.003335
640.628619	0.050451	0.059446	-0.004497
640.962568	0.051716	0.061699	-0.004992
641.296468	0.052921	0.058866	-0.002973
641.630317	0.052760	0.059533	-0.003386
641.964116	0.053764	0.060445	-0.003341
642.297864	0.052517	0.058719	-0.003101
642.631563	0.050172	0.061306	-0.005567
642.965211	0.051919	0.059658	-0.003869
643.298808	0.050500	0.059174	-0.004337
643.632356	0.050682	0.060013	-0.004666
643.965853	0.051159	0.057333	-0.003087
644.299300	0.048740	0.057729	-0.004494
644.632697	0.050838	0.059980	-0.004571
644.966043	0.052903	0.060200	-0.003648
645.299339	0.051642	0.060405	-0.004381
645.632584	0.052228	0.060473	-0.004122
645.965779	0.056418	0.060898	-0.002240
646.298924	0.051277	0.060822	-0.004772
646.632019	0.051478	0.060409	-0.004465
646.965063	0.051820	0.057896	-0.003038
647.298056	0.049384	0.059500	-0.005058
647.630999	0.054263	0.061143	-0.003440
647.963892	0.052645	0.062098	-0.004726
648.296735	0.050594	0.059987	-0.004697
648.629527	0.053415	0.061774	-0.004179
648.962268	0.050414	0.058672	-0.004129
649.294959	0.052603	0.057437	-0.002417
649.627600	0.053464	0.058034	-0.002285
649.960190	0.053271	0.060693	-0.003711
650.292729	0.051117	0.060636	-0.004760
650.625218	0.053628	0.061885	-0.004128
650.957657	0.053365	0.061462	-0.004049
651.290045	0.053345	0.058528	-0.002591
651.622383	0.052929	0.059376	-0.003223
651.954669	0.055439	0.060004	-0.002282
652.286906	0.053121	0.060271	-0.003575
652.619092	0.054575	0.060484	-0.002954
652.951227	0.051612	0.058968	-0.003678
653.283312	0.051741	0.057996	-0.003128
653.615346	0.052753	0.060196	-0.003722
653.947329	0.051832	0.060741	-0.004455
654.279262	0.051503	0.058370	-0.003434
654.611145	0.053035	0.061387	-0.004176
654.942976	0.052919	0.059086	-0.003084
655.274757	0.052045	0.057461	-0.002708
655.606488	0.053608	0.059778	-0.003085
655.938167	0.052687	0.061591	-0.004452
656.269796	0.051801	0.061786	-0.004993
656.601375	0.054358	0.058412	-0.002027
656.932902	0.051160	0.058429	-0.003635
657.264379	0.053747	0.059113	-0.002683
657.595806	0.053041	0.058434	-0.002697
657.927181	0.052095	0.059962	-0.003934
658.258506	0.052430	0.059476	-0.003523
658.589780	0.052730	0.060807	-0.004038
658.921003	0.053421	0.059412	-0.002996
659.252176	0.050693	0.060247	-0.004777
659.583298	0.051271	0.058424	-0.003576
659.914369	0.053565	0.059263	-0.002849
660.245389	0.052642	0.058052	-0.002705
660.576358	0.053109	0.061019	-0.003955
660.907277	0.052007	0.060240	-0.004117
661.238145	0.054139	0.059791	-0.002826
661.568962	0.050196	0.060911	-0.005358
661.899728	0.051119	0.057552	-0.003216
662.230443	0.053381	0.062151	-0.004385
662.561107	0.053190	0.058388	-0.002599
662.891721	0.050987	0.060027	-0.004520
663.222283	0.051153	0.059086	-0.003967
663.552795	0.054680	0.059907	-0.002613
663.883256	0.053047	0.059487	-0.003220
664.213666	0.052905	0.058424	-0.002760
664.544025	0.054168	0.059871	-0.002852
664.874333	0.054052	0.061911	-0.003929
665.204590	0.050467	0.060509	-0.005021
665.534796	0.053422	0.060823	-0.003700
665.864952	0.055045	0.060349	-0.002652
666.195056	0.054630	0.059636	-0.002503
666.525109	0.054317	0.058679	-0.002181
666.855111	0.054549	0.059965	-0.002708
667.185063	0.051316	0.058244	-0.003464
667.514963	0.052067	0.058987	-0.003460
667.844812	0.052514	0.058920	-0.003203
668.174610	0.052727	0.058730	-0.003001
668.504357	0.054147	0.058959	-0.002406
668.834054	0.052797	0.059811	-0.003507
669.163699	0.053896	0.060774	-0.003439
669.493293	0.053262	0.059004	-0.002871
669.822836	0.052258	0.060539	-0.004140
670.152327	0.051747	0.058486	-0.003370
670.481768	0.051192	0.061021	-0.004915
670.811158	0.056175	0.057442	-0.000634
671.140496	0.053623	0.058898	-0.002637
671.469783	0.054984	0.058485	-0.001751
671.799020	0.053939	0.059975	-0.003018
672.128205	0.054034	0.059890	-0.002928
672.457339	0.055264	0.059947	-0.002342
672.786421	0.056147	0.059738	-0.001796
673.115453	0.054107	0.058733	-0.002313
673.444433	0.051698	0.056781	-0.002541
673.773362	0.053413	0.061397	-0.003992
674.102240	0.054298	0.062070	-0.003886
674.431067	0.052262	0.061766	-0.004752
674.759842	0.050498	0.059697	-0.004599
675.088567	0.054907	0.060935	-0.003014
675.417240	0.053818	0.059313	-0.002747
675.745861	0.055752	0.058461	-0.001355
676.074432	0.053190	0.058174	-0.002492
676.402951	0.054617	0.057969	-0.001676
676.731419	0.055902	0.058945	-0.001522
677.059835	0.054398	0.060448	-0.003025
677.388201	0.054085	0.062714	-0.004314
677.716515	0.052913	0.058094	-0.002591
678.044777	0.053703	0.060063	-0.003180
678.372988	0.058461	0.061312	-0.001425
678.701148	0.051509	0.058960	-0.003725
679.029257	0.054846	0.061701	-0.003428
679.357314	0.055107	0.059577	-0.002235
679.685320	0.054251	0.058055	-0.001902
680.013274	0.053878	0.058795	-0.002459
680.341177	0.055097	0.060549	-0.002726
680.669029	0.055905	0.060510	-0.002302
680.996829	0.052346	0.061068	-0.004361
681.324578	0.055345	0.060274	-0.002464
681.652275	0.051284	0.055630	-0.002173
681.979921	0.058632	0.060960	-0.001164
682.307515	0.057387	0.059634	-0.001124
682.635058	0.055103	0.061798	-0.003347
682.962550	0.059009	0.059936	-0.000463
683.289989	0.057434	0.058451	-0.000509
683.617378	0.052857	0.062120	-0.004631
683.944715	0.055299	0.060221	-0.002461
684.272000	0.055439	0.061148	-0.002854
684.599234	0.053410	0.061326	-0.003958
684.926416	0.053691	0.059744	-0.003026
685.253547	0.054310	0.061640	-0.003665
685.580626	0.056389	0.059010	-0.001310
685.907654	0.056084	0.060853	-0.002385
686.234630	0.051499	0.056533	-0.002517
686.561554	0.054524	0.059251	-0.002363
686.888427	0.055698	0.057899	-0.001100
687.215248	0.058160	0.058517	-0.000179
687.542018	0.059292	0.058586	0.000353
687.868736	0.055726	0.057247	-0.000761
688.195402	0.057138	0.060771	-0.001816
688.522017	0.056317	0.058336	-0.001009
688.848580	0.058318	0.060527	-0.001105
689.175091	0.055088	0.060544	-0.002728
689.501551	0.058358	0.060165	-0.000904
689.827959	0.056706	0.060961	-0.002128
690.154315	0.055492	0.059205	-0.001857
690.480620	0.052816	0.060373	-0.003779
690.806873	0.057171	0.056496	0.000338
691.133074	0.058487	0.059372	-0.000442
691.459223	0.058196	0.059407	-0.000605
691.785321	0.056254	0.058146	-0.000946
692.111367	0.055222	0.059750	-0.002264
692.437361	0.057440	0.061733	-0.002147
692.763303	0.056382	0.060459	-0.002039
693.089193	0.054812	0.063024	-0.004106
693.415032	0.056389	0.059939	-0.001775
693.740819	0.056528	0.059999	-0.001736
694.066554	0.058655	0.060100	-0.000722
694.392237	0.055985	0.060335	-0.002175
694.717869	0.057945	0.059279	-0.000667
695.043448	0.053939	0.059216	-0.002638
695.368976	0.057196	0.060352	-0.001578
695.694452	0.056555	0.060893	-0.002169
696.019876	0.056672	0.059398	-0.001363
696.345248	0.059022	0.060599	-0.000789
696.670568	0.055842	0.059746	-0.001952
696.995836	0.056334	0.060656	-0.002161
697.321052	0.056995	0.061943	-0.002474
697.646216	0.055830	0.060702	-0.002436
697.971329	0.057546	0.060310	-0.001382
698.296389	0.059486	0.059191	0.000147
698.621398	0.055309	0.058292	-0.001491
698.946354	0.053643	0.060648	-0.003503
699.271259	0.057693	0.061575	-0.001941
699.596111	0.059178	0.059069	0.000054
699.920912	0.056762	0.058548	-0.000893
700.245660	0.054784	0.059321	-0.002268
700.570357	0.058166	0.059326	-0.000580
700.895001	0.055048	0.057224	-0.001088
701.219594	0.055802	0.061935	-0.003066
701.544134	0.056689	0.062124	-0.002717
701.868622	0.058903	0.058728	0.000087
702.193059	0.056019	0.060699	-0.002340
702.517443	0.056264	0.057295	-0.000515
702.841775	0.057883	0.058570	-0.000343
703.166055	0.062321	0.060138	0.001092
703.490283	0.057637	0.061794	-0.002078
703.814458	0.058139	0.061070	-0.001465
704.138582	0.054719	0.058295	-0.001788
704.462653	0.058186	0.060615	-0.001215
704.786673	0.058380	0.059317	-0.000469
705.110640	0.056314	0.059576	-0.001631
705.434555	0.059459	0.058008	0.000726
705.758417	0.059415	0.061700	-0.001143
706.082228	0.054604	0.058456	-0.001926
706.405986	0.058668	0.058852	-0.000092
706.729692	0.057155	0.062410	-0.002627
707.053346	0.057530	0.060032	-0.001251
707.376948	0.059430	0.059905	-0.000238
707.700497	0.054632	0.058357	-0.001862
708.023995	0.057222	0.061839	-0.002309
708.347439	0.056549	0.056424	0.000063
708.670832	0.058063	0.058661	-0.000299
708.994173	0.060372	0.059159	0.000607
709.317461	0.056273	0.059943	-0.001835
709.640696	0.060944	0.058490	0.001227
709.963880	0.058647	0.057900	0.000374
710.287011	0.057443	0.057557	-0.000057
710.610090	0.058334	0.061764	-0.001715
710.933116	0.059300	0.060494	-0.000597
711.256090	0.058005	0.057896	0.000055
711.579012	0.056629	0.062225	-0.002798
711.901881	0.058314	0.061407	-0.001547
712.224698	0.058694	0.059040	-0.000173
712.547463	0.061200	0.056530	0.002335
712.870175	0.059756	0.059543	0.000106
713.192835	0.058591	0.060667	-0.001038
713.515442	0.058410	0.059592	-0.000591
713.837997	0.056493	0.058116	-0.000811
714.160499	0.057401	0.059327	-0.000963
714.482949	0.058861	0.059718	-0.000429
714.805347	0.056205	0.061024	-0.002409
715.127692	0.063753	0.059608	0.002073
715.449985	0.059932	0.059537	0.000197
715.772225	0.058143	0.059562	-0.000710
716.094412	0.057153	0.061235	-0.002041
716.416547	0.059280	0.056727	0.001276
716.738630	0.060263	0.058659	0.000802
717.060660	0.059584	0.061555	-0.000986
717.382637	0.058837	0.059055	-0.000109
717.704562	0.055423	0.060177	-0.002377
718.026435	0.060069	0.057782	0.001144
718.348254	0.055703	0.057746	-0.001022
718.670022	0.057351	0.059465	-0.001057
718.991736	0.059836	0.061458	-0.000811
719.313398	0.060234	0.062466	-0.001116
719.635008	0.058398	0.060166	-0.000884
719.956564	0.058872	0.058476	0.000198
720.278068	0.056479	0.059838	-0.001679
720.599520	0.062536	0.058194	0.002171
720.920919	0.062151	0.060436	0.000857
721.242265	0.059670	0.060655	-0.000492
721.563558	0.057569	0.063341	-0.002886
721.884799	0.057693	0.062178	-0.002243
722.205987	0.062195	0.058676	0.001760
722.527123	0.061425	0.059747	0.000839
722.848205	0.056871	0.059730	-0.001429
723.169235	0.063618	0.058431	0.002594
723.490212	0.060386	0.058199	0.001093
723.811137	0.061972	0.060673	0.000650
724.132009	0.062407	0.056527	0.002940
724.452828	0.059773	0.060294	-0.000260
724.773594	0.059807	0.059959	-0.000076
725.094307	0.061331	0.059816	0.000757
725.414968	0.060604	0.057836	0.001384
725.735576	0.057207	0.058535	-0.000664
726.056131	0.060653	0.059198	0.000728
726.376633	0.058264	0.057680	0.000292
726.697082	0.057907	0.057804	0.000051
727.017478	0.061210	0.057822	0.001694
727.337822	0.062068	0.058279	0.001895
727.658113	0.059763	0.059318	0.000222
727.978351	0.057026	0.059902	-0.001438
728.298536	0.061662	0.060044	0.000809
728.618668	0.061844	0.060055	0.000895
728.938747	0.060513	0.059360	0.000577
729.258773	0.058607	0.059895	-0.000644
729.578747	0.061247	0.058525	0.001361
729.898667	0.061844	0.058988	0.001428
730.218534	0.059527	0.062954	-0.001714
730.538349	0.058257	0.060362	-0.001052
730.858111	0.057906	0.057858	0.000024
731.177819	0.059746	0.058491	0.000627
731.497475	0.058693	0.062438	-0.001873
731.817077	0.059885	0.058549	0.000668
732.136627	0.057625	0.059068	-0.000721
732.456123	0.062117	0.062616	-0.000249
732.775567	0.061606	0.059876	0.000865
733.094958	0.060884	0.057890	0.001497
733.414295	0.062157	0.058150	0.002003
733.733579	0.063764	0.063658	0.000053
734.052811	0.064296	0.060467	0.001915
734.371989	0.059561	0.064898	-0.002669
734.691114	0.059818	0.057353	0.001233
735.010186	0.061511	0.058664	0.001424
735.329205	0.061353	0.059632	0.000860
735.648171	0.064692	0.056663	0.004015
735.967084	0.059179	0.062060	-0.001441
736.285944	0.061886	0.061168	0.000359
736.604750	0.061415	0.060119	0.000648
736.923503	0.057839	0.059882	-0.001022
737.242203	0.062720	0.060676	0.001022
737.560850	0.064709	0.062483	0.001113
737.879444	0.058707	0.059755	-0.000524
738.197985	0.062051	0.059321	0.001365
738.516472	0.061336	0.060981	0.000177
738.834906	0.059324	0.059778	-0.000227
739.153287	0.061683	0.061152	0.000266
739.471615	0.062411	0.060345	0.001033
739.789889	0.063789	0.062344	0.000722
740.108111	0.061409	0.058562	0.001424
740.426279	0.061085	0.060308	0.000388
740.744393	0.058689	0.058971	-0.000141
741.062455	0.061235	0.059470	0.000883
741.380463	0.063510	0.060004	0.001753
741.698417	0.062373	0.058223	0.002075
742.016319	0.063414	0.058661	0.002376
742.334167	0.059930	0.058378	0.000776
742.651962	0.063026	0.060853	0.001087
742.969703	0.060805	0.059835	0.000485
743.287391	0.061549	0.060804	0.000373
743.605026	0.062249	0.058001	0.002124
743.922607	0.064235	0.058970	0.002632
744.240135	0.061125	0.061961	-0.000418
744.557610	0.066483	0.059684	0.003399
744.875031	0.063260	0.058974	0.002143
745.192399	0.060360	0.057214	0.001573
745.509713	0.062207	0.058416	0.001895
745.826974	0.060810	0.060888	-0.000039
746.144182	0.061414	0.060151	0.000632
746.461336	0.064857	0.061618	0.001619
746.778436	0.061610	0.057629	0.001991
747.095483	0.062766	0.061168	0.000799
747.412477	0.058432	0.062426	-0.001997
747.729417	0.060310	0.062480	-0.001085
748.046303	0.061345	0.060912	0.000216
748.363136	0.062095	0.058117	0.001989
748.679916	0.062714	0.059033	0.001841
748.996642	0.064380	0.058630	0.002875
749.313314	0.062409	0.057737	0.002336
749.629933	0.061816	0.061211	0.000302
749.946498	0.063356	0.061040	0.001158
750.263010	0.060613	0.059924	0.000345
750.579468	0.062570	0.056524	0.003023
750.895873	0.061082	0.059619	0.000731
751.212224	0.063382	0.060539	0.001422
751.528521	0.065330	0.061449	0.001940
751.844765	0.064289	0.060101	0.002094
752.160955	0.066363	0.060144	0.003110
752.477091	0.060754	0.058599	0.001078
752.793174	0.063800	0.057267	0.003267
753.109203	0.060537	0.059782	0.000377
753.425178	0.063231	0.059752	0.001739
753.741100	0.063771	0.058778	0.002496
754.056968	0.061993	0.060655	0.000669
754.372783	0.064949	0.057437	0.003756
754.688543	0.064385	0.060098	0.002143
755.004250	0.061562	0.060009	0.000777
755.319903	0.064626	0.061382	0.001622
755.635503	0.064676	0.060378	0.002149
755.951048	0.064291	0.060977	0.001657
756.266540	0.063317	0.060012	0.001653
756.581978	0.060990	0.061473	-0.000241
756.897363	0.061330	0.060532	0.000399
757.212693	0.063189	0.055478	0.003856
757.527970	0.064215	0.062980	0.000618
757.843193	0.059971	0.059876	0.000047
758.158362	0.062946	0.061890	0.000528
758.473477	0.062110	0.059347	0.001382
758.788538	0.061804	0.058758	0.001523
759.103546	0.063732	0.056802	0.003465
759.418499	0.064872	0.059033	0.002919
759.733399	0.063853	0.062120	0.000867
760.048245	0.064753	0.057942	0.003406
760.363037	0.069856	0.060099	0.004879
760.677775	0.064335	0.062030	0.001153
760.992459	0.063246	0.058118	0.002564
761.307090	0.064026	0.062573	0.000726
761.621666	0.062960	0.061992	0.000484
761.936188	0.064527	0.059113	0.002707
762.250657	0.063275	0.059331	0.001972
762.565071	0.062408	0.059437	0.001486
762.879432	0.064034	0.061689	0.001173
763.193738	0.064770	0.057994	0.003388
763.507991	0.062721	0.059526	0.001598
763.822189	0.062129	0.060252	0.000938
764.136333	0.061861	0.059256	0.001302
764.450424	0.063017	0.062900	0.000059
764.764460	0.060578	0.061175	-0.000299
765.078443	0.061796	0.062905	-0.000554
765.392371	0.065830	0.062347	0.001741
765.706245	0.063798	0.060186	0.001806
766.020065	0.062315	0.062039	0.000138
766.333831	0.062629	0.063864	-0.000618
766.647543	0.067939	0.061569	0.003185
766.961201	0.062668	0.059145	0.001761
767.274805	0.063313	0.058703	0.002305
767.588354	0.064826	0.057643	0.003591
767.901850	0.063103	0.059772	0.001665
768.215291	0.064832	0.059191	0.002821
768.528678	0.065346	0.059273	0.003036
768.842011	0.065897	0.060629	0.002634
769.155290	0.066596	0.059643	0.003477
769.468515	0.065651	0.060604	0.002524
769.781685	0.063658	0.060632	0.001513
770.094801	0.063029	0.058318	0.002355
770.407864	0.062909	0.057844	0.002533
770.720871	0.063647	0.060526	0.001561
771.033825	0.068100	0.060714	0.003693
771.346724	0.064779	0.060416	0.002182
771.659569	0.059648	0.058137	0.000755
771.972360	0.062021	0.059873	0.001074
772.285096	0.064694	0.057987	0.003353
772.597779	0.064659	0.059491	0.002584
772.910407	0.066990	0.059784	0.003603
773.222980	0.057894	0.062720	-0.002413
773.535499	0.066579	0.060895	0.002842
773.847964	0.062697	0.061663	0.000517
774.160375	0.065960	0.062527	0.001716
774.472731	0.066412	0.059316	0.003548
774.785033	0.063500	0.065399	-0.000949
775.097281	0.062244	0.056585	0.002830
775.409474	0.063193	0.056337	0.003428
775.721613	0.067926	0.064383	0.001772
776.033697	0.068100	0.062490	0.002805
776.345727	0.065345	0.062801	0.001272
776.657702	0.065487	0.061216	0.002135
776.969624	0.069984	0.061892	0.004046
777.281490	0.067011	0.064730	0.001141
777.593303	0.060460	0.054478	0.002991
777.905060	0.062430	0.057529	0.002451
778.216764	0.064552	0.057574	0.003489
778.528412	0.061633	0.059563	0.001035
778.840007	0.066874	0.058164	0.004355
779.151547	0.066930	0.060779	0.003075
779.463032	0.066741	0.057428	0.004656
779.774463	0.068000	0.058481	0.004760
780.085839	0.059206	0.057788	0.000709
780.397161	0.067752	0.060089	0.003831
780.708428	0.062107	0.052757	0.004675
781.019641	0.068564	0.062269	0.003147
781.330799	0.064463	0.060244	0.002109
781.641902	0.062035	0.061956	0.000039
781.952951	0.065855	0.062235	0.001810
782.263946	0.070204	0.058338	0.005933
782.574885	0.059752	0.062928	-0.001588
782.885770	0.061988	0.060429	0.000780
783.196601	0.068315	0.060478	0.003919
783.507377	0.066918	0.056286	0.005316
783.818098	0.060432	0.059125	0.000654
784.128764	0.066545	0.058855	0.003845
784.439376	0.058619	0.060616	-0.000999
784.749933	0.065508	0.059684	0.002912
785.060436	0.067303	0.062906	0.002198
785.370884	0.066491	0.067866	-0.000687
785.681277	0.067941	0.062616	0.002663
785.991615	0.063499	0.062833	0.000333
786.301899	0.065785	0.058385	0.003700
786.612128	0.063736	0.061285	0.001225
786.922302	0.065161	0.061241	0.001960
787.232421	0.063942	0.060952	0.001495
787.542486	0.063703	0.063731	-0.000014
787.852496	0.066525	0.054295	0.006115
788.162451	0.064668	0.054803	0.004933
788.472351	0.064946	0.064535	0.000206
788.782196	0.064813	0.062952	0.000931
789.091987	0.067380	0.066151	0.000614
789.401723	0.069249	0.059940	0.004654
789.711404	0.067957	0.065419	0.001269
790.021030	0.066942	0.059238	0.003852
790.330601	0.061708	0.059898	0.000905
790.640117	0.065269	0.061789	0.001740
790.949579	0.063278	0.062893	0.000193
791.258985	0.068069	0.060571	0.003749
791.568337	0.062280	0.060069	0.001106
791.877634	0.066517	0.058824	0.003847
792.186876	0.063898	0.055484	0.004207
792.496063	0.064513	0.061024	0.001744
792.805195	0.070699	0.061899	0.004400
793.114272	0.064953	0.067422	-0.001235
793.423294	0.066558	0.057207	0.004676
793.732261	0.064637	0.059529	0.002554
794.041173	0.064127	0.057827	0.003150
794.350030	0.067313	0.060358	0.003477
794.658833	0.067231	0.059275	0.003978
794.967580	0.067313	0.054882	0.006216
795.276272	0.069453	0.065211	0.002121
795.584909	0.069519	0.062069	0.003725
795.893491	0.064222	0.064480	-0.000129
796.202018	0.065922	0.065597	0.000163
796.510490	0.061190	0.063303	-0.001056
796.818907	0.061487	0.061586	-0.000049
797.127269	0.067241	0.060825	0.003208
797.435576	0.066080	0.065073	0.000504
797.743827	0.060741	0.061248	-0.000253
798.052024	0.067860	0.059618	0.004121
798.360165	0.069843	0.057451	0.006196
798.668251	0.063468	0.059452	0.002008
798.976283	0.067416	0.061555	0.002931
799.284259	0.059670	0.057273	0.001199
799.592179	0.063643	0.065257	-0.000807
799.900045	0.062487	0.057714	0.002387
800.207855	0.063710	0.059616	0.002047
800.515611	0.067337	0.059514	0.003911
800.823311	0.065503	0.058791	0.003356
801.130956	0.067624	0.057291	0.005167
801.438545	0.065034	0.065826	-0.000396
801.746080	0.068713	0.062952	0.002880
802.053559	0.067203	0.060477	0.003363
802.360983	0.065069	0.062857	0.001106
802.668352	0.067932	0.060729	0.003602
802.975665	0.060792	0.062094	-0.000651
803.282923	0.070086	0.055681	0.007202
803.590126	0.067320	0.062416	0.002452
803.897274	0.065215	0.058234	0.003491
804.204366	0.065564	0.059609	0.002978
804.511403	0.061280	0.059607	0.000837
804.818384	0.057525	0.063560	-0.003017
805.125311	0.066365	0.060044	0.003160
805.432181	0.064202	0.060464	0.001869
805.738997	0.062015	0.056219	0.002898
806.045757	0.061232	0.063031	-0.000899
806.352462	0.065542	0.055302	0.005120
806.659111	0.074814	0.055623	0.009595
806.965705	0.065379	0.057209	0.004085
807.272244	0.074599	0.057863	0.008368
807.578727	0.073656	0.063963	0.004846
807.885155	0.065028	0.059236	0.002896
808.191527	0.068997	0.060646	0.004176
808.497844	0.062271	0.061518	0.000377
808.804105	0.062261	0.054277	0.003992
809.110311	0.066975	0.057530	0.004723
809.416462	0.065268	0.061502	0.001883
809.722557	0.066403	0.059305	0.003549
810.028596	0.071020	0.055822	0.007599
810.334580	0.062634	0.064207	-0.000787
810.640508	0.062949	0.060635	0.001157
810.946381	0.066147	0.061114	0.002516
811.252199	0.066233	0.058305	0.003964
811.557961	0.067793	0.054189	0.006802
811.863667	0.069027	0.059927	0.004550
812.169317	0.066239	0.053987	0.006126
812.474913	0.064073	0.065113	-0.000520
812.780452	0.066661	0.062351	0.002155
813.085936	0.066902	0.060965	0.002968
813.391364	0.066560	0.062483	0.002038
813.696737	0.064143	0.064586	-0.000222
814.002054	0.069784	0.057154	0.006315
814.307315	0.062560	0.058821	0.001870
814.612521	0.066129	0.057689	0.004220
814.917671	0.075045	0.055476	0.009784
815.222766	0.065840	0.056903	0.004469
815.527804	0.062958	0.055503	0.003728
815.832787	0.065331	0.055442	0.004944
816.137715	0.060579	0.063609	-0.001515
816.442586	0.070174	0.055679	0.007247
816.747402	0.070016	0.057696	0.006160
817.052162	0.067016	0.058196	0.004410
817.356867	0.063889	0.059496	0.002196
817.661516	0.059370	0.061944	-0.001287
817.966109	0.072703	0.056193	0.008255
818.270646	0.065221	0.059896	0.002663
818.575127	0.065073	0.057527	0.003773
818.879553	0.075221	0.056299	0.009461
819.183922	0.072019	0.054021	0.008999
819.488236	0.065319	0.058734	0.003292
819.792495	0.058326	0.060877	-0.001276
820.096697	0.065866	0.053727	0.006069
820.400843	0.070362	0.055124	0.007619
820.704934	0.070271	0.060716	0.004778
821.008969	0.069570	0.057479	0.006045
821.312948	0.069282	0.060953	0.004164
821.616871	0.056210	0.056359	-0.000075
821.920738	0.060061	0.068073	-0.004006
822.224549	0.063813	0.050551	0.006631
822.528305	0.068855	0.056877	0.005989
822.832004	0.068408	0.057506	0.005451
823.135647	0.069051	0.067147	0.000952
823.439235	0.066805	0.060584	0.003111
823.742767	0.063596	0.056962	0.003317
824.046242	0.071301	0.054627	0.008337
824.349662	0.072433	0.067823	0.002305
824.653026	0.066727	0.061077	0.002825
824.956333	0.067371	0.065312	0.001029
825.259585	0.071268	0.063379	0.003944
825.562781	0.072584	0.056998	0.007793
825.865920	0.064231	0.061474	0.001379
826.169004	0.057405	0.058609	-0.000602
826.472031	0.074129	0.060411	0.006859
826.775003	0.075296	0.060790	0.007253
827.077918	0.068746	0.054632	0.007057
827.380778	0.060076	0.065937	-0.002930
827.683581	0.061608	0.058556	0.001526
827.986328	0.073299	0.061960	0.005670
828.289019	0.067532	0.060767	0.003382
828.591654	0.062924	0.069051	-0.003063
828.894233	0.058784	0.064515	-0.002865
829.196756	0.070740	0.067952	0.001394
829.499223	0.062694	0.058296	0.002199
829.801633	0.065385	0.069899	-0.002257
830.103988	0.071336	0.061785	0.004775
830.406286	0.061721	0.059951	0.000885
830.708528	0.059633	0.054402	0.002616
831.010713	0.072101	0.056135	0.007983
831.312843	0.056993	0.059968	-0.001487
831.614916	0.063545	0.071180	-0.003818
831.916933	0.064914	0.055638	0.004638
832.218894	0.058397	0.056969	0.000714
832.520799	0.069823	0.060325	0.004749
832.822647	0.066698	0.061131	0.002783
833.124440	0.066857	0.067388	-0.000266
833.426175	0.067375	0.062512	0.002432
833.727855	0.074061	0.054393	0.009834
834.029478	0.069618	0.061491	0.004064
834.331045	0.069013	0.064421	0.002296
834.632556	0.056115	0.066142	-0.005013
834.934010	0.055020	0.069740	-0.007360
835.235408	0.064390	0.069111	-0.002361
835.536750	0.067862	0.060413	0.003725
835.838035	0.068852	0.065937	0.001458
836.139264	0.067234	0.060094	0.003570
836.440437	0.061549	0.064691	-0.001571
836.741553	0.069453	0.067528	0.000962
837.042613	0.063580	0.064017	-0.000218
837.343616	0.069205	0.062823	0.003191
837.644563	0.062700	0.062053	0.000324
837.945454	0.067513	0.059121	0.004196
838.246288	0.068546	0.062809	0.002868
838.547066	0.065807	0.057448	0.004179
838.847787	0.076184	0.061912	0.007136
839.148452	0.063794	0.061773	0.001010
839.449060	0.059484	0.069401	-0.004958
839.749612	0.063487	0.054096	0.004695
840.050108	0.070067	0.051426	0.009320
840.350547	0.072839	0.060682	0.006079
840.650929	0.063965	0.054909	0.004528
840.951255	0.069746	0.064238	0.002754
841.251524	0.072057	0.061206	0.005425
841.551737	0.072468	0.061317	0.005576
841.851893	0.069923	0.060754	0.004584
842.151993	0.067016	0.071285	-0.002134
842.452036	0.068573	0.064349	0.002112
842.752022	0.064254	0.064447	-0.000097
843.051952	0.068624	0.055135	0.006745
843.351825	0.068755	0.071579	-0.001412
843.651642	0.058020	0.063007	-0.002494
843.951402	0.065941	0.055492	0.005225
844.251106	0.071493	0.056187	0.007653
844.550752	0.062505	0.070461	-0.003978
844.850343	0.069691	0.068982	0.000355
845.149876	0.067892	0.063548	0.002172
845.449353	0.064129	0.063854	0.000138
845.748773	0.056446	0.057523	-0.000539
846.048136	0.056097	0.058888	-0.001395
846.347443	0.060676	0.059142	0.000767
846.646693	0.053920	0.066263	-0.006172
846.945886	0.074391	0.066807	0.003792
847.245023	0.077481	0.060626	0.008427
847.544103	0.061910	0.062495	-0.000293
847.843126	0.068637	0.069250	-0.000307
848.142092	0.067911	0.071928	-0.002009
848.441002	0.067714	0.053994	0.006860
848.739854	0.064956	0.069217	-0.002131
849.038650	0.057183	0.052895	0.002144
849.337390	0.063443	0.069902	-0.003230
849.636072	0.063733	0.063885	-0.000076
849.934697	0.066597	0.057619	0.004489
850.233266	0.055359	0.065798	-0.005220
850.531778	0.070123	0.065232	0.002446
850.830233	0.065924	0.058700	0.003612
851.128631	0.076442	0.053675	0.011384
851.426972	0.076153	0.064049	0.006052
851.725257	0.064623	0.060238	0.002192
852.023484	0.063672	0.059649	0.002012
852.321655	0.049105	0.053226	-0.002061
852.619768	0.063948	0.058272	0.002838
852.917825	0.060097	0.063607	-0.001755
853.215825	0.066882	0.058228	0.004327
853.513768	0.065823	0.058526	0.003649
853.811654	0.070293	0.061814	0.004240
854.109483	0.077833	0.065590	0.006122
854.407255	0.068755	0.067994	0.000380
854.704970	0.065542	0.056970	0.004286
855.002628	0.069437	0.058431	0.005503
855.300229	0.061730	0.055970	0.002880
855.597773	0.068107	0.068373	-0.000133
855.895260	0.065456	0.054064	0.005696
856.192690	0.065126	0.069869	-0.002371
856.490063	0.056535	0.059154	-0.001310
856.787378	0.074806	0.063684	0.005561
857.084637	0.082869	0.060499	0.011185
857.381839	0.066419	0.064249	0.001085
857.678984	0.070759	0.072069	-0.000655
857.976071	0.070175	0.079211	-0.004518
858.273101	0.074048	0.059627	0.007211
858.570075	0.065997	0.064166	0.000916
858.866991	0.072627	0.082366	-0.004869
859.163850	0.065302	0.052207	0.006548
859.460652	0.063579	0.059688	0.001946
859.757397	0.066418	0.061103	0.002658
860.054084	0.069029	0.064647	0.002191
860.350715	0.060335	0.064196	-0.001931
860.647288	0.065241	0.048322	0.008460
860.943804	0.063007	0.063857	-0.000425
861.240263	0.069884	0.059748	0.005068
861.536665	0.063419	0.055116	0.004151
861.833009	0.067790	0.061839	0.002976
862.129296	0.070099	0.061010	0.004545
862.425526	0.062849	0.071479	-0.004315
862.721699	0.066350	0.070560	-0.002105
863.017814	0.067024	0.075094	-0.004035
863.313872	0.061440	0.065118	-0.001839
863.609873	0.050714	0.054117	-0.001702
863.905817	0.062923	0.062839	0.000042
864.201703	0.068746	0.061677	0.003535
864.497532	0.067152	0.050221	0.008466
864.793304	0.067452	0.064790	0.001331
865.089018	0.078485	0.059890	0.009298
865.384675	0.055290	0.059693	-0.002202
865.680274	0.052514	0.072532	-0.010009
865.975817	0.052954	0.061402	-0.004224
866.271302	0.063151	0.063188	-0.000018
866.566729	0.067448	0.060151	0.003649
866.862099	0.065804	0.051911	0.006946
867.157412	0.068770	0.061853	0.003459
867.452667	0.066316	0.058348	0.003984
867.747865	0.072281	0.056897	0.007692
868.043005	0.069911	0.052577	0.008667
868.338088	0.059821	0.051320	0.004251
868.633114	0.065957	0.061913	0.002022
868.928082	0.072899	0.059871	0.006514
869.222993	0.061965	0.053087	0.004439
869.517846	0.068943	0.063477	0.002733
869.812641	0.075602	0.071182	0.002210
870.107379	0.056960	0.067060	-0.005050
870.402060	0.077646	0.064146	0.006750
870.696683	0.068105	0.056995	0.005555
870.991248	0.074920	0.051964	0.011478
871.285756	0.064370	0.052837	0.005767
871.580207	0.074553	0.061670	0.006442
871.874600	0.067842	0.069960	-0.001059
872.168935	0.066604	0.059579	0.003512
872.463213	0.067663	0.072406	-0.002372
872.757433	0.057860	0.056631	0.000614
873.051595	0.069845	0.053820	0.008013
873.345700	0.068401	0.070698	-0.001148
873.639748	0.064118	0.052061	0.006029
873.933737	0.084837	0.055626	0.014606
874.227669	0.072736	0.080472	-0.003868
874.521544	0.063203	0.062606	0.000299
874.815360	0.049958	0.059956	-0.004999
875.109119	0.066648	0.068438	-0.000895
875.402821	0.074662	0.069675	0.002494
875.696464	0.051670	0.074483	-0.011406
875.990050	0.055572	0.058455	-0.001442
876.283578	0.070011	0.071131	-0.000560
876.577049	0.064812	0.059210	0.002801
876.870462	0.081668	0.048937	0.016365
877.163817	0.073274	0.070953	0.001160
877.457114	0.082001	0.060448	0.010777
877.750353	0.067106	0.043339	0.011883
878.043535	0.051201	0.072093	-0.010446
878.336659	0.064090	0.073114	-0.004512
878.629725	0.060090	0.078950	-0.009430
878.922733	0.059151	0.060610	-0.000730
879.215684	0.052567	0.067697	-0.007565
879.508577	0.068662	0.049704	0.009479
879.801411	0.052485	0.077676	-0.012595
880.094189	0.059710	0.050694	0.004508
880.386908	0.055982	0.061561	-0.002789
880.679569	0.075039	0.056752	0.009143
880.972172	0.062331	0.065074	-0.001372
881.264718	0.067325	0.054760	0.006283
881.557206	0.077504	0.065168	0.006168
881.849635	0.061859	0.068842	-0.003492
882.142007	0.052517	0.075151	-0.011317
882.434321	0.047266	0.063012	-0.007873
882.726577	0.066341	0.059663	0.003339
883.018775	0.064086	0.055342	0.004372
883.310915	0.069842	0.075057	-0.002608
883.602997	0.066413	0.058356	0.004028
883.895021	0.071494	0.077797	-0.003151
884.186987	0.057206	0.067714	-0.005254
884.478896	0.071874	0.070636	0.000619
884.770746	0.064805	0.078734	-0.006965
885.062538	0.069283	0.076936	-0.003826
885.354272	0.073050	0.052321	0.010365
885.645948	0.055305	0.056404	-0.000550
885.937566	0.056816	0.064741	-0.003962
886.229126	0.064171	0.066270	-0.001049
886.520628	0.073808	0.042198	0.015805
886.812072	0.077880	0.070799	0.003541
887.103458	0.057577	0.053490	0.002043
887.394785	0.069180	0.062066	0.003557
887.686055	0.059484	0.073310	-0.006913
887.977266	0.056027	0.069868	-0.006921
888.268420	0.080528	0.069746	0.005391
888.559515	0.073462	0.063624	0.004919
888.850552	0.066920	0.052964	0.006978
889.141531	0.062418	0.055568	0.003425
889.432451	0.062169	0.062512	-0.000172
889.723314	0.066952	0.061562	0.002695
890.014118	0.080134	0.049205	0.015465
890.304864	0.063436	0.077300	-0.006932
890.595552	0.064357	0.056595	0.003881
890.886182	0.069547	0.064472	0.002538
891.176754	0.061693	0.042579	0.009557
891.467267	0.057226	0.072282	-0.007528
891.757722	0.075640	0.068859	0.003390
