189.527725	0.102978	0.102978	0.000000
189.916390	-929406585213470.875000	-929406585213470.875000	0.000000
190.305018	0.062954	-0.238333	0.150643
190.693607	0.182371	-0.124844	0.153607
191.082159	-0.133855	0.429536	-0.281695
191.470673	-0.676353	-0.505580	-0.085386
191.859149	-1.183237	1.906096	-1.544666
192.247587	0.016193	-6.308396	3.162294
192.635988	0.315402	-0.087901	0.201652
193.024351	0.727974	0.094495	0.316740
193.412676	-0.739736	0.203669	-0.471703
193.800963	-0.178605	16.407823	-8.293214
194.189212	-0.212424	-0.765441	0.276508
194.577423	0.485733	0.116565	0.184584
194.965597	-0.205235	0.153922	-0.179578
195.353732	-0.084313	1.175167	-0.629740
195.741830	0.119032	-0.159716	0.139374
196.129890	-0.041288	-0.844316	0.401514
196.517911	-0.214548	0.027082	-0.120815
196.905895	-0.063993	-0.801173	0.368590
197.293841	-0.013267	-0.227237	0.106985
197.681749	0.074172	0.212537	-0.069183
198.069619	-0.095716	-0.133859	0.019071
198.457452	-0.497728	0.389467	-0.443597
198.845246	0.101301	0.531025	-0.214862
199.233002	-0.330634	0.103586	-0.217110
199.620720	-1.173093	0.181870	-0.677481
200.008400	-6.611903	0.247426	-3.429664
200.396042	-0.011595	-0.180541	0.084473
200.783646	0.024104	1.230007	-0.602951
201.171212	-0.353051	0.145740	-0.249395
201.558740	-1.332979	0.162065	-0.747522
201.946230	0.309194	-0.206776	0.257985
202.333682	0.227830	0.135592	0.046119
202.721096	7.030289	0.362428	3.333931
203.108472	0.624202	0.325742	0.149230
203.495809	0.244147	0.029029	0.107559
203.883109	0.073877	-0.124988	0.099432
204.270370	0.820005	0.218733	0.300636
204.657593	0.146638	0.411632	-0.132497
205.044779	0.001563	-0.070211	0.035887
205.431926	-0.258986	0.158670	-0.208828
205.819034	-0.078766	0.574170	-0.326468
206.206105	0.331867	0.178665	0.076601
206.593137	-2.653475	0.119859	-1.386667
206.980132	0.147659	-0.009448	0.078554
207.367088	0.253853	0.463490	-0.104818
207.754006	0.354454	0.030555	0.161949
208.140885	1.111541	0.159658	0.475941
208.527727	-0.038554	0.416812	-0.227683
208.914530	-0.987211	2.159992	-1.573601
209.301295	3.209151	0.000405	1.604373
209.688022	-0.850896	-0.001853	-0.424522
210.074710	0.115533	0.278772	-0.081620
210.461360	13.849347	0.163846	6.842751
210.847972	0.109554	0.058952	0.025301
211.234546	-1.456491	0.048579	-0.752535
211.621081	0.081760	0.207257	-0.062748
212.007578	-0.008381	-0.106257	0.048938
212.394036	-0.136469	0.891729	-0.514099
212.780457	-0.130207	-0.222140	0.045967
213.166839	-0.006647	-0.016845	0.005099
213.553182	0.205239	0.032974	0.086133
213.939487	-0.055125	0.043399	-0.049262
214.325754	-0.361732	0.020949	-0.191340
214.711983	0.320495	-0.103276	0.211886
215.098173	-1.563065	-0.072490	-0.745287
215.484324	-0.163457	0.090666	-0.127062
215.870437	-0.417116	0.236110	-0.326613
216.256512	0.080030	0.080827	-0.000398
216.642548	0.304965	-0.023980	0.164473
217.028546	-0.034885	0.069065	-0.051975
217.414506	0.147373	0.055042	0.046165
217.800427	0.222111	0.223590	-0.000740
218.186309	-0.469569	0.595954	-0.532761
218.572153	0.085851	-0.033527	0.059689
218.957959	-0.399015	0.023845	-0.211430
219.343726	-0.125454	-0.071421	-0.027017
219.729454	-0.017394	-0.126550	0.054578
220.115144	-0.210232	1.618172	-0.914202
220.500795	-0.597906	-0.049226	-0.274340
220.886408	-0.186626	-0.765245	0.289309
221.271983	-0.536592	-0.462094	-0.037249
221.657518	1.322692	-1.073857	1.198275
222.043016	-1.956278	-0.227729	-0.864275
222.428474	1.252885	-0.306264	0.779574
222.813894	-0.305226	-1.660068	0.677421
223.199275	2.867541	-0.424521	1.646031
223.584618	-1.205027	-1.252577	0.023775
223.969922	-0.751375	-1.554106	0.401366
224.355188	-1.598916	-0.466241	-0.566337
224.740414	-1.022849	-0.792679	-0.115085
225.125603	-1.179355	-1.091593	-0.043881
225.510752	-1.431258	-0.494326	-0.468466
225.895863	-2.139558	-0.616796	-0.761381
226.280935	-1.351045	-1.412114	0.030535
226.665968	-1.358774	-1.144596	-0.107089
227.050963	-1.320137	-0.972961	-0.173588
227.435919	-1.236987	-1.041788	-0.097600
227.820836	-0.881594	-1.779399	0.448902
228.205715	-1.846069	-1.119979	-0.363045
228.590555	-1.049120	-0.950893	-0.049113
228.975356	-2.432186	-1.580263	-0.425962
229.360118	-2.998760	-1.147927	-0.925417
229.744841	-0.887308	-0.839195	-0.024056
230.129526	-0.997826	-1.211208	0.106691
230.514172	-1.148771	-0.944714	-0.102028
230.898779	-0.782313	-1.035893	0.126790
231.283347	-1.576604	-0.819138	-0.378733
231.667877	-1.799208	-1.092973	-0.353117
232.052367	-0.969955	-1.098848	0.064446
232.436819	-0.906914	-1.063017	0.078052
232.821232	-1.129288	-0.883079	-0.123105
233.205606	-0.860281	-1.266934	0.203326
233.589941	-1.522083	-1.121736	-0.200174
233.974237	-1.476490	-0.776723	-0.349884
234.358495	-2.331368	-1.223268	-0.554050
234.742713	-0.962517	-1.122198	0.079840
235.126893	-1.308015	-0.953594	-0.177211
235.511033	-1.371504	-0.825071	-0.273216
235.895135	-1.409444	-0.834733	-0.287356
236.279198	-1.269408	-0.717013	-0.276197
236.663221	-1.006747	-0.759685	-0.123531
237.047206	-1.111240	-0.908473	-0.101384
237.431152	-0.835673	-0.953398	0.058862
237.815059	-1.081882	-1.098479	0.008299
238.198926	-1.076580	-0.906549	-0.085015
238.582755	-1.399183	-0.901602	-0.248791
238.966545	-0.892994	-0.947837	0.027422
239.350296	-1.215900	-0.973065	-0.121418
239.734007	-1.121785	-1.161420	0.019817
240.117680	-1.152189	-0.996482	-0.077854
240.501314	-1.061074	-0.771799	-0.144637
240.884908	-0.981684	-0.853100	-0.064292
241.268464	-0.958311	-0.954831	-0.001740
241.651980	-1.033419	-1.015443	-0.008988
242.035457	-1.165508	-0.936246	-0.114631
242.418895	-1.034940	-1.017810	-0.008565
242.802294	-1.143151	-1.031812	-0.055670
243.185654	-1.264651	-1.151252	-0.056699
243.568975	-0.917370	-0.997317	0.039973
243.952257	-0.986669	-0.900528	-0.043071
244.335499	-0.937910	-0.826270	-0.055820
244.718702	-1.042146	-0.997680	-0.022233
245.101867	-0.951905	-0.905425	-0.023240
245.484991	-1.067703	-0.895290	-0.086206
245.868077	-1.132071	-0.871854	-0.130109
246.251124	-1.017636	-0.892377	-0.062630
246.634131	-0.962972	-0.872443	-0.045264
247.017099	-0.983833	-0.826001	-0.078916
247.400028	-1.151004	-0.907623	-0.121690
247.782917	-0.909448	-0.839180	-0.035134
248.165768	-0.951414	-0.866003	-0.042705
248.548579	-0.767139	-0.903540	0.068201
248.931350	-0.984695	-0.815222	-0.084736
249.314083	-0.891180	-0.691914	-0.099633
249.696776	-0.796855	-0.804818	0.003982
250.079430	-0.905928	-0.985345	0.039708
250.462044	-0.913825	-0.930965	0.008570
250.844620	-0.815755	-0.786371	-0.014692
251.227155	-0.887273	-0.854770	-0.016252
251.609652	-0.828379	-0.775848	-0.026265
251.992109	-0.802917	-0.816061	0.006572
252.374527	-0.851643	-0.791714	-0.029964
252.756905	-0.834959	-0.791850	-0.021555
253.139244	-0.806398	-0.794907	-0.005745
253.521544	-0.881315	-0.783009	-0.049153
253.903804	-0.807757	-0.826716	0.009480
254.286025	-0.869577	-0.778126	-0.045726
254.668206	-0.848802	-0.726947	-0.060927
255.050348	-0.753409	-0.707315	-0.023047
255.432451	-0.738874	-0.714258	-0.012308
255.814514	-0.722543	-0.655135	-0.033704
256.196537	-0.734481	-0.728291	-0.003095
256.578521	-0.727171	-0.718096	-0.004538
256.960466	-0.738913	-0.684680	-0.027116
257.342371	-0.712130	-0.740988	0.014429
257.724236	-0.784558	-0.713159	-0.035700
258.106062	-0.762873	-0.731836	-0.015519
258.487849	-0.692329	-0.734549	0.021110
258.869596	-0.690975	-0.627999	-0.031488
259.251303	-0.724015	-0.632106	-0.045955
259.632971	-0.703020	-0.659358	-0.021831
260.014599	-0.647011	-0.615929	-0.015541
260.396188	-0.665433	-0.632202	-0.016616
260.777737	-0.666768	-0.650211	-0.008279
261.159247	-0.708203	-0.655668	-0.026268
261.540717	-0.636634	-0.637323	0.000345
261.922147	-0.623614	-0.598200	-0.012707
262.303538	-0.689495	-0.606700	-0.041397
262.684889	-0.645653	-0.568183	-0.038735
263.066200	-0.639507	-0.573897	-0.032805
263.447472	-0.594328	-0.556993	-0.018667
263.828704	-0.654791	-0.574649	-0.040071
264.209896	-0.587640	-0.551967	-0.017836
264.591049	-0.568290	-0.561259	-0.003515
264.972162	-0.624231	-0.554392	-0.034920
265.353235	-0.541583	-0.581167	0.019792
265.734268	-0.568257	-0.616147	0.023945
266.115262	-0.540110	-0.508537	-0.015787
266.496216	-0.573299	-0.516016	-0.028641
266.877130	-0.575544	-0.526416	-0.024564
267.258005	-0.539044	-0.497379	-0.020833
267.638840	-0.535595	-0.533092	-0.001252
268.019635	-0.501846	-0.516760	0.007457
268.400390	-0.550438	-0.495193	-0.027623
268.781105	-0.515161	-0.510152	-0.002504
269.161781	-0.484576	-0.496882	0.006153
269.542417	-0.514171	-0.477175	-0.018498
269.923013	-0.460652	-0.497864	0.018606
270.303569	-0.472932	-0.455471	-0.008730
270.684085	-0.483830	-0.471622	-0.006104
271.064561	-0.467290	-0.474925	0.003818
271.444998	-0.475057	-0.425278	-0.024890
271.825394	-0.453855	-0.436095	-0.008880
272.205751	-0.456710	-0.435041	-0.010835
272.586068	-0.435849	-0.433438	-0.001205
272.966345	-0.459112	-0.453003	-0.003055
273.346582	-0.450289	-0.428697	-0.010796
273.726779	-0.436563	-0.450964	0.007201
274.106936	-0.443093	-0.417642	-0.012725
274.487053	-0.425349	-0.407304	-0.009022
274.867130	-0.411744	-0.420614	0.004435
275.247168	-0.424644	-0.387113	-0.018765
275.627165	-0.414817	-0.390661	-0.012078
276.007122	-0.395429	-0.398546	0.001558
276.387040	-0.383150	-0.388337	0.002593
276.766917	-0.403464	-0.378005	-0.012730
277.146754	-0.397941	-0.390307	-0.003817
277.526551	-0.382368	-0.377810	-0.002279
277.906308	-0.375468	-0.363332	-0.006068
278.286026	-0.386228	-0.361330	-0.012449
278.665703	-0.375839	-0.351634	-0.012102
279.045340	-0.374636	-0.351398	-0.011619
279.424936	-0.355968	-0.350720	-0.002624
279.804493	-0.361236	-0.327410	-0.016913
280.184010	-0.351781	-0.339290	-0.006246
280.563487	-0.338813	-0.320337	-0.009238
280.942923	-0.332669	-0.334269	0.000800
281.322319	-0.345834	-0.326032	-0.009901
281.701676	-0.318612	-0.309243	-0.004685
282.080992	-0.306530	-0.322569	0.008019
282.460268	-0.309216	-0.305246	-0.001985
282.839503	-0.313024	-0.289263	-0.011881
283.218699	-0.320011	-0.303669	-0.008171
283.597854	-0.307576	-0.300855	-0.003361
283.976969	-0.298979	-0.293168	-0.002906
284.356044	-0.295816	-0.293136	-0.001340
284.735079	-0.292421	-0.279779	-0.006321
285.114073	-0.275173	-0.267682	-0.003746
285.493028	-0.276098	-0.263447	-0.006326
285.871942	-0.278206	-0.256646	-0.010780
286.250815	-0.273241	-0.252749	-0.010246
286.629649	-0.264523	-0.252399	-0.006062
287.008442	-0.254391	-0.237102	-0.008644
287.387195	-0.254823	-0.249113	-0.002855
287.765907	-0.253816	-0.251668	-0.001074
288.144580	-0.240913	-0.228325	-0.006294
288.523212	-0.246129	-0.237430	-0.004349
288.901803	-0.244152	-0.237226	-0.003463
289.280355	-0.232172	-0.237714	0.002771
289.658866	-0.228351	-0.227465	-0.000443
290.037336	-0.233705	-0.219259	-0.007223
290.415766	-0.223806	-0.222049	-0.000878
290.794156	-0.228758	-0.219002	-0.004878
291.172505	-0.233593	-0.208342	-0.012625
291.550814	-0.213122	-0.210186	-0.001468
291.929083	-0.212888	-0.224492	0.005802
292.307311	-0.216057	-0.199711	-0.008173
292.685499	-0.213583	-0.203000	-0.005291
293.063646	-0.202771	-0.194782	-0.003995
293.441753	-0.206666	-0.187944	-0.009361
293.819820	-0.198051	-0.190953	-0.003549
294.197845	-0.193080	-0.180247	-0.006417
294.575831	-0.190652	-0.188348	-0.001152
294.953776	-0.194835	-0.181218	-0.006809
295.331680	-0.193647	-0.174007	-0.009820
295.709544	-0.187467	-0.175872	-0.005798
296.087368	-0.186113	-0.172911	-0.006601
296.465150	-0.182174	-0.165247	-0.008463
296.842893	-0.178179	-0.170942	-0.003618
297.220595	-0.173295	-0.161748	-0.005773
297.598256	-0.174532	-0.160391	-0.007071
297.975876	-0.168663	-0.160635	-0.004014
298.353457	-0.167602	-0.152904	-0.007349
298.730996	-0.162947	-0.150397	-0.006275
299.108495	-0.155250	-0.152116	-0.001567
299.485953	-0.151333	-0.140232	-0.005551
299.863371	-0.144629	-0.135389	-0.004620
300.240748	-0.152095	-0.138205	-0.006945
300.618084	-0.142590	-0.137765	-0.002412
300.995380	-0.145057	-0.128378	-0.008339
301.372635	-0.141273	-0.130006	-0.005634
301.749849	-0.141452	-0.126064	-0.007694
302.127023	-0.136554	-0.118235	-0.009160
302.504156	-0.126843	-0.123534	-0.001655
302.881248	-0.127171	-0.119978	-0.003596
303.258300	-0.130558	-0.117976	-0.006291
303.635311	-0.124845	-0.117629	-0.003608
304.012281	-0.116361	-0.119630	0.001635
304.389210	-0.115546	-0.114726	-0.000410
304.766099	-0.112962	-0.106513	-0.003225
305.142947	-0.116553	-0.098949	-0.008802
305.519754	-0.108478	-0.107179	-0.000650
305.896520	-0.110377	-0.095646	-0.007366
306.273246	-0.108447	-0.094538	-0.006955
306.649930	-0.102906	-0.092979	-0.004964
307.026574	-0.113193	-0.089604	-0.011794
307.403177	-0.104922	-0.088009	-0.008456
307.779740	-0.101620	-0.082910	-0.009355
308.156261	-0.101484	-0.088874	-0.006305
308.532742	-0.088491	-0.079220	-0.004635
308.909181	-0.101121	-0.074510	-0.013305
309.285580	-0.090730	-0.080318	-0.005206
309.661938	-0.091481	-0.078347	-0.006567
310.038255	-0.091281	-0.073529	-0.008876
310.414531	-0.091228	-0.076803	-0.007213
310.790766	-0.084240	-0.081828	-0.001206
311.166961	-0.085517	-0.073145	-0.006186
311.543114	-0.086033	-0.067607	-0.009213
311.919226	-0.079847	-0.062940	-0.008454
312.295298	-0.072107	-0.061221	-0.005443
312.671328	-0.073799	-0.063698	-0.005050
313.047318	-0.080232	-0.064526	-0.007853
313.423267	-0.070295	-0.049560	-0.010367
313.799174	-0.068109	-0.055399	-0.006355
314.175041	-0.074122	-0.053270	-0.010426
314.550866	-0.070398	-0.050160	-0.010119
314.926651	-0.063268	-0.054909	-0.004179
315.302394	-0.069139	-0.058006	-0.005566
315.678097	-0.064000	-0.044552	-0.009724
316.053758	-0.062939	-0.045234	-0.008852
316.429378	-0.061133	-0.045306	-0.007913
316.804958	-0.060695	-0.047671	-0.006512
317.180496	-0.057907	-0.038266	-0.009821
317.555993	-0.052077	-0.036767	-0.007655
317.931449	-0.049732	-0.033346	-0.008193
318.306864	-0.054063	-0.032284	-0.010889
318.682238	-0.047436	-0.029648	-0.008894
319.057570	-0.045299	-0.031192	-0.007054
319.432862	-0.050415	-0.029525	-0.010445
319.808112	-0.052215	-0.026796	-0.012709
320.183321	-0.047622	-0.026196	-0.010713
320.558489	-0.040673	-0.025209	-0.007732
320.933616	-0.045084	-0.029146	-0.007969
321.308701	-0.038446	-0.020035	-0.009205
321.683746	-0.036906	-0.020996	-0.007955
322.058749	-0.035843	-0.020323	-0.007760
322.433711	-0.036688	-0.018056	-0.009316
322.808632	-0.041553	-0.019716	-0.010918
323.183511	-0.031919	-0.013212	-0.009354
323.558349	-0.027884	-0.017160	-0.005362
323.933146	-0.035358	-0.010523	-0.012417
324.307902	-0.031971	-0.013455	-0.009258
324.682617	-0.028605	-0.004938	-0.011834
325.057290	-0.021173	-0.010103	-0.005535
325.431921	-0.030912	-0.000205	-0.015354
325.806512	-0.023086	-0.001399	-0.010844
326.181061	-0.017649	0.003195	-0.010422
326.555569	-0.021884	-0.001795	-0.010044
326.930035	-0.021680	-0.001497	-0.010091
327.304461	-0.026011	-0.007144	-0.009434
327.678844	-0.020819	0.010761	-0.015790
328.053187	-0.024420	0.006450	-0.015435
328.427488	-0.021020	0.005553	-0.013287
328.801747	-0.016934	0.005017	-0.010976
329.175966	-0.015823	0.008695	-0.012259
329.550142	-0.016700	0.007599	-0.012150
329.924278	-0.014152	0.005326	-0.009739
330.298372	-0.014826	0.015277	-0.015051
330.672424	-0.008620	0.014558	-0.011589
331.046435	-0.004966	0.011766	-0.008366
331.420405	-0.005808	0.013333	-0.009570
331.794333	-0.006713	0.013869	-0.010291
332.168220	-0.012963	0.016790	-0.014877
332.542065	-0.009987	0.022947	-0.016467
332.915869	-0.005526	0.020255	-0.012891
333.289631	0.001867	0.024633	-0.011383
333.663351	-0.001258	0.016270	-0.008764
334.037030	-0.005533	0.025465	-0.015499
334.410668	-0.007438	0.021191	-0.014314
334.784264	-0.000760	0.026543	-0.013651
335.157818	-0.000122	0.028204	-0.014163
335.531331	0.002382	0.022407	-0.010013
335.904802	0.002011	0.026890	-0.012440
336.278232	0.009986	0.028163	-0.009088
336.651620	0.006245	0.030136	-0.011945
337.024966	0.010750	0.036663	-0.012957
337.398271	0.008063	0.032830	-0.012383
337.771534	0.017038	0.034398	-0.008680
338.144756	0.006582	0.031512	-0.012465
338.517936	0.002529	0.028603	-0.013037
338.891074	0.006201	0.031357	-0.012578
339.264171	0.006426	0.044705	-0.019140
339.637225	0.009123	0.045891	-0.018384
340.010239	0.006724	0.041532	-0.017404
340.383210	0.007297	0.043384	-0.018044
340.756140	0.017995	0.043549	-0.012777
341.129028	0.019764	0.035959	-0.008097
341.501874	0.019244	0.036813	-0.008784
341.874679	0.015474	0.043709	-0.014118
342.247441	0.014067	0.048250	-0.017092
342.620162	0.007896	0.043236	-0.017670
342.992842	0.017049	0.046284	-0.014617
343.365479	0.015813	0.044544	-0.014365
343.738075	0.020223	0.042661	-0.011219
344.110629	0.017854	0.050529	-0.016338
344.483141	0.020006	0.052799	-0.016397
344.855611	0.024924	0.050587	-0.012832
345.228039	0.020249	0.046877	-0.013314
345.600426	0.027452	0.046449	-0.009498
345.972770	0.022768	0.057638	-0.017435
346.345073	0.026259	0.048055	-0.010898
346.717334	0.019857	0.057316	-0.018730
347.089553	0.022696	0.052569	-0.014936
347.461730	0.030037	0.051984	-0.010974
347.833866	0.025747	0.051851	-0.013052
348.205959	0.030133	0.052288	-0.011078
348.578010	0.024653	0.058827	-0.017087
348.950020	0.024109	0.048573	-0.012232
349.321987	0.028901	0.060828	-0.015963
349.693913	0.028869	0.057178	-0.014155
350.065797	0.028349	0.050741	-0.011196
350.437638	0.028054	0.051307	-0.011626
350.809438	0.026165	0.061996	-0.017916
351.181196	0.026694	0.059417	-0.016361
351.552911	0.029381	0.059822	-0.015220
351.924585	0.026952	0.066790	-0.019919
352.296217	0.030322	0.063917	-0.016797
352.667806	0.032348	0.060307	-0.013980
353.039354	0.034532	0.060467	-0.012967
353.410859	0.033089	0.062801	-0.014856
353.782323	0.036397	0.056663	-0.010133
354.153744	0.030718	0.059328	-0.014305
354.525123	0.032040	0.063063	-0.015511
354.896460	0.034353	0.061306	-0.013476
355.267756	0.035245	0.071749	-0.018252
355.639008	0.031765	0.063229	-0.015732
356.010219	0.037582	0.059813	-0.011116
356.381388	0.034468	0.063257	-0.014394
356.752515	0.040899	0.071373	-0.015237
357.123599	0.034728	0.062605	-0.013938
357.494641	0.037757	0.068223	-0.015233
357.865641	0.041662	0.063740	-0.011039
358.236599	0.039568	0.063601	-0.012017
358.607515	0.038565	0.070157	-0.015796
358.978388	0.030720	0.063975	-0.016627
359.349219	0.037686	0.074255	-0.018284
359.720008	0.036937	0.063969	-0.013516
360.090755	0.038633	0.071318	-0.016343
360.461460	0.038336	0.060643	-0.011153
360.832122	0.042025	0.061942	-0.009958
361.202742	0.045631	0.065399	-0.009884
361.573320	0.041352	0.063550	-0.011099
361.943855	0.037008	0.063756	-0.013374
362.314348	0.041529	0.068382	-0.013426
362.684799	0.038751	0.068409	-0.014829
363.055208	0.044174	0.065463	-0.010645
363.425574	0.043879	0.067456	-0.011788
363.795898	0.033413	0.068556	-0.017572
364.166180	0.029501	0.070295	-0.020397
364.536419	0.040709	0.067740	-0.013515
364.906616	0.038626	0.063689	-0.012532
365.276770	0.042154	0.076400	-0.017123
365.646882	0.043620	0.068351	-0.012365
366.016952	0.041401	0.063399	-0.010999
366.386979	0.040697	0.066277	-0.012790
366.756964	0.044704	0.069122	-0.012209
367.126906	0.042776	0.069234	-0.013229
367.496806	0.047728	0.074624	-0.013448
367.866664	0.051566	0.070048	-0.009241
368.236479	0.047944	0.067298	-0.009677
368.606251	0.046977	0.066591	-0.009807
368.975981	0.039246	0.065216	-0.012985
369.345669	0.050851	0.070145	-0.009647
369.715314	0.045898	0.068153	-0.011127
370.084917	0.047749	0.068517	-0.010384
370.454477	0.044442	0.072296	-0.013927
370.823995	0.044066	0.067658	-0.011796
371.193470	0.046565	0.070357	-0.011896
371.562902	0.045273	0.063085	-0.008906
371.932292	0.045481	0.070377	-0.012448
372.301640	0.046412	0.070904	-0.012246
372.670944	0.064227	0.069366	-0.002570
373.040207	0.053047	0.067062	-0.007007
373.409426	0.039749	0.069383	-0.014817
373.778603	0.054287	0.074452	-0.010083
374.147738	0.044540	0.061836	-0.008648
374.516830	0.052464	0.069003	-0.008270
374.885879	0.042911	0.069064	-0.013077
375.254885	0.050681	0.075686	-0.012503
375.623849	0.046405	0.075600	-0.014598
375.992770	0.042226	0.075017	-0.016395
376.361649	0.045855	0.064097	-0.009121
376.730485	0.050929	0.073572	-0.011322
377.099278	0.045609	0.065484	-0.009938
377.468028	0.045151	0.071987	-0.013418
377.836736	0.047834	0.071933	-0.012050
378.205401	0.045312	0.070298	-0.012493
378.574023	0.051749	0.072124	-0.010187
378.942603	0.041055	0.069502	-0.014223
379.311139	0.054725	0.069956	-0.007616
379.679633	0.046898	0.063779	-0.008441
380.048085	0.043485	0.073157	-0.014836
380.416493	0.043468	0.074135	-0.015334
380.784859	0.052476	0.072466	-0.009995
381.153181	0.052289	0.062548	-0.005129
381.521461	0.048355	0.068644	-0.010145
381.889699	0.052238	0.075013	-0.011388
382.257893	0.037404	0.066921	-0.014759
382.626044	0.049138	0.066589	-0.008726
382.994153	0.047258	0.064201	-0.008471
383.362219	0.047677	0.070172	-0.011247
383.730242	0.052807	0.069741	-0.008467
384.098222	0.051955	0.070998	-0.009521
384.466159	0.054264	0.071372	-0.008554
384.834053	0.055319	0.072884	-0.008783
385.201904	0.054926	0.067302	-0.006188
385.569713	0.053428	0.069712	-0.008142
385.937478	0.047187	0.077157	-0.014985
386.305201	0.047004	0.071631	-0.012313
386.672880	0.044528	0.065812	-0.010642
387.040517	0.059786	0.065352	-0.002783
387.408110	0.051840	0.066617	-0.007388
387.775661	0.056548	0.068439	-0.005946
388.143168	0.049241	0.077577	-0.014168
388.510633	0.049821	0.069448	-0.009813
388.878055	0.048552	0.072376	-0.011912
389.245433	0.050957	0.066346	-0.007695
389.612769	0.045515	0.068601	-0.011543
389.980061	0.057820	0.067297	-0.004739
390.347310	0.048887	0.065436	-0.008274
390.714517	0.056491	0.070919	-0.007214
391.081680	0.042917	0.070891	-0.013987
391.448800	0.053766	0.068463	-0.007348
391.815877	0.058128	0.064680	-0.003276
392.182911	0.046384	0.077653	-0.015635
392.549902	0.051336	0.064738	-0.006701
392.916850	0.052637	0.064586	-0.005974
393.283754	0.047967	0.061294	-0.006664
393.650616	0.044731	0.066877	-0.011073
394.017434	0.049830	0.073223	-0.011696
394.384209	0.055343	0.069906	-0.007281
394.750941	0.050816	0.070412	-0.009798
395.117630	0.047105	0.071034	-0.011965
395.484275	0.053874	0.072609	-0.009368
395.850878	0.053958	0.071383	-0.008712
396.217437	0.040826	0.067584	-0.013379
396.583953	0.046320	0.065281	-0.009480
396.950425	0.052495	0.072716	-0.010111
397.316855	0.059713	0.065615	-0.002951
397.683241	0.046963	0.064090	-0.008563
398.049584	0.053903	0.071830	-0.008964
398.415884	0.049495	0.067394	-0.008949
398.782140	0.052704	0.056548	-0.001922
399.148353	0.049518	0.070969	-0.010726
399.514523	0.051023	0.063257	-0.006117
399.880649	0.050626	0.071205	-0.010289
400.246732	0.045028	0.073462	-0.014217
400.612772	0.056385	0.078019	-0.010817
400.978768	0.054762	0.068392	-0.006815
401.344721	0.047509	0.065315	-0.008903
401.710631	0.050791	0.073339	-0.011274
402.076497	0.055063	0.062613	-0.003775
402.442320	0.052559	0.071301	-0.009371
402.808100	0.046797	0.068155	-0.010679
403.173836	0.053013	0.066630	-0.006809
403.539528	0.056359	0.062118	-0.002879
403.905178	0.054056	0.066561	-0.006252
404.270783	0.056264	0.073577	-0.008657
404.636346	0.049190	0.065308	-0.008059
405.001865	0.052181	0.065910	-0.006864
405.367340	0.057246	0.070998	-0.006876
405.732772	0.056600	0.064691	-0.004046
406.098161	0.053466	0.072700	-0.009617
406.463506	0.053768	0.055127	-0.000680
406.828807	0.057875	0.064973	-0.003549
407.194065	0.059762	0.066448	-0.003343
407.559279	0.058757	0.066987	-0.004115
407.924450	0.055699	0.060964	-0.002633
408.289578	0.054607	0.069314	-0.007354
408.654661	0.056375	0.070306	-0.006966
409.019702	0.051628	0.071072	-0.009722
409.384698	0.053315	0.066854	-0.006770
409.749651	0.055593	0.068728	-0.006568
410.114561	0.055757	0.060029	-0.002136
410.479427	0.047743	0.063594	-0.007926
410.844249	0.051827	0.079593	-0.013883
411.209027	0.052948	0.063446	-0.005249
411.573762	0.047375	0.070790	-0.011708
411.938454	0.052924	0.066973	-0.007025
412.303101	0.056823	0.064376	-0.003776
412.667705	0.061213	0.065422	-0.002105
413.032266	0.055270	0.074612	-0.009671
413.396782	0.054146	0.074542	-0.010198
413.761255	0.059194	0.071970	-0.006388
414.125684	0.052704	0.063623	-0.005459
414.490070	0.056715	0.066101	-0.004693
414.854412	0.064315	0.071656	-0.003670
415.218710	0.057276	0.065536	-0.004130
415.582964	0.052676	0.068177	-0.007750
415.947175	0.056419	0.068064	-0.005823
416.311341	0.055096	0.071911	-0.008407
416.675464	0.056365	0.060372	-0.002004
417.039543	0.055972	0.063819	-0.003924
417.403579	0.053492	0.066972	-0.006740
417.767570	0.058146	0.061893	-0.001874
418.131518	0.050063	0.061397	-0.005667
418.495422	0.053494	0.068389	-0.007448
418.859282	0.057837	0.066665	-0.004414
419.223098	0.064673	0.064654	0.000009
419.586871	0.058312	0.068061	-0.004874
419.950599	0.058823	0.073275	-0.007226
420.314284	0.046298	0.072993	-0.013348
420.677925	0.057533	0.063578	-0.003022
421.041522	0.054264	0.070618	-0.008177
421.405075	0.049812	0.062977	-0.006583
421.768584	0.060316	0.061321	-0.000503
422.132049	0.057139	0.070469	-0.006665
422.495470	0.056362	0.063888	-0.003763
422.858847	0.051700	0.060478	-0.004389
423.222180	0.062142	0.061235	0.000453
423.585470	0.065340	0.070510	-0.002585
423.948715	0.054537	0.071031	-0.008247
424.311916	0.057123	0.064370	-0.003624
424.675074	0.056918	0.068802	-0.005942
425.038187	0.051210	0.071962	-0.010376
425.401256	0.051054	0.071481	-0.010213
425.764281	0.060184	0.070412	-0.005114
426.127263	0.063575	0.076933	-0.006679
426.490200	0.049052	0.073329	-0.012139
426.853093	0.056418	0.071073	-0.007327
427.215942	0.059903	0.074423	-0.007260
427.578747	0.056027	0.070177	-0.007075
427.941508	0.056390	0.060390	-0.002000
428.304225	0.060524	0.065818	-0.002647
428.666897	0.053047	0.065627	-0.006290
429.029526	0.056042	0.070641	-0.007299
429.392110	0.054243	0.061448	-0.003602
429.754651	0.051801	0.063030	-0.005615
430.117147	0.058119	0.065506	-0.003693
430.479599	0.054028	0.070799	-0.008385
430.842007	0.058097	0.063199	-0.002551
431.204370	0.061021	0.064073	-0.001526
431.566690	0.058066	0.069336	-0.005635
431.928965	0.052723	0.064083	-0.005680
432.291196	0.054638	0.065394	-0.005378
432.653383	0.059710	0.068726	-0.004508
433.015525	0.058274	0.070711	-0.006218
433.377624	0.058165	0.068546	-0.005191
433.739678	0.057974	0.065877	-0.003951
434.101688	0.060119	0.068391	-0.004136
434.463653	0.055750	0.073269	-0.008759
434.825575	0.056535	0.071306	-0.007386
435.187452	0.057834	0.065697	-0.003932
435.549284	0.058615	0.064962	-0.003174
435.911073	0.055312	0.067424	-0.006056
436.272817	0.056746	0.065114	-0.004184
436.634516	0.056954	0.067329	-0.005188
436.996172	0.056939	0.067106	-0.005084
437.357783	0.055753	0.068355	-0.006301
437.719350	0.054248	0.068165	-0.006959
438.080872	0.058574	0.069738	-0.005582
438.442350	0.055837	0.070851	-0.007507
438.803783	0.055744	0.066608	-0.005432
439.165173	0.058317	0.064223	-0.002953
439.526517	0.057291	0.068125	-0.005417
439.887818	0.056776	0.066327	-0.004776
440.249074	0.055710	0.066502	-0.005396
440.610285	0.053731	0.067617	-0.006943
440.971452	0.060541	0.067336	-0.003397
441.332575	0.058360	0.069434	-0.005537
441.693653	0.056334	0.070220	-0.006943
442.054686	0.056486	0.065750	-0.004632
442.415676	0.058757	0.067649	-0.004446
442.776620	0.056950	0.064486	-0.003768
443.137520	0.056681	0.066135	-0.004727
443.498376	0.059212	0.064154	-0.002471
443.859187	0.058428	0.065348	-0.003460
444.219953	0.055052	0.066394	-0.005671
444.580675	0.058703	0.066983	-0.004140
444.941353	0.055985	0.068487	-0.006251
445.301986	0.057181	0.066918	-0.004869
445.662574	0.056832	0.066491	-0.004829
446.023118	0.058016	0.064903	-0.003443
446.383617	0.055812	0.065481	-0.004834
446.744071	0.055454	0.067728	-0.006137
447.104481	0.056733	0.066687	-0.004977
447.464846	0.056939	0.066398	-0.004729
447.825167	0.056124	0.064909	-0.004393
448.185443	0.057728	0.066612	-0.004442
448.545674	0.058031	0.065005	-0.003487
448.905861	0.055948	0.065507	-0.004779
449.266002	0.056926	0.067747	-0.005410
449.626100	0.056621	0.065040	-0.004210
449.986152	0.056743	0.065843	-0.004550
450.346160	0.057264	0.066603	-0.004670
450.706123	0.057451	0.064932	-0.003741
451.066041	0.057486	0.065906	-0.004210
451.425915	0.057884	0.065757	-0.003937
451.785744	0.057084	0.065883	-0.004399
452.145528	0.055982	0.066142	-0.005080
452.505267	0.057272	0.066724	-0.004726
452.864962	0.057130	0.066052	-0.004461
453.224612	0.055423	0.065056	-0.004817
453.584217	0.057118	0.068452	-0.005667
453.943777	0.056005	0.065783	-0.004889
454.303292	0.057040	0.066012	-0.004486
454.662763	0.057225	0.066386	-0.004580
455.022188	0.057793	0.066455	-0.004331
455.381569	0.055722	0.066768	-0.005523
455.740905	0.056638	0.066294	-0.004828
456.100196	0.056861	0.065369	-0.004254
456.459443	0.056985	0.066398	-0.004707
456.818644	0.057720	0.065377	-0.003829
457.177800	0.057974	0.064752	-0.003389
457.536912	0.058168	0.065800	-0.003816
457.895978	0.056373	0.065058	-0.004342
458.255000	0.057612	0.065381	-0.003885
458.613977	0.057011	0.064778	-0.003884
458.972909	0.057331	0.066108	-0.004389
459.331795	0.056088	0.066590	-0.005251
459.690637	0.056374	0.065953	-0.004790
460.049434	0.057239	0.065934	-0.004348
460.408186	0.056752	0.065852	-0.004550
460.766893	0.056730	0.065067	-0.004169
461.125555	0.056997	0.065096	-0.004050
461.484172	0.057769	0.066442	-0.004336
461.842743	0.057233	0.065954	-0.004360
462.201270	0.057300	0.066995	-0.004847
462.559752	0.058728	0.065410	-0.003341
462.918188	0.056480	0.065442	-0.004481
463.276580	0.056246	0.063874	-0.003814
463.634927	0.056806	0.065358	-0.004276
463.993228	0.057071	0.065630	-0.004279
464.351484	0.057717	0.065470	-0.003876
464.709696	0.056571	0.065500	-0.004465
465.067862	0.057928	0.065355	-0.003713
465.425983	0.056044	0.065856	-0.004906
465.784058	0.056529	0.066100	-0.004786
466.142089	0.056129	0.065546	-0.004708
466.500075	0.057021	0.065391	-0.004185
466.858015	0.056300	0.065147	-0.004424
467.215910	0.057525	0.065651	-0.004063
467.573760	0.056460	0.064810	-0.004175
467.931565	0.056836	0.065699	-0.004431
468.289324	0.057526	0.064701	-0.003588
468.647039	0.057133	0.064354	-0.003611
469.004708	0.058137	0.063913	-0.002888
469.362332	0.058089	0.066353	-0.004132
469.719910	0.057159	0.065135	-0.003988
470.077443	0.058270	0.064417	-0.003074
470.434932	0.057171	0.065602	-0.004215
470.792374	0.057983	0.065560	-0.003789
471.149772	0.057718	0.065226	-0.003754
471.507124	0.057686	0.065410	-0.003862
471.864431	0.056725	0.066073	-0.004674
472.221693	0.057618	0.064782	-0.003582
472.578909	0.056973	0.065243	-0.004135
472.936080	0.058226	0.064947	-0.003360
473.293205	0.056899	0.064936	-0.004018
473.650285	0.057033	0.064801	-0.003884
474.007320	0.057640	0.065225	-0.003792
474.364310	0.057238	0.065113	-0.003938
474.721254	0.057738	0.064256	-0.003259
475.078152	0.058571	0.065066	-0.003247
475.435006	0.057456	0.065415	-0.003980
475.791813	0.057851	0.065570	-0.003860
476.148576	0.056547	0.063622	-0.003538
476.505293	0.057827	0.064353	-0.003263
476.861964	0.057437	0.064679	-0.003621
477.218590	0.057660	0.065084	-0.003712
477.575171	0.057648	0.065174	-0.003763
477.931706	0.056781	0.064162	-0.003691
478.288195	0.056828	0.064963	-0.004068
478.644639	0.057189	0.063872	-0.003341
479.001038	0.057235	0.064870	-0.003817
479.357391	0.058135	0.064053	-0.002959
479.713699	0.057979	0.064772	-0.003397
480.069960	0.057535	0.064222	-0.003344
480.426177	0.057853	0.063268	-0.002708
480.782348	0.057262	0.063930	-0.003334
481.138473	0.058127	0.064661	-0.003267
481.494553	0.057262	0.064353	-0.003545
481.850587	0.057427	0.064453	-0.003513
482.206575	0.058036	0.064768	-0.003366
482.562518	0.057296	0.063581	-0.003142
482.918416	0.057632	0.064478	-0.003423
483.274267	0.056717	0.064053	-0.003668
483.630073	0.057469	0.064193	-0.003362
483.985834	0.057106	0.064721	-0.003807
484.341548	0.058092	0.063684	-0.002796
484.697217	0.057813	0.064044	-0.003115
485.052841	0.057787	0.063584	-0.002899
485.408418	0.058730	0.064401	-0.002835
485.763950	0.057480	0.063797	-0.003158
486.119436	0.058056	0.063954	-0.002949
486.474877	0.057032	0.063493	-0.003230
486.830272	0.058157	0.063914	-0.002878
487.185621	0.057857	0.063182	-0.002662
487.540924	0.057774	0.063523	-0.002874
487.896182	0.056786	0.063802	-0.003508
488.251393	0.058024	0.063717	-0.002847
488.606559	0.057690	0.063749	-0.003030
488.961679	0.057778	0.062968	-0.002595
489.316754	0.057328	0.064666	-0.003669
489.671782	0.057819	0.063352	-0.002767
490.026765	0.058335	0.063832	-0.002749
490.381702	0.058012	0.063326	-0.002657
490.736593	0.058047	0.063508	-0.002730
491.091438	0.057814	0.063524	-0.002855
491.446238	0.057951	0.063779	-0.002914
491.800991	0.057697	0.063385	-0.002844
492.155699	0.058254	0.063441	-0.002593
492.510360	0.058917	0.062972	-0.002027
492.864976	0.058117	0.063422	-0.002652
493.219546	0.057523	0.063006	-0.002742
493.574070	0.057587	0.063440	-0.002927
493.928548	0.058174	0.063600	-0.002713
494.282980	0.058143	0.062505	-0.002181
494.637366	0.058008	0.061999	-0.001995
494.991707	0.058277	0.062824	-0.002274
495.346001	0.058012	0.063138	-0.002563
495.700249	0.057559	0.062939	-0.002690
496.054451	0.058237	0.062872	-0.002318
496.408607	0.058057	0.062229	-0.002086
496.762718	0.057925	0.063203	-0.002639
497.116782	0.058471	0.063035	-0.002282
497.470800	0.057710	0.063108	-0.002699
497.824772	0.057369	0.062639	-0.002635
498.178698	0.058360	0.062265	-0.001953
498.532578	0.058274	0.062436	-0.002081
498.886412	0.059036	0.061904	-0.001434
499.240200	0.058469	0.061775	-0.001653
499.593942	0.058370	0.061747	-0.001688
499.947637	0.058663	0.063594	-0.002465
500.301287	0.058968	0.062688	-0.001860
500.654890	0.058371	0.063231	-0.002430
501.008448	0.058875	0.063448	-0.002287
501.361959	0.057687	0.062516	-0.002414
501.715424	0.057662	0.061791	-0.002064
502.068843	0.057957	0.062652	-0.002348
502.422215	0.058516	0.061991	-0.001737
502.775542	0.058334	0.062362	-0.002014
503.128822	0.058764	0.062527	-0.001882
503.482056	0.058347	0.062587	-0.002120
503.835244	0.057255	0.062442	-0.002593
504.188386	0.058522	0.061690	-0.001584
504.541481	0.058372	0.061936	-0.001782
504.894530	0.059068	0.062381	-0.001657
505.247533	0.058691	0.061489	-0.001399
505.600490	0.059380	0.061599	-0.001109
505.953400	0.058649	0.061797	-0.001574
506.306264	0.058843	0.061657	-0.001407
506.659082	0.058597	0.061050	-0.001227
507.011854	0.058242	0.061497	-0.001627
507.364579	0.058497	0.062241	-0.001872
507.717258	0.058822	0.061261	-0.001220
508.069890	0.058451	0.061891	-0.001720
508.422477	0.057913	0.061490	-0.001788
508.775016	0.058704	0.061406	-0.001351
509.127510	0.058394	0.061489	-0.001547
509.479957	0.057913	0.061987	-0.002037
509.832358	0.057330	0.061770	-0.002220
510.184712	0.058149	0.061676	-0.001763
510.537020	0.058841	0.061050	-0.001105
510.889281	0.058645	0.061105	-0.001230
511.241497	0.059260	0.062224	-0.001482
511.593665	0.057593	0.061623	-0.002015
511.945787	0.057889	0.060903	-0.001507
512.297863	0.057348	0.060758	-0.001705
512.649892	0.058077	0.060196	-0.001060
513.001875	0.058900	0.061946	-0.001523
513.353812	0.058835	0.061435	-0.001300
513.705701	0.059052	0.060924	-0.000936
514.057545	0.058827	0.062137	-0.001655
514.409342	0.060070	0.060732	-0.000331
514.761092	0.058509	0.061054	-0.001272
515.112796	0.059274	0.060912	-0.000819
515.464453	0.058852	0.060311	-0.000729
515.816064	0.058862	0.061367	-0.001252
516.167628	0.058415	0.061830	-0.001707
516.519145	0.058932	0.059969	-0.000519
516.870616	0.058855	0.059013	-0.000079
517.222041	0.060213	0.060197	0.000008
517.573418	0.059277	0.059983	-0.000353
517.924750	0.058829	0.059639	-0.000405
518.276034	0.058176	0.060183	-0.001003
518.627272	0.057641	0.060498	-0.001429
518.978463	0.059076	0.060831	-0.000878
519.329608	0.057917	0.061586	-0.001834
519.680706	0.059366	0.059832	-0.000233
520.031757	0.058817	0.060262	-0.000722
520.382762	0.058089	0.060469	-0.001190
520.733719	0.058890	0.060824	-0.000967
521.084631	0.060494	0.059332	0.000581
521.435495	0.057972	0.060473	-0.001251
521.786313	0.058024	0.060742	-0.001359
522.137084	0.058353	0.059381	-0.000514
522.487808	0.058788	0.059783	-0.000497
522.838486	0.059041	0.059865	-0.000412
523.189116	0.057787	0.060389	-0.001301
523.539700	0.058009	0.059591	-0.000791
523.890237	0.057483	0.061109	-0.001813
524.240728	0.058773	0.061054	-0.001140
524.591171	0.059022	0.060083	-0.000531
524.941568	0.058898	0.060606	-0.000854
525.291918	0.057685	0.059987	-0.001151
525.642221	0.058419	0.060202	-0.000892
525.992478	0.058099	0.060390	-0.001145
526.342687	0.058683	0.061521	-0.001419
526.692850	0.059609	0.059823	-0.000107
527.042965	0.059191	0.060807	-0.000808
527.393034	0.059598	0.059743	-0.000073
527.743056	0.058678	0.059875	-0.000599
528.093031	0.059289	0.059615	-0.000163
528.442959	0.059518	0.060135	-0.000309
528.792840	0.057562	0.060701	-0.001569
529.142674	0.059140	0.060348	-0.000604
529.492462	0.058794	0.060974	-0.001090
529.842202	0.057764	0.058141	-0.000188
530.191895	0.058117	0.059993	-0.000938
530.541542	0.060028	0.059390	0.000319
530.891141	0.058648	0.059684	-0.000518
531.240694	0.058694	0.059848	-0.000577
531.590199	0.057808	0.060970	-0.001581
531.939657	0.059668	0.061103	-0.000718
532.289069	0.058356	0.058924	-0.000284
532.638433	0.059215	0.060592	-0.000688
532.987750	0.058831	0.059272	-0.000221
533.337021	0.057935	0.059549	-0.000807
533.686244	0.058614	0.060273	-0.000829
534.035420	0.058741	0.059814	-0.000536
534.384549	0.058114	0.060175	-0.001030
534.733631	0.057368	0.059597	-0.001115
535.082666	0.057131	0.059772	-0.001321
535.431653	0.058481	0.060070	-0.000795
535.780594	0.058708	0.059018	-0.000155
536.129487	0.058752	0.059401	-0.000325
536.478334	0.058036	0.059861	-0.000912
536.827133	0.056853	0.059055	-0.001101
537.175885	0.057820	0.059990	-0.001085
537.524590	0.058163	0.060108	-0.000973
537.873247	0.060119	0.060487	-0.000184
538.221858	0.058164	0.058460	-0.000148
538.570421	0.058647	0.061170	-0.001262
538.918937	0.059153	0.059598	-0.000222
539.267406	0.057476	0.059622	-0.001073
539.615827	0.058619	0.059476	-0.000428
539.964202	0.059048	0.058202	0.000423
540.312529	0.058758	0.057988	0.000385
540.660808	0.057276	0.059850	-0.001287
541.009041	0.059562	0.059418	0.000072
541.357226	0.057134	0.058978	-0.000922
541.705364	0.058793	0.059587	-0.000397
542.053455	0.057818	0.056194	0.000812
542.401498	0.059768	0.060776	-0.000504
542.749494	0.058007	0.058246	-0.000120
543.097443	0.057876	0.059029	-0.000576
543.445344	0.056940	0.059202	-0.001131
543.793198	0.057813	0.058449	-0.000318
544.141005	0.059116	0.059033	0.000042
544.488764	0.058078	0.058109	-0.000016
544.836476	0.057084	0.058355	-0.000635
545.184140	0.058588	0.059030	-0.000221
545.531757	0.058150	0.059585	-0.000718
545.879327	0.058241	0.059249	-0.000504
546.226849	0.058236	0.059395	-0.000579
546.574324	0.059263	0.058450	0.000406
546.921751	0.057795	0.060511	-0.001358
547.269131	0.059907	0.059662	0.000123
547.616463	0.056608	0.056308	0.000150
547.963748	0.057775	0.059473	-0.000849
548.310985	0.057788	0.061186	-0.001699
548.658175	0.058478	0.058475	0.000001
549.005318	0.057212	0.058457	-0.000623
549.352413	0.058376	0.058030	0.000173
549.699460	0.058202	0.059244	-0.000521
550.046460	0.057909	0.060184	-0.001137
550.393412	0.056068	0.058499	-0.001215
550.740317	0.056890	0.058296	-0.000703
551.087174	0.057737	0.059931	-0.001097
551.433984	0.056905	0.058787	-0.000941
551.780746	0.058753	0.059696	-0.000471
552.127460	0.058042	0.058836	-0.000397
552.474127	0.058679	0.058884	-0.000102
552.820746	0.057026	0.059409	-0.001192
553.167318	0.057061	0.058306	-0.000622
553.513842	0.058372	0.058590	-0.000109
553.860318	0.057279	0.059336	-0.001028
554.206747	0.057261	0.059859	-0.001299
554.553128	0.058200	0.058753	-0.000276
554.899461	0.058460	0.060330	-0.000935
555.245747	0.054989	0.058358	-0.001684
555.591985	0.056984	0.057665	-0.000340
555.938175	0.057905	0.059592	-0.000843
556.284317	0.059990	0.057994	0.000998
556.630412	0.058541	0.060216	-0.000838
556.976459	0.056103	0.057092	-0.000494
557.322459	0.053955	0.060207	-0.003126
557.668410	0.058105	0.058226	-0.000061
558.014314	0.057297	0.057255	0.000021
558.360170	0.058020	0.059570	-0.000775
558.705978	0.058207	0.058252	-0.000022
559.051739	0.055085	0.058578	-0.001746
559.397451	0.057373	0.059135	-0.000881
559.743116	0.057284	0.058671	-0.000693
560.088733	0.054383	0.059185	-0.002401
560.434302	0.058090	0.058090	-0.000000
560.779823	0.056197	0.059013	-0.001408
561.125297	0.057820	0.059068	-0.000624
561.470722	0.056921	0.058232	-0.000655
561.816100	0.057201	0.060177	-0.001488
562.161430	0.056913	0.059156	-0.001122
562.506712	0.055202	0.059700	-0.002249
562.851946	0.057557	0.058038	-0.000240
563.197132	0.057928	0.059191	-0.000631
563.542270	0.055326	0.058109	-0.001392
563.887360	0.057295	0.059078	-0.000891
564.232403	0.055487	0.058997	-0.001755
564.577397	0.054957	0.059174	-0.002109
564.922343	0.053183	0.058678	-0.002748
565.267242	0.056811	0.058688	-0.000938
565.612092	0.056314	0.060355	-0.002021
565.956895	0.057387	0.058410	-0.000511
566.301649	0.054149	0.056620	-0.001235
566.646355	0.055816	0.059008	-0.001596
566.991014	0.055132	0.057499	-0.001183
567.335624	0.056233	0.060247	-0.002007
567.680186	0.056538	0.058201	-0.000831
568.024700	0.054108	0.058400	-0.002146
568.369167	0.056388	0.062344	-0.002978
568.713585	0.056546	0.059424	-0.001439
569.057955	0.056158	0.058486	-0.001164
569.402277	0.055255	0.060316	-0.002531
569.746550	0.055263	0.058342	-0.001540
570.090776	0.055181	0.058755	-0.001787
570.434954	0.056440	0.059573	-0.001567
570.779083	0.057773	0.058010	-0.000119
571.123164	0.055940	0.059023	-0.001541
571.467197	0.056744	0.057705	-0.000481
571.811182	0.054210	0.058704	-0.002247
572.155119	0.057833	0.057792	0.000020
572.499008	0.054649	0.057865	-0.001608
572.842848	0.057671	0.059846	-0.001087
573.186640	0.055292	0.058650	-0.001679
573.530384	0.055185	0.060098	-0.002457
573.874080	0.054370	0.060081	-0.002855
574.217727	0.057048	0.058377	-0.000665
574.561327	0.055023	0.059180	-0.002078
574.904878	0.056522	0.057159	-0.000319
575.248380	0.057813	0.060999	-0.001593
575.591835	0.056028	0.059699	-0.001835
575.935241	0.054754	0.055706	-0.000476
576.278599	0.054251	0.058530	-0.002140
576.621908	0.054165	0.060648	-0.003242
576.965170	0.057340	0.059884	-0.001272
577.308383	0.054963	0.062021	-0.003529
577.651547	0.055583	0.059255	-0.001836
577.994663	0.054386	0.057826	-0.001720
578.337731	0.054939	0.060161	-0.002611
578.680751	0.055160	0.059363	-0.002102
579.023722	0.052869	0.058836	-0.002984
579.366645	0.051519	0.061276	-0.004879
579.709519	0.056595	0.061151	-0.002278
580.052345	0.054703	0.059226	-0.002261
580.395123	0.053273	0.059770	-0.003248
580.737852	0.054301	0.061359	-0.003529
581.080532	0.056414	0.058719	-0.001152
581.423165	0.053885	0.057304	-0.001710
581.765748	0.053879	0.059758	-0.002939
582.108284	0.055277	0.059234	-0.001978
582.450770	0.055838	0.059457	-0.001810
582.793209	0.054884	0.058725	-0.001920
583.135599	0.056680	0.057915	-0.000618
583.477940	0.053413	0.057846	-0.002216
583.820233	0.054156	0.059061	-0.002452
584.162477	0.054740	0.058387	-0.001823
584.504673	0.052872	0.059315	-0.003221
584.846820	0.055077	0.061060	-0.002992
585.188919	0.052969	0.056360	-0.001696
585.530969	0.055642	0.059042	-0.001700
585.872970	0.054978	0.057961	-0.001491
586.214923	0.055009	0.059002	-0.001997
586.556827	0.055933	0.057272	-0.000670
586.898683	0.054553	0.059183	-0.002315
587.240490	0.055015	0.061012	-0.002999
587.582249	0.055861	0.060667	-0.002403
587.923958	0.054534	0.060252	-0.002859
588.265620	0.055212	0.061052	-0.002920
588.607232	0.053247	0.059721	-0.003237
588.948796	0.053186	0.059712	-0.003263
589.290311	0.051910	0.060574	-0.004332
589.631778	0.053934	0.059237	-0.002652
589.973196	0.052274	0.057552	-0.002639
590.314565	0.053189	0.059184	-0.002997
590.655885	0.056048	0.061555	-0.002753
590.997157	0.055302	0.059826	-0.002262
591.338379	0.052922	0.060070	-0.003574
591.679554	0.056989	0.060997	-0.002004
592.020679	0.054936	0.060640	-0.002852
592.361756	0.050667	0.061029	-0.005181
592.702784	0.055489	0.059595	-0.002053
593.043763	0.056796	0.059260	-0.001232
593.384693	0.054790	0.058071	-0.001640
593.725574	0.054065	0.059908	-0.002922
594.066407	0.054238	0.059060	-0.002411
594.407191	0.052272	0.061634	-0.004681
594.747926	0.052487	0.059592	-0.003553
595.088612	0.055814	0.060301	-0.002244
595.429249	0.053120	0.057858	-0.002369
595.769838	0.053891	0.061352	-0.003730
596.110377	0.054143	0.056825	-0.001341
596.450868	0.054380	0.059502	-0.002561
596.791309	0.054615	0.060533	-0.002959
597.131702	0.055470	0.060394	-0.002462
597.472046	0.054832	0.059187	-0.002177
597.812341	0.053625	0.055347	-0.000861
598.152587	0.053140	0.058174	-0.002517
598.492784	0.054401	0.059051	-0.002325
598.832933	0.052445	0.062551	-0.005053
599.173032	0.055138	0.059192	-0.002027
599.513082	0.055430	0.061406	-0.002988
599.853083	0.053150	0.060309	-0.003580
600.193035	0.054309	0.059706	-0.002698
600.532939	0.053261	0.059211	-0.002975
600.872793	0.053613	0.058811	-0.002599
601.212598	0.052791	0.059283	-0.003246
601.552354	0.051333	0.057033	-0.002850
601.892061	0.055879	0.059281	-0.001701
602.231719	0.053217	0.058269	-0.002526
602.571328	0.052625	0.060051	-0.003713
602.910888	0.052607	0.059644	-0.003519
603.250399	0.054240	0.059142	-0.002451
603.589860	0.054302	0.062059	-0.003879
603.929273	0.051662	0.060181	-0.004260
604.268636	0.054885	0.058582	-0.001849
604.607951	0.054363	0.058190	-0.001914
604.947216	0.050934	0.057104	-0.003085
605.286432	0.052619	0.060789	-0.004085
605.625599	0.056063	0.060119	-0.002028
605.964717	0.055360	0.057944	-0.001292
606.303785	0.052028	0.058749	-0.003361
606.642805	0.052958	0.057632	-0.002337
606.981775	0.054169	0.059313	-0.002572
607.320696	0.052887	0.060661	-0.003887
607.659567	0.052670	0.060737	-0.004034
607.998390	0.052916	0.062065	-0.004575
608.337163	0.053349	0.058935	-0.002793
608.675887	0.054569	0.059490	-0.002461
609.014562	0.053024	0.057981	-0.002479
609.353187	0.052158	0.057773	-0.002808
609.691764	0.053802	0.058364	-0.002281
610.030290	0.054320	0.058771	-0.002226
610.368768	0.049372	0.059787	-0.005207
610.707196	0.054020	0.060975	-0.003477
611.045575	0.051321	0.061161	-0.004920
611.383905	0.053338	0.058961	-0.002812
611.722185	0.053266	0.059398	-0.003066
612.060416	0.053020	0.060542	-0.003761
612.398598	0.053644	0.060031	-0.003193
612.736730	0.053536	0.059474	-0.002969
613.074813	0.052991	0.059417	-0.003213
613.412847	0.050801	0.058073	-0.003636
613.750831	0.052521	0.060795	-0.004137
614.088765	0.055677	0.059747	-0.002035
614.426651	0.051755	0.061023	-0.004634
614.764486	0.052253	0.063485	-0.005616
615.102273	0.052641	0.057667	-0.002513
615.440010	0.054096	0.060776	-0.003340
615.777697	0.054768	0.061879	-0.003555
616.115335	0.052305	0.061556	-0.004626
616.452924	0.053296	0.059806	-0.003255
616.790463	0.053170	0.061032	-0.003931
617.127952	0.052061	0.062247	-0.005093
617.465392	0.054278	0.061479	-0.003601
617.802783	0.053906	0.059196	-0.002645
618.140124	0.052922	0.061842	-0.004460
618.477415	0.051495	0.060891	-0.004698
618.814657	0.053756	0.059676	-0.002960
619.151850	0.050358	0.060792	-0.005217
619.488992	0.052765	0.058504	-0.002870
619.826086	0.054561	0.060528	-0.002983
620.163129	0.052713	0.060663	-0.003975
620.500123	0.051681	0.059042	-0.003680
620.837068	0.052452	0.057989	-0.002768
621.173962	0.051251	0.058158	-0.003453
621.510808	0.051819	0.058021	-0.003101
621.847603	0.052259	0.061371	-0.004556
622.184349	0.052791	0.059428	-0.003318
622.521045	0.051812	0.059941	-0.004065
622.857692	0.052967	0.059219	-0.003126
623.194289	0.052357	0.061241	-0.004442
623.530836	0.053521	0.062038	-0.004258
623.867333	0.050541	0.062764	-0.006112
624.203781	0.053513	0.060903	-0.003695
624.540179	0.051732	0.057689	-0.002979
624.876527	0.053576	0.058956	-0.002690
625.212826	0.050454	0.060635	-0.005091
625.549075	0.050196	0.060494	-0.005149
625.885274	0.054381	0.057368	-0.001493
626.221423	0.053028	0.058976	-0.002974
626.557523	0.051706	0.061894	-0.005094
626.893572	0.050574	0.060908	-0.005167
627.229572	0.052844	0.062606	-0.004881
627.565522	0.054380	0.059573	-0.002597
627.901423	0.053053	0.061773	-0.004360
628.237273	0.055017	0.059524	-0.002254
628.573074	0.049311	0.058343	-0.004516
628.908825	0.052422	0.059105	-0.003341
629.244526	0.052838	0.059392	-0.003277
629.580177	0.053613	0.061613	-0.004000
629.915778	0.052943	0.060647	-0.003852
630.251329	0.055063	0.060324	-0.002630
630.586830	0.051502	0.058588	-0.003543
630.922282	0.055364	0.059808	-0.002222
631.257683	0.051200	0.062235	-0.005518
631.593035	0.052881	0.060781	-0.003950
631.928337	0.053702	0.060383	-0.003341
632.263588	0.051331	0.059514	-0.004092
632.598790	0.054577	0.061095	-0.003259
632.933942	0.052486	0.060029	-0.003771
633.269044	0.053329	0.058214	-0.002442
633.604096	0.051765	0.061546	-0.004891
633.939098	0.049697	0.060688	-0.005495
634.274049	0.053327	0.061924	-0.004298
634.608951	0.053838	0.061185	-0.003673
634.943803	0.054877	0.059924	-0.002523
635.278605	0.052711	0.062231	-0.004760
635.613356	0.050294	0.058589	-0.004147
635.948058	0.051411	0.060739	-0.004664
636.282710	0.054412	0.056764	-0.001176
636.617311	0.054266	0.057890	-0.001812
636.951862	0.050815	0.060009	-0.004597
637.286364	0.050270	0.061491	-0.005610
637.620815	0.053398	0.060351	-0.003476
637.955216	0.052942	0.060964	-0.004011
638.289567	0.052043	0.058101	-0.003029
638.623868	0.052944	0.056876	-0.001966
638.958118	0.050992	0.060693	-0.004850
639.292319	0.054242	0.061267	-0.003513
639.626469	0.050420	0.061943	-0.005761
639.960569	0.052359	0.061125	-0.004383
640.294619	0.054443	0.059562	-0.002560
640.628619	0.051694	0.063183	-0.005745
640.962568	0.051848	0.061084	-0.004618
641.296468	0.050687	0.060350	-0.004832
641.630317	0.052693	0.060718	-0.004013
641.964116	0.051758	0.060543	-0.004392
642.297864	0.053025	0.059998	-0.003486
642.631563	0.052570	0.060149	-0.003790
642.965211	0.049912	0.059550	-0.004819
643.298808	0.056493	0.059127	-0.001317
643.632356	0.052965	0.056850	-0.001943
643.965853	0.053853	0.059485	-0.002816
644.299300	0.054772	0.060613	-0.002921
644.632697	0.052363	0.061315	-0.004476
644.966043	0.052392	0.059693	-0.003651
645.299339	0.054785	0.060944	-0.003079
645.632584	0.052929	0.061371	-0.004221
645.965779	0.054417	0.057698	-0.001640
646.298924	0.051515	0.060610	-0.004547
646.632019	0.052962	0.059165	-0.003101
646.965063	0.052357	0.058981	-0.003312
647.298056	0.052232	0.060974	-0.004371
647.630999	0.053078	0.059892	-0.003407
647.963892	0.055832	0.058544	-0.001356
648.296735	0.054247	0.057307	-0.001530
648.629527	0.053090	0.061766	-0.004338
648.962268	0.052262	0.058984	-0.003361
649.294959	0.053483	0.061042	-0.003779
649.627600	0.051462	0.063031	-0.005784
649.960190	0.051564	0.059978	-0.004207
650.292729	0.050058	0.062189	-0.006065
650.625218	0.052854	0.060214	-0.003680
650.957657	0.053194	0.060986	-0.003896
651.290045	0.054118	0.061058	-0.003470
651.622383	0.053935	0.059945	-0.003005
651.954669	0.052159	0.059911	-0.003876
652.286906	0.051337	0.059539	-0.004101
652.619092	0.053114	0.061099	-0.003993
652.951227	0.055253	0.061947	-0.003347
653.283312	0.049991	0.061962	-0.005986
653.615346	0.051542	0.060788	-0.004623
653.947329	0.048694	0.060163	-0.005735
654.279262	0.052977	0.059453	-0.003238
654.611145	0.052294	0.059540	-0.003623
654.942976	0.052842	0.061175	-0.004166
655.274757	0.053618	0.058770	-0.002576
655.606488	0.053202	0.059998	-0.003398
655.938167	0.053248	0.058649	-0.002700
656.269796	0.053522	0.062251	-0.004364
656.601375	0.054441	0.062275	-0.003917
656.932902	0.054729	0.059869	-0.002570
657.264379	0.054620	0.061331	-0.003355
657.595806	0.050894	0.060456	-0.004781
657.927181	0.055323	0.060629	-0.002653
658.258506	0.052576	0.060211	-0.003818
658.589780	0.051937	0.057688	-0.002875
658.921003	0.052717	0.058681	-0.002982
659.252176	0.054032	0.061488	-0.003728
659.583298	0.051801	0.059389	-0.003794
659.914369	0.053905	0.060857	-0.003476
660.245389	0.054187	0.059824	-0.002818
660.576358	0.053301	0.059521	-0.003110
660.907277	0.055964	0.061329	-0.002682
661.238145	0.056126	0.060048	-0.001961
661.568962	0.052792	0.060074	-0.003641
661.899728	0.054396	0.060379	-0.002991
662.230443	0.051935	0.058759	-0.003412
662.561107	0.054072	0.058443	-0.002186
662.891721	0.052605	0.060250	-0.003822
663.222283	0.052601	0.062404	-0.004901
663.552795	0.055600	0.060110	-0.002255
663.883256	0.054669	0.061207	-0.003269
664.213666	0.056131	0.060415	-0.002142
664.544025	0.051978	0.059970	-0.003996
664.874333	0.057267	0.058839	-0.000786
665.204590	0.053434	0.060490	-0.003528
665.534796	0.050897	0.057522	-0.003312
665.864952	0.053663	0.060572	-0.003454
666.195056	0.055478	0.060123	-0.002322
666.525109	0.054337	0.060051	-0.002857
666.855111	0.055173	0.060769	-0.002798
667.185063	0.054516	0.063166	-0.004325
667.514963	0.053867	0.061145	-0.003639
667.844812	0.055486	0.060622	-0.002568
668.174610	0.056067	0.058121	-0.001027
668.504357	0.053760	0.056436	-0.001338
668.834054	0.055592	0.059355	-0.001882
669.163699	0.054645	0.056153	-0.000754
669.493293	0.053696	0.059823	-0.003064
669.822836	0.052975	0.058366	-0.002696
670.152327	0.055970	0.061368	-0.002699
670.481768	0.054716	0.060768	-0.003026
670.811158	0.052179	0.059561	-0.003691
671.140496	0.055348	0.059092	-0.001872
671.469783	0.056404	0.060899	-0.002247
671.799020	0.057032	0.058606	-0.000787
672.128205	0.055873	0.059619	-0.001873
672.457339	0.054723	0.058633	-0.001955
672.786421	0.052555	0.058667	-0.003056
673.115453	0.051471	0.060821	-0.004675
673.444433	0.057339	0.061531	-0.002096
673.773362	0.050923	0.062203	-0.005640
674.102240	0.055725	0.059437	-0.001856
674.431067	0.053612	0.059607	-0.002998
674.759842	0.054906	0.058659	-0.001877
675.088567	0.055281	0.062416	-0.003567
675.417240	0.052998	0.059642	-0.003322
675.745861	0.055551	0.059659	-0.002054
676.074432	0.053290	0.061007	-0.003858
676.402951	0.054612	0.060124	-0.002756
676.731419	0.055399	0.060729	-0.002665
677.059835	0.056579	0.060218	-0.001820
677.388201	0.055795	0.061402	-0.002803
677.716515	0.057072	0.058540	-0.000734
678.044777	0.056205	0.059004	-0.001400
678.372988	0.055019	0.059423	-0.002202
678.701148	0.057722	0.059748	-0.001013
679.029257	0.055189	0.060291	-0.002551
679.357314	0.056180	0.061043	-0.002432
679.685320	0.054445	0.065473	-0.005514
680.013274	0.056007	0.063349	-0.003671
680.341177	0.055412	0.058832	-0.001710
680.669029	0.057309	0.060804	-0.001748
680.996829	0.055748	0.058103	-0.001177
681.324578	0.061236	0.061492	-0.000128
681.652275	0.059666	0.059226	0.000220
681.979921	0.054237	0.060729	-0.003246
682.307515	0.055566	0.058853	-0.001644
682.635058	0.053931	0.063483	-0.004776
682.962550	0.055004	0.062161	-0.003579
683.289989	0.056539	0.061881	-0.002671
683.617378	0.054440	0.057100	-0.001330
683.944715	0.055709	0.058103	-0.001197
684.272000	0.052493	0.061361	-0.004434
684.599234	0.054402	0.062082	-0.003840
684.926416	0.055702	0.059715	-0.002007
685.253547	0.056296	0.062189	-0.002946
685.580626	0.057058	0.058850	-0.000896
685.907654	0.059094	0.058019	0.000538
686.234630	0.053721	0.060441	-0.003360
686.561554	0.059120	0.059551	-0.000215
686.888427	0.055775	0.058337	-0.001281
687.215248	0.056840	0.059113	-0.001137
687.542018	0.058306	0.059129	-0.000411
687.868736	0.058014	0.061030	-0.001508
688.195402	0.057063	0.060752	-0.001845
688.522017	0.054249	0.056806	-0.001278
688.848580	0.055192	0.059168	-0.001988
689.175091	0.055978	0.059769	-0.001896
689.501551	0.058075	0.062029	-0.001977
689.827959	0.057315	0.061065	-0.001875
690.154315	0.056287	0.060621	-0.002167
690.480620	0.057082	0.059525	-0.001222
690.806873	0.055497	0.063951	-0.004227
691.133074	0.057802	0.058184	-0.000191
691.459223	0.055871	0.058475	-0.001302
691.785321	0.058158	0.062491	-0.002166
692.111367	0.053254	0.060373	-0.003560
692.437361	0.054413	0.058590	-0.002089
692.763303	0.056685	0.061182	-0.002248
693.089193	0.057533	0.057709	-0.000088
693.415032	0.055986	0.060686	-0.002350
693.740819	0.057280	0.060154	-0.001437
694.066554	0.057580	0.062889	-0.002654
694.392237	0.055458	0.059696	-0.002119
694.717869	0.056242	0.060783	-0.002271
695.043448	0.060227	0.057705	0.001261
695.368976	0.057573	0.062099	-0.002263
695.694452	0.059800	0.061587	-0.000893
696.019876	0.057114	0.063109	-0.002998
696.345248	0.058137	0.060521	-0.001192
696.670568	0.057414	0.057914	-0.000250
696.995836	0.055634	0.060494	-0.002430
697.321052	0.054931	0.059272	-0.002171
697.646216	0.058697	0.059340	-0.000322
697.971329	0.056900	0.062710	-0.002905
698.296389	0.058117	0.060933	-0.001408
698.621398	0.060534	0.061954	-0.000710
698.946354	0.059402	0.061209	-0.000903
699.271259	0.061137	0.058556	0.001291
699.596111	0.055573	0.057984	-0.001206
699.920912	0.058356	0.061705	-0.001674
700.245660	0.055249	0.058954	-0.001852
700.570357	0.056197	0.058125	-0.000964
700.895001	0.057553	0.062439	-0.002443
701.219594	0.059582	0.056955	0.001314
701.544134	0.057068	0.059956	-0.001444
701.868622	0.057860	0.060328	-0.001234
702.193059	0.059313	0.058242	0.000535
702.517443	0.060223	0.059290	0.000466
702.841775	0.056696	0.058102	-0.000703
703.166055	0.057810	0.059483	-0.000836
703.490283	0.059884	0.060815	-0.000466
703.814458	0.059298	0.060283	-0.000492
704.138582	0.059125	0.059797	-0.000336
704.462653	0.059796	0.060609	-0.000407
704.786673	0.060273	0.059133	0.000570
705.110640	0.058824	0.058783	0.000021
705.434555	0.059222	0.057271	0.000976
705.758417	0.057761	0.059750	-0.000994
706.082228	0.056228	0.058963	-0.001368
706.405986	0.060065	0.057913	0.001076
706.729692	0.060157	0.058421	0.000868
707.053346	0.060641	0.061197	-0.000278
707.376948	0.059021	0.061679	-0.001329
707.700497	0.059229	0.058763	0.000233
708.023995	0.059476	0.062829	-0.001676
708.347439	0.058323	0.058040	0.000142
708.670832	0.057245	0.060982	-0.001869
708.994173	0.060257	0.059450	0.000404
709.317461	0.059195	0.057023	0.001086
709.640696	0.059433	0.060572	-0.000570
709.963880	0.056646	0.058215	-0.000785
710.287011	0.061090	0.059210	0.000940
710.610090	0.061097	0.059266	0.000916
710.933116	0.057949	0.060788	-0.001420
711.256090	0.061542	0.061601	-0.000030
711.579012	0.058544	0.058480	0.000032
711.901881	0.060766	0.058346	0.001210
712.224698	0.063054	0.059331	0.001862
712.547463	0.064523	0.061699	0.001412
712.870175	0.057596	0.062133	-0.002269
713.192835	0.055644	0.058091	-0.001224
713.515442	0.060220	0.060876	-0.000328
713.837997	0.060945	0.059765	0.000590
714.160499	0.060532	0.058813	0.000860
714.482949	0.059774	0.059621	0.000077
714.805347	0.061375	0.058239	0.001568
715.127692	0.059260	0.059569	-0.000155
715.449985	0.060387	0.060139	0.000124
715.772225	0.061692	0.059804	0.000944
716.094412	0.060056	0.058653	0.000702
716.416547	0.058406	0.061229	-0.001412
716.738630	0.061239	0.060448	0.000395
717.060660	0.058796	0.060335	-0.000769
717.382637	0.062130	0.057054	0.002538
717.704562	0.061414	0.059438	0.000988
718.026435	0.062942	0.061564	0.000689
718.348254	0.061621	0.057648	0.001987
718.670022	0.059195	0.057443	0.000876
718.991736	0.060367	0.058881	0.000743
719.313398	0.060485	0.058477	0.001004
719.635008	0.058132	0.059558	-0.000713
719.956564	0.063087	0.061788	0.000649
720.278068	0.056765	0.058594	-0.000915
720.599520	0.060596	0.059309	0.000643
720.920919	0.060655	0.062888	-0.001116
721.242265	0.061046	0.057014	0.002016
721.563558	0.064346	0.058218	0.003064
721.884799	0.058898	0.062219	-0.001661
722.205987	0.061722	0.058057	0.001832
722.527123	0.065239	0.060628	0.002305
722.848205	0.061708	0.059532	0.001088
723.169235	0.063334	0.057994	0.002670
723.490212	0.057560	0.061284	-0.001862
723.811137	0.061100	0.061494	-0.000197
724.132009	0.059104	0.056922	0.001091
724.452828	0.064365	0.057095	0.003635
724.773594	0.061254	0.059335	0.000959
725.094307	0.062070	0.060137	0.000966
725.414968	0.058901	0.061312	-0.001205
725.735576	0.057851	0.061347	-0.001748
726.056131	0.061733	0.060841	0.000446
726.376633	0.063231	0.058335	0.002448
726.697082	0.062650	0.061543	0.000553
727.017478	0.058791	0.057821	0.000485
727.337822	0.061037	0.061092	-0.000028
727.658113	0.063414	0.062476	0.000469
727.978351	0.061233	0.060193	0.000520
728.298536	0.062612	0.059801	0.001405
728.618668	0.062440	0.060256	0.001092
728.938747	0.060090	0.063538	-0.001724
729.258773	0.061585	0.066057	-0.002236
729.578747	0.063033	0.059525	0.001754
729.898667	0.061394	0.055969	0.002713
730.218534	0.060741	0.058586	0.001078
730.538349	0.060526	0.062273	-0.000873
730.858111	0.060434	0.060164	0.000135
731.177819	0.060761	0.058646	0.001057
731.497475	0.067159	0.060054	0.003552
731.817077	0.061898	0.060145	0.000877
732.136627	0.067535	0.059320	0.004107
732.456123	0.064036	0.059011	0.002513
732.775567	0.064055	0.060085	0.001985
733.094958	0.062356	0.062428	-0.000036
733.414295	0.060989	0.061897	-0.000454
733.733579	0.062711	0.061539	0.000586
734.052811	0.064259	0.062781	0.000739
734.371989	0.059751	0.060479	-0.000364
734.691114	0.058857	0.057817	0.000520
735.010186	0.062151	0.057709	0.002221
735.329205	0.065302	0.058725	0.003289
735.648171	0.060786	0.060928	-0.000071
735.967084	0.060346	0.060630	-0.000142
736.285944	0.063468	0.057356	0.003056
736.604750	0.060416	0.059062	0.000677
736.923503	0.061560	0.060030	0.000765
737.242203	0.060413	0.058945	0.000734
737.560850	0.062193	0.054608	0.003793
737.879444	0.064917	0.060945	0.001986
738.197985	0.063523	0.060245	0.001639
738.516472	0.061712	0.061393	0.000160
738.834906	0.059773	0.058215	0.000779
739.153287	0.062514	0.059296	0.001609
739.471615	0.064293	0.060738	0.001777
739.789889	0.059635	0.058178	0.000729
740.108111	0.065928	0.063548	0.001190
740.426279	0.062349	0.061651	0.000349
740.744393	0.062492	0.061708	0.000392
741.062455	0.059851	0.061101	-0.000625
741.380463	0.065680	0.062723	0.001478
741.698417	0.059589	0.057985	0.000802
742.016319	0.062256	0.058291	0.001983
742.334167	0.064075	0.060462	0.001806
742.651962	0.066019	0.059511	0.003254
742.969703	0.059112	0.063122	-0.002005
743.287391	0.063443	0.058676	0.002384
743.605026	0.063938	0.059619	0.002160
743.922607	0.061420	0.055797	0.002811
744.240135	0.064845	0.058789	0.003028
744.557610	0.063407	0.061515	0.000946
744.875031	0.063482	0.059927	0.001777
745.192399	0.065821	0.061164	0.002328
745.509713	0.061542	0.062276	-0.000367
745.826974	0.058119	0.060617	-0.001249
746.144182	0.059741	0.061769	-0.001014
746.461336	0.065495	0.063545	0.000975
746.778436	0.066094	0.061519	0.002288
747.095483	0.064190	0.060813	0.001688
747.412477	0.061364	0.059163	0.001101
747.729417	0.064035	0.061133	0.001451
748.046303	0.063945	0.063259	0.000343
748.363136	0.063604	0.061032	0.001286
748.679916	0.066593	0.062314	0.002139
748.996642	0.063353	0.061431	0.000961
749.313314	0.061428	0.059789	0.000820
749.629933	0.063358	0.060362	0.001498
749.946498	0.062685	0.057467	0.002609
750.263010	0.061886	0.056821	0.002533
750.579468	0.063602	0.059894	0.001854
750.895873	0.063900	0.061985	0.000957
751.212224	0.063399	0.058631	0.002384
751.528521	0.062170	0.059990	0.001090
751.844765	0.065459	0.059849	0.002805
752.160955	0.062977	0.059993	0.001492
752.477091	0.065903	0.059899	0.003002
752.793174	0.061353	0.060944	0.000205
753.109203	0.060298	0.060785	-0.000243
753.425178	0.061249	0.059731	0.000759
753.741100	0.068039	0.061923	0.003058
754.056968	0.061928	0.060999	0.000464
754.372783	0.065478	0.063339	0.001069
754.688543	0.061505	0.059220	0.001143
755.004250	0.062328	0.060403	0.000962
755.319903	0.059124	0.058139	0.000492
755.635503	0.062526	0.059298	0.001614
755.951048	0.065668	0.062897	0.001385
756.266540	0.064476	0.061207	0.001634
756.581978	0.062092	0.058465	0.001814
756.897363	0.062543	0.058935	0.001804
757.212693	0.064381	0.057374	0.003504
757.527970	0.064151	0.061661	0.001245
757.843193	0.062614	0.060545	0.001034
758.158362	0.061619	0.059562	0.001029
758.473477	0.062450	0.059688	0.001381
758.788538	0.065546	0.058470	0.003538
759.103546	0.060828	0.059383	0.000723
759.418499	0.064686	0.062108	0.001289
759.733399	0.065783	0.057962	0.003910
760.048245	0.061962	0.058942	0.001510
760.363037	0.062682	0.059809	0.001436
760.677775	0.064879	0.061267	0.001806
760.992459	0.066606	0.055671	0.005468
761.307090	0.064536	0.061788	0.001374
761.621666	0.064349	0.060557	0.001896
761.936188	0.063670	0.063197	0.000237
762.250657	0.065567	0.063118	0.001224
762.565071	0.064026	0.057372	0.003327
762.879432	0.066231	0.059863	0.003184
763.193738	0.065110	0.059832	0.002639
763.507991	0.062909	0.056317	0.003296
763.822189	0.062984	0.061196	0.000894
764.136333	0.067018	0.056054	0.005482
764.450424	0.064525	0.060127	0.002199
764.764460	0.062158	0.062268	-0.000055
765.078443	0.062865	0.060320	0.001273
765.392371	0.061364	0.057594	0.001885
765.706245	0.065804	0.061882	0.001961
766.020065	0.065646	0.059956	0.002845
766.333831	0.064026	0.057026	0.003500
766.647543	0.065698	0.059099	0.003300
766.961201	0.068955	0.059038	0.004958
767.274805	0.068527	0.058617	0.004955
767.588354	0.065282	0.063132	0.001075
767.901850	0.067930	0.060078	0.003926
768.215291	0.067559	0.064167	0.001696
768.528678	0.064245	0.060546	0.001849
768.842011	0.066344	0.057949	0.004198
769.155290	0.064774	0.056689	0.004042
769.468515	0.064267	0.057559	0.003354
769.781685	0.066557	0.063295	0.001631
770.094801	0.066601	0.063514	0.001544
770.407864	0.067027	0.061647	0.002690
770.720871	0.068771	0.060331	0.004220
771.033825	0.069728	0.061455	0.004136
771.346724	0.064710	0.060422	0.002144
771.659569	0.066758	0.060147	0.003305
771.972360	0.066427	0.059679	0.003374
772.285096	0.063941	0.062112	0.000914
772.597779	0.066021	0.059988	0.003016
772.910407	0.067503	0.060463	0.003520
773.222980	0.072036	0.065049	0.003493
773.535499	0.063357	0.059520	0.001918
773.847964	0.062602	0.064325	-0.000861
774.160375	0.065455	0.059415	0.003020
774.472731	0.067672	0.061911	0.002881
774.785033	0.066849	0.062086	0.002381
775.097281	0.064420	0.058856	0.002782
775.409474	0.063950	0.058189	0.002880
775.721613	0.062280	0.057502	0.002389
776.033697	0.062816	0.061089	0.000864
776.345727	0.062645	0.061784	0.000431
776.657702	0.063689	0.059913	0.001888
776.969624	0.064554	0.059949	0.002303
777.281490	0.066179	0.062271	0.001954
777.593303	0.065966	0.060829	0.002569
777.905060	0.065445	0.060893	0.002276
778.216764	0.061598	0.058922	0.001338
778.528412	0.064214	0.064204	0.000005
778.840007	0.066762	0.063763	0.001500
779.151547	0.062932	0.061419	0.000756
779.463032	0.064519	0.063702	0.000408
779.774463	0.065533	0.061342	0.002095
780.085839	0.065657	0.059471	0.003093
780.397161	0.060605	0.058237	0.001184
780.708428	0.065772	0.059513	0.003129
781.019641	0.064421	0.060836	0.001792
781.330799	0.070670	0.062591	0.004039
781.641902	0.064219	0.059155	0.002532
781.952951	0.066884	0.057607	0.004638
782.263946	0.063629	0.066417	-0.001394
782.574885	0.059645	0.061105	-0.000730
782.885770	0.063899	0.060089	0.001905
783.196601	0.064301	0.061178	0.001561
783.507377	0.075573	0.054220	0.010677
783.818098	0.068467	0.063378	0.002545
784.128764	0.064971	0.059225	0.002873
784.439376	0.067014	0.061474	0.002770
784.749933	0.067948	0.060318	0.003815
785.060436	0.067137	0.061389	0.002874
785.370884	0.062876	0.068733	-0.002928
785.681277	0.064254	0.060424	0.001915
785.991615	0.067351	0.055346	0.006003
786.301899	0.066521	0.059669	0.003426
786.612128	0.072517	0.064332	0.004093
786.922302	0.064219	0.063549	0.000335
787.232421	0.067862	0.058878	0.004492
787.542486	0.070434	0.062315	0.004059
787.852496	0.065333	0.057582	0.003876
788.162451	0.065277	0.059892	0.002693
788.472351	0.060916	0.065667	-0.002375
788.782196	0.062741	0.059798	0.001472
789.091987	0.060863	0.064470	-0.001803
789.401723	0.065187	0.061267	0.001960
789.711404	0.063871	0.062643	0.000614
790.021030	0.066709	0.060903	0.002903
790.330601	0.065075	0.061297	0.001889
790.640117	0.071805	0.063034	0.004386
790.949579	0.072194	0.062953	0.004620
791.258985	0.069018	0.061025	0.003996
791.568337	0.065151	0.057514	0.003818
791.877634	0.069437	0.063626	0.002906
792.186876	0.065233	0.060575	0.002329
792.496063	0.072195	0.052287	0.009954
792.805195	0.062394	0.056389	0.003003
793.114272	0.071144	0.065878	0.002633
793.423294	0.069511	0.063147	0.003182
793.732261	0.065065	0.062179	0.001443
794.041173	0.068399	0.061731	0.003334
794.350030	0.066631	0.056570	0.005031
794.658833	0.066368	0.057821	0.004274
794.967580	0.063679	0.063153	0.000263
795.276272	0.063604	0.066190	-0.001293
795.584909	0.064009	0.059961	0.002024
795.893491	0.065930	0.058540	0.003695
796.202018	0.069098	0.059055	0.005022
796.510490	0.068792	0.060405	0.004194
796.818907	0.070519	0.064191	0.003164
797.127269	0.068356	0.064233	0.002062
797.435576	0.067421	0.058271	0.004575
797.743827	0.065439	0.061211	0.002114
798.052024	0.067752	0.059280	0.004236
798.360165	0.072774	0.060703	0.006035
798.668251	0.065040	0.062533	0.001254
798.976283	0.060426	0.063614	-0.001594
799.284259	0.063958	0.059929	0.002014
799.592179	0.070680	0.065377	0.002652
799.900045	0.064683	0.067704	-0.001510
800.207855	0.068583	0.064758	0.001912
800.515611	0.073600	0.067389	0.003105
800.823311	0.070286	0.064455	0.002915
801.130956	0.065993	0.064147	0.000923
801.438545	0.071669	0.060952	0.005359
801.746080	0.068794	0.060848	0.003973
802.053559	0.065407	0.060682	0.002362
802.360983	0.067885	0.062918	0.002484
802.668352	0.068000	0.064041	0.001980
802.975665	0.066465	0.060788	0.002838
803.282923	0.068587	0.061464	0.003561
803.590126	0.066072	0.061029	0.002521
803.897274	0.067089	0.063395	0.001847
804.204366	0.071434	0.061455	0.004990
804.511403	0.072641	0.068944	0.001849
804.818384	0.070031	0.057325	0.006353
805.125311	0.069191	0.060795	0.004198
805.432181	0.069334	0.061024	0.004155
805.738997	0.068437	0.073700	-0.002632
806.045757	0.069889	0.059433	0.005228
806.352462	0.072101	0.063429	0.004336
806.659111	0.071838	0.065285	0.003277
806.965705	0.068985	0.066815	0.001085
807.272244	0.067925	0.060307	0.003809
807.578727	0.072121	0.063392	0.004365
807.885155	0.070507	0.061755	0.004376
808.191527	0.069621	0.056138	0.006742
808.497844	0.064028	0.066926	-0.001449
808.804105	0.076033	0.061138	0.007447
809.110311	0.070195	0.066884	0.001656
809.416462	0.073030	0.071618	0.000706
809.722557	0.066781	0.063199	0.001791
810.028596	0.072665	0.062488	0.005088
810.334580	0.073096	0.070303	0.001397
810.640508	0.070207	0.059112	0.005548
810.946381	0.069786	0.059294	0.005246
811.252199	0.068511	0.058604	0.004953
811.557961	0.067719	0.060675	0.003522
811.863667	0.074718	0.057359	0.008680
812.169317	0.071935	0.063932	0.004002
812.474913	0.068765	0.058201	0.005282
812.780452	0.068384	0.059961	0.004211
813.085936	0.074547	0.065495	0.004526
813.391364	0.067311	0.060168	0.003572
813.696737	0.068986	0.060766	0.004110
814.002054	0.067185	0.066211	0.000487
814.307315	0.072647	0.063873	0.004387
814.612521	0.069262	0.064390	0.002436
814.917671	0.064731	0.062342	0.001195
815.222766	0.063509	0.064457	-0.000474
815.527804	0.072174	0.060086	0.006044
815.832787	0.079217	0.057324	0.010947
816.137715	0.071708	0.065048	0.003330
816.442586	0.072940	0.071520	0.000710
816.747402	0.068330	0.060477	0.003927
817.052162	0.069479	0.065243	0.002118
817.356867	0.073981	0.062355	0.005813
817.661516	0.071618	0.058153	0.006733
817.966109	0.069868	0.060785	0.004541
818.270646	0.063770	0.054328	0.004721
818.575127	0.070640	0.064149	0.003245
818.879553	0.074722	0.061449	0.006636
819.183922	0.069871	0.061161	0.004355
819.488236	0.067309	0.060613	0.003348
819.792495	0.067240	0.057162	0.005039
820.096697	0.072177	0.067990	0.002093
820.400843	0.067665	0.066593	0.000536
820.704934	0.074694	0.055545	0.009574
821.008969	0.075457	0.059568	0.007945
821.312948	0.069748	0.071087	-0.000669
821.616871	0.068476	0.056939	0.005769
821.920738	0.070150	0.065833	0.002158
822.224549	0.071288	0.067687	0.001800
822.528305	0.064459	0.067981	-0.001761
822.832004	0.073729	0.075291	-0.000781
823.135647	0.063774	0.061317	0.001228
823.439235	0.069268	0.065846	0.001711
823.742767	0.070200	0.066298	0.001951
824.046242	0.059183	0.064598	-0.002707
824.349662	0.070684	0.064359	0.003162
824.653026	0.073197	0.066363	0.003417
824.956333	0.066541	0.060992	0.002774
825.259585	0.073991	0.063363	0.005314
825.562781	0.066977	0.062528	0.002225
825.865920	0.065831	0.065537	0.000147
826.169004	0.065763	0.052050	0.006856
826.472031	0.069329	0.052904	0.008212
826.775003	0.071064	0.057086	0.006989
827.077918	0.074093	0.057966	0.008063
827.380778	0.062817	0.063473	-0.000328
827.683581	0.065290	0.063090	0.001100
827.986328	0.069891	0.066597	0.001647
828.289019	0.068456	0.061778	0.003339
828.591654	0.069312	0.062656	0.003328
828.894233	0.069614	0.065416	0.002099
829.196756	0.077607	0.067810	0.004899
829.499223	0.076981	0.071799	0.002591
829.801633	0.066068	0.065619	0.000224
830.103988	0.068061	0.061668	0.003197
830.406286	0.068910	0.068354	0.000278
830.708528	0.076854	0.061267	0.007794
831.010713	0.076514	0.054386	0.011064
831.312843	0.071695	0.055739	0.007978
831.614916	0.072823	0.062926	0.004948
831.916933	0.068824	0.062144	0.003340
832.218894	0.066391	0.063070	0.001660
832.520799	0.066785	0.067236	-0.000225
832.822647	0.071325	0.071233	0.000046
833.124440	0.077640	0.060075	0.008782
833.426175	0.070277	0.071600	-0.000661
833.727855	0.075158	0.062703	0.006227
834.029478	0.076771	0.060640	0.008065
834.331045	0.066724	0.069209	-0.001242
834.632556	0.074835	0.066027	0.004404
834.934010	0.072299	0.060811	0.005744
835.235408	0.066157	0.063028	0.001564
835.536750	0.078093	0.055009	0.011542
835.838035	0.065639	0.067094	-0.000728
836.139264	0.067218	0.055127	0.006045
836.440437	0.064482	0.068795	-0.002156
836.741553	0.057563	0.060938	-0.001688
837.042613	0.072974	0.072715	0.000129
837.343616	0.070795	0.057076	0.006860
837.644563	0.065081	0.063928	0.000577
837.945454	0.068371	0.061644	0.003364
838.246288	0.071437	0.067172	0.002133
838.547066	0.075659	0.067440	0.004110
838.847787	0.077907	0.067420	0.005243
839.148452	0.075847	0.060635	0.007606
839.449060	0.069399	0.070088	-0.000345
839.749612	0.073400	0.057166	0.008117
840.050108	0.076537	0.059148	0.008695
840.350547	0.077757	0.060127	0.008815
840.650929	0.075864	0.073998	0.000933
840.951255	0.074910	0.063861	0.005525
841.251524	0.069717	0.052858	0.008429
841.551737	0.069996	0.069727	0.000135
841.851893	0.065800	0.062731	0.001534
842.151993	0.067959	0.060453	0.003753
842.452036	0.058291	0.056765	0.000763
842.752022	0.077903	0.070891	0.003506
843.051952	0.073702	0.060629	0.006537
843.351825	0.074464	0.065703	0.004380
843.651642	0.078816	0.058597	0.010109
843.951402	0.065821	0.065830	-0.000005
844.251106	0.072076	0.058116	0.006980
844.550752	0.070269	0.057177	0.006546
844.850343	0.070491	0.056861	0.006815
845.149876	0.069432	0.063601	0.002916
845.449353	0.085881	0.049710	0.018086
845.748773	0.081337	0.062626	0.009355
846.048136	0.064240	0.078343	-0.007051
846.347443	0.062576	0.069882	-0.003653
846.646693	0.060386	0.073467	-0.006540
846.945886	0.058071	0.070148	-0.006038
847.245023	0.058506	0.059742	-0.000618
847.544103	0.081059	0.066372	0.007344
847.843126	0.066265	0.061750	0.002258
848.142092	0.067090	0.056589	0.005251
848.441002	0.084436	0.073173	0.005631
848.739854	0.081780	0.082451	-0.000336
849.038650	0.080873	0.070995	0.004939
849.337390	0.074199	0.055058	0.009571
849.636072	0.077700	0.067310	0.005195
849.934697	0.078423	0.057973	0.010225
850.233266	0.071300	0.069607	0.000846
850.531778	0.070655	0.067973	0.001341
850.830233	0.077398	0.075191	0.001104
851.128631	0.063609	0.065152	-0.000772
851.426972	0.077281	0.062904	0.007188
851.725257	0.078477	0.062656	0.007911
852.023484	0.079567	0.073720	0.002923
852.321655	0.073095	0.073254	-0.000079
852.619768	0.072295	0.063356	0.004469
852.917825	0.068675	0.061336	0.003670
853.215825	0.072997	0.073750	-0.000376
853.513768	0.076181	0.067893	0.004144
853.811654	0.067381	0.065125	0.001128
854.109483	0.070915	0.062930	0.003992
854.407255	0.074430	0.059873	0.007278
854.704970	0.065165	0.078830	-0.006832
855.002628	0.078114	0.067321	0.005397
855.300229	0.069731	0.056396	0.006667
855.597773	0.074311	0.068513	0.002899
855.895260	0.079302	0.068754	0.005274
856.192690	0.078962	0.061301	0.008831
856.490063	0.061783	0.067561	-0.002889
856.787378	0.065220	0.069321	-0.002051
857.084637	0.059409	0.070394	-0.005492
857.381839	0.077271	0.061194	0.008039
857.678984	0.073202	0.060168	0.006517
857.976071	0.079794	0.073658	0.003068
858.273101	0.066990	0.066225	0.000382
858.570075	0.087756	0.059969	0.013894
858.866991	0.083268	0.067409	0.007929
859.163850	0.067396	0.064145	0.001626
859.460652	0.073816	0.062547	0.005634
859.757397	0.078273	0.062275	0.007999
860.054084	0.071401	0.059815	0.005793
860.350715	0.074589	0.070608	0.001991
860.647288	0.077771	0.064021	0.006875
860.943804	0.055026	0.057932	-0.001453
861.240263	0.063680	0.059159	0.002260
861.536665	0.071769	0.053868	0.008951
861.833009	0.073093	0.068216	0.002439
862.129296	0.074414	0.067714	0.003350
862.425526	0.063249	0.066988	-0.001869
862.721699	0.077403	0.066681	0.005361
863.017814	0.073801	0.089163	-0.007681
863.313872	0.066335	0.059179	0.003578
863.609873	0.063374	0.060577	0.001398
863.905817	0.068663	0.058579	0.005042
864.201703	0.049847	0.063872	-0.007012
864.497532	0.076517	0.062419	0.007049
864.793304	0.076078	0.066899	0.004589
865.089018	0.073510	0.063257	0.005127
865.384675	0.074407	0.075981	-0.000787
865.680274	0.073919	0.067381	0.003269
865.975817	0.064774	0.068390	-0.001808
866.271302	0.084139	0.057191	0.013474
866.566729	0.068940	0.060395	0.004273
866.862099	0.074307	0.069618	0.002345
867.157412	0.088537	0.063626	0.012456
867.452667	0.070347	0.068016	0.001165
867.747865	0.072266	0.073931	-0.000832
868.043005	0.074227	0.061907	0.006160
868.338088	0.077432	0.070484	0.003474
868.633114	0.078791	0.071359	0.003716
868.928082	0.078932	0.062239	0.008346
869.222993	0.070161	0.074747	-0.002293
869.517846	0.075969	0.066360	0.004805
869.812641	0.074785	0.060093	0.007346
870.107379	0.058883	0.069460	-0.005289
870.402060	0.075434	0.067321	0.004057
870.696683	0.075518	0.073514	0.001002
870.991248	0.075646	0.079649	-0.002001
871.285756	0.079067	0.064476	0.007296
871.580207	0.075282	0.059490	0.007896
871.874600	0.071977	0.064400	0.003788
872.168935	0.079158	0.074579	0.002290
872.463213	0.067613	0.061432	0.003091
872.757433	0.079131	0.062841	0.008145
873.051595	0.067181	0.062478	0.002351
873.345700	0.086664	0.066449	0.010107
873.639748	0.067627	0.077258	-0.004816
873.933737	0.072967	0.056833	0.008067
874.227669	0.068864	0.074704	-0.002920
874.521544	0.072770	0.071750	0.000510
874.815360	0.082779	0.060654	0.011062
875.109119	0.090125	0.065252	0.012436
875.402821	0.071783	0.067827	0.001978
875.696464	0.089061	0.064289	0.012386
875.990050	0.079428	0.071951	0.003738
876.283578	0.073662	0.059575	0.007044
876.577049	0.081462	0.073175	0.004143
876.870462	0.062628	0.068190	-0.002781
877.163817	0.052565	0.057136	-0.002286
877.457114	0.070995	0.079644	-0.004325
877.750353	0.081696	0.064678	0.008509
878.043535	0.078920	0.068043	0.005439
878.336659	0.077932	0.070872	0.003530
878.629725	0.074779	0.052478	0.011150
878.922733	0.078241	0.059134	0.009554
879.215684	0.088139	0.050624	0.018757
879.508577	0.088422	0.071259	0.008581
879.801411	0.081671	0.064829	0.008421
880.094189	0.076410	0.076297	0.000056
880.386908	0.061666	0.064287	-0.001310
880.679569	0.083399	0.074366	0.004516
880.972172	0.086025	0.068769	0.008628
881.264718	0.072774	0.050099	0.011337
881.557206	0.085288	0.065691	0.009798
881.849635	0.065514	0.072648	-0.003567
882.142007	0.076292	0.077828	-0.000768
882.434321	0.077279	0.063405	0.006937
882.726577	0.070405	0.077735	-0.003665
883.018775	0.063041	0.068908	-0.002933
883.310915	0.089902	0.061850	0.014026
883.602997	0.094890	0.056071	0.019410
883.895021	0.067311	0.062037	0.002637
884.186987	0.061007	0.050577	0.005215
884.478896	0.071440	0.078889	-0.003725
884.770746	0.075964	0.051992	0.011986
885.062538	0.065506	0.068138	-0.001316
885.354272	0.071066	0.062615	0.004226
885.645948	0.056908	0.074253	-0.008672
885.937566	0.069909	0.060395	0.004757
886.229126	0.076076	0.050845	0.012616
886.520628	0.083029	0.063308	0.009861
886.812072	0.079194	0.062015	0.008589
887.103458	0.075684	0.039217	0.018233
887.394785	0.080183	0.057960	0.011112
887.686055	0.074897	0.064314	0.005291
887.977266	0.097739	0.081078	0.008330
888.268420	0.074606	0.065332	0.004637
888.559515	0.065215	0.083546	-0.009165
888.850552	0.084856	0.050050	0.017403
889.141531	0.080393	0.070086	0.005154
889.432451	0.077651	0.075312	0.001169
889.723314	0.063178	0.059474	0.001852
890.014118	0.070879	0.060122	0.005378
890.304864	0.075484	0.081460	-0.002988
890.595552	0.066138	0.058365	0.003886
890.886182	0.056359	0.074378	-0.009009
891.176754	0.097447	0.061231	0.018108
891.467267	0.077563	0.071350	0.003106
891.757722	0.083677	0.068571	0.007553
