189.527725	-0.081444	-0.081444	0.000000
189.916390	-0.177730	-0.177730	0.000000
190.305018	0.183361	-0.416290	0.299825
190.693607	0.069805	0.314635	-0.122415
191.082159	1.844183	0.005606	0.919288
191.470673	0.031233	1.049444	-0.509105
191.859149	-0.302897	-0.117846	-0.092525
192.247587	2.150951	1.637947	0.256502
192.635988	0.411505	0.293764	0.058871
193.024351	-0.247788	0.316361	-0.282075
193.412676	0.052594	0.147502	-0.047454
193.800963	3.407181	-0.219189	1.813185
194.189212	0.165840	3.037893	-1.436027
194.577423	-0.153482	0.467347	-0.310414
194.965597	-0.049962	-0.084821	0.017430
195.353732	0.199539	0.143235	0.028152
195.741830	-0.173515	0.137942	-0.155728
196.129890	0.481453	-0.075142	0.278297
196.517911	0.111159	0.292791	-0.090816
196.905895	5.044718	-0.094799	2.569758
197.293841	-0.326270	0.016577	-0.171423
197.681749	0.268048	0.331886	-0.031919
198.069619	0.123826	-0.225151	0.174489
198.457452	0.168894	0.050974	0.058960
198.845246	0.053189	2.939557	-1.443184
199.233002	0.272936	0.100210	0.086363
199.620720	0.197127	0.066540	0.065294
200.008400	0.210834	0.084602	0.063116
200.396042	0.088802	-0.004145	0.046474
200.783646	0.138219	0.014861	0.061679
201.171212	0.133735	0.097545	0.018095
201.558740	0.153446	0.089418	0.032014
201.946230	0.081585	0.080119	0.000733
202.333682	0.081080	0.191339	-0.055129
202.721096	0.146066	0.172803	-0.013368
203.108472	0.074232	0.127169	-0.026469
203.495809	0.239212	0.085938	0.076637
203.883109	0.200764	0.010416	0.095174
204.270370	0.102080	0.092291	0.004895
204.657593	0.123869	0.151712	-0.013921
205.044779	-0.015901	0.247074	-0.131488
205.431926	0.077234	0.105528	-0.014147
205.819034	0.179065	0.056577	0.061244
206.206105	0.059052	0.244742	-0.092845
206.593137	0.072942	0.178552	-0.052805
206.980132	-0.003482	0.084602	-0.044042
207.367088	0.181529	0.205960	-0.012216
207.754006	0.047245	0.046148	0.000549
208.140885	0.162349	0.068744	0.046803
208.527727	0.138772	0.144094	-0.002661
208.914530	0.082670	-0.099524	0.091097
209.301295	0.101272	0.295783	-0.097255
209.688022	0.157472	0.101169	0.028151
210.074710	0.009227	0.068250	-0.029511
210.461360	0.168704	0.045907	0.061398
210.847972	0.050563	0.102289	-0.025863
211.234546	0.065172	0.043908	0.010632
211.621081	0.039238	0.080781	-0.020772
212.007578	0.055751	0.050251	0.002750
212.394036	-0.029412	0.074026	-0.051719
212.780457	-0.018016	0.033111	-0.025563
213.166839	0.002909	0.066755	-0.031923
213.553182	0.047587	0.009985	0.018801
213.939487	0.054258	0.090410	-0.018076
214.325754	0.099228	0.081391	0.008919
214.711983	0.109234	0.027916	0.040659
215.098173	0.162026	0.062503	0.049762
215.484324	0.057237	-0.039340	0.048289
215.870437	0.086821	-0.034160	0.060491
216.256512	0.184916	0.076108	0.054404
216.642548	0.122021	0.032344	0.044838
217.028546	0.117068	0.083771	0.016648
217.414506	0.019498	0.024488	-0.002495
217.800427	0.145209	0.058116	0.043547
218.186309	0.091025	0.078830	0.006098
218.572153	0.016273	-0.014483	0.015378
218.957959	0.182356	0.106926	0.037715
219.343726	0.154477	0.052864	0.050806
219.729454	0.056839	0.084008	-0.013584
220.115144	-0.007358	0.073312	-0.040335
220.500795	0.043170	-0.156433	0.099802
220.886408	-0.075075	-0.019865	-0.027605
221.271983	-0.041033	-0.084088	0.021527
221.657518	-0.101814	-0.041124	-0.030345
222.043016	-0.065507	-0.040196	-0.012656
222.428474	-0.055197	-0.127219	0.036011
222.813894	-0.026873	-0.071499	0.022313
223.199275	-0.087246	-0.146663	0.029709
223.584618	-0.095739	-0.115599	0.009930
223.969922	-0.060947	-0.074663	0.006858
224.355188	-0.108459	-0.068871	-0.019794
224.740414	-0.015078	-0.133092	0.059007
225.125603	-0.191522	-0.134000	-0.028761
225.510752	-0.190066	-0.133782	-0.028142
225.895863	-0.157783	-0.104442	-0.026671
226.280935	-0.150943	-0.121955	-0.014494
226.665968	-0.187601	-0.066323	-0.060639
227.050963	-0.131660	-0.233674	0.051007
227.435919	-0.134555	-0.176708	0.021076
227.820836	-0.188751	-0.172282	-0.008234
228.205715	-0.087111	-0.182848	0.047868
228.590555	-0.117767	-0.159897	0.021065
228.975356	-0.152534	-0.141313	-0.005610
229.360118	-0.085789	-0.196349	0.055280
229.744841	-0.161222	-0.183939	0.011358
230.129526	-0.120392	-0.164306	0.021957
230.514172	-0.164308	-0.131706	-0.016301
230.898779	-0.178855	-0.157229	-0.010813
231.283347	-0.129726	-0.143522	0.006898
231.667877	-0.148597	-0.170352	0.010877
232.052367	-0.167116	-0.210361	0.021622
232.436819	-0.102684	-0.128073	0.012695
232.821232	-0.192811	-0.216905	0.012047
233.205606	-0.097958	-0.163885	0.032963
233.589941	-0.116277	-0.117928	0.000826
233.974237	-0.208161	-0.160695	-0.023733
234.358495	-0.092102	-0.144389	0.026144
234.742713	-0.131715	-0.193033	0.030659
235.126893	-0.121054	-0.141623	0.010284
235.511033	-0.112505	-0.146536	0.017016
235.895135	-0.113973	-0.174403	0.030215
236.279198	-0.137650	-0.169437	0.015893
236.663221	-0.127646	-0.152094	0.012224
237.047206	-0.109446	-0.187567	0.039061
237.431152	-0.173363	-0.128369	-0.022497
237.815059	-0.151263	-0.116872	-0.017196
238.198926	-0.134517	-0.136369	0.000926
238.582755	-0.144689	-0.164856	0.010083
238.966545	-0.099134	-0.151461	0.026164
239.350296	-0.105465	-0.104305	-0.000580
239.734007	-0.115557	-0.139550	0.011997
240.117680	-0.123132	-0.129935	0.003402
240.501314	-0.134806	-0.109343	-0.012731
240.884908	-0.130351	-0.139643	0.004646
241.268464	-0.111500	-0.126870	0.007685
241.651980	-0.140065	-0.150320	0.005127
242.035457	-0.113295	-0.121138	0.003921
242.418895	-0.129326	-0.134184	0.002429
242.802294	-0.101803	-0.117927	0.008062
243.185654	-0.114236	-0.118000	0.001882
243.568975	-0.118973	-0.110753	-0.004110
243.952257	-0.115149	-0.121807	0.003329
244.335499	-0.070136	-0.123531	0.026698
244.718702	-0.071470	-0.113911	0.021220
245.101867	-0.106593	-0.105513	-0.000540
245.484991	-0.086510	-0.107475	0.010482
245.868077	-0.081192	-0.113409	0.016108
246.251124	-0.089133	-0.093089	0.001978
246.634131	-0.093040	-0.114937	0.010948
247.017099	-0.075505	-0.101832	0.013163
247.400028	-0.086825	-0.091869	0.002522
247.782917	-0.091608	-0.082585	-0.004511
248.165768	-0.090014	-0.097705	0.003846
248.548579	-0.063338	-0.079793	0.008227
248.931350	-0.072536	-0.071357	-0.000590
249.314083	-0.061106	-0.072283	0.005589
249.696776	-0.058259	-0.089273	0.015507
250.079430	-0.051701	-0.065312	0.006806
250.462044	-0.064808	-0.063013	-0.000898
250.844620	-0.039032	-0.069003	0.014985
251.227155	-0.052881	-0.075742	0.011430
251.609652	-0.041171	-0.060719	0.009774
251.992109	-0.065364	-0.062137	-0.001613
252.374527	-0.049843	-0.054570	0.002364
252.756905	-0.043231	-0.041235	-0.000998
253.139244	-0.047308	-0.044141	-0.001583
253.521544	-0.033503	-0.031994	-0.000755
253.903804	-0.036725	-0.038092	0.000684
254.286025	-0.031726	-0.040110	0.004192
254.668206	-0.028053	-0.037677	0.004812
255.050348	-0.037104	-0.037369	0.000132
255.432451	-0.022639	-0.028940	0.003151
255.814514	-0.021977	-0.037519	0.007771
256.196537	-0.025136	-0.032772	0.003818
256.578521	-0.021550	-0.037100	0.007775
256.960466	-0.019539	-0.025878	0.003169
257.342371	-0.020812	-0.023726	0.001457
257.724236	-0.030119	-0.023402	-0.003358
258.106062	-0.026166	-0.024697	-0.000735
258.487849	-0.013652	-0.017752	0.002050
258.869596	-0.015488	-0.021463	0.002988
259.251303	-0.005586	-0.020688	0.007551
259.632971	-0.011782	-0.014878	0.001548
260.014599	-0.004085	-0.011508	0.003711
260.396188	0.003693	-0.013815	0.008754
260.777737	-0.002231	-0.003322	0.000545
261.159247	-0.000344	-0.005417	0.002536
261.540717	-0.000511	-0.006915	0.003202
261.922147	0.005218	-0.006388	0.005803
262.303538	0.004472	0.002190	0.001141
262.684889	0.001946	0.008138	-0.003096
263.066200	0.008787	0.002163	0.003312
263.447472	0.014886	0.007069	0.003909
263.828704	0.007737	0.002031	0.002853
264.209896	0.006442	0.007248	-0.000403
264.591049	0.014294	0.002647	0.005823
264.972162	0.017397	0.013196	0.002101
265.353235	0.011524	0.014158	-0.001317
265.734268	0.006468	0.014837	-0.004185
266.115262	0.020651	0.017619	0.001516
266.496216	0.015745	0.018575	-0.001415
266.877130	0.014893	0.021960	-0.003533
267.258005	0.019990	0.026170	-0.003090
267.638840	0.020479	0.024813	-0.002167
268.019635	0.020069	0.023210	-0.001571
268.400390	0.023976	0.025856	-0.000940
268.781105	0.023264	0.021339	0.000962
269.161781	0.018237	0.026598	-0.004181
269.542417	0.034167	0.021723	0.006222
269.923013	0.030166	0.025403	0.002382
270.303569	0.028562	0.027180	0.000691
270.684085	0.025255	0.029735	-0.002240
271.064561	0.032435	0.032194	0.000120
271.444998	0.025462	0.026559	-0.000548
271.825394	0.026682	0.032711	-0.003015
272.205751	0.032129	0.028731	0.001699
272.586068	0.029119	0.029802	-0.000341
272.966345	0.036565	0.034360	0.001103
273.346582	0.032086	0.035461	-0.001687
273.726779	0.030032	0.036288	-0.003128
274.106936	0.034352	0.036358	-0.001003
274.487053	0.037897	0.039711	-0.000907
274.867130	0.038766	0.036535	0.001115
275.247168	0.037935	0.038653	-0.000359
275.627165	0.034908	0.040109	-0.002600
276.007122	0.039994	0.040019	-0.000012
276.387040	0.033882	0.040535	-0.003326
276.766917	0.037191	0.041332	-0.002071
277.146754	0.039573	0.048239	-0.004333
277.526551	0.040932	0.045376	-0.002222
277.906308	0.044028	0.047784	-0.001878
278.286026	0.038177	0.045549	-0.003686
278.665703	0.043360	0.046599	-0.001620
279.045340	0.039154	0.047056	-0.003951
279.424936	0.041462	0.052438	-0.005488
279.804493	0.039624	0.048320	-0.004348
280.184010	0.042185	0.049217	-0.003516
280.563487	0.042417	0.043672	-0.000627
280.942923	0.045078	0.047344	-0.001133
281.322319	0.042641	0.045746	-0.001552
281.701676	0.045385	0.041910	0.001737
282.080992	0.046768	0.055783	-0.004508
282.460268	0.047971	0.048620	-0.000325
282.839503	0.046974	0.053798	-0.003412
283.218699	0.048538	0.056912	-0.004187
283.597854	0.054755	0.058701	-0.001973
283.976969	0.046854	0.053222	-0.003184
284.356044	0.048402	0.054614	-0.003106
284.735079	0.047490	0.055006	-0.003758
285.114073	0.050613	0.055847	-0.002617
285.493028	0.046801	0.055666	-0.004432
285.871942	0.045080	0.059010	-0.006965
286.250815	0.049357	0.056085	-0.003364
286.629649	0.049827	0.053812	-0.001992
287.008442	0.051948	0.056721	-0.002387
287.387195	0.055173	0.057239	-0.001033
287.765907	0.057834	0.055263	0.001285
288.144580	0.056911	0.056078	0.000417
288.523212	0.051015	0.061126	-0.005056
288.901803	0.050103	0.062237	-0.006067
289.280355	0.050039	0.058622	-0.004292
289.658866	0.053090	0.058312	-0.002611
290.037336	0.049084	0.059958	-0.005437
290.415766	0.053301	0.057906	-0.002302
290.794156	0.056853	0.058398	-0.000772
291.172505	0.054426	0.060684	-0.003129
291.550814	0.051233	0.059330	-0.004048
291.929083	0.055137	0.061032	-0.002948
292.307311	0.051734	0.059585	-0.003926
292.685499	0.053767	0.061230	-0.003731
293.063646	0.056744	0.058531	-0.000894
293.441753	0.054496	0.061718	-0.003611
293.819820	0.055797	0.062104	-0.003154
294.197845	0.057199	0.064783	-0.003792
294.575831	0.058080	0.065878	-0.003899
294.953776	0.059510	0.063526	-0.002008
295.331680	0.058531	0.062501	-0.001985
295.709544	0.056246	0.062017	-0.002886
296.087368	0.054804	0.062363	-0.003779
296.465150	0.055723	0.064786	-0.004532
296.842893	0.061182	0.064509	-0.001664
297.220595	0.057171	0.063606	-0.003217
297.598256	0.059350	0.065369	-0.003010
297.975876	0.054796	0.066718	-0.005961
298.353457	0.057315	0.065798	-0.004242
298.730996	0.058381	0.064557	-0.003088
299.108495	0.057285	0.068800	-0.005758
299.485953	0.057412	0.069979	-0.006283
299.863371	0.060223	0.068924	-0.004351
300.240748	0.058591	0.069441	-0.005425
300.618084	0.059144	0.067293	-0.004075
300.995380	0.061686	0.068376	-0.003345
301.372635	0.060607	0.067539	-0.003466
301.749849	0.059706	0.069068	-0.004681
302.127023	0.057955	0.068133	-0.005089
302.504156	0.057708	0.067961	-0.005126
302.881248	0.061158	0.067928	-0.003385
303.258300	0.057655	0.070190	-0.006268
303.635311	0.058219	0.069469	-0.005625
304.012281	0.058727	0.071672	-0.006472
304.389210	0.057722	0.068685	-0.005481
304.766099	0.060230	0.070846	-0.005308
305.142947	0.058982	0.070523	-0.005770
305.519754	0.058493	0.068188	-0.004848
305.896520	0.057691	0.065688	-0.003998
306.273246	0.058962	0.071542	-0.006290
306.649930	0.054436	0.071343	-0.008454
307.026574	0.062268	0.071561	-0.004647
307.403177	0.060574	0.069389	-0.004407
307.779740	0.058101	0.072963	-0.007431
308.156261	0.058473	0.074897	-0.008212
308.532742	0.061924	0.071829	-0.004953
308.909181	0.059965	0.070326	-0.005181
309.285580	0.058989	0.070879	-0.005945
309.661938	0.057580	0.072967	-0.007694
310.038255	0.061051	0.073041	-0.005995
310.414531	0.060014	0.072732	-0.006359
310.790766	0.059076	0.077014	-0.008969
311.166961	0.062632	0.076068	-0.006718
311.543114	0.061156	0.076414	-0.007629
311.919226	0.061716	0.073570	-0.005927
312.295298	0.060273	0.074072	-0.006900
312.671328	0.059424	0.074243	-0.007410
313.047318	0.058397	0.073599	-0.007601
313.423267	0.061149	0.074502	-0.006676
313.799174	0.058019	0.076727	-0.009354
314.175041	0.060430	0.076835	-0.008203
314.550866	0.062436	0.074055	-0.005810
314.926651	0.060273	0.075877	-0.007802
315.302394	0.059573	0.077586	-0.009007
315.678097	0.062011	0.077741	-0.007865
316.053758	0.056063	0.076112	-0.010025
316.429378	0.059335	0.077147	-0.008906
316.804958	0.061062	0.077723	-0.008330
317.180496	0.062905	0.078321	-0.007708
317.555993	0.060955	0.079100	-0.009072
317.931449	0.061263	0.076538	-0.007638
318.306864	0.061603	0.077593	-0.007995
318.682238	0.062010	0.076703	-0.007346
319.057570	0.062215	0.077383	-0.007584
319.432862	0.058974	0.080097	-0.010561
319.808112	0.056428	0.076357	-0.009965
320.183321	0.061868	0.079621	-0.008876
320.558489	0.059881	0.077267	-0.008693
320.933616	0.062681	0.080074	-0.008697
321.308701	0.061839	0.076908	-0.007535
321.683746	0.058335	0.079682	-0.010674
322.058749	0.060931	0.078258	-0.008664
322.433711	0.061252	0.078989	-0.008869
322.808632	0.060879	0.080432	-0.009777
323.183511	0.060721	0.080348	-0.009813
323.558349	0.060106	0.082193	-0.011044
323.933146	0.060555	0.080898	-0.010172
324.307902	0.063909	0.081807	-0.008949
324.682617	0.060633	0.082463	-0.010915
325.057290	0.060508	0.082238	-0.010865
325.431921	0.058572	0.083140	-0.012284
325.806512	0.059286	0.081439	-0.011077
326.181061	0.061949	0.084142	-0.011096
326.555569	0.062188	0.084073	-0.010943
326.930035	0.058949	0.082636	-0.011844
327.304461	0.060075	0.080637	-0.010281
327.678844	0.060479	0.084585	-0.012053
328.053187	0.062952	0.084459	-0.010754
328.427488	0.058224	0.084137	-0.012957
328.801747	0.063875	0.085059	-0.010592
329.175966	0.061203	0.084902	-0.011849
329.550142	0.059992	0.084510	-0.012259
329.924278	0.058155	0.081711	-0.011778
330.298372	0.056751	0.084838	-0.014043
330.672424	0.057398	0.083636	-0.013119
331.046435	0.059600	0.083547	-0.011974
331.420405	0.060462	0.084276	-0.011907
331.794333	0.060564	0.085711	-0.012573
332.168220	0.061630	0.088229	-0.013299
332.542065	0.059546	0.087009	-0.013732
332.915869	0.061174	0.087086	-0.012956
333.289631	0.059209	0.083284	-0.012038
333.663351	0.060677	0.084309	-0.011816
334.037030	0.061219	0.087718	-0.013249
334.410668	0.063355	0.084778	-0.010712
334.784264	0.062504	0.085945	-0.011720
335.157818	0.058479	0.084091	-0.012806
335.531331	0.060294	0.087241	-0.013474
335.904802	0.058151	0.086274	-0.014062
336.278232	0.060273	0.085934	-0.012830
336.651620	0.060823	0.087036	-0.013106
337.024966	0.056434	0.084054	-0.013810
337.398271	0.058940	0.088240	-0.014650
337.771534	0.060460	0.085589	-0.012565
338.144756	0.062497	0.089409	-0.013456
338.517936	0.058509	0.086286	-0.013888
338.891074	0.056150	0.088098	-0.015974
339.264171	0.059880	0.087722	-0.013921
339.637225	0.062080	0.086706	-0.012313
340.010239	0.061041	0.089236	-0.014097
340.383210	0.058913	0.088683	-0.014885
340.756140	0.059901	0.087035	-0.013567
341.129028	0.062884	0.090426	-0.013771
341.501874	0.061119	0.089506	-0.014193
341.874679	0.061915	0.091827	-0.014956
342.247441	0.060134	0.089768	-0.014817
342.620162	0.058743	0.089467	-0.015362
342.992842	0.060686	0.090735	-0.015024
343.365479	0.061291	0.090521	-0.014615
343.738075	0.061375	0.090123	-0.014374
344.110629	0.059398	0.088391	-0.014496
344.483141	0.062180	0.091070	-0.014445
344.855611	0.061243	0.089597	-0.014177
345.228039	0.061508	0.091234	-0.014863
345.600426	0.059467	0.091914	-0.016224
345.972770	0.060544	0.087674	-0.013565
346.345073	0.059594	0.088442	-0.014424
346.717334	0.059788	0.091549	-0.015880
347.089553	0.061931	0.089861	-0.013965
347.461730	0.059992	0.090382	-0.015195
347.833866	0.061425	0.092020	-0.015298
348.205959	0.062593	0.090600	-0.014004
348.578010	0.061765	0.094003	-0.016119
348.950020	0.061446	0.090335	-0.014444
349.321987	0.060668	0.090573	-0.014953
349.693913	0.061306	0.090463	-0.014579
350.065797	0.060799	0.090982	-0.015092
350.437638	0.061282	0.090368	-0.014543
350.809438	0.058958	0.088268	-0.014655
351.181196	0.060277	0.090448	-0.015086
351.552911	0.060728	0.089982	-0.014627
351.924585	0.060815	0.091168	-0.015177
352.296217	0.061273	0.090991	-0.014859
352.667806	0.061328	0.089870	-0.014271
353.039354	0.060131	0.090579	-0.015224
353.410859	0.060844	0.091221	-0.015189
353.782323	0.062936	0.092312	-0.014688
354.153744	0.060449	0.092735	-0.016143
354.525123	0.060890	0.091131	-0.015121
354.896460	0.062606	0.092692	-0.015043
355.267756	0.061339	0.092085	-0.015373
355.639008	0.061491	0.092765	-0.015637
356.010219	0.062861	0.094738	-0.015939
356.381388	0.063115	0.089560	-0.013222
356.752515	0.060443	0.091998	-0.015777
357.123599	0.060527	0.093357	-0.016415
357.494641	0.061038	0.091265	-0.015114
357.865641	0.061279	0.091252	-0.014987
358.236599	0.061019	0.092124	-0.015553
358.607515	0.060800	0.092367	-0.015783
358.978388	0.058458	0.092115	-0.016829
359.349219	0.060980	0.091390	-0.015205
359.720008	0.062285	0.094574	-0.016144
360.090755	0.062689	0.091397	-0.014354
360.461460	0.061484	0.095115	-0.016815
360.832122	0.064613	0.089963	-0.012675
361.202742	0.062967	0.092513	-0.014773
361.573320	0.063328	0.092986	-0.014829
361.943855	0.061824	0.095793	-0.016985
362.314348	0.059435	0.091273	-0.015919
362.684799	0.058897	0.090232	-0.015667
363.055208	0.063548	0.091241	-0.013847
363.425574	0.059725	0.091953	-0.016114
363.795898	0.065096	0.092262	-0.013583
364.166180	0.064541	0.090646	-0.013052
364.536419	0.062988	0.093443	-0.015228
364.906616	0.062332	0.092182	-0.014925
365.276770	0.062235	0.091811	-0.014788
365.646882	0.060070	0.090429	-0.015179
366.016952	0.063222	0.087079	-0.011929
366.386979	0.061952	0.094147	-0.016098
366.756964	0.062837	0.092838	-0.015000
367.126906	0.064380	0.087941	-0.011780
367.496806	0.062447	0.091983	-0.014768
367.866664	0.064528	0.088165	-0.011818
368.236479	0.063242	0.092984	-0.014871
368.606251	0.063862	0.090744	-0.013441
368.975981	0.062473	0.089065	-0.013296
369.345669	0.062903	0.091300	-0.014199
369.715314	0.063629	0.089961	-0.013166
370.084917	0.062865	0.088886	-0.013010
370.454477	0.063232	0.090704	-0.013736
370.823995	0.062503	0.092915	-0.015206
371.193470	0.064854	0.092228	-0.013687
371.562902	0.065913	0.090431	-0.012259
371.932292	0.065618	0.089216	-0.011799
372.301640	0.062963	0.089791	-0.013414
372.670944	0.063723	0.092651	-0.014464
373.040207	0.064875	0.090458	-0.012792
373.409426	0.063094	0.087474	-0.012190
373.778603	0.062483	0.086816	-0.012167
374.147738	0.066351	0.091001	-0.012325
374.516830	0.065255	0.090982	-0.012863
374.885879	0.066687	0.089427	-0.011370
375.254885	0.065321	0.090395	-0.012537
375.623849	0.063262	0.088800	-0.012769
375.992770	0.067068	0.091393	-0.012163
376.361649	0.064597	0.088479	-0.011941
376.730485	0.066513	0.086367	-0.009927
377.099278	0.065905	0.090655	-0.012375
377.468028	0.064586	0.087938	-0.011676
377.836736	0.065515	0.091834	-0.013159
378.205401	0.067147	0.091021	-0.011937
378.574023	0.067893	0.089143	-0.010625
378.942603	0.065875	0.088609	-0.011367
379.311139	0.061924	0.091354	-0.014715
379.679633	0.066358	0.086344	-0.009993
380.048085	0.067442	0.087298	-0.009928
380.416493	0.067997	0.087295	-0.009649
380.784859	0.068261	0.088458	-0.010098
381.153181	0.068469	0.084268	-0.007900
381.521461	0.065763	0.089563	-0.011900
381.889699	0.067696	0.088695	-0.010499
382.257893	0.066228	0.088672	-0.011222
382.626044	0.067338	0.085214	-0.008938
382.994153	0.065481	0.090223	-0.012371
383.362219	0.067275	0.087261	-0.009993
383.730242	0.066416	0.087090	-0.010337
384.098222	0.068618	0.087794	-0.009588
384.466159	0.066554	0.085696	-0.009571
384.834053	0.070397	0.089357	-0.009480
385.201904	0.065352	0.090915	-0.012782
385.569713	0.064425	0.086001	-0.010788
385.937478	0.067041	0.088732	-0.010846
386.305201	0.068266	0.087687	-0.009710
386.672880	0.065439	0.085546	-0.010054
387.040517	0.065830	0.086507	-0.010338
387.408110	0.064793	0.088466	-0.011836
387.775661	0.067362	0.089504	-0.011071
388.143168	0.070812	0.086602	-0.007895
388.510633	0.068995	0.088176	-0.009590
388.878055	0.069637	0.087908	-0.009136
389.245433	0.069768	0.089149	-0.009691
389.612769	0.065675	0.087532	-0.010929
389.980061	0.065537	0.087085	-0.010774
390.347310	0.070754	0.086574	-0.007910
390.714517	0.071770	0.087247	-0.007738
391.081680	0.070023	0.085998	-0.007988
391.448800	0.067589	0.088558	-0.010484
391.815877	0.067359	0.084756	-0.008698
392.182911	0.065851	0.084804	-0.009477
392.549902	0.068653	0.087327	-0.009337
392.916850	0.066575	0.087009	-0.010217
393.283754	0.066791	0.084184	-0.008697
393.650616	0.066710	0.085739	-0.009515
394.017434	0.066224	0.088257	-0.011017
394.384209	0.067637	0.085437	-0.008900
394.750941	0.067888	0.087391	-0.009752
395.117630	0.069497	0.087197	-0.008850
395.484275	0.065680	0.088789	-0.011554
395.850878	0.067407	0.085764	-0.009178
396.217437	0.070419	0.082459	-0.006020
396.583953	0.070700	0.085119	-0.007210
396.950425	0.068515	0.087664	-0.009575
397.316855	0.068688	0.088339	-0.009825
397.683241	0.071473	0.086216	-0.007371
398.049584	0.067665	0.086890	-0.009612
398.415884	0.067864	0.085084	-0.008610
398.782140	0.067457	0.085392	-0.008967
399.148353	0.067670	0.085378	-0.008854
399.514523	0.069362	0.086671	-0.008654
399.880649	0.069369	0.086695	-0.008663
400.246732	0.068630	0.084511	-0.007940
400.612772	0.068945	0.085841	-0.008448
400.978768	0.069007	0.085841	-0.008417
401.344721	0.067852	0.084258	-0.008203
401.710631	0.067339	0.081832	-0.007247
402.076497	0.071018	0.082866	-0.005924
402.442320	0.071578	0.083491	-0.005956
402.808100	0.072799	0.084048	-0.005624
403.173836	0.070491	0.086055	-0.007782
403.539528	0.070853	0.086160	-0.007653
403.905178	0.072267	0.082649	-0.005191
404.270783	0.072248	0.086167	-0.006960
404.636346	0.070590	0.085469	-0.007439
405.001865	0.069960	0.086378	-0.008209
405.367340	0.071488	0.082132	-0.005322
405.732772	0.070232	0.085548	-0.007658
406.098161	0.071189	0.083794	-0.006302
406.463506	0.071177	0.082339	-0.005581
406.828807	0.069268	0.085020	-0.007876
407.194065	0.071155	0.082589	-0.005717
407.559279	0.071230	0.082931	-0.005850
407.924450	0.070297	0.080980	-0.005341
408.289578	0.071273	0.084948	-0.006837
408.654661	0.069104	0.083737	-0.007316
409.019702	0.069882	0.083786	-0.006952
409.384698	0.070609	0.080880	-0.005136
409.749651	0.070030	0.084423	-0.007197
410.114561	0.068647	0.085259	-0.008306
410.479427	0.068574	0.080759	-0.006092
410.844249	0.068330	0.079773	-0.005722
411.209027	0.069215	0.081631	-0.006208
411.573762	0.069928	0.082906	-0.006489
411.938454	0.074429	0.082994	-0.004282
412.303101	0.072973	0.082895	-0.004961
412.667705	0.071195	0.083565	-0.006185
413.032266	0.070858	0.084024	-0.006583
413.396782	0.073623	0.083151	-0.004764
413.761255	0.070965	0.083426	-0.006231
414.125684	0.072094	0.085473	-0.006689
414.490070	0.068467	0.082410	-0.006972
414.854412	0.073225	0.084792	-0.005783
415.218710	0.070077	0.087380	-0.008652
415.582964	0.070927	0.087089	-0.008081
415.947175	0.071121	0.079226	-0.004053
416.311341	0.069408	0.083059	-0.006825
416.675464	0.070465	0.081147	-0.005341
417.039543	0.071450	0.082939	-0.005744
417.403579	0.073098	0.084767	-0.005834
417.767570	0.073108	0.082612	-0.004752
418.131518	0.074137	0.085603	-0.005733
418.495422	0.074806	0.085032	-0.005113
418.859282	0.071688	0.086039	-0.007176
419.223098	0.071054	0.084834	-0.006890
419.586871	0.072545	0.083383	-0.005419
419.950599	0.072992	0.082730	-0.004869
420.314284	0.073238	0.080548	-0.003655
420.677925	0.070070	0.086065	-0.007998
421.041522	0.069642	0.082078	-0.006218
421.405075	0.073236	0.084854	-0.005809
421.768584	0.073322	0.081018	-0.003848
422.132049	0.069747	0.083398	-0.006825
422.495470	0.073263	0.081991	-0.004364
422.858847	0.071819	0.081491	-0.004836
423.222180	0.073960	0.083682	-0.004861
423.585470	0.072618	0.083149	-0.005266
423.948715	0.074476	0.082750	-0.004137
424.311916	0.074123	0.082109	-0.003993
424.675074	0.070505	0.083683	-0.006589
425.038187	0.073136	0.082202	-0.004533
425.401256	0.072724	0.082010	-0.004643
425.764281	0.072618	0.082134	-0.004758
426.127263	0.071224	0.080015	-0.004395
426.490200	0.072957	0.082326	-0.004685
426.853093	0.069910	0.082466	-0.006278
427.215942	0.072092	0.082290	-0.005099
427.578747	0.070685	0.082652	-0.005984
427.941508	0.072380	0.082479	-0.005049
428.304225	0.073455	0.082376	-0.004461
428.666897	0.072585	0.082410	-0.004913
429.029526	0.073632	0.083482	-0.004925
429.392110	0.070306	0.080720	-0.005207
429.754651	0.073978	0.081879	-0.003950
430.117147	0.071842	0.082365	-0.005262
430.479599	0.072021	0.083462	-0.005720
430.842007	0.071139	0.079586	-0.004223
431.204370	0.071455	0.081643	-0.005094
431.566690	0.071707	0.082059	-0.005176
431.928965	0.071966	0.081827	-0.004930
432.291196	0.072792	0.082751	-0.004979
432.653383	0.070099	0.080706	-0.005303
433.015525	0.072780	0.082615	-0.004918
433.377624	0.069688	0.082334	-0.006323
433.739678	0.070884	0.082484	-0.005800
434.101688	0.071250	0.082104	-0.005427
434.463653	0.072413	0.081327	-0.004457
434.825575	0.072493	0.082034	-0.004771
435.187452	0.070842	0.082106	-0.005632
435.549284	0.070955	0.080978	-0.005011
435.911073	0.071036	0.082347	-0.005656
436.272817	0.071237	0.081184	-0.004973
436.634516	0.071677	0.082483	-0.005403
436.996172	0.071305	0.080164	-0.004429
437.357783	0.070838	0.080702	-0.004932
437.719350	0.071736	0.081974	-0.005119
438.080872	0.070966	0.082184	-0.005609
438.442350	0.071228	0.082956	-0.005864
438.803783	0.071195	0.081399	-0.005102
439.165173	0.070969	0.081254	-0.005142
439.526517	0.071532	0.081345	-0.004906
439.887818	0.072183	0.081345	-0.004581
440.249074	0.071879	0.081463	-0.004792
440.610285	0.071311	0.081981	-0.005335
440.971452	0.072048	0.081331	-0.004641
441.332575	0.071827	0.081666	-0.004919
441.693653	0.071505	0.081783	-0.005139
442.054686	0.070951	0.081235	-0.005142
442.415676	0.071205	0.082031	-0.005413
442.776620	0.071377	0.080834	-0.004728
443.137520	0.072289	0.081253	-0.004482
443.498376	0.071650	0.081257	-0.004804
443.859187	0.071254	0.080177	-0.004461
444.219953	0.071476	0.080513	-0.004519
444.580675	0.071044	0.080655	-0.004806
444.941353	0.070556	0.080952	-0.005198
445.301986	0.070839	0.080873	-0.005017
445.662574	0.071058	0.081261	-0.005102
446.023118	0.071736	0.081182	-0.004723
446.383617	0.071668	0.081349	-0.004840
446.744071	0.070751	0.081135	-0.005192
447.104481	0.071652	0.081261	-0.004805
447.464846	0.071319	0.080703	-0.004692
447.825167	0.071142	0.081447	-0.005152
448.185443	0.070756	0.080547	-0.004896
448.545674	0.070810	0.080529	-0.004859
448.905861	0.071183	0.080983	-0.004900
449.266002	0.071311	0.080560	-0.004624
449.626100	0.071041	0.080981	-0.004970
449.986152	0.071120	0.080638	-0.004759
450.346160	0.071478	0.080643	-0.004582
450.706123	0.071647	0.081547	-0.004950
451.066041	0.071538	0.080789	-0.004625
451.425915	0.071531	0.081200	-0.004834
451.785744	0.072014	0.080952	-0.004469
452.145528	0.071572	0.080747	-0.004587
452.505267	0.071711	0.081308	-0.004799
452.864962	0.071900	0.081267	-0.004683
453.224612	0.071544	0.080943	-0.004699
453.584217	0.071685	0.081047	-0.004681
453.943777	0.071698	0.081230	-0.004766
454.303292	0.071590	0.081384	-0.004897
454.662763	0.071565	0.080799	-0.004617
455.022188	0.071229	0.081053	-0.004912
455.381569	0.072230	0.081406	-0.004588
455.740905	0.071563	0.080991	-0.004714
456.100196	0.071274	0.080614	-0.004670
456.459443	0.071731	0.080959	-0.004614
456.818644	0.071377	0.080958	-0.004791
457.177800	0.071759	0.080744	-0.004493
457.536912	0.071618	0.080688	-0.004535
457.895978	0.071697	0.080554	-0.004428
458.255000	0.071811	0.080982	-0.004585
458.613977	0.071775	0.080662	-0.004443
458.972909	0.071922	0.080838	-0.004458
459.331795	0.071918	0.080629	-0.004356
459.690637	0.071621	0.080710	-0.004545
460.049434	0.071392	0.080649	-0.004629
460.408186	0.071587	0.080463	-0.004438
460.766893	0.071723	0.080554	-0.004416
461.125555	0.071971	0.080699	-0.004364
461.484172	0.071547	0.080265	-0.004359
461.842743	0.071829	0.080323	-0.004247
462.201270	0.071876	0.080661	-0.004393
462.559752	0.071619	0.080419	-0.004400
462.918188	0.071598	0.080604	-0.004503
463.276580	0.071922	0.080637	-0.004358
463.634927	0.071807	0.080305	-0.004249
463.993228	0.071626	0.080162	-0.004268
464.351484	0.071549	0.080130	-0.004291
464.709696	0.072282	0.080691	-0.004205
465.067862	0.072071	0.079942	-0.003936
465.425983	0.071725	0.080195	-0.004235
465.784058	0.071380	0.080214	-0.004417
466.142089	0.071703	0.080037	-0.004167
466.500075	0.072150	0.080278	-0.004064
466.858015	0.072219	0.080054	-0.003918
467.215910	0.071606	0.080031	-0.004213
467.573760	0.072046	0.080195	-0.004074
467.931565	0.072099	0.080279	-0.004090
468.289324	0.071279	0.080223	-0.004472
468.647039	0.071725	0.080002	-0.004138
469.004708	0.071815	0.079910	-0.004048
469.362332	0.072159	0.080191	-0.004016
469.719910	0.072036	0.080199	-0.004081
470.077443	0.071931	0.079774	-0.003921
470.434932	0.071829	0.079946	-0.004058
470.792374	0.072211	0.079785	-0.003787
471.149772	0.071818	0.080000	-0.004091
471.507124	0.071513	0.079534	-0.004011
471.864431	0.071560	0.079577	-0.004008
472.221693	0.071691	0.079432	-0.003871
472.578909	0.071759	0.079952	-0.004097
472.936080	0.071534	0.079689	-0.004077
473.293205	0.071818	0.079776	-0.003979
473.650285	0.071885	0.079311	-0.003713
474.007320	0.071794	0.079441	-0.003823
474.364310	0.071865	0.079168	-0.003651
474.721254	0.071647	0.079366	-0.003860
475.078152	0.071905	0.079574	-0.003834
475.435006	0.071969	0.079326	-0.003679
475.791813	0.072191	0.079327	-0.003568
476.148576	0.072027	0.079009	-0.003491
476.505293	0.071908	0.079280	-0.003686
476.861964	0.071871	0.079112	-0.003621
477.218590	0.071904	0.079203	-0.003650
477.575171	0.071935	0.079336	-0.003700
477.931706	0.072111	0.078956	-0.003423
478.288195	0.072163	0.079158	-0.003497
478.644639	0.072228	0.079230	-0.003501
479.001038	0.072182	0.079271	-0.003545
479.357391	0.071949	0.078978	-0.003514
479.713699	0.072322	0.078983	-0.003331
480.069960	0.072119	0.078932	-0.003407
480.426177	0.072096	0.079023	-0.003464
480.782348	0.072183	0.078881	-0.003349
481.138473	0.072130	0.078888	-0.003379
481.494553	0.072411	0.078824	-0.003207
481.850587	0.072288	0.078728	-0.003220
482.206575	0.072336	0.078944	-0.003304
482.562518	0.072266	0.078764	-0.003249
482.918416	0.072274	0.078565	-0.003146
483.274267	0.072234	0.078588	-0.003177
483.630073	0.072389	0.078729	-0.003170
483.985834	0.072431	0.078682	-0.003125
484.341548	0.072018	0.078598	-0.003290
484.697217	0.072342	0.078552	-0.003105
485.052841	0.072308	0.078355	-0.003024
485.408418	0.072431	0.078454	-0.003012
485.763950	0.072450	0.078389	-0.002970
486.119436	0.072371	0.078372	-0.003000
486.474877	0.072298	0.078464	-0.003083
486.830272	0.072376	0.078279	-0.002951
487.185621	0.072074	0.078025	-0.002976
487.540924	0.072420	0.077977	-0.002778
487.896182	0.072504	0.078199	-0.002847
488.251393	0.072383	0.078048	-0.002833
488.606559	0.072413	0.078017	-0.002802
488.961679	0.072393	0.078139	-0.002873
489.316754	0.072334	0.077860	-0.002763
489.671782	0.072342	0.077813	-0.002736
490.026765	0.072442	0.077968	-0.002763
490.381702	0.072495	0.077701	-0.002603
490.736593	0.072220	0.077915	-0.002848
491.091438	0.072547	0.077666	-0.002559
491.446238	0.072419	0.077852	-0.002717
491.800991	0.072642	0.077855	-0.002606
492.155699	0.072774	0.077780	-0.002503
492.510360	0.072785	0.077650	-0.002433
492.864976	0.072389	0.077589	-0.002600
493.219546	0.072770	0.077515	-0.002373
493.574070	0.072363	0.077692	-0.002664
493.928548	0.072795	0.077640	-0.002422
494.282980	0.072514	0.077325	-0.002405
494.637366	0.072658	0.077341	-0.002342
494.991707	0.072671	0.077293	-0.002311
495.346001	0.072508	0.077386	-0.002439
495.700249	0.072686	0.077011	-0.002163
496.054451	0.072865	0.077486	-0.002311
496.408607	0.072759	0.077049	-0.002145
496.762718	0.072872	0.076965	-0.002047
497.116782	0.072772	0.076992	-0.002110
497.470800	0.072773	0.076947	-0.002087
497.824772	0.072500	0.076693	-0.002096
498.178698	0.072808	0.077101	-0.002146
498.532578	0.072591	0.076928	-0.002169
498.886412	0.072636	0.076529	-0.001947
499.240200	0.072994	0.076662	-0.001834
499.593942	0.072523	0.076597	-0.002037
499.947637	0.072766	0.076662	-0.001948
500.301287	0.072749	0.076181	-0.001716
500.654890	0.072869	0.076199	-0.001665
501.008448	0.072336	0.076093	-0.001879
501.361959	0.072196	0.076409	-0.002106
501.715424	0.072478	0.076682	-0.002102
502.068843	0.072555	0.076221	-0.001833
502.422215	0.072544	0.076252	-0.001854
502.775542	0.072731	0.076240	-0.001754
503.128822	0.072406	0.076449	-0.002022
503.482056	0.072639	0.075995	-0.001678
503.835244	0.072452	0.076118	-0.001833
504.188386	0.072863	0.076083	-0.001610
504.541481	0.072308	0.075941	-0.001816
504.894530	0.072832	0.075891	-0.001530
505.247533	0.072854	0.076052	-0.001599
505.600490	0.072530	0.075932	-0.001701
505.953400	0.072363	0.075730	-0.001684
506.306264	0.072308	0.075715	-0.001704
506.659082	0.072629	0.075378	-0.001374
507.011854	0.072717	0.075440	-0.001361
507.364579	0.072374	0.075963	-0.001794
507.717258	0.072331	0.075586	-0.001627
508.069890	0.072804	0.075629	-0.001413
508.422477	0.072601	0.075646	-0.001523
508.775016	0.072815	0.075482	-0.001334
509.127510	0.073098	0.075408	-0.001155
509.479957	0.072517	0.075079	-0.001281
509.832358	0.072364	0.075460	-0.001548
510.184712	0.072663	0.074907	-0.001122
510.537020	0.072513	0.074624	-0.001056
510.889281	0.072611	0.075081	-0.001235
511.241497	0.072811	0.075416	-0.001302
511.593665	0.072395	0.074989	-0.001297
511.945787	0.072549	0.074857	-0.001154
512.297863	0.072769	0.075172	-0.001202
512.649892	0.072571	0.075102	-0.001265
513.001875	0.072927	0.074589	-0.000831
513.353812	0.072913	0.074886	-0.000987
513.705701	0.072501	0.075002	-0.001250
514.057545	0.072487	0.074474	-0.000994
514.409342	0.072402	0.074484	-0.001041
514.761092	0.072346	0.075175	-0.001415
515.112796	0.072880	0.074391	-0.000755
515.464453	0.072414	0.074730	-0.001158
515.816064	0.072557	0.074524	-0.000984
516.167628	0.072630	0.074931	-0.001150
516.519145	0.072646	0.074734	-0.001044
516.870616	0.072606	0.074497	-0.000945
517.222041	0.072435	0.074509	-0.001037
517.573418	0.072777	0.074479	-0.000851
517.924750	0.072628	0.074543	-0.000958
518.276034	0.072525	0.074192	-0.000834
518.627272	0.072291	0.074045	-0.000877
518.978463	0.072571	0.073931	-0.000680
519.329608	0.072280	0.074122	-0.000921
519.680706	0.072459	0.074112	-0.000826
520.031757	0.072892	0.074220	-0.000664
520.382762	0.072564	0.073941	-0.000688
520.733719	0.072159	0.073969	-0.000905
521.084631	0.072617	0.073999	-0.000691
521.435495	0.072484	0.074362	-0.000939
521.786313	0.072458	0.073776	-0.000659
522.137084	0.072255	0.073688	-0.000717
522.487808	0.072277	0.073486	-0.000604
522.838486	0.072223	0.073726	-0.000752
523.189116	0.072314	0.073493	-0.000589
523.539700	0.072493	0.073849	-0.000678
523.890237	0.072391	0.074388	-0.000998
524.240728	0.072605	0.073825	-0.000610
524.591171	0.072629	0.073714	-0.000543
524.941568	0.072062	0.073524	-0.000731
525.291918	0.072090	0.073405	-0.000658
525.642221	0.072063	0.074017	-0.000977
525.992478	0.072112	0.073800	-0.000844
526.342687	0.072460	0.073846	-0.000693
526.692850	0.072475	0.073235	-0.000380
527.042965	0.072293	0.073438	-0.000573
527.393034	0.072332	0.073498	-0.000583
527.743056	0.072355	0.073236	-0.000441
528.093031	0.072135	0.073385	-0.000625
528.442959	0.072167	0.073366	-0.000600
528.792840	0.072620	0.073230	-0.000305
529.142674	0.072069	0.073714	-0.000822
529.492462	0.072527	0.073367	-0.000420
529.842202	0.072060	0.073392	-0.000666
530.191895	0.072077	0.073304	-0.000614
530.541542	0.072142	0.073113	-0.000486
530.891141	0.071715	0.073578	-0.000932
531.240694	0.071859	0.072925	-0.000533
531.590199	0.071667	0.072908	-0.000621
531.939657	0.071966	0.073202	-0.000618
532.289069	0.071664	0.073523	-0.000930
532.638433	0.072293	0.072478	-0.000092
532.987750	0.071811	0.072838	-0.000514
533.337021	0.072202	0.073128	-0.000463
533.686244	0.072152	0.072787	-0.000318
534.035420	0.071935	0.072450	-0.000258
534.384549	0.072117	0.072924	-0.000404
534.733631	0.071777	0.072593	-0.000408
535.082666	0.071541	0.072677	-0.000568
535.431653	0.071907	0.072785	-0.000439
535.780594	0.072067	0.073091	-0.000512
536.129487	0.071821	0.072517	-0.000348
536.478334	0.072571	0.072382	0.000094
536.827133	0.071906	0.073240	-0.000667
537.175885	0.071531	0.072848	-0.000658
537.524590	0.071668	0.072487	-0.000409
537.873247	0.071984	0.073086	-0.000551
538.221858	0.071782	0.072572	-0.000395
538.570421	0.071827	0.072580	-0.000377
538.918937	0.071690	0.072465	-0.000387
539.267406	0.071859	0.072648	-0.000395
539.615827	0.071951	0.072914	-0.000482
539.964202	0.071264	0.072888	-0.000812
540.312529	0.071614	0.072542	-0.000464
540.660808	0.071520	0.072625	-0.000552
541.009041	0.071521	0.072586	-0.000532
541.357226	0.071600	0.072415	-0.000408
541.705364	0.071472	0.072349	-0.000438
542.053455	0.071000	0.072916	-0.000958
542.401498	0.071373	0.072748	-0.000688
542.749494	0.071695	0.072554	-0.000429
543.097443	0.071113	0.072524	-0.000706
543.445344	0.070961	0.071732	-0.000385
543.793198	0.071321	0.072074	-0.000376
544.141005	0.071072	0.072509	-0.000718
544.488764	0.071520	0.072317	-0.000398
544.836476	0.071385	0.072113	-0.000364
545.184140	0.071276	0.072396	-0.000560
545.531757	0.071052	0.072211	-0.000580
545.879327	0.070943	0.073161	-0.001109
546.226849	0.070795	0.072287	-0.000746
546.574324	0.071006	0.072292	-0.000643
546.921751	0.071090	0.072113	-0.000512
547.269131	0.070504	0.071357	-0.000426
547.616463	0.070637	0.071805	-0.000584
547.963748	0.070249	0.071569	-0.000660
548.310985	0.070473	0.071766	-0.000647
548.658175	0.070300	0.071614	-0.000657
549.005318	0.070720	0.071742	-0.000511
549.352413	0.070261	0.072020	-0.000879
549.699460	0.070720	0.072345	-0.000812
550.046460	0.070557	0.072254	-0.000848
550.393412	0.070255	0.072400	-0.001073
550.740317	0.070163	0.071581	-0.000709
551.087174	0.070280	0.072215	-0.000967
551.433984	0.070270	0.072516	-0.001123
551.780746	0.070229	0.072497	-0.001134
552.127460	0.070153	0.071906	-0.000877
552.474127	0.070574	0.072063	-0.000745
552.820746	0.070664	0.071757	-0.000546
553.167318	0.070927	0.072413	-0.000743
553.513842	0.070916	0.072037	-0.000561
553.860318	0.070232	0.072265	-0.001016
554.206747	0.070781	0.071927	-0.000573
554.553128	0.070818	0.072407	-0.000794
554.899461	0.070849	0.071682	-0.000416
555.245747	0.070614	0.071467	-0.000427
555.591985	0.069884	0.072310	-0.001213
555.938175	0.070891	0.072061	-0.000585
556.284317	0.070323	0.071981	-0.000829
556.630412	0.069608	0.072443	-0.001417
556.976459	0.070250	0.072505	-0.001127
557.322459	0.070269	0.071868	-0.000800
557.668410	0.069999	0.071671	-0.000836
558.014314	0.069648	0.071852	-0.001102
558.360170	0.069238	0.071938	-0.001350
558.705978	0.069574	0.072173	-0.001299
559.051739	0.069702	0.071416	-0.000857
559.397451	0.068960	0.071926	-0.001483
559.743116	0.069677	0.071478	-0.000901
560.088733	0.069675	0.071448	-0.000887
560.434302	0.069116	0.072035	-0.001459
560.779823	0.069787	0.071425	-0.000819
561.125297	0.069455	0.071725	-0.001135
561.470722	0.070037	0.071434	-0.000699
561.816100	0.069579	0.072131	-0.001276
562.161430	0.069366	0.072177	-0.001405
562.506712	0.069398	0.071849	-0.001225
562.851946	0.069601	0.072107	-0.001253
563.197132	0.069444	0.072369	-0.001462
563.542270	0.070058	0.071678	-0.000810
563.887360	0.069277	0.071840	-0.001281
564.232403	0.069540	0.071445	-0.000952
564.577397	0.068644	0.072703	-0.002029
564.922343	0.068978	0.072900	-0.001961
565.267242	0.068721	0.072093	-0.001686
565.612092	0.069481	0.072360	-0.001440
565.956895	0.068814	0.072641	-0.001913
566.301649	0.068693	0.071761	-0.001534
566.646355	0.068823	0.072069	-0.001623
566.991014	0.068000	0.072052	-0.002026
567.335624	0.068191	0.072645	-0.002227
567.680186	0.068760	0.072063	-0.001652
568.024700	0.068889	0.072330	-0.001721
568.369167	0.068828	0.071995	-0.001584
568.713585	0.068915	0.072293	-0.001689
569.057955	0.068602	0.071590	-0.001494
569.402277	0.068529	0.072325	-0.001898
569.746550	0.068405	0.071753	-0.001674
570.090776	0.068346	0.071989	-0.001821
570.434954	0.069240	0.071541	-0.001150
570.779083	0.069046	0.072040	-0.001497
571.123164	0.068823	0.072139	-0.001658
571.467197	0.067797	0.071699	-0.001951
571.811182	0.068405	0.071573	-0.001584
572.155119	0.068330	0.071933	-0.001801
572.499008	0.068813	0.071612	-0.001400
572.842848	0.068637	0.071815	-0.001589
573.186640	0.069087	0.071555	-0.001234
573.530384	0.068256	0.071725	-0.001734
573.874080	0.067948	0.070737	-0.001395
574.217727	0.068129	0.071995	-0.001933
574.561327	0.068582	0.071482	-0.001450
574.904878	0.068354	0.072037	-0.001842
575.248380	0.068483	0.072435	-0.001976
575.591835	0.067810	0.072000	-0.002095
575.935241	0.068384	0.071508	-0.001562
576.278599	0.068014	0.071938	-0.001962
576.621908	0.068619	0.072247	-0.001814
576.965170	0.067540	0.072114	-0.002287
577.308383	0.067967	0.072926	-0.002479
577.651547	0.068140	0.071942	-0.001901
577.994663	0.067105	0.072001	-0.002448
578.337731	0.068262	0.071855	-0.001797
578.680751	0.067546	0.071671	-0.002063
579.023722	0.067546	0.072220	-0.002337
579.366645	0.067472	0.071823	-0.002175
579.709519	0.067723	0.071926	-0.002102
580.052345	0.067531	0.071387	-0.001928
580.395123	0.067469	0.072415	-0.002473
580.737852	0.067741	0.071651	-0.001955
581.080532	0.067427	0.071507	-0.002040
581.423165	0.067008	0.071770	-0.002381
581.765748	0.066897	0.071552	-0.002328
582.108284	0.067653	0.072236	-0.002291
582.450770	0.066806	0.071319	-0.002256
582.793209	0.067178	0.071587	-0.002204
583.135599	0.066906	0.072005	-0.002550
583.477940	0.066895	0.072422	-0.002763
583.820233	0.067226	0.071836	-0.002305
584.162477	0.067608	0.072657	-0.002525
584.504673	0.066801	0.072675	-0.002937
584.846820	0.067408	0.073024	-0.002808
585.188919	0.066421	0.072642	-0.003110
585.530969	0.067050	0.071819	-0.002384
585.872970	0.067507	0.071734	-0.002114
586.214923	0.066804	0.071818	-0.002507
586.556827	0.067973	0.073095	-0.002561
586.898683	0.067033	0.072175	-0.002571
587.240490	0.066439	0.071949	-0.002755
587.582249	0.066629	0.072682	-0.003026
587.923958	0.066592	0.072027	-0.002717
588.265620	0.066576	0.072459	-0.002942
588.607232	0.067251	0.072479	-0.002614
588.948796	0.067616	0.071459	-0.001922
589.290311	0.066108	0.071883	-0.002887
589.631778	0.067191	0.071956	-0.002383
589.973196	0.066424	0.072102	-0.002839
590.314565	0.066972	0.072264	-0.002646
590.655885	0.067140	0.072237	-0.002549
590.997157	0.065931	0.072395	-0.003232
591.338379	0.067003	0.071561	-0.002279
591.679554	0.066515	0.072392	-0.002938
592.020679	0.066462	0.071972	-0.002755
592.361756	0.067302	0.072121	-0.002409
592.702784	0.066572	0.072934	-0.003181
593.043763	0.067086	0.072024	-0.002469
593.384693	0.066722	0.072208	-0.002743
593.725574	0.066230	0.071741	-0.002755
594.066407	0.065568	0.072164	-0.003298
594.407191	0.066336	0.071898	-0.002781
594.747926	0.066195	0.071672	-0.002739
595.088612	0.066868	0.072205	-0.002669
595.429249	0.066200	0.071409	-0.002604
595.769838	0.066446	0.072085	-0.002820
596.110377	0.066064	0.073001	-0.003469
596.450868	0.066241	0.072388	-0.003073
596.791309	0.066074	0.071946	-0.002936
597.131702	0.065954	0.071740	-0.002893
597.472046	0.065677	0.072095	-0.003209
597.812341	0.067002	0.072269	-0.002634
598.152587	0.066557	0.072723	-0.003083
598.492784	0.066060	0.072564	-0.003252
598.832933	0.066784	0.072127	-0.002672
599.173032	0.066101	0.072550	-0.003225
599.513082	0.065578	0.072001	-0.003212
599.853083	0.065809	0.072180	-0.003186
600.193035	0.065980	0.072814	-0.003417
600.532939	0.065527	0.072791	-0.003632
600.872793	0.065936	0.072255	-0.003160
601.212598	0.065593	0.072531	-0.003469
601.552354	0.066112	0.072158	-0.003023
601.892061	0.066565	0.072819	-0.003127
602.231719	0.066576	0.072490	-0.002957
602.571328	0.065061	0.072177	-0.003558
602.910888	0.065826	0.072710	-0.003442
603.250399	0.066404	0.072588	-0.003092
603.589860	0.066202	0.072404	-0.003101
603.929273	0.065679	0.072431	-0.003376
604.268636	0.065458	0.072930	-0.003736
604.607951	0.065815	0.072085	-0.003135
604.947216	0.065300	0.072453	-0.003577
605.286432	0.064611	0.072271	-0.003830
605.625599	0.065384	0.072710	-0.003663
605.964717	0.065726	0.072799	-0.003537
606.303785	0.065762	0.072482	-0.003360
606.642805	0.065808	0.072564	-0.003378
606.981775	0.065953	0.072620	-0.003334
607.320696	0.066032	0.071820	-0.002894
607.659567	0.065173	0.072787	-0.003807
607.998390	0.065561	0.073008	-0.003723
608.337163	0.064818	0.072556	-0.003869
608.675887	0.065069	0.072790	-0.003861
609.014562	0.066113	0.072718	-0.003302
609.353187	0.065261	0.072255	-0.003497
609.691764	0.065030	0.072284	-0.003627
610.030290	0.066273	0.072790	-0.003259
610.368768	0.065669	0.072039	-0.003185
610.707196	0.065404	0.073133	-0.003864
611.045575	0.065725	0.072380	-0.003328
611.383905	0.065196	0.071954	-0.003379
611.722185	0.065396	0.072224	-0.003414
612.060416	0.065341	0.071745	-0.003202
612.398598	0.064952	0.072279	-0.003664
612.736730	0.064891	0.072024	-0.003566
613.074813	0.064882	0.073167	-0.004142
613.412847	0.065570	0.072423	-0.003427
613.750831	0.065404	0.072745	-0.003671
614.088765	0.065491	0.072641	-0.003575
614.426651	0.065453	0.072797	-0.003672
614.764486	0.065888	0.072458	-0.003285
615.102273	0.065043	0.071921	-0.003439
615.440010	0.066253	0.072930	-0.003338
615.777697	0.066026	0.071728	-0.002851
616.115335	0.064516	0.073576	-0.004530
616.452924	0.065515	0.072455	-0.003470
616.790463	0.064799	0.073155	-0.004178
617.127952	0.065241	0.072259	-0.003509
617.465392	0.065503	0.072815	-0.003656
617.802783	0.065096	0.071625	-0.003265
618.140124	0.064441	0.072314	-0.003937
618.477415	0.065179	0.072618	-0.003719
618.814657	0.064519	0.072809	-0.004145
619.151850	0.064705	0.072588	-0.003941
619.488992	0.064719	0.072602	-0.003941
619.826086	0.064785	0.072253	-0.003734
620.163129	0.064828	0.072874	-0.004023
620.500123	0.064714	0.072848	-0.004067
620.837068	0.065841	0.072559	-0.003359
621.173962	0.065707	0.072183	-0.003238
621.510808	0.065759	0.072496	-0.003368
621.847603	0.065471	0.072809	-0.003669
622.184349	0.064916	0.072417	-0.003750
622.521045	0.065718	0.072935	-0.003608
622.857692	0.065438	0.072432	-0.003497
623.194289	0.064796	0.073243	-0.004224
623.530836	0.066109	0.072912	-0.003401
623.867333	0.065489	0.072503	-0.003507
624.203781	0.065412	0.072680	-0.003634
624.540179	0.064606	0.072109	-0.003751
624.876527	0.064280	0.072563	-0.004142
625.212826	0.063820	0.072283	-0.004231
625.549075	0.064947	0.072215	-0.003634
625.885274	0.063933	0.072358	-0.004213
626.221423	0.064616	0.072501	-0.003942
626.557523	0.065049	0.071993	-0.003472
626.893572	0.064953	0.072056	-0.003552
627.229572	0.064513	0.072704	-0.004096
627.565522	0.064407	0.071947	-0.003770
627.901423	0.066089	0.073164	-0.003537
628.237273	0.065223	0.072620	-0.003698
628.573074	0.064800	0.071962	-0.003581
628.908825	0.065363	0.072667	-0.003652
629.244526	0.065058	0.072729	-0.003836
629.580177	0.065636	0.073000	-0.003682
629.915778	0.064485	0.071919	-0.003717
630.251329	0.063884	0.072276	-0.004196
630.586830	0.064819	0.072532	-0.003856
630.922282	0.064978	0.072722	-0.003872
631.257683	0.065180	0.072083	-0.003452
631.593035	0.065086	0.072380	-0.003647
631.928337	0.065555	0.073485	-0.003965
632.263588	0.065273	0.071876	-0.003302
632.598790	0.065071	0.072714	-0.003822
632.933942	0.064795	0.072760	-0.003982
633.269044	0.064776	0.072527	-0.003876
633.604096	0.064451	0.072419	-0.003984
633.939098	0.064521	0.072142	-0.003811
634.274049	0.064355	0.072278	-0.003962
634.608951	0.064474	0.072524	-0.004025
634.943803	0.065020	0.072208	-0.003594
635.278605	0.064921	0.072347	-0.003713
635.613356	0.064551	0.072692	-0.004071
635.948058	0.065163	0.072946	-0.003892
636.282710	0.065017	0.072446	-0.003714
636.617311	0.065299	0.072936	-0.003818
636.951862	0.065083	0.072987	-0.003952
637.286364	0.065605	0.072448	-0.003422
637.620815	0.065840	0.072508	-0.003334
637.955216	0.065756	0.072562	-0.003403
638.289567	0.064639	0.072541	-0.003951
638.623868	0.066050	0.072970	-0.003460
638.958118	0.064760	0.072995	-0.004117
639.292319	0.065639	0.072689	-0.003525
639.626469	0.065420	0.072486	-0.003533
639.960569	0.064603	0.072271	-0.003834
640.294619	0.065058	0.072703	-0.003823
640.628619	0.065711	0.072317	-0.003303
640.962568	0.065148	0.073251	-0.004051
641.296468	0.064935	0.072822	-0.003943
641.630317	0.064817	0.073521	-0.004352
641.964116	0.064752	0.072551	-0.003900
642.297864	0.065515	0.072082	-0.003283
642.631563	0.064776	0.073031	-0.004127
642.965211	0.065336	0.073154	-0.003909
643.298808	0.064688	0.072498	-0.003905
643.632356	0.064833	0.073402	-0.004285
643.965853	0.065387	0.073383	-0.003998
644.299300	0.065273	0.072701	-0.003714
644.632697	0.064676	0.072390	-0.003857
644.966043	0.064784	0.072443	-0.003829
645.299339	0.065240	0.072658	-0.003709
645.632584	0.065454	0.072997	-0.003772
645.965779	0.066458	0.072960	-0.003251
646.298924	0.065704	0.072859	-0.003577
646.632019	0.065774	0.073634	-0.003930
646.965063	0.065173	0.072936	-0.003882
647.298056	0.065338	0.073069	-0.003866
647.630999	0.064969	0.073190	-0.004110
647.963892	0.064666	0.073492	-0.004413
648.296735	0.066608	0.072534	-0.002963
648.629527	0.065666	0.072879	-0.003607
648.962268	0.065215	0.072890	-0.003837
649.294959	0.066334	0.072740	-0.003203
649.627600	0.065261	0.072294	-0.003517
649.960190	0.065032	0.072190	-0.003579
650.292729	0.064867	0.072360	-0.003747
650.625218	0.066093	0.072807	-0.003357
650.957657	0.065804	0.072522	-0.003359
651.290045	0.066005	0.073837	-0.003916
651.622383	0.065953	0.072840	-0.003443
651.954669	0.065305	0.072592	-0.003644
652.286906	0.065749	0.072858	-0.003555
652.619092	0.065377	0.072868	-0.003745
652.951227	0.065336	0.073003	-0.003834
653.283312	0.066344	0.072118	-0.002887
653.615346	0.066148	0.072044	-0.002948
653.947329	0.065909	0.073367	-0.003729
654.279262	0.065959	0.073502	-0.003771
654.611145	0.065799	0.073594	-0.003898
654.942976	0.066191	0.072364	-0.003087
655.274757	0.065396	0.072861	-0.003732
655.606488	0.064941	0.072355	-0.003707
655.938167	0.066645	0.073106	-0.003231
656.269796	0.065907	0.073131	-0.003612
656.601375	0.066526	0.072482	-0.002978
656.932902	0.066401	0.072377	-0.002988
657.264379	0.066124	0.072750	-0.003313
657.595806	0.065986	0.072709	-0.003362
657.927181	0.066303	0.073397	-0.003547
658.258506	0.066362	0.072528	-0.003083
658.589780	0.065464	0.073276	-0.003906
658.921003	0.066220	0.072629	-0.003205
659.252176	0.065858	0.072288	-0.003215
659.583298	0.066556	0.072625	-0.003034
659.914369	0.066169	0.073008	-0.003419
660.245389	0.065677	0.072894	-0.003608
660.576358	0.065801	0.072928	-0.003563
660.907277	0.066574	0.072850	-0.003138
661.238145	0.066453	0.072424	-0.002986
661.568962	0.066228	0.072760	-0.003266
661.899728	0.066882	0.073221	-0.003170
662.230443	0.067226	0.072790	-0.002782
662.561107	0.066827	0.073013	-0.003093
662.891721	0.066627	0.073078	-0.003225
663.222283	0.065773	0.073296	-0.003761
663.552795	0.066289	0.072474	-0.003092
663.883256	0.066815	0.072462	-0.002823
664.213666	0.066502	0.073515	-0.003506
664.544025	0.066417	0.072654	-0.003118
664.874333	0.066442	0.072610	-0.003084
665.204590	0.066327	0.073177	-0.003425
665.534796	0.067345	0.072702	-0.002679
665.864952	0.067075	0.072712	-0.002819
666.195056	0.066530	0.072865	-0.003168
666.525109	0.066707	0.072167	-0.002730
666.855111	0.066482	0.072288	-0.002903
667.185063	0.067365	0.072565	-0.002600
667.514963	0.065948	0.071240	-0.002646
667.844812	0.067333	0.072961	-0.002814
668.174610	0.066119	0.072840	-0.003360
668.504357	0.066910	0.071628	-0.002359
668.834054	0.066754	0.073194	-0.003220
669.163699	0.066933	0.072955	-0.003011
669.493293	0.067456	0.073707	-0.003126
669.822836	0.066977	0.072708	-0.002866
670.152327	0.067506	0.072078	-0.002286
670.481768	0.066820	0.073507	-0.003343
670.811158	0.067695	0.072253	-0.002279
671.140496	0.067062	0.071895	-0.002416
671.469783	0.067473	0.073034	-0.002781
671.799020	0.067402	0.072831	-0.002715
672.128205	0.066271	0.073175	-0.003452
672.457339	0.067384	0.072566	-0.002591
672.786421	0.066742	0.072350	-0.002804
673.115453	0.067811	0.072906	-0.002548
673.444433	0.067644	0.073195	-0.002776
673.773362	0.067722	0.072458	-0.002368
674.102240	0.067931	0.073152	-0.002611
674.431067	0.067829	0.072466	-0.002319
674.759842	0.068102	0.073005	-0.002451
675.088567	0.068011	0.072571	-0.002280
675.417240	0.068071	0.072305	-0.002117
675.745861	0.068260	0.072940	-0.002340
676.074432	0.068241	0.073581	-0.002670
676.402951	0.066683	0.071866	-0.002591
676.731419	0.067486	0.072181	-0.002347
677.059835	0.067006	0.072688	-0.002841
677.388201	0.066860	0.073048	-0.003094
677.716515	0.067515	0.073572	-0.003028
678.044777	0.067424	0.073340	-0.002958
678.372988	0.068171	0.073884	-0.002856
678.701148	0.068668	0.072968	-0.002150
679.029257	0.068968	0.072949	-0.001991
679.357314	0.068642	0.072722	-0.002040
679.685320	0.069028	0.072684	-0.001828
680.013274	0.067884	0.073199	-0.002658
680.341177	0.068299	0.073208	-0.002454
680.669029	0.068309	0.073103	-0.002397
680.996829	0.069043	0.072800	-0.001878
681.324578	0.068573	0.072684	-0.002055
681.652275	0.068664	0.073685	-0.002511
681.979921	0.068371	0.072688	-0.002158
682.307515	0.068756	0.073069	-0.002157
682.635058	0.068090	0.073166	-0.002538
682.962550	0.068472	0.072948	-0.002238
683.289989	0.068999	0.073639	-0.002320
683.617378	0.068703	0.072855	-0.002076
683.944715	0.069182	0.073091	-0.001954
684.272000	0.068325	0.073311	-0.002493
684.599234	0.068553	0.073431	-0.002439
684.926416	0.067876	0.073295	-0.002710
685.253547	0.068886	0.073733	-0.002424
685.580626	0.069242	0.073268	-0.002013
685.907654	0.067755	0.073171	-0.002708
686.234630	0.069543	0.072288	-0.001372
686.561554	0.069750	0.072977	-0.001614
686.888427	0.068938	0.072809	-0.001936
687.215248	0.069183	0.073325	-0.002071
687.542018	0.069087	0.073640	-0.002277
687.868736	0.069362	0.072879	-0.001758
688.195402	0.069102	0.072432	-0.001665
688.522017	0.069203	0.072641	-0.001719
688.848580	0.069546	0.072635	-0.001544
689.175091	0.069393	0.073300	-0.001954
689.501551	0.069348	0.073007	-0.001829
689.827959	0.069157	0.072187	-0.001515
690.154315	0.069784	0.073718	-0.001967
690.480620	0.069753	0.072532	-0.001390
690.806873	0.069471	0.073651	-0.002090
691.133074	0.069464	0.073346	-0.001941
691.459223	0.069892	0.073420	-0.001764
691.785321	0.069486	0.073811	-0.002162
692.111367	0.069319	0.072662	-0.001671
692.437361	0.070194	0.072748	-0.001277
692.763303	0.069788	0.072621	-0.001417
693.089193	0.070097	0.073815	-0.001859
693.415032	0.070747	0.072169	-0.000711
693.740819	0.070640	0.073087	-0.001223
694.066554	0.070390	0.072732	-0.001171
694.392237	0.070027	0.073070	-0.001522
694.717869	0.070323	0.073165	-0.001421
695.043448	0.070011	0.073160	-0.001575
695.368976	0.070380	0.072889	-0.001255
695.694452	0.070802	0.073104	-0.001151
696.019876	0.071073	0.073446	-0.001186
696.345248	0.070729	0.072448	-0.000859
696.670568	0.069319	0.072513	-0.001597
696.995836	0.069896	0.072701	-0.001402
697.321052	0.070197	0.072894	-0.001349
697.646216	0.070196	0.072768	-0.001286
697.971329	0.070754	0.072621	-0.000934
698.296389	0.071105	0.072691	-0.000793
698.621398	0.070113	0.073751	-0.001819
698.946354	0.071271	0.072677	-0.000703
699.271259	0.071491	0.073216	-0.000863
699.596111	0.071011	0.072844	-0.000917
699.920912	0.070750	0.072964	-0.001107
700.245660	0.070690	0.073636	-0.001473
700.570357	0.069987	0.072727	-0.001370
700.895001	0.070080	0.072853	-0.001386
701.219594	0.071018	0.072807	-0.000895
701.544134	0.070287	0.072230	-0.000972
701.868622	0.069960	0.072247	-0.001144
702.193059	0.070828	0.072637	-0.000904
702.517443	0.071627	0.073704	-0.001039
702.841775	0.071171	0.073768	-0.001299
703.166055	0.071618	0.072959	-0.000671
703.490283	0.070782	0.073502	-0.001360
703.814458	0.070890	0.073482	-0.001296
704.138582	0.071593	0.072516	-0.000461
704.462653	0.070395	0.071006	-0.000306
704.786673	0.071494	0.073270	-0.000888
705.110640	0.071099	0.072977	-0.000939
705.434555	0.071077	0.073007	-0.000965
705.758417	0.070847	0.072422	-0.000788
706.082228	0.071713	0.072889	-0.000588
706.405986	0.071685	0.073240	-0.000778
706.729692	0.070996	0.072258	-0.000631
707.053346	0.071385	0.073408	-0.001011
707.376948	0.071254	0.072816	-0.000781
707.700497	0.071314	0.073520	-0.001103
708.023995	0.070700	0.072757	-0.001028
708.347439	0.072451	0.072878	-0.000213
708.670832	0.071314	0.073121	-0.000904
708.994173	0.071236	0.071766	-0.000265
709.317461	0.070958	0.073631	-0.001336
709.640696	0.071448	0.073796	-0.001174
709.963880	0.072006	0.073554	-0.000774
710.287011	0.072079	0.072652	-0.000286
710.610090	0.071995	0.072095	-0.000050
710.933116	0.072393	0.072972	-0.000290
711.256090	0.072378	0.072689	-0.000155
711.579012	0.071913	0.072206	-0.000147
711.901881	0.072121	0.072526	-0.000202
712.224698	0.072349	0.072259	0.000045
712.547463	0.072132	0.073296	-0.000582
712.870175	0.071920	0.072708	-0.000394
713.192835	0.073286	0.073343	-0.000028
713.515442	0.071787	0.073230	-0.000722
713.837997	0.072890	0.073082	-0.000096
714.160499	0.073249	0.073248	0.000000
714.482949	0.073077	0.073359	-0.000141
714.805347	0.071397	0.072328	-0.000465
715.127692	0.073463	0.072737	0.000363
715.449985	0.072366	0.073390	-0.000512
715.772225	0.072261	0.072165	0.000048
716.094412	0.073701	0.073169	0.000266
716.416547	0.072383	0.073656	-0.000636
716.738630	0.072578	0.073308	-0.000365
717.060660	0.073173	0.072667	0.000253
717.382637	0.072530	0.072258	0.000136
717.704562	0.073815	0.072974	0.000421
718.026435	0.072591	0.073395	-0.000402
718.348254	0.073446	0.073206	0.000120
718.670022	0.072561	0.072612	-0.000026
718.991736	0.073236	0.072794	0.000221
719.313398	0.072622	0.073410	-0.000394
719.635008	0.072669	0.073752	-0.000541
719.956564	0.073232	0.073005	0.000114
720.278068	0.073265	0.071881	0.000692
720.599520	0.073879	0.073387	0.000246
720.920919	0.073502	0.074144	-0.000321
721.242265	0.073601	0.072327	0.000637
721.563558	0.074535	0.073082	0.000726
721.884799	0.074081	0.072670	0.000705
722.205987	0.073503	0.072475	0.000514
722.527123	0.073496	0.072505	0.000495
722.848205	0.074103	0.073100	0.000502
723.169235	0.073585	0.072460	0.000563
723.490212	0.072884	0.073364	-0.000240
723.811137	0.073358	0.073053	0.000153
724.132009	0.074676	0.073210	0.000733
724.452828	0.073121	0.073147	-0.000013
724.773594	0.074069	0.072483	0.000793
725.094307	0.073463	0.072545	0.000459
725.414968	0.074044	0.073540	0.000252
725.735576	0.073886	0.073636	0.000125
726.056131	0.073704	0.072759	0.000473
726.376633	0.073798	0.072694	0.000552
726.697082	0.073751	0.074030	-0.000140
727.017478	0.074455	0.073222	0.000617
727.337822	0.073740	0.073584	0.000078
727.658113	0.073323	0.072809	0.000257
727.978351	0.073516	0.073773	-0.000129
728.298536	0.073875	0.073344	0.000265
728.618668	0.074304	0.072828	0.000738
728.938747	0.074352	0.073466	0.000443
729.258773	0.073800	0.073120	0.000340
729.578747	0.074180	0.073315	0.000433
729.898667	0.073420	0.073977	-0.000278
730.218534	0.074808	0.073058	0.000875
730.538349	0.074072	0.074112	-0.000020
730.858111	0.073779	0.072783	0.000498
731.177819	0.075115	0.073058	0.001029
731.497475	0.074072	0.073213	0.000429
731.817077	0.074489	0.072716	0.000886
732.136627	0.075261	0.072552	0.001355
732.456123	0.074075	0.073312	0.000381
732.775567	0.074815	0.073411	0.000702
733.094958	0.074745	0.072923	0.000911
733.414295	0.074974	0.073523	0.000726
733.733579	0.074439	0.073473	0.000483
734.052811	0.074614	0.073929	0.000342
734.371989	0.074506	0.072779	0.000864
734.691114	0.074821	0.072799	0.001011
735.010186	0.075632	0.073365	0.001133
735.329205	0.075236	0.073129	0.001054
735.648171	0.075405	0.072751	0.001327
735.967084	0.074841	0.073611	0.000615
736.285944	0.075503	0.073414	0.001044
736.604750	0.075815	0.072889	0.001463
736.923503	0.075244	0.072677	0.001284
737.242203	0.074734	0.073293	0.000721
737.560850	0.075483	0.073313	0.001085
737.879444	0.074616	0.072729	0.000943
738.197985	0.074538	0.072887	0.000825
738.516472	0.075131	0.073451	0.000840
738.834906	0.076305	0.073129	0.001588
739.153287	0.074693	0.072385	0.001154
739.471615	0.075688	0.073219	0.001235
739.789889	0.075730	0.073423	0.001154
740.108111	0.075860	0.072999	0.001431
740.426279	0.075440	0.072126	0.001657
740.744393	0.075881	0.072967	0.001457
741.062455	0.075643	0.073157	0.001243
741.380463	0.076200	0.073547	0.001326
741.698417	0.075416	0.072806	0.001305
742.016319	0.076418	0.073989	0.001215
742.334167	0.075149	0.072443	0.001353
742.651962	0.075282	0.072470	0.001406
742.969703	0.076688	0.073809	0.001439
743.287391	0.076167	0.072743	0.001712
743.605026	0.075717	0.073780	0.000968
743.922607	0.076222	0.073558	0.001332
744.240135	0.075713	0.073009	0.001352
744.557610	0.076123	0.072975	0.001574
744.875031	0.075863	0.073382	0.001241
745.192399	0.076260	0.073583	0.001338
745.509713	0.074874	0.073141	0.000867
745.826974	0.076446	0.073886	0.001280
746.144182	0.076474	0.073606	0.001434
746.461336	0.076786	0.072606	0.002090
746.778436	0.076872	0.073488	0.001692
747.095483	0.076710	0.073034	0.001838
747.412477	0.076174	0.073325	0.001425
747.729417	0.076210	0.073195	0.001507
748.046303	0.077212	0.073625	0.001793
748.363136	0.076124	0.072153	0.001985
748.679916	0.076072	0.072734	0.001669
748.996642	0.076668	0.074139	0.001264
749.313314	0.076560	0.072636	0.001962
749.629933	0.077144	0.072267	0.002439
749.946498	0.075834	0.073611	0.001112
750.263010	0.076600	0.072030	0.002285
750.579468	0.076468	0.073130	0.001669
750.895873	0.075820	0.072583	0.001619
751.212224	0.076906	0.073151	0.001877
751.528521	0.075970	0.073745	0.001113
751.844765	0.076774	0.072368	0.002203
752.160955	0.076962	0.073360	0.001801
752.477091	0.076883	0.073024	0.001930
752.793174	0.076186	0.073135	0.001526
753.109203	0.077163	0.073826	0.001669
753.425178	0.077155	0.073609	0.001773
753.741100	0.076474	0.073512	0.001481
754.056968	0.077549	0.073603	0.001973
754.372783	0.076804	0.073532	0.001636
754.688543	0.076797	0.073898	0.001449
755.004250	0.077690	0.074285	0.001703
755.319903	0.077653	0.072787	0.002433
755.635503	0.077009	0.073157	0.001926
755.951048	0.078387	0.073481	0.002453
756.266540	0.078045	0.073490	0.002278
756.581978	0.077602	0.073090	0.002256
756.897363	0.077037	0.073552	0.001742
757.212693	0.077051	0.073351	0.001850
757.527970	0.077702	0.074267	0.001717
757.843193	0.077941	0.073473	0.002234
758.158362	0.076971	0.073294	0.001838
758.473477	0.076890	0.074096	0.001397
758.788538	0.077952	0.074038	0.001957
759.103546	0.077448	0.073272	0.002088
759.418499	0.078087	0.073384	0.002351
759.733399	0.077801	0.074437	0.001682
760.048245	0.077654	0.074046	0.001804
760.363037	0.077845	0.072850	0.002498
760.677775	0.077684	0.073719	0.001982
760.992459	0.077626	0.074128	0.001749
761.307090	0.077788	0.073103	0.002343
761.621666	0.077377	0.074699	0.001339
761.936188	0.077434	0.073939	0.001748
762.250657	0.077564	0.074032	0.001766
762.565071	0.077477	0.073471	0.002003
762.879432	0.078185	0.074441	0.001872
763.193738	0.077807	0.074085	0.001861
763.507991	0.077489	0.073014	0.002237
763.822189	0.078358	0.073621	0.002368
764.136333	0.078538	0.074021	0.002259
764.450424	0.079368	0.073813	0.002777
764.764460	0.077584	0.073060	0.002262
765.078443	0.078854	0.073878	0.002488
765.392371	0.077799	0.073112	0.002343
765.706245	0.077319	0.072177	0.002571
766.020065	0.078427	0.073380	0.002523
766.333831	0.077857	0.073500	0.002178
766.647543	0.077493	0.073271	0.002111
766.961201	0.078465	0.073839	0.002313
767.274805	0.078131	0.073841	0.002145
767.588354	0.077764	0.074362	0.001701
767.901850	0.077949	0.073700	0.002125
768.215291	0.078163	0.073659	0.002252
768.528678	0.078038	0.073591	0.002223
768.842011	0.077891	0.074416	0.001738
769.155290	0.078307	0.073012	0.002648
769.468515	0.078485	0.073156	0.002665
769.781685	0.078130	0.072887	0.002621
770.094801	0.077911	0.074642	0.001634
770.407864	0.077938	0.074070	0.001934
770.720871	0.078649	0.074544	0.002052
771.033825	0.078993	0.072638	0.003178
771.346724	0.078103	0.073601	0.002251
771.659569	0.078521	0.072523	0.002999
771.972360	0.078988	0.073047	0.002970
772.285096	0.077164	0.073287	0.001939
772.597779	0.078201	0.072574	0.002813
772.910407	0.078838	0.073346	0.002746
773.222980	0.077859	0.073503	0.002178
773.535499	0.077576	0.073814	0.001881
773.847964	0.077476	0.072994	0.002241
774.160375	0.077446	0.074027	0.001710
774.472731	0.078397	0.075053	0.001672
774.785033	0.078633	0.073237	0.002698
775.097281	0.079083	0.074094	0.002495
775.409474	0.077267	0.073413	0.001927
775.721613	0.078814	0.073833	0.002490
776.033697	0.079238	0.074241	0.002499
776.345727	0.078575	0.073736	0.002419
776.657702	0.078829	0.073318	0.002755
776.969624	0.078469	0.073775	0.002347
777.281490	0.078659	0.074080	0.002289
777.593303	0.078804	0.074437	0.002183
777.905060	0.078432	0.073509	0.002462
778.216764	0.079392	0.073011	0.003190
778.528412	0.078683	0.074314	0.002185
778.840007	0.078369	0.073246	0.002562
779.151547	0.078873	0.073117	0.002878
779.463032	0.080684	0.074767	0.002959
779.774463	0.079451	0.073130	0.003160
780.085839	0.078436	0.075064	0.001686
780.397161	0.078906	0.073528	0.002689
780.708428	0.079706	0.072568	0.003569
781.019641	0.079666	0.074026	0.002820
781.330799	0.079535	0.075091	0.002222
781.641902	0.079108	0.074082	0.002513
781.952951	0.079503	0.074562	0.002471
782.263946	0.078961	0.074331	0.002315
782.574885	0.080711	0.074383	0.003164
782.885770	0.079213	0.072179	0.003517
783.196601	0.079225	0.074466	0.002379
783.507377	0.080253	0.073471	0.003391
783.818098	0.080112	0.074489	0.002811
784.128764	0.078510	0.074253	0.002128
784.439376	0.079674	0.074097	0.002789
784.749933	0.079363	0.072864	0.003249
785.060436	0.078754	0.073612	0.002571
785.370884	0.078636	0.074551	0.002043
785.681277	0.078261	0.073123	0.002569
785.991615	0.081274	0.074312	0.003481
786.301899	0.078638	0.075048	0.001795
786.612128	0.079733	0.074315	0.002709
786.922302	0.079154	0.074803	0.002175
787.232421	0.079811	0.073971	0.002920
787.542486	0.079556	0.074053	0.002752
787.852496	0.079525	0.073658	0.002933
788.162451	0.079904	0.074641	0.002632
788.472351	0.079494	0.073807	0.002843
788.782196	0.079544	0.074633	0.002455
789.091987	0.079006	0.074516	0.002245
789.401723	0.080204	0.074271	0.002966
789.711404	0.080160	0.074048	0.003056
790.021030	0.079900	0.074533	0.002683
790.330601	0.079672	0.074209	0.002731
790.640117	0.080372	0.074792	0.002790
790.949579	0.080508	0.072997	0.003755
791.258985	0.081085	0.074531	0.003277
791.568337	0.079488	0.074055	0.002716
791.877634	0.077971	0.073286	0.002343
792.186876	0.080485	0.073909	0.003288
792.496063	0.079901	0.075572	0.002165
792.805195	0.081587	0.075521	0.003033
793.114272	0.078696	0.074995	0.001851
793.423294	0.082317	0.073962	0.004178
793.732261	0.081742	0.075162	0.003290
794.041173	0.079663	0.075084	0.002289
794.350030	0.080971	0.074182	0.003395
794.658833	0.080263	0.075155	0.002554
794.967580	0.082453	0.072653	0.004900
795.276272	0.080738	0.075585	0.002576
795.584909	0.081151	0.075487	0.002832
795.893491	0.080172	0.072831	0.003671
796.202018	0.080327	0.075595	0.002366
796.510490	0.081527	0.073281	0.004123
796.818907	0.079623	0.074505	0.002559
797.127269	0.081412	0.074813	0.003299
797.435576	0.083043	0.074244	0.004400
797.743827	0.080530	0.074220	0.003155
798.052024	0.081409	0.073858	0.003775
798.360165	0.078559	0.073616	0.002472
798.668251	0.080890	0.076026	0.002432
798.976283	0.081502	0.074839	0.003331
799.284259	0.080776	0.073577	0.003599
799.592179	0.080609	0.073590	0.003509
799.900045	0.079243	0.073298	0.002972
800.207855	0.081316	0.073830	0.003743
800.515611	0.082085	0.074934	0.003575
800.823311	0.081309	0.073196	0.004056
801.130956	0.080828	0.073759	0.003534
801.438545	0.079567	0.074835	0.002366
801.746080	0.081148	0.075117	0.003016
802.053559	0.082127	0.075784	0.003171
802.360983	0.082085	0.074518	0.003784
802.668352	0.080900	0.075060	0.002920
802.975665	0.080024	0.074784	0.002620
803.282923	0.080804	0.074456	0.003174
803.590126	0.080990	0.074148	0.003421
803.897274	0.079561	0.076913	0.001324
804.204366	0.079883	0.073700	0.003092
804.511403	0.080722	0.074716	0.003003
804.818384	0.079829	0.074243	0.002793
805.125311	0.082558	0.076136	0.003211
805.432181	0.081644	0.074773	0.003435
805.738997	0.080986	0.075793	0.002597
806.045757	0.081636	0.075888	0.002874
806.352462	0.081239	0.073440	0.003900
806.659111	0.081728	0.074954	0.003387
806.965705	0.081729	0.074565	0.003582
807.272244	0.082197	0.075239	0.003479
807.578727	0.079964	0.075628	0.002168
807.885155	0.081379	0.076516	0.002431
808.191527	0.080574	0.076717	0.001929
808.497844	0.083017	0.073857	0.004580
808.804105	0.082557	0.075113	0.003722
809.110311	0.081020	0.075299	0.002861
809.416462	0.081709	0.076306	0.002702
809.722557	0.081406	0.075922	0.002742
810.028596	0.083087	0.076665	0.003211
810.334580	0.081165	0.073448	0.003858
810.640508	0.079137	0.073596	0.002771
810.946381	0.081831	0.073791	0.004020
811.252199	0.082398	0.075111	0.003644
811.557961	0.080967	0.074431	0.003268
811.863667	0.083336	0.077212	0.003062
812.169317	0.081157	0.071157	0.005000
812.474913	0.081601	0.075372	0.003114
812.780452	0.082048	0.076777	0.002636
813.085936	0.081354	0.073325	0.004015
813.391364	0.080316	0.075321	0.002498
813.696737	0.080395	0.075282	0.002556
814.002054	0.081022	0.076050	0.002486
814.307315	0.080233	0.077159	0.001537
814.612521	0.080351	0.075088	0.002631
814.917671	0.082442	0.075168	0.003637
815.222766	0.080129	0.074098	0.003016
815.527804	0.082203	0.075129	0.003537
815.832787	0.084466	0.073979	0.005244
816.137715	0.082132	0.076973	0.002580
816.442586	0.081259	0.074456	0.003401
816.747402	0.083226	0.073593	0.004816
817.052162	0.082706	0.073653	0.004527
817.356867	0.081724	0.074598	0.003563
817.661516	0.080464	0.074901	0.002781
817.966109	0.081777	0.076839	0.002469
818.270646	0.081503	0.074578	0.003463
818.575127	0.080617	0.074454	0.003082
818.879553	0.081752	0.076011	0.002870
819.183922	0.082814	0.076977	0.002918
819.488236	0.083810	0.076041	0.003884
819.792495	0.081614	0.076076	0.002769
820.096697	0.082293	0.074938	0.003678
820.400843	0.080521	0.075792	0.002364
820.704934	0.081418	0.074749	0.003334
821.008969	0.082093	0.074099	0.003997
821.312948	0.078882	0.076025	0.001428
821.616871	0.080640	0.076105	0.002268
821.920738	0.080408	0.075226	0.002591
822.224549	0.080391	0.075992	0.002200
822.528305	0.083696	0.075363	0.004167
822.832004	0.081946	0.077452	0.002247
823.135647	0.082005	0.074462	0.003772
823.439235	0.082508	0.075963	0.003273
823.742767	0.083247	0.076431	0.003408
824.046242	0.080933	0.075754	0.002590
824.349662	0.081875	0.076295	0.002790
824.653026	0.082318	0.074978	0.003670
824.956333	0.080141	0.075612	0.002265
825.259585	0.081448	0.075002	0.003223
825.562781	0.083651	0.075258	0.004197
825.865920	0.083721	0.075289	0.004216
826.169004	0.081231	0.076904	0.002163
826.472031	0.081760	0.076767	0.002497
826.775003	0.082571	0.076244	0.003164
827.077918	0.080072	0.077532	0.001270
827.380778	0.082557	0.076992	0.002782
827.683581	0.082131	0.074631	0.003750
827.986328	0.083953	0.076480	0.003736
828.289019	0.081814	0.076259	0.002778
828.591654	0.085190	0.075922	0.004634
828.894233	0.084075	0.075568	0.004254
829.196756	0.082053	0.077531	0.002261
829.499223	0.083890	0.075215	0.004338
829.801633	0.081704	0.074686	0.003509
830.103988	0.082713	0.074581	0.004066
830.406286	0.084137	0.075400	0.004369
830.708528	0.084789	0.077740	0.003524
831.010713	0.082455	0.078516	0.001970
831.312843	0.081340	0.077618	0.001861
831.614916	0.081344	0.078568	0.001388
831.916933	0.084722	0.078876	0.002923
832.218894	0.078523	0.074359	0.002082
832.520799	0.081195	0.074735	0.003230
832.822647	0.084482	0.076889	0.003796
833.124440	0.082340	0.075344	0.003498
833.426175	0.085070	0.073548	0.005761
833.727855	0.083524	0.074572	0.004476
834.029478	0.082351	0.076954	0.002698
834.331045	0.081494	0.073283	0.004105
834.632556	0.080953	0.074168	0.003393
834.934010	0.080627	0.076369	0.002129
835.235408	0.084386	0.077346	0.003520
835.536750	0.081859	0.077463	0.002198
835.838035	0.083088	0.078439	0.002324
836.139264	0.083112	0.076777	0.003167
836.440437	0.082111	0.073923	0.004094
836.741553	0.082196	0.075744	0.003226
837.042613	0.082139	0.076313	0.002913
837.343616	0.084861	0.076528	0.004166
837.644563	0.082847	0.073287	0.004780
837.945454	0.082031	0.075193	0.003419
838.246288	0.085073	0.077747	0.003663
838.547066	0.083845	0.076131	0.003857
838.847787	0.085598	0.075830	0.004884
839.148452	0.085388	0.072704	0.006342
839.449060	0.082200	0.073354	0.004423
839.749612	0.083564	0.073112	0.005226
840.050108	0.085202	0.076677	0.004262
840.350547	0.082526	0.079061	0.001732
840.650929	0.082124	0.077630	0.002247
840.951255	0.083581	0.074665	0.004458
841.251524	0.083509	0.075730	0.003889
841.551737	0.081932	0.075781	0.003076
841.851893	0.084377	0.074520	0.004929
842.151993	0.085872	0.076002	0.004935
842.452036	0.084841	0.076153	0.004344
842.752022	0.084134	0.076521	0.003806
843.051952	0.084863	0.074506	0.005179
843.351825	0.083853	0.071951	0.005951
843.651642	0.083162	0.073086	0.005038
843.951402	0.087738	0.076778	0.005480
844.251106	0.085036	0.076517	0.004259
844.550752	0.083481	0.076416	0.003532
844.850343	0.084258	0.073379	0.005439
845.149876	0.082049	0.078305	0.001872
845.449353	0.082669	0.077241	0.002714
845.748773	0.083572	0.079387	0.002093
846.048136	0.085969	0.077861	0.004054
846.347443	0.085241	0.074989	0.005126
846.646693	0.085459	0.075175	0.005142
846.945886	0.083131	0.074344	0.004393
847.245023	0.085798	0.076978	0.004410
847.544103	0.082518	0.073710	0.004404
847.843126	0.084346	0.075031	0.004657
848.142092	0.085231	0.072832	0.006199
848.441002	0.085324	0.078326	0.003499
848.739854	0.086991	0.078501	0.004245
849.038650	0.084686	0.076800	0.003943
849.337390	0.083840	0.073194	0.005323
849.636072	0.083859	0.075737	0.004061
849.934697	0.085784	0.075777	0.005003
850.233266	0.090281	0.073189	0.008546
850.531778	0.083961	0.079254	0.002354
850.830233	0.083602	0.075265	0.004169
851.128631	0.085574	0.077327	0.004123
851.426972	0.080201	0.077973	0.001114
851.725257	0.085447	0.076111	0.004668
852.023484	0.083377	0.078756	0.002311
852.321655	0.084027	0.077895	0.003066
852.619768	0.088776	0.077994	0.005391
852.917825	0.084571	0.074539	0.005016
853.215825	0.083316	0.075065	0.004125
853.513768	0.084144	0.072060	0.006042
853.811654	0.086993	0.079188	0.003903
854.109483	0.080481	0.080669	-0.000094
854.407255	0.085233	0.076921	0.004156
854.704970	0.085950	0.079117	0.003416
855.002628	0.084996	0.076043	0.004477
855.300229	0.087694	0.076286	0.005704
855.597773	0.084823	0.075288	0.004768
855.895260	0.085397	0.075383	0.005007
856.192690	0.082956	0.076516	0.003220
856.490063	0.084980	0.078627	0.003177
856.787378	0.087632	0.081316	0.003158
857.084637	0.084029	0.073694	0.005168
857.381839	0.080725	0.078246	0.001239
857.678984	0.086427	0.078754	0.003836
857.976071	0.085978	0.077633	0.004173
858.273101	0.085922	0.077638	0.004142
858.570075	0.081298	0.072113	0.004592
858.866991	0.084859	0.074794	0.005032
859.163850	0.085947	0.079458	0.003244
859.460652	0.087317	0.076363	0.005477
859.757397	0.077362	0.075489	0.000936
860.054084	0.080032	0.073017	0.003507
860.350715	0.084263	0.078323	0.002970
860.647288	0.086008	0.073761	0.006123
860.943804	0.083273	0.080742	0.001265
861.240263	0.084271	0.074635	0.004818
861.536665	0.081528	0.077170	0.002179
861.833009	0.089850	0.079480	0.005185
862.129296	0.083567	0.076315	0.003626
862.425526	0.085159	0.078744	0.003207
862.721699	0.088463	0.078050	0.005207
863.017814	0.085981	0.080484	0.002748
863.313872	0.080135	0.082238	-0.001051
863.609873	0.083263	0.079711	0.001776
863.905817	0.085380	0.083087	0.001146
864.201703	0.083883	0.073061	0.005411
864.497532	0.087006	0.079016	0.003995
864.793304	0.085725	0.083333	0.001196
865.089018	0.086154	0.075444	0.005355
865.384675	0.083314	0.084359	-0.000523
865.680274	0.086034	0.076072	0.004981
865.975817	0.085591	0.075669	0.004961
866.271302	0.078480	0.076630	0.000925
866.566729	0.085394	0.077583	0.003905
866.862099	0.085350	0.077045	0.004153
867.157412	0.084355	0.077839	0.003258
867.452667	0.086567	0.079007	0.003780
867.747865	0.090346	0.076986	0.006680
868.043005	0.085757	0.078701	0.003528
868.338088	0.086119	0.078342	0.003888
868.633114	0.083311	0.078216	0.002548
868.928082	0.088636	0.073649	0.007493
869.222993	0.081664	0.078849	0.001408
869.517846	0.083794	0.076122	0.003836
869.812641	0.085697	0.078802	0.003448
870.107379	0.090437	0.083993	0.003222
870.402060	0.090010	0.075928	0.007041
870.696683	0.086979	0.077758	0.004611
870.991248	0.086132	0.078847	0.003642
871.285756	0.086170	0.079119	0.003525
871.580207	0.084218	0.076609	0.003804
871.874600	0.087388	0.076716	0.005336
872.168935	0.084562	0.079791	0.002385
872.463213	0.086484	0.083138	0.001673
872.757433	0.084159	0.083075	0.000542
873.051595	0.086181	0.074439	0.005871
873.345700	0.081231	0.081653	-0.000211
873.639748	0.087255	0.079568	0.003843
873.933737	0.090608	0.079219	0.005694
874.227669	0.079967	0.083074	-0.001554
874.521544	0.085081	0.078479	0.003301
874.815360	0.089357	0.075392	0.006982
875.109119	0.084419	0.087008	-0.001295
875.402821	0.085328	0.076409	0.004459
875.696464	0.088974	0.075331	0.006822
875.990050	0.083632	0.076398	0.003617
876.283578	0.087787	0.076687	0.005550
876.577049	0.089122	0.080638	0.004242
876.870462	0.084983	0.078941	0.003021
877.163817	0.086698	0.078633	0.004033
877.457114	0.090536	0.081003	0.004766
877.750353	0.088168	0.075958	0.006105
878.043535	0.083301	0.078253	0.002524
878.336659	0.088565	0.080548	0.004008
878.629725	0.090017	0.082221	0.003898
878.922733	0.092018	0.078697	0.006661
879.215684	0.091388	0.082371	0.004509
879.508577	0.088395	0.081808	0.003294
879.801411	0.087752	0.090438	-0.001343
880.094189	0.090146	0.073218	0.008464
880.386908	0.089436	0.073238	0.008099
880.679569	0.080026	0.080816	-0.000395
880.972172	0.086702	0.074794	0.005954
881.264718	0.079542	0.083400	-0.001929
881.557206	0.087466	0.080162	0.003652
881.849635	0.084970	0.078274	0.003348
882.142007	0.087299	0.076961	0.005169
882.434321	0.078162	0.081791	-0.001814
882.726577	0.097586	0.083817	0.006885
883.018775	0.092612	0.074419	0.009096
883.310915	0.088465	0.077940	0.005263
883.602997	0.089420	0.069422	0.009999
883.895021	0.085977	0.086019	-0.000021
884.186987	0.088009	0.078980	0.004515
884.478896	0.090426	0.085244	0.002591
884.770746	0.078960	0.086213	-0.003627
885.062538	0.085708	0.078444	0.003632
885.354272	0.093048	0.080365	0.006342
885.645948	0.086279	0.078788	0.003746
885.937566	0.088767	0.076759	0.006004
886.229126	0.093971	0.080864	0.006554
886.520628	0.090753	0.082631	0.004061
886.812072	0.084514	0.069727	0.007394
887.103458	0.085487	0.075043	0.005222
887.394785	0.087492	0.079123	0.004184
887.686055	0.088379	0.078497	0.004941
887.977266	0.083927	0.073862	0.005032
888.268420	0.089202	0.082434	0.003384
888.559515	0.085217	0.084008	0.000605
888.850552	0.087004	0.076984	0.005010
889.141531	0.088574	0.076592	0.005991
889.432451	0.085229	0.082126	0.001552
889.723314	0.085879	0.085934	-0.000027
890.014118	0.087171	0.082999	0.002086
890.304864	0.078644	0.079998	-0.000677
890.595552	0.094084	0.077982	0.008051
890.886182	0.090761	0.074365	0.008198
891.176754	0.098198	0.083000	0.007599
891.467267	0.084043	0.082521	0.000761
891.757722	0.086311	0.076583	0.004864
