189.527725	0.102978	0.102978	0.000000
189.916390	-929406585213470.875000	-929406585213470.875000	0.000000
190.305018	0.495454	0.234774	0.130340
190.693607	0.226777	-0.900927	0.563852
191.082159	-0.214719	-0.101458	-0.056630
191.470673	0.430839	-0.000680	0.215760
191.859149	0.269880	-0.125555	0.197717
192.247587	0.429239	0.112303	0.158468
192.635988	0.118035	0.039815	0.039110
193.024351	-3.329994	-0.082751	-1.623621
193.412676	0.185654	-1.399139	0.792396
193.800963	0.209457	0.673924	-0.232233
194.189212	0.130571	0.133384	-0.001406
194.577423	0.229384	0.162433	0.033476
194.965597	0.019048	-0.406393	0.212720
195.353732	0.271272	0.352426	-0.040577
195.741830	0.187476	-0.299614	0.243545
196.129890	0.464933	-0.152871	0.308902
196.517911	-0.162112	-0.007496	-0.077308
196.905895	0.265680	0.359496	-0.046908
197.293841	0.084355	-0.341080	0.212718
197.681749	0.204408	0.050918	0.076745
198.069619	-0.118443	0.353214	-0.235829
198.457452	-0.647872	-0.102855	-0.272509
198.845246	-0.078198	0.523459	-0.300829
199.233002	-0.048985	0.214054	-0.131519
199.620720	-0.009780	1.126842	-0.568311
200.008400	-0.874348	0.305652	-0.590000
200.396042	-0.030295	-0.470111	0.219908
200.783646	-0.172523	-0.061350	-0.055586
201.171212	-0.026367	-0.178982	0.076307
201.558740	-0.091875	-0.001335	-0.045270
201.946230	0.078598	0.163978	-0.042690
202.333682	-0.055659	-0.363525	0.153933
202.721096	-0.041845	0.293505	-0.167675
203.108472	0.028212	-0.790066	0.409139
203.495809	0.092763	-0.248607	0.170685
203.883109	-0.236513	-30.861755	15.312621
204.270370	-0.414876	-0.324404	-0.045236
204.657593	0.571034	0.465839	0.052597
205.044779	-0.809372	1.263545	-1.036458
205.431926	-0.017774	-0.059449	0.020838
205.819034	-0.075881	-0.732552	0.328335
206.206105	-0.005520	0.382944	-0.194232
206.593137	-0.288779	-0.275852	-0.006463
206.980132	1.817544	-0.563510	1.190527
207.367088	-0.059923	-0.297448	0.118762
207.754006	-0.263883	-5.058852	2.397485
208.140885	0.348703	-2.103183	1.225943
208.527727	-0.232967	-0.190228	-0.021370
208.914530	0.102982	-0.404196	0.253589
209.301295	-0.710311	-0.238984	-0.235663
209.688022	-0.568534	-0.155400	-0.206567
210.074710	0.973034	1.119807	-0.073386
210.461360	-3.187460	-0.167828	-1.509816
210.847972	-0.000520	-0.150677	0.075079
211.234546	0.049841	-0.434018	0.241929
211.621081	-0.068358	-0.198451	0.065047
212.007578	0.021305	-1.519582	0.770444
212.394036	0.042832	-1.964194	1.003513
212.780457	0.256585	-0.096701	0.176643
213.166839	-0.238567	13.903350	-7.070959
213.553182	-0.265266	0.322373	-0.293819
213.939487	-0.005431	-0.538261	0.266415
214.325754	-0.690880	0.914867	-0.802873
214.711983	-0.059587	-0.213307	0.076860
215.098173	-0.269688	-0.164042	-0.052823
215.484324	-0.243836	-0.119920	-0.061958
215.870437	-0.139973	-0.617270	0.238649
216.256512	-1.579945	-0.100010	-0.739967
216.642548	0.545059	-0.054384	0.299721
217.028546	-98.332151	-2.794971	-47.768590
217.414506	0.117958	-0.585690	0.351824
217.800427	-0.543696	-0.884702	0.170503
218.186309	1.355784	-0.926795	1.141289
218.572153	-0.191443	-1.023954	0.416256
218.957959	-0.236584	-0.342582	0.052999
219.343726	0.678369	-0.283364	0.480866
219.729454	0.658207	-0.189967	0.424087
220.115144	-0.214143	2.442510	-1.328327
220.500795	-0.669135	-0.341591	-0.163772
220.886408	0.092711	0.704558	-0.305923
221.271983	-0.046462	-2.658077	1.305807
221.657518	-0.105932	0.267685	-0.186809
222.043016	-0.113961	-0.258542	0.072291
222.428474	-0.738805	-0.488557	-0.125124
222.813894	-0.199483	-0.071955	-0.063764
223.199275	-0.082271	-0.096228	0.006978
223.584618	1.901318	-1.419133	1.660225
223.969922	-0.302771	-0.281017	-0.010877
224.355188	-0.036494	-0.275918	0.119712
224.740414	-0.915498	-0.243346	-0.336076
225.125603	-0.060624	-4.266711	2.103044
225.510752	-1.017832	-0.330068	-0.343882
225.895863	-0.362563	-0.376545	0.006991
226.280935	-2.542765	-0.235110	-1.153828
226.665968	-0.464038	-0.171530	-0.146254
227.050963	-0.329449	-0.212936	-0.058257
227.435919	-0.058772	-0.328711	0.134970
227.820836	-0.366286	-0.335093	-0.015596
228.205715	-0.212193	7.388344	-3.800268
228.590555	-0.322291	-0.267953	-0.027169
228.975356	0.934505	-0.313527	0.624016
229.360118	-0.315115	-0.383239	0.034062
229.744841	-0.180492	-0.972311	0.395909
230.129526	-0.090628	-0.191419	0.050396
230.514172	-0.120262	-0.275528	0.077633
230.898779	-0.322674	-7.283446	3.480386
231.283347	-0.495392	-1.634148	0.569378
231.667877	-0.670342	-0.239094	-0.215624
232.052367	-2.175078	-1.023259	-0.575909
232.436819	-0.424886	-0.209398	-0.107744
232.821232	-0.245564	-0.349727	0.052082
233.205606	-0.621082	-1.095461	0.237190
233.589941	-0.224917	-3.913751	1.844417
233.974237	-2.111883	-0.299821	-0.906031
234.358495	-0.391674	-0.885883	0.247105
234.742713	-0.395469	-0.828279	0.216405
235.126893	-0.556566	-0.477414	-0.039576
235.511033	-0.367064	-0.328828	-0.019118
235.895135	-0.470075	-0.489459	0.009692
236.279198	-0.166047	-0.788881	0.311417
236.663221	-0.773633	-1.369177	0.297772
237.047206	-0.567060	-0.201247	-0.182906
237.431152	-0.599493	-0.855525	0.128016
237.815059	-0.234838	-0.347560	0.056361
238.198926	-5.669257	-0.264084	-2.702587
238.582755	-0.358063	-0.176098	-0.090983
238.966545	-0.425064	-0.353992	-0.035536
239.350296	-0.376812	-0.476741	0.049965
239.734007	-0.404016	-0.356209	-0.023903
240.117680	-1.182148	-0.496649	-0.342749
240.501314	1.564922	-0.700527	1.132724
240.884908	-0.376766	-0.507031	0.065133
241.268464	-0.155695	-0.583718	0.214012
241.651980	-0.319826	-0.853245	0.266710
242.035457	-0.243029	-0.322568	0.039769
242.418895	-0.367768	-0.228778	-0.069495
242.802294	-0.285352	-1.113567	0.414107
243.185654	-0.573248	-0.813167	0.119959
243.568975	-0.497948	-0.570614	0.036333
243.952257	-0.417562	-0.558350	0.070394
244.335499	-0.220856	-0.507028	0.143086
244.718702	-0.489372	-0.294173	-0.097600
245.101867	-0.528125	-0.634140	0.053008
245.484991	-0.744055	-0.217838	-0.263109
245.868077	-0.611874	-0.328858	-0.141508
246.251124	-0.342499	-0.326178	-0.008160
246.634131	-0.570249	-0.398585	-0.085832
247.017099	-0.422411	-0.717829	0.147709
247.400028	-0.781354	-1.039928	0.129287
247.782917	-0.974960	-0.710632	-0.132164
248.165768	-0.718245	-0.589775	-0.064235
248.548579	-0.701633	-0.555485	-0.073074
248.931350	-0.554387	-0.833270	0.139442
249.314083	-0.354274	-0.951298	0.298512
249.696776	-0.379183	-0.514730	0.067773
250.079430	-0.530866	-0.339643	-0.095612
250.462044	-0.367479	-0.333067	-0.017206
250.844620	-0.566935	-0.858900	0.145983
251.227155	-0.301500	-0.436165	0.067332
251.609652	-0.448332	-0.427735	-0.010298
251.992109	-0.442226	-0.513563	0.035668
252.374527	-0.611175	-0.472248	-0.069464
252.756905	-0.561354	-0.598821	0.018734
253.139244	-0.411090	-0.664199	0.126555
253.521544	-0.678596	-0.511703	-0.083447
253.903804	-0.382826	-0.540220	0.078697
254.286025	-0.550361	-0.416076	-0.067142
254.668206	-0.395427	-0.658048	0.131310
255.050348	-0.729703	-0.458152	-0.135775
255.432451	-0.379990	-0.526536	0.073273
255.814514	-0.323926	-0.430754	0.053414
256.196537	-0.353653	-0.389061	0.017704
256.578521	-0.433174	-0.643346	0.105086
256.960466	-0.484816	-0.712227	0.113705
257.342371	-0.626748	-0.534154	-0.046297
257.724236	-0.788607	-0.578684	-0.104962
258.106062	-0.610695	-0.684117	0.036711
258.487849	-0.534052	-0.712898	0.089423
258.869596	-0.388595	-0.456468	0.033937
259.251303	-0.519199	-0.445684	-0.036757
259.632971	-0.590585	-0.691932	0.050674
260.014599	-0.551345	-0.467527	-0.041909
260.396188	-0.568761	-0.503856	-0.032452
260.777737	-0.595505	-0.382732	-0.106387
261.159247	-0.532032	-0.453067	-0.039483
261.540717	-0.540243	-0.458448	-0.040898
261.922147	-0.420001	-0.537047	0.058523
262.303538	-0.476536	-0.588776	0.056120
262.684889	-0.496409	-0.507442	0.005517
263.066200	-0.782366	-0.504018	-0.139174
263.447472	-0.450159	-0.448689	-0.000735
263.828704	-0.619643	-0.564545	-0.027549
264.209896	-0.625629	-0.582195	-0.021717
264.591049	-0.522374	-0.554687	0.016156
264.972162	-0.551268	-0.548648	-0.001310
265.353235	-0.617720	-0.636039	0.009159
265.734268	-0.600572	-0.660736	0.030082
266.115262	-0.618393	-0.445925	-0.086234
266.496216	-0.602637	-0.599725	-0.001456
266.877130	-0.456212	-0.584015	0.063901
267.258005	-0.523437	-0.543366	0.009965
267.638840	-0.586535	-0.476490	-0.055023
268.019635	-0.535786	-0.498270	-0.018758
268.400390	-0.485291	-0.540209	0.027459
268.781105	-0.532021	-0.579679	0.023829
269.161781	-0.571402	-0.484580	-0.043411
269.542417	-0.560585	-0.666533	0.052974
269.923013	-0.525794	-0.505133	-0.010330
270.303569	-0.536078	-0.612779	0.038351
270.684085	-0.560074	-0.572277	0.006101
271.064561	-0.541319	-0.556098	0.007389
271.444998	-0.575061	-0.582579	0.003759
271.825394	-0.488061	-0.542828	0.027383
272.205751	-0.631196	-0.548649	-0.041274
272.586068	-0.585438	-0.581533	-0.001953
272.966345	-0.528631	-0.548805	0.010087
273.346582	-0.515351	-0.650468	0.067559
273.726779	-0.548443	-0.544430	-0.002007
274.106936	-0.600961	-0.561668	-0.019646
274.487053	-0.563873	-0.565433	0.000780
274.867130	-0.587927	-0.503071	-0.042428
275.247168	-0.527030	-0.546674	0.009822
275.627165	-0.611455	-0.530408	-0.040524
276.007122	-0.538604	-0.645676	0.053536
276.387040	-0.574821	-0.544075	-0.015373
276.766917	-0.577244	-0.597951	0.010353
277.146754	-0.558881	-0.563262	0.002190
277.526551	-0.546385	-0.544310	-0.001038
277.906308	-0.632762	-0.541164	-0.045799
278.286026	-0.536186	-0.606765	0.035290
278.665703	-0.532527	-0.526301	-0.003113
279.045340	-0.532134	-0.531170	-0.000482
279.424936	-0.493507	-0.533752	0.020123
279.804493	-0.538958	-0.580631	0.020837
280.184010	-0.573494	-0.498282	-0.037606
280.563487	-0.602882	-0.586806	-0.008038
280.942923	-0.613611	-0.576630	-0.018490
281.322319	-0.616276	-0.582853	-0.016711
281.701676	-0.567817	-0.570606	0.001395
282.080992	-0.545523	-0.615431	0.034954
282.460268	-0.678645	-0.580448	-0.049099
282.839503	-0.597810	-0.539099	-0.029356
283.218699	-0.554072	-0.640535	0.043232
283.597854	-0.591734	-0.560377	-0.015679
283.976969	-0.600939	-0.568424	-0.016258
284.356044	-0.600870	-0.539906	-0.030482
284.735079	-0.580111	-0.603180	0.011534
285.114073	-0.641655	-0.561961	-0.039847
285.493028	-0.637302	-0.577749	-0.029776
285.871942	-0.542837	-0.481694	-0.030572
286.250815	-0.574512	-0.563154	-0.005679
286.629649	-0.522523	-0.601281	0.039379
287.008442	-0.577865	-0.594577	0.008356
287.387195	-0.589159	-0.561689	-0.013735
287.765907	-0.568307	-0.623147	0.027420
288.144580	-0.649683	-0.633036	-0.008323
288.523212	-0.586529	-0.555323	-0.015603
288.901803	-0.592239	-0.614778	0.011270
289.280355	-0.597909	-0.608173	0.005132
289.658866	-0.586173	-0.598292	0.006060
290.037336	-0.559894	-0.581220	0.010663
290.415766	-0.628415	-0.605934	-0.011241
290.794156	-0.617089	-0.574253	-0.021418
291.172505	-0.575317	-0.586298	0.005490
291.550814	-0.556553	-0.562237	0.002842
291.929083	-0.567304	-0.544688	-0.011308
292.307311	-0.611371	-0.585323	-0.013024
292.685499	-0.599728	-0.543506	-0.028111
293.063646	-0.580060	-0.580511	0.000226
293.441753	-0.606335	-0.563740	-0.021298
293.819820	-0.631754	-0.588021	-0.021867
294.197845	-0.583097	-0.573660	-0.004719
294.575831	-0.572511	-0.571222	-0.000644
294.953776	-0.598881	-0.578627	-0.010127
295.331680	-0.554937	-0.608014	0.026539
295.709544	-0.554262	-0.591670	0.018704
296.087368	-0.581707	-0.583129	0.000711
296.465150	-0.612686	-0.598789	-0.006949
296.842893	-0.588563	-0.590246	0.000841
297.220595	-0.566666	-0.611717	0.022526
297.598256	-0.583591	-0.585717	0.001063
297.975876	-0.592517	-0.578799	-0.006859
298.353457	-0.587153	-0.565303	-0.010925
298.730996	-0.589600	-0.584237	-0.002682
299.108495	-0.554667	-0.582943	0.014138
299.485953	-0.575528	-0.565252	-0.005138
299.863371	-0.558144	-0.578713	0.010284
300.240748	-0.591190	-0.614366	0.011588
300.618084	-0.617248	-0.607718	-0.004765
300.995380	-0.586923	-0.593594	0.003335
301.372635	-0.582749	-0.596987	0.007119
301.749849	-0.593606	-0.562321	-0.015642
302.127023	-0.618193	-0.588890	-0.014651
302.504156	-0.619284	-0.594899	-0.012193
302.881248	-0.656351	-0.598854	-0.028748
303.258300	-0.634963	-0.577375	-0.028794
303.635311	-0.617049	-0.580624	-0.018213
304.012281	-0.666554	-0.590349	-0.038102
304.389210	-0.579102	-0.563087	-0.008007
304.766099	-0.578800	-0.604168	0.012684
305.142947	-0.601127	-0.580577	-0.010275
305.519754	-0.606404	-0.589607	-0.008398
305.896520	-0.601850	-0.595875	-0.002987
306.273246	-0.588717	-0.586460	-0.001129
306.649930	-0.614557	-0.595304	-0.009626
307.026574	-0.571026	-0.560041	-0.005492
307.403177	-0.583005	-0.567935	-0.007535
307.779740	-0.642621	-0.573773	-0.034424
308.156261	-0.598272	-0.590089	-0.004091
308.532742	-0.608189	-0.590091	-0.009049
308.909181	-0.612243	-0.603504	-0.004370
309.285580	-0.594209	-0.605554	0.005673
309.661938	-0.605743	-0.585694	-0.010025
310.038255	-0.613436	-0.597406	-0.008015
310.414531	-0.590811	-0.575538	-0.007636
310.790766	-0.604309	-0.624646	0.010169
311.166961	-0.624789	-0.588973	-0.017908
311.543114	-0.587146	-0.597224	0.005039
311.919226	-0.615230	-0.586353	-0.014439
312.295298	-0.613210	-0.622885	0.004837
312.671328	-0.595328	-0.598856	0.001764
313.047318	-0.622514	-0.601690	-0.010412
313.423267	-0.610695	-0.599378	-0.005659
313.799174	-0.605070	-0.565764	-0.019653
314.175041	-0.584634	-0.589305	0.002336
314.550866	-0.622335	-0.606288	-0.008023
314.926651	-0.609062	-0.605076	-0.001993
315.302394	-0.609137	-0.637753	0.014308
315.678097	-0.606775	-0.571612	-0.017581
316.053758	-0.617413	-0.584688	-0.016362
316.429378	-0.618034	-0.582253	-0.017891
316.804958	-0.618721	-0.587438	-0.015641
317.180496	-0.618324	-0.577314	-0.020505
317.555993	-0.612331	-0.575263	-0.018534
317.931449	-0.589952	-0.594094	0.002071
318.306864	-0.595051	-0.598911	0.001930
318.682238	-0.606953	-0.587251	-0.009851
319.057570	-0.598145	-0.626245	0.014050
319.432862	-0.616576	-0.590582	-0.012997
319.808112	-0.601516	-0.589237	-0.006140
320.183321	-0.613711	-0.591259	-0.011226
320.558489	-0.613200	-0.600320	-0.006440
320.933616	-0.596488	-0.611679	0.007595
321.308701	-0.610885	-0.565012	-0.022936
321.683746	-0.601529	-0.576908	-0.012310
322.058749	-0.599535	-0.605055	0.002760
322.433711	-0.608257	-0.577503	-0.015377
322.808632	-0.595402	-0.609432	0.007015
323.183511	-0.605155	-0.592827	-0.006164
323.558349	-0.607893	-0.609077	0.000592
323.933146	-0.612457	-0.607906	-0.002276
324.307902	-0.635336	-0.579086	-0.028125
324.682617	-0.612689	-0.590078	-0.011305
325.057290	-0.612226	-0.580887	-0.015670
325.431921	-0.588199	-0.589188	0.000494
325.806512	-0.627347	-0.608747	-0.009300
326.181061	-0.619419	-0.606191	-0.006614
326.555569	-0.610867	-0.574178	-0.018345
326.930035	-0.609598	-0.604967	-0.002315
327.304461	-0.657442	-0.580627	-0.038407
327.678844	-0.621410	-0.582178	-0.019616
328.053187	-0.622204	-0.604328	-0.008938
328.427488	-0.617500	-0.600538	-0.008481
328.801747	-0.627659	-0.584402	-0.021628
329.175966	-0.625496	-0.606151	-0.009672
329.550142	-0.615963	-0.574415	-0.020774
329.924278	-0.613197	-0.610231	-0.001483
330.298372	-0.624228	-0.582471	-0.020879
330.672424	-0.605547	-0.578574	-0.013487
331.046435	-0.641614	-0.582557	-0.029529
331.420405	-0.617581	-0.598942	-0.009319
331.794333	-0.617447	-0.581639	-0.017904
332.168220	-0.572656	-0.594343	0.010844
332.542065	-0.613025	-0.616483	0.001729
332.915869	-0.619529	-0.590293	-0.014618
333.289631	-0.634073	-0.599376	-0.017348
333.663351	-0.617936	-0.596627	-0.010655
334.037030	-0.606942	-0.581800	-0.012571
334.410668	-0.624335	-0.586094	-0.019120
334.784264	-0.608227	-0.574423	-0.016902
335.157818	-0.634513	-0.599428	-0.017543
335.531331	-0.632760	-0.608673	-0.012044
335.904802	-0.607435	-0.584164	-0.011635
336.278232	-0.621446	-0.594343	-0.013551
336.651620	-0.622158	-0.600123	-0.011018
337.024966	-0.622931	-0.609362	-0.006784
337.398271	-0.607453	-0.599287	-0.004083
337.771534	-0.612873	-0.597252	-0.007811
338.144756	-0.633826	-0.582325	-0.025750
338.517936	-0.609546	-0.590026	-0.009760
338.891074	-0.620541	-0.592059	-0.014241
339.264171	-0.609886	-0.592946	-0.008470
339.637225	-0.610486	-0.600365	-0.005060
340.010239	-0.625197	-0.594920	-0.015138
340.383210	-0.624279	-0.592272	-0.016003
340.756140	-0.618850	-0.590464	-0.014193
341.129028	-0.636926	-0.576838	-0.030044
341.501874	-0.617025	-0.586009	-0.015508
341.874679	-0.640297	-0.589160	-0.025569
342.247441	-0.619033	-0.586262	-0.016386
342.620162	-0.639744	-0.576944	-0.031400
342.992842	-0.607172	-0.592219	-0.007476
343.365479	-0.609225	-0.579339	-0.014943
343.738075	-0.635372	-0.585852	-0.024760
344.110629	-0.637488	-0.625714	-0.005887
344.483141	-0.617994	-0.622310	0.002158
344.855611	-0.618984	-0.578366	-0.020309
345.228039	-0.636543	-0.590714	-0.022914
345.600426	-0.615425	-0.592952	-0.011236
345.972770	-0.634051	-0.600256	-0.016897
346.345073	-0.617162	-0.614295	-0.001434
346.717334	-0.633680	-0.618678	-0.007501
347.089553	-0.658543	-0.602813	-0.027865
347.461730	-0.604500	-0.595437	-0.004532
347.833866	-0.624298	-0.602758	-0.010770
348.205959	-0.620801	-0.596304	-0.012248
348.578010	-0.636449	-0.616334	-0.010058
348.950020	-0.645490	-0.600428	-0.022531
349.321987	-0.623047	-0.612950	-0.005049
349.693913	-0.626960	-0.585580	-0.020690
350.065797	-0.617625	-0.595509	-0.011058
350.437638	-0.635326	-0.596170	-0.019578
350.809438	-0.610894	-0.602527	-0.004184
351.181196	-0.641196	-0.576610	-0.032293
351.552911	-0.613899	-0.587241	-0.013329
351.924585	-0.627150	-0.574591	-0.026279
352.296217	-0.643068	-0.599963	-0.021553
352.667806	-0.648507	-0.595637	-0.026435
353.039354	-0.614400	-0.612671	-0.000865
353.410859	-0.620036	-0.601773	-0.009131
353.782323	-0.639111	-0.588595	-0.025258
354.153744	-0.608688	-0.592060	-0.008314
354.525123	-0.610462	-0.581433	-0.014514
354.896460	-0.623465	-0.579557	-0.021954
355.267756	-0.598887	-0.593023	-0.002932
355.639008	-0.625174	-0.633240	0.004033
356.010219	-0.629154	-0.599375	-0.014890
356.381388	-0.606998	-0.594997	-0.006000
356.752515	-0.601147	-0.579368	-0.010890
357.123599	-0.607927	-0.588398	-0.009765
357.494641	-0.622989	-0.591262	-0.015863
357.865641	-0.616753	-0.600671	-0.008041
358.236599	-0.644765	-0.600396	-0.022184
358.607515	-0.635040	-0.590162	-0.022439
358.978388	-0.645553	-0.593913	-0.025820
359.349219	-0.617440	-0.595498	-0.010971
359.720008	-0.607668	-0.581785	-0.012942
360.090755	-0.617120	-0.599050	-0.009035
360.461460	-0.633261	-0.586466	-0.023397
360.832122	-0.612973	-0.598902	-0.007036
361.202742	-0.630357	-0.588003	-0.021177
361.573320	-0.637324	-0.607709	-0.014808
361.943855	-0.622096	-0.593085	-0.014505
362.314348	-0.621979	-0.587091	-0.017444
362.684799	-0.617881	-0.592151	-0.012865
363.055208	-0.612026	-0.605114	-0.003456
363.425574	-0.624663	-0.589804	-0.017429
363.795898	-0.616077	-0.612966	-0.001556
364.166180	-0.614946	-0.593475	-0.010735
364.536419	-0.633047	-0.568444	-0.032301
364.906616	-0.634038	-0.589265	-0.022386
365.276770	-0.616553	-0.617835	0.000641
365.646882	-0.637149	-0.597303	-0.019923
366.016952	-0.615356	-0.588446	-0.013455
366.386979	-0.620724	-0.576550	-0.022087
366.756964	-0.635024	-0.574568	-0.030228
367.126906	-0.645029	-0.586872	-0.029078
367.496806	-0.619082	-0.590031	-0.014526
367.866664	-0.611945	-0.602984	-0.004480
368.236479	-0.632180	-0.596984	-0.017598
368.606251	-0.619826	-0.588709	-0.015558
368.975981	-0.605093	-0.596056	-0.004518
369.345669	-0.632038	-0.617225	-0.007406
369.715314	-0.634236	-0.602305	-0.015965
370.084917	-0.639529	-0.611600	-0.013965
370.454477	-0.615247	-0.593213	-0.011017
370.823995	-0.636329	-0.602823	-0.016753
371.193470	-0.632025	-0.572308	-0.029858
371.562902	-0.612842	-0.587219	-0.012811
371.932292	-0.647260	-0.638112	-0.004574
372.301640	-0.638114	-0.586506	-0.025804
372.670944	-0.646342	-0.616834	-0.014754
373.040207	-0.610544	-0.612325	0.000890
373.409426	-0.589119	-0.596309	0.003595
373.778603	-0.601062	-0.592422	-0.004320
374.147738	-0.605694	-0.597918	-0.003888
374.516830	-0.594681	-0.592606	-0.001037
374.885879	-0.627843	-0.589728	-0.019058
375.254885	-0.620709	-0.607452	-0.006628
375.623849	-0.617112	-0.600004	-0.008554
375.992770	-0.622301	-0.585210	-0.018545
376.361649	-0.621770	-0.589160	-0.016305
376.730485	-0.601929	-0.566007	-0.017961
377.099278	-0.618607	-0.584896	-0.016856
377.468028	-0.619121	-0.590975	-0.014073
377.836736	-0.600110	-0.577395	-0.011357
378.205401	-0.614872	-0.618018	0.001573
378.574023	-0.623724	-0.617728	-0.002998
378.942603	-0.630278	-0.602683	-0.013798
379.311139	-0.632424	-0.579378	-0.026523
379.679633	-0.624222	-0.591936	-0.016143
380.048085	-0.616811	-0.584285	-0.016263
380.416493	-0.612870	-0.580460	-0.016205
380.784859	-0.620752	-0.606915	-0.006919
381.153181	-0.607679	-0.568676	-0.019501
381.521461	-0.615186	-0.596319	-0.009433
381.889699	-0.626932	-0.619849	-0.003542
382.257893	-0.640460	-0.615885	-0.012287
382.626044	-0.640414	-0.592578	-0.023918
382.994153	-0.617386	-0.616939	-0.000223
383.362219	-0.620281	-0.607778	-0.006251
383.730242	-0.631208	-0.625468	-0.002870
384.098222	-0.610522	-0.611917	0.000698
384.466159	-0.626304	-0.604773	-0.010766
384.834053	-0.625417	-0.624381	-0.000518
385.201904	-0.621854	-0.595799	-0.013027
385.569713	-0.612983	-0.599160	-0.006912
385.937478	-0.614634	-0.613893	-0.000370
386.305201	-0.607131	-0.589614	-0.008758
386.672880	-0.617705	-0.583335	-0.017185
387.040517	-0.623187	-0.605631	-0.008778
387.408110	-0.622133	-0.592071	-0.015031
387.775661	-0.625498	-0.600973	-0.012263
388.143168	-0.653385	-0.603709	-0.024838
388.510633	-0.649781	-0.624506	-0.012638
388.878055	-0.620343	-0.594539	-0.012902
389.245433	-0.636808	-0.623394	-0.006707
389.612769	-0.655433	-0.605659	-0.024887
389.980061	-0.638255	-0.595529	-0.021363
390.347310	-0.631731	-0.585374	-0.023178
390.714517	-0.653612	-0.594537	-0.029537
391.081680	-0.618448	-0.601980	-0.008234
391.448800	-0.616310	-0.598499	-0.008906
391.815877	-0.612394	-0.601105	-0.005645
392.182911	-0.647837	-0.602835	-0.022501
392.549902	-0.645842	-0.595992	-0.024925
392.916850	-0.619450	-0.605087	-0.007181
393.283754	-0.603935	-0.576147	-0.013894
393.650616	-0.603733	-0.626705	0.011486
394.017434	-0.608451	-0.598614	-0.004919
394.384209	-0.614925	-0.632655	0.008865
394.750941	-0.635177	-0.611055	-0.012061
395.117630	-0.621508	-0.612610	-0.004449
395.484275	-0.624213	-0.602810	-0.010701
395.850878	-0.619530	-0.645760	0.013115
396.217437	-0.629581	-0.622963	-0.003309
396.583953	-0.645917	-0.639811	-0.003053
396.950425	-0.622840	-0.607272	-0.007784
397.316855	-0.620943	-0.597687	-0.011628
397.683241	-0.631491	-0.584666	-0.023412
398.049584	-0.632759	-0.616509	-0.008125
398.415884	-0.631511	-0.590605	-0.020453
398.782140	-0.621817	-0.599414	-0.011201
399.148353	-0.624392	-0.624917	0.000262
399.514523	-0.619950	-0.606906	-0.006522
399.880649	-0.647903	-0.595013	-0.026445
400.246732	-0.620480	-0.609994	-0.005243
400.612772	-0.642571	-0.621711	-0.010430
400.978768	-0.635474	-0.629412	-0.003031
401.344721	-0.619847	-0.630920	0.005536
401.710631	-0.636589	-0.637835	0.000623
402.076497	-0.632717	-0.621091	-0.005813
402.442320	-0.626702	-0.617034	-0.004834
402.808100	-0.612271	-0.625710	0.006719
403.173836	-0.625765	-0.620850	-0.002457
403.539528	-0.637106	-0.593923	-0.021592
403.905178	-0.625797	-0.617513	-0.004142
404.270783	-0.642677	-0.616016	-0.013330
404.636346	-0.625557	-0.620179	-0.002689
405.001865	-0.621314	-0.621913	0.000299
405.367340	-0.606250	-0.592794	-0.006728
405.732772	-0.639471	-0.627112	-0.006179
406.098161	-0.634143	-0.609480	-0.012332
406.463506	-0.605797	-0.612972	0.003587
406.828807	-0.621075	-0.606950	-0.007062
407.194065	-0.635882	-0.593721	-0.021081
407.559279	-0.619399	-0.600404	-0.009498
407.924450	-0.614733	-0.579668	-0.017532
408.289578	-0.640217	-0.609962	-0.015127
408.654661	-0.624258	-0.613150	-0.005554
409.019702	-0.605828	-0.611829	0.003001
409.384698	-0.628512	-0.600547	-0.013983
409.749651	-0.620700	-0.600829	-0.009936
410.114561	-0.622478	-0.622176	-0.000151
410.479427	-0.633356	-0.595415	-0.018970
410.844249	-0.622638	-0.615482	-0.003578
411.209027	-0.629877	-0.633039	0.001581
411.573762	-0.646699	-0.615080	-0.015809
411.938454	-0.626131	-0.621988	-0.002071
412.303101	-0.609539	-0.621712	0.006087
412.667705	-0.660891	-0.609724	-0.025583
413.032266	-0.645941	-0.620761	-0.012590
413.396782	-0.620916	-0.611130	-0.004893
413.761255	-0.617142	-0.609737	-0.003702
414.125684	-0.624068	-0.602887	-0.010591
414.490070	-0.628952	-0.618345	-0.005304
414.854412	-0.622935	-0.623376	0.000220
415.218710	-0.620025	-0.627954	0.003965
415.582964	-0.624910	-0.605654	-0.009628
415.947175	-0.638358	-0.582868	-0.027745
416.311341	-0.613836	-0.596489	-0.008674
416.675464	-0.639466	-0.627209	-0.006128
417.039543	-0.614140	-0.615423	0.000641
417.403579	-0.631876	-0.607603	-0.012136
417.767570	-0.616767	-0.605331	-0.005718
418.131518	-0.619794	-0.593396	-0.013199
418.495422	-0.616204	-0.614405	-0.000899
418.859282	-0.617434	-0.592499	-0.012468
419.223098	-0.612326	-0.620206	0.003940
419.586871	-0.627102	-0.599014	-0.014044
419.950599	-0.632306	-0.594827	-0.018739
420.314284	-0.628901	-0.608434	-0.010234
420.677925	-0.647975	-0.606275	-0.020850
421.041522	-0.629578	-0.611232	-0.009173
421.405075	-0.633930	-0.608403	-0.012764
421.768584	-0.618227	-0.623043	0.002408
422.132049	-0.626287	-0.595712	-0.015288
422.495470	-0.649893	-0.617376	-0.016259
422.858847	-0.618414	-0.617691	-0.000361
423.222180	-0.634127	-0.623971	-0.005078
423.585470	-0.626757	-0.616879	-0.004939
423.948715	-0.631280	-0.626738	-0.002271
424.311916	-0.635412	-0.608109	-0.013652
424.675074	-0.617069	-0.609346	-0.003861
425.038187	-0.634840	-0.613104	-0.010868
425.401256	-0.613158	-0.621635	0.004238
425.764281	-0.608460	-0.614508	0.003024
426.127263	-0.646621	-0.623011	-0.011805
426.490200	-0.639014	-0.602944	-0.018035
426.853093	-0.633483	-0.621659	-0.005912
427.215942	-0.617006	-0.608139	-0.004434
427.578747	-0.621621	-0.621437	-0.000092
427.941508	-0.629045	-0.615670	-0.006688
428.304225	-0.614849	-0.598297	-0.008276
428.666897	-0.639068	-0.598691	-0.020189
429.029526	-0.655324	-0.614942	-0.020191
429.392110	-0.637439	-0.609233	-0.014103
429.754651	-0.643201	-0.616713	-0.013244
430.117147	-0.633108	-0.609744	-0.011682
430.479599	-0.626114	-0.618302	-0.003906
430.842007	-0.625545	-0.615222	-0.005162
431.204370	-0.613228	-0.620872	0.003822
431.566690	-0.649828	-0.630380	-0.009724
431.928965	-0.640658	-0.598577	-0.021041
432.291196	-0.624476	-0.620690	-0.001893
432.653383	-0.634355	-0.598645	-0.017855
433.015525	-0.626268	-0.637300	0.005516
433.377624	-0.637552	-0.604642	-0.016455
433.739678	-0.628860	-0.625331	-0.001765
434.101688	-0.617291	-0.629173	0.005941
434.463653	-0.626815	-0.615793	-0.005511
434.825575	-0.625594	-0.617530	-0.004032
435.187452	-0.619800	-0.616197	-0.001802
435.549284	-0.628539	-0.621183	-0.003678
435.911073	-0.628325	-0.610286	-0.009020
436.272817	-0.625511	-0.608612	-0.008450
436.634516	-0.622915	-0.618285	-0.002315
436.996172	-0.634488	-0.611965	-0.011261
437.357783	-0.625990	-0.610898	-0.007546
437.719350	-0.629157	-0.622254	-0.003451
438.080872	-0.630407	-0.626388	-0.002009
438.442350	-0.627018	-0.613165	-0.006927
438.803783	-0.624203	-0.616794	-0.003705
439.165173	-0.624519	-0.611163	-0.006678
439.526517	-0.627384	-0.613781	-0.006801
439.887818	-0.629313	-0.616805	-0.006254
440.249074	-0.629875	-0.605610	-0.012132
440.610285	-0.628305	-0.617403	-0.005451
440.971452	-0.629088	-0.623215	-0.002937
441.332575	-0.625812	-0.613365	-0.006223
441.693653	-0.625045	-0.616075	-0.004485
442.054686	-0.629077	-0.616050	-0.006513
442.415676	-0.624178	-0.618975	-0.002602
442.776620	-0.629644	-0.608351	-0.010647
443.137520	-0.629118	-0.618946	-0.005086
443.498376	-0.620270	-0.618689	-0.000791
443.859187	-0.622613	-0.615057	-0.003778
444.219953	-0.623936	-0.612529	-0.005704
444.580675	-0.629549	-0.614319	-0.007615
444.941353	-0.627846	-0.617211	-0.005317
445.301986	-0.629711	-0.624025	-0.002843
445.662574	-0.630416	-0.613680	-0.008368
446.023118	-0.626501	-0.619428	-0.003536
446.383617	-0.619697	-0.612128	-0.003784
446.744071	-0.623334	-0.613253	-0.005041
447.104481	-0.628814	-0.616812	-0.006001
447.464846	-0.622697	-0.610430	-0.006134
447.825167	-0.623482	-0.612352	-0.005565
448.185443	-0.625625	-0.612919	-0.006353
448.545674	-0.619376	-0.613600	-0.002888
448.905861	-0.622165	-0.611555	-0.005305
449.266002	-0.622049	-0.606760	-0.007645
449.626100	-0.625351	-0.611792	-0.006779
449.986152	-0.626487	-0.614797	-0.005845
450.346160	-0.625267	-0.614377	-0.005445
450.706123	-0.622241	-0.610331	-0.005955
451.066041	-0.618918	-0.618379	-0.000269
451.425915	-0.623547	-0.613986	-0.004781
451.785744	-0.623192	-0.614212	-0.004490
452.145528	-0.626021	-0.621896	-0.002062
452.505267	-0.622727	-0.614929	-0.003899
452.864962	-0.624513	-0.610875	-0.006819
453.224612	-0.625922	-0.616143	-0.004889
453.584217	-0.623135	-0.615381	-0.003877
453.943777	-0.626084	-0.613581	-0.006251
454.303292	-0.626927	-0.611506	-0.007711
454.662763	-0.620654	-0.614535	-0.003060
455.022188	-0.624656	-0.619106	-0.002775
455.381569	-0.622699	-0.612632	-0.005034
455.740905	-0.623496	-0.616517	-0.003490
456.100196	-0.622583	-0.614813	-0.003885
456.459443	-0.622393	-0.613926	-0.004234
456.818644	-0.624914	-0.612536	-0.006189
457.177800	-0.625868	-0.614245	-0.005811
457.536912	-0.626168	-0.612290	-0.006939
457.895978	-0.619599	-0.612938	-0.003331
458.255000	-0.622518	-0.614262	-0.004128
458.613977	-0.620492	-0.610330	-0.005081
458.972909	-0.625626	-0.613998	-0.005814
459.331795	-0.619955	-0.609743	-0.005106
459.690637	-0.624705	-0.614256	-0.005224
460.049434	-0.626994	-0.612610	-0.007192
460.408186	-0.618495	-0.611463	-0.003516
460.766893	-0.619833	-0.614370	-0.002732
461.125555	-0.621808	-0.614189	-0.003810
461.484172	-0.623323	-0.610785	-0.006269
461.842743	-0.621427	-0.611376	-0.005025
462.201270	-0.623485	-0.611984	-0.005750
462.559752	-0.621830	-0.612472	-0.004679
462.918188	-0.621365	-0.612343	-0.004511
463.276580	-0.621605	-0.615863	-0.002871
463.634927	-0.622958	-0.613870	-0.004544
463.993228	-0.617577	-0.610362	-0.003608
464.351484	-0.618984	-0.607412	-0.005786
464.709696	-0.620990	-0.613177	-0.003907
465.067862	-0.625434	-0.613661	-0.005886
465.425983	-0.624301	-0.613181	-0.005560
465.784058	-0.622484	-0.613813	-0.004336
466.142089	-0.623256	-0.613327	-0.004964
466.500075	-0.624390	-0.614197	-0.005096
466.858015	-0.619683	-0.611496	-0.004094
467.215910	-0.624032	-0.613978	-0.005027
467.573760	-0.617507	-0.612300	-0.002604
467.931565	-0.616915	-0.609427	-0.003744
468.289324	-0.618135	-0.615895	-0.001120
468.647039	-0.623968	-0.613457	-0.005256
469.004708	-0.620337	-0.612601	-0.003868
469.362332	-0.618812	-0.614567	-0.002123
469.719910	-0.624165	-0.613297	-0.005434
470.077443	-0.618934	-0.613164	-0.002885
470.434932	-0.623189	-0.614720	-0.004235
470.792374	-0.620689	-0.613871	-0.003409
471.149772	-0.622282	-0.614401	-0.003941
471.507124	-0.618078	-0.611950	-0.003064
471.864431	-0.617496	-0.609837	-0.003829
472.221693	-0.620003	-0.613363	-0.003320
472.578909	-0.621404	-0.612949	-0.004228
472.936080	-0.615811	-0.612414	-0.001699
473.293205	-0.622484	-0.611939	-0.005273
473.650285	-0.617722	-0.609242	-0.004240
474.007320	-0.617893	-0.607335	-0.005279
474.364310	-0.620100	-0.612640	-0.003730
474.721254	-0.618873	-0.614390	-0.002241
475.078152	-0.616853	-0.608927	-0.003963
475.435006	-0.616614	-0.611907	-0.002353
475.791813	-0.619293	-0.608508	-0.005393
476.148576	-0.616005	-0.610922	-0.002542
476.505293	-0.616613	-0.609214	-0.003700
476.861964	-0.616243	-0.607049	-0.004597
477.218590	-0.616168	-0.609272	-0.003448
477.575171	-0.619636	-0.608097	-0.005770
477.931706	-0.615912	-0.607197	-0.004358
478.288195	-0.616202	-0.609205	-0.003499
478.644639	-0.616500	-0.606196	-0.005152
479.001038	-0.613926	-0.609099	-0.002414
479.357391	-0.615408	-0.606478	-0.004465
479.713699	-0.612392	-0.606380	-0.003006
480.069960	-0.613936	-0.608900	-0.002518
480.426177	-0.613988	-0.607750	-0.003119
480.782348	-0.612682	-0.605913	-0.003385
481.138473	-0.616636	-0.606649	-0.004994
481.494553	-0.616524	-0.609454	-0.003535
481.850587	-0.615718	-0.605496	-0.005111
482.206575	-0.614694	-0.609533	-0.002581
482.562518	-0.615612	-0.606164	-0.004724
482.918416	-0.615766	-0.608447	-0.003660
483.274267	-0.614031	-0.608410	-0.002811
483.630073	-0.615093	-0.608601	-0.003246
483.985834	-0.613253	-0.609244	-0.002004
484.341548	-0.617270	-0.609610	-0.003830
484.697217	-0.614049	-0.608740	-0.002655
485.052841	-0.613807	-0.607943	-0.002932
485.408418	-0.614980	-0.607220	-0.003880
485.763950	-0.614986	-0.609073	-0.002956
486.119436	-0.613436	-0.607752	-0.002842
486.474877	-0.613022	-0.607886	-0.002568
486.830272	-0.615131	-0.607506	-0.003813
487.185621	-0.613308	-0.608395	-0.002457
487.540924	-0.613214	-0.609993	-0.001611
487.896182	-0.612576	-0.608755	-0.001910
488.251393	-0.613459	-0.608072	-0.002694
488.606559	-0.612500	-0.607793	-0.002354
488.961679	-0.612807	-0.606122	-0.003343
489.316754	-0.614576	-0.607978	-0.003299
489.671782	-0.613973	-0.605722	-0.004125
490.026765	-0.612817	-0.607253	-0.002782
490.381702	-0.613674	-0.606126	-0.003774
490.736593	-0.613839	-0.607682	-0.003079
491.091438	-0.614825	-0.608128	-0.003348
491.446238	-0.613083	-0.609712	-0.001685
491.800991	-0.611505	-0.608952	-0.001277
492.155699	-0.614899	-0.610262	-0.002318
492.510360	-0.615502	-0.609420	-0.003041
492.864976	-0.614884	-0.609549	-0.002668
493.219546	-0.614762	-0.611909	-0.001427
493.574070	-0.614539	-0.608576	-0.002981
493.928548	-0.617683	-0.609405	-0.004139
494.282980	-0.616427	-0.610543	-0.002942
494.637366	-0.618162	-0.612203	-0.002980
494.991707	-0.613572	-0.613732	0.000080
495.346001	-0.615746	-0.613304	-0.001221
495.700249	-0.616573	-0.610920	-0.002827
496.054451	-0.618640	-0.611907	-0.003366
496.408607	-0.621440	-0.611767	-0.004837
496.762718	-0.619444	-0.614335	-0.002555
497.116782	-0.619217	-0.613699	-0.002759
497.470800	-0.621387	-0.617363	-0.002012
497.824772	-0.619359	-0.613720	-0.002819
498.178698	-0.620679	-0.616019	-0.002330
498.532578	-0.620283	-0.614196	-0.003044
498.886412	-0.620271	-0.614163	-0.003054
499.240200	-0.621172	-0.613377	-0.003897
499.593942	-0.620100	-0.615040	-0.002530
499.947637	-0.622541	-0.613500	-0.004520
500.301287	-0.622981	-0.613625	-0.004678
500.654890	-0.624249	-0.616184	-0.004032
501.008448	-0.622040	-0.619752	-0.001144
501.361959	-0.618351	-0.617696	-0.000328
501.715424	-0.618193	-0.616549	-0.000822
502.068843	-0.618087	-0.617307	-0.000390
502.422215	-0.623002	-0.618172	-0.002415
502.775542	-0.619030	-0.617079	-0.000976
503.128822	-0.620530	-0.615361	-0.002585
503.482056	-0.620829	-0.615620	-0.002604
503.835244	-0.623345	-0.617686	-0.002829
504.188386	-0.621885	-0.615825	-0.003030
504.541481	-0.623992	-0.617052	-0.003470
504.894530	-0.617981	-0.615803	-0.001089
505.247533	-0.618205	-0.619522	0.000658
505.600490	-0.621010	-0.614843	-0.003083
505.953400	-0.622771	-0.618463	-0.002154
506.306264	-0.619988	-0.619687	-0.000151
506.659082	-0.617037	-0.620506	0.001734
507.011854	-0.620034	-0.619227	-0.000404
507.364579	-0.619592	-0.620856	0.000632
507.717258	-0.625338	-0.620063	-0.002638
508.069890	-0.622679	-0.616969	-0.002855
508.422477	-0.623087	-0.617411	-0.002838
508.775016	-0.620531	-0.619982	-0.000274
509.127510	-0.624412	-0.619892	-0.002260
509.479957	-0.623241	-0.618460	-0.002390
509.832358	-0.618263	-0.620320	0.001028
510.184712	-0.618833	-0.617194	-0.000819
510.537020	-0.622923	-0.620988	-0.000968
510.889281	-0.625058	-0.618088	-0.003485
511.241497	-0.623056	-0.616863	-0.003097
511.593665	-0.620322	-0.616998	-0.001662
511.945787	-0.620801	-0.616605	-0.002098
512.297863	-0.621009	-0.621505	0.000248
512.649892	-0.620568	-0.622054	0.000743
513.001875	-0.620546	-0.621134	0.000294
513.353812	-0.621951	-0.620979	-0.000486
513.705701	-0.620258	-0.618348	-0.000955
514.057545	-0.625989	-0.621449	-0.002270
514.409342	-0.624157	-0.619250	-0.002454
514.761092	-0.620440	-0.621814	0.000687
515.112796	-0.623367	-0.619852	-0.001758
515.464453	-0.621379	-0.622335	0.000478
515.816064	-0.621733	-0.615746	-0.002993
516.167628	-0.617779	-0.617876	0.000048
516.519145	-0.617854	-0.618823	0.000484
516.870616	-0.619237	-0.621831	0.001297
517.222041	-0.624643	-0.618564	-0.003040
517.573418	-0.625063	-0.619316	-0.002874
517.924750	-0.624707	-0.619558	-0.002575
518.276034	-0.618262	-0.621078	0.001408
518.627272	-0.623162	-0.620328	-0.001417
518.978463	-0.623560	-0.619085	-0.002237
519.329608	-0.624172	-0.621482	-0.001345
519.680706	-0.622984	-0.619537	-0.001723
520.031757	-0.625802	-0.622961	-0.001421
520.382762	-0.621579	-0.618034	-0.001773
520.733719	-0.619862	-0.619738	-0.000062
521.084631	-0.624717	-0.618024	-0.003346
521.435495	-0.624205	-0.626554	0.001175
521.786313	-0.619255	-0.622442	0.001594
522.137084	-0.622990	-0.621093	-0.000949
522.487808	-0.621041	-0.625339	0.002149
522.838486	-0.626462	-0.622536	-0.001963
523.189116	-0.625019	-0.618770	-0.003125
523.539700	-0.622601	-0.619377	-0.001612
523.890237	-0.626315	-0.619672	-0.003321
524.240728	-0.627424	-0.625345	-0.001039
524.591171	-0.623150	-0.626510	0.001680
524.941568	-0.625864	-0.626011	0.000074
525.291918	-0.629611	-0.622640	-0.003485
525.642221	-0.627265	-0.622282	-0.002492
525.992478	-0.627389	-0.625040	-0.001175
526.342687	-0.622908	-0.628986	0.003039
526.692850	-0.625384	-0.622704	-0.001340
527.042965	-0.626483	-0.628360	0.000939
527.393034	-0.629720	-0.623812	-0.002954
527.743056	-0.624381	-0.623572	-0.000404
528.093031	-0.625909	-0.623805	-0.001052
528.442959	-0.622617	-0.620487	-0.001065
528.792840	-0.623013	-0.626822	0.001905
529.142674	-0.617862	-0.625107	0.003622
529.492462	-0.623645	-0.624086	0.000221
529.842202	-0.623357	-0.623559	0.000101
530.191895	-0.627486	-0.622356	-0.002565
530.541542	-0.622818	-0.624277	0.000730
530.891141	-0.626792	-0.620048	-0.003372
531.240694	-0.626684	-0.627983	0.000649
531.590199	-0.623788	-0.630996	0.003604
531.939657	-0.629053	-0.621099	-0.003977
532.289069	-0.622496	-0.619710	-0.001393
532.638433	-0.627575	-0.620904	-0.003335
532.987750	-0.622769	-0.623012	0.000121
533.337021	-0.626618	-0.621596	-0.002511
533.686244	-0.626899	-0.628242	0.000671
534.035420	-0.629484	-0.621852	-0.003816
534.384549	-0.627252	-0.622995	-0.002129
534.733631	-0.624610	-0.628807	0.002098
535.082666	-0.628062	-0.623946	-0.002058
535.431653	-0.624695	-0.625245	0.000275
535.780594	-0.622668	-0.624411	0.000871
536.129487	-0.628725	-0.623742	-0.002492
536.478334	-0.623526	-0.620165	-0.001681
536.827133	-0.623648	-0.626545	0.001449
537.175885	-0.621247	-0.621463	0.000108
537.524590	-0.616389	-0.626872	0.005242
537.873247	-0.617222	-0.624417	0.003597
538.221858	-0.623487	-0.624255	0.000384
538.570421	-0.626436	-0.624009	-0.001214
538.918937	-0.622116	-0.626163	0.002024
539.267406	-0.625341	-0.628381	0.001520
539.615827	-0.625085	-0.622891	-0.001097
539.964202	-0.625842	-0.620264	-0.002789
540.312529	-0.635408	-0.619922	-0.007743
540.660808	-0.629393	-0.624248	-0.002572
541.009041	-0.628616	-0.629324	0.000354
541.357226	-0.628116	-0.628130	0.000007
541.705364	-0.630373	-0.622774	-0.003800
542.053455	-0.621960	-0.630714	0.004377
542.401498	-0.627588	-0.632503	0.002457
542.749494	-0.636462	-0.630218	-0.003122
543.097443	-0.630216	-0.626993	-0.001612
543.445344	-0.627068	-0.627004	-0.000032
543.793198	-0.624102	-0.624600	0.000249
544.141005	-0.631298	-0.624474	-0.003412
544.488764	-0.626082	-0.624867	-0.000608
544.836476	-0.628252	-0.629479	0.000613
545.184140	-0.634235	-0.631647	-0.001294
545.531757	-0.631516	-0.623531	-0.003992
545.879327	-0.624314	-0.626783	0.001234
546.226849	-0.630697	-0.627200	-0.001749
546.574324	-0.625875	-0.628176	0.001150
546.921751	-0.624576	-0.628278	0.001851
547.269131	-0.622159	-0.623263	0.000552
547.616463	-0.628581	-0.628102	-0.000240
547.963748	-0.624615	-0.630429	0.002907
548.310985	-0.629620	-0.623619	-0.003000
548.658175	-0.623146	-0.627289	0.002071
549.005318	-0.625920	-0.628780	0.001430
549.352413	-0.623852	-0.624539	0.000344
549.699460	-0.630524	-0.626173	-0.002175
550.046460	-0.626640	-0.622132	-0.002254
550.393412	-0.624521	-0.625402	0.000441
550.740317	-0.626506	-0.624843	-0.000832
551.087174	-0.627243	-0.624749	-0.001247
551.433984	-0.631988	-0.628522	-0.001733
551.780746	-0.626254	-0.626573	0.000160
552.127460	-0.626297	-0.622640	-0.001828
552.474127	-0.627849	-0.617593	-0.005128
552.820746	-0.629273	-0.621391	-0.003941
553.167318	-0.628887	-0.630921	0.001017
553.513842	-0.628999	-0.624361	-0.002319
553.860318	-0.628745	-0.624764	-0.001990
554.206747	-0.628763	-0.623115	-0.002824
554.553128	-0.628525	-0.632999	0.002237
554.899461	-0.634121	-0.619107	-0.007507
555.245747	-0.632982	-0.628347	-0.002318
555.591985	-0.632296	-0.628818	-0.001739
555.938175	-0.632022	-0.627773	-0.002125
556.284317	-0.631019	-0.625746	-0.002637
556.630412	-0.629929	-0.626190	-0.001869
556.976459	-0.626385	-0.624059	-0.001163
557.322459	-0.631875	-0.633584	0.000854
557.668410	-0.624077	-0.630105	0.003014
558.014314	-0.633802	-0.624007	-0.004897
558.360170	-0.631280	-0.626594	-0.002343
558.705978	-0.633222	-0.630857	-0.001182
559.051739	-0.625265	-0.633966	0.004351
559.397451	-0.630184	-0.628455	-0.000865
559.743116	-0.626398	-0.629580	0.001591
560.088733	-0.624102	-0.623743	-0.000179
560.434302	-0.626224	-0.631798	0.002787
560.779823	-0.629945	-0.633127	0.001591
561.125297	-0.636207	-0.633459	-0.001374
561.470722	-0.627830	-0.631613	0.001892
561.816100	-0.629280	-0.618083	-0.005599
562.161430	-0.640619	-0.626128	-0.007246
562.506712	-0.634035	-0.623054	-0.005490
562.851946	-0.628822	-0.620514	-0.004154
563.197132	-0.625729	-0.616001	-0.004864
563.542270	-0.629680	-0.625013	-0.002333
563.887360	-0.634731	-0.631466	-0.001632
564.232403	-0.635074	-0.627550	-0.003762
564.577397	-0.626455	-0.625227	-0.000614
564.922343	-0.630218	-0.625323	-0.002447
565.267242	-0.635282	-0.622444	-0.006419
565.612092	-0.636090	-0.631956	-0.002067
565.956895	-0.630712	-0.626891	-0.001910
566.301649	-0.638231	-0.627151	-0.005540
566.646355	-0.625642	-0.625132	-0.000255
566.991014	-0.631976	-0.626625	-0.002676
567.335624	-0.637147	-0.632448	-0.002350
567.680186	-0.625397	-0.627147	0.000875
568.024700	-0.623276	-0.619127	-0.002075
568.369167	-0.625118	-0.620924	-0.002097
568.713585	-0.634695	-0.624912	-0.004891
569.057955	-0.629350	-0.624449	-0.002450
569.402277	-0.647196	-0.629100	-0.009048
569.746550	-0.634786	-0.632658	-0.001064
570.090776	-0.631190	-0.625801	-0.002695
570.434954	-0.631904	-0.618933	-0.006486
570.779083	-0.622569	-0.619952	-0.001308
571.123164	-0.622036	-0.635303	0.006633
571.467197	-0.629638	-0.624419	-0.002610
571.811182	-0.628256	-0.622812	-0.002722
572.155119	-0.635344	-0.632133	-0.001606
572.499008	-0.633527	-0.626905	-0.003311
572.842848	-0.628910	-0.626806	-0.001052
573.186640	-0.625547	-0.628484	0.001468
573.530384	-0.629646	-0.631718	0.001036
573.874080	-0.632412	-0.623222	-0.004595
574.217727	-0.626544	-0.630230	0.001843
574.561327	-0.623096	-0.631580	0.004242
574.904878	-0.622880	-0.628614	0.002867
575.248380	-0.630840	-0.619488	-0.005676
575.591835	-0.634986	-0.628172	-0.003407
575.935241	-0.634398	-0.629728	-0.002335
576.278599	-0.632291	-0.628504	-0.001894
576.621908	-0.624748	-0.631871	0.003562
576.965170	-0.632924	-0.624516	-0.004204
577.308383	-0.630123	-0.624110	-0.003007
577.651547	-0.634867	-0.627721	-0.003573
577.994663	-0.635189	-0.629790	-0.002700
578.337731	-0.641577	-0.626907	-0.007335
578.680751	-0.628325	-0.631095	0.001385
579.023722	-0.630308	-0.631961	0.000826
579.366645	-0.635266	-0.622703	-0.006281
579.709519	-0.632164	-0.621724	-0.005220
580.052345	-0.636335	-0.618446	-0.008945
580.395123	-0.627596	-0.625210	-0.001193
580.737852	-0.628251	-0.618847	-0.004702
581.080532	-0.634528	-0.628984	-0.002772
581.423165	-0.636764	-0.624659	-0.006052
581.765748	-0.626858	-0.630420	0.001781
582.108284	-0.630011	-0.634381	0.002185
582.450770	-0.628520	-0.636171	0.003826
582.793209	-0.648774	-0.624306	-0.012234
583.135599	-0.626388	-0.615160	-0.005614
583.477940	-0.633549	-0.633692	0.000072
583.820233	-0.634429	-0.628886	-0.002772
584.162477	-0.629791	-0.627768	-0.001012
584.504673	-0.628391	-0.620641	-0.003875
584.846820	-0.630395	-0.626371	-0.002012
585.188919	-0.631491	-0.628435	-0.001528
585.530969	-0.641732	-0.628442	-0.006645
585.872970	-0.633584	-0.630254	-0.001665
586.214923	-0.626581	-0.628609	0.001014
586.556827	-0.634324	-0.626117	-0.004103
586.898683	-0.631518	-0.629734	-0.000892
587.240490	-0.636519	-0.632346	-0.002087
587.582249	-0.634673	-0.619171	-0.007751
587.923958	-0.622994	-0.624465	0.000735
588.265620	-0.627481	-0.623070	-0.002206
588.607232	-0.624030	-0.623268	-0.000381
588.948796	-0.628920	-0.619947	-0.004487
589.290311	-0.631291	-0.630838	-0.000226
589.631778	-0.627821	-0.618811	-0.004505
589.973196	-0.637615	-0.627384	-0.005115
590.314565	-0.642721	-0.627989	-0.007366
590.655885	-0.623567	-0.628218	0.002326
590.997157	-0.628846	-0.628868	0.000011
591.338379	-0.636704	-0.629454	-0.003625
591.679554	-0.629061	-0.618460	-0.005301
592.020679	-0.628393	-0.631225	0.001416
592.361756	-0.634174	-0.624627	-0.004774
592.702784	-0.627497	-0.629361	0.000932
593.043763	-0.624799	-0.629038	0.002120
593.384693	-0.628073	-0.625903	-0.001085
593.725574	-0.629821	-0.625301	-0.002260
594.066407	-0.630657	-0.634709	0.002026
594.407191	-0.627357	-0.622018	-0.002670
594.747926	-0.631224	-0.626040	-0.002592
595.088612	-0.635917	-0.623816	-0.006051
595.429249	-0.632641	-0.628413	-0.002114
595.769838	-0.628237	-0.629660	0.000711
596.110377	-0.637121	-0.619986	-0.008567
596.450868	-0.633817	-0.628638	-0.002589
596.791309	-0.629731	-0.621445	-0.004143
597.131702	-0.629192	-0.629348	0.000078
597.472046	-0.627406	-0.629943	0.001269
597.812341	-0.639707	-0.621992	-0.008858
598.152587	-0.631992	-0.625618	-0.003187
598.492784	-0.631686	-0.629703	-0.000992
598.832933	-0.632069	-0.624983	-0.003543
599.173032	-0.635170	-0.630547	-0.002311
599.513082	-0.641775	-0.631042	-0.005367
599.853083	-0.635155	-0.630201	-0.002477
600.193035	-0.633083	-0.620735	-0.006174
600.532939	-0.628568	-0.627309	-0.000629
600.872793	-0.628528	-0.623007	-0.002760
601.212598	-0.621034	-0.621276	0.000121
601.552354	-0.633638	-0.620687	-0.006475
601.892061	-0.643096	-0.622701	-0.010197
602.231719	-0.635892	-0.632957	-0.001467
602.571328	-0.629910	-0.624383	-0.002764
602.910888	-0.629643	-0.624360	-0.002642
603.250399	-0.627744	-0.619713	-0.004015
603.589860	-0.635051	-0.622687	-0.006182
603.929273	-0.629560	-0.622432	-0.003564
604.268636	-0.631704	-0.617796	-0.006954
604.607951	-0.635319	-0.622868	-0.006225
604.947216	-0.631567	-0.621057	-0.005255
605.286432	-0.635746	-0.624968	-0.005389
605.625599	-0.629354	-0.622078	-0.003638
605.964717	-0.649690	-0.628943	-0.010373
606.303785	-0.633929	-0.624208	-0.004861
606.642805	-0.637991	-0.618157	-0.009917
606.981775	-0.642781	-0.629277	-0.006752
607.320696	-0.636565	-0.622550	-0.007008
607.659567	-0.630675	-0.628348	-0.001163
607.998390	-0.625138	-0.621622	-0.001758
608.337163	-0.629142	-0.623830	-0.002656
608.675887	-0.638475	-0.623115	-0.007680
609.014562	-0.635450	-0.622431	-0.006510
609.353187	-0.642419	-0.627422	-0.007498
609.691764	-0.618825	-0.632233	0.006704
610.030290	-0.638888	-0.620249	-0.009319
610.368768	-0.634378	-0.622120	-0.006129
610.707196	-0.643809	-0.629368	-0.007221
611.045575	-0.635272	-0.628974	-0.003149
611.383905	-0.642738	-0.622721	-0.010008
611.722185	-0.629109	-0.614273	-0.007418
612.060416	-0.638846	-0.626580	-0.006133
612.398598	-0.632990	-0.625779	-0.003605
612.736730	-0.622296	-0.625684	0.001694
613.074813	-0.636938	-0.625483	-0.005727
613.412847	-0.638339	-0.636760	-0.000790
613.750831	-0.638120	-0.633176	-0.002472
614.088765	-0.637016	-0.627899	-0.004559
614.426651	-0.630282	-0.621773	-0.004254
614.764486	-0.642345	-0.623670	-0.009337
615.102273	-0.633022	-0.623998	-0.004512
615.440010	-0.646980	-0.623222	-0.011879
615.777697	-0.634473	-0.624917	-0.004778
616.115335	-0.639407	-0.624879	-0.007264
616.452924	-0.638894	-0.622335	-0.008280
616.790463	-0.636369	-0.631973	-0.002198
617.127952	-0.635192	-0.638509	0.001658
617.465392	-0.632237	-0.619933	-0.006152
617.802783	-0.646663	-0.635049	-0.005807
618.140124	-0.629603	-0.624316	-0.002643
618.477415	-0.640352	-0.620772	-0.009790
618.814657	-0.642174	-0.618562	-0.011806
619.151850	-0.636461	-0.629701	-0.003380
619.488992	-0.633703	-0.622820	-0.005442
619.826086	-0.641825	-0.623531	-0.009147
620.163129	-0.637112	-0.630221	-0.003445
620.500123	-0.641929	-0.623984	-0.008973
620.837068	-0.631046	-0.633980	0.001467
621.173962	-0.641914	-0.619397	-0.011258
621.510808	-0.638128	-0.621838	-0.008145
621.847603	-0.642295	-0.632823	-0.004736
622.184349	-0.630837	-0.620595	-0.005121
622.521045	-0.634561	-0.621302	-0.006629
622.857692	-0.638996	-0.620817	-0.009090
623.194289	-0.640222	-0.628625	-0.005799
623.530836	-0.635660	-0.612421	-0.011620
623.867333	-0.629602	-0.620384	-0.004609
624.203781	-0.630634	-0.635454	0.002410
624.540179	-0.633508	-0.626714	-0.003397
624.876527	-0.632321	-0.617132	-0.007595
625.212826	-0.629326	-0.625832	-0.001747
625.549075	-0.636383	-0.643981	0.003799
625.885274	-0.624629	-0.626656	0.001013
626.221423	-0.623504	-0.621310	-0.001097
626.557523	-0.637501	-0.630226	-0.003638
626.893572	-0.633201	-0.635841	0.001320
627.229572	-0.625548	-0.624237	-0.000655
627.565522	-0.644921	-0.624252	-0.010334
627.901423	-0.638288	-0.610514	-0.013887
628.237273	-0.640637	-0.626010	-0.007313
628.573074	-0.637286	-0.626444	-0.005421
628.908825	-0.623390	-0.625048	0.000829
629.244526	-0.641718	-0.627644	-0.007037
629.580177	-0.642796	-0.626001	-0.008397
629.915778	-0.635053	-0.625123	-0.004965
630.251329	-0.633665	-0.632299	-0.000683
630.586830	-0.635118	-0.627064	-0.004027
630.922282	-0.631855	-0.620978	-0.005438
631.257683	-0.635959	-0.627015	-0.004472
631.593035	-0.632146	-0.627847	-0.002150
631.928337	-0.636409	-0.625499	-0.005455
632.263588	-0.634677	-0.627562	-0.003558
632.598790	-0.637870	-0.620524	-0.008673
632.933942	-0.637523	-0.620127	-0.008698
633.269044	-0.627594	-0.620355	-0.003620
633.604096	-0.633842	-0.620186	-0.006828
633.939098	-0.630254	-0.623208	-0.003523
634.274049	-0.625051	-0.624266	-0.000392
634.608951	-0.639660	-0.623325	-0.008167
634.943803	-0.627846	-0.627839	-0.000003
635.278605	-0.629836	-0.620105	-0.004866
635.613356	-0.644297	-0.635451	-0.004423
635.948058	-0.627853	-0.621750	-0.003051
636.282710	-0.632614	-0.630583	-0.001015
636.617311	-0.643034	-0.626208	-0.008413
636.951862	-0.631060	-0.623958	-0.003551
637.286364	-0.638499	-0.623754	-0.007373
637.620815	-0.622649	-0.618511	-0.002069
637.955216	-0.631830	-0.631918	0.000044
638.289567	-0.634754	-0.631271	-0.001741
638.623868	-0.639017	-0.624885	-0.007066
638.958118	-0.630120	-0.627712	-0.001204
639.292319	-0.640708	-0.622241	-0.009234
639.626469	-0.638819	-0.631245	-0.003787
639.960569	-0.630323	-0.623341	-0.003491
640.294619	-0.631643	-0.623508	-0.004068
640.628619	-0.638952	-0.632853	-0.003049
640.962568	-0.630488	-0.628009	-0.001239
641.296468	-0.634577	-0.617622	-0.008477
641.630317	-0.640773	-0.616265	-0.012254
641.964116	-0.639316	-0.625769	-0.006774
642.297864	-0.641631	-0.633367	-0.004132
642.631563	-0.635119	-0.631807	-0.001656
642.965211	-0.636292	-0.615456	-0.010418
643.298808	-0.640209	-0.622464	-0.008872
643.632356	-0.627264	-0.626923	-0.000170
643.965853	-0.628386	-0.628995	0.000304
644.299300	-0.636216	-0.628869	-0.003674
644.632697	-0.634279	-0.626487	-0.003896
644.966043	-0.635905	-0.634564	-0.000670
645.299339	-0.643264	-0.625496	-0.008884
645.632584	-0.636339	-0.632331	-0.002004
645.965779	-0.633666	-0.631673	-0.000996
646.298924	-0.643145	-0.629978	-0.006584
646.632019	-0.639729	-0.622561	-0.008584
646.965063	-0.641166	-0.630295	-0.005435
647.298056	-0.634434	-0.626724	-0.003855
647.630999	-0.642917	-0.634631	-0.004143
647.963892	-0.633876	-0.622133	-0.005872
648.296735	-0.635454	-0.632140	-0.001657
648.629527	-0.645803	-0.627686	-0.009058
648.962268	-0.630640	-0.628925	-0.000857
649.294959	-0.635351	-0.617353	-0.008999
649.627600	-0.632323	-0.637914	0.002796
649.960190	-0.626678	-0.623099	-0.001790
650.292729	-0.640639	-0.632821	-0.003909
650.625218	-0.626034	-0.631066	0.002516
650.957657	-0.627204	-0.627170	-0.000017
651.290045	-0.634085	-0.620983	-0.006551
651.622383	-0.648877	-0.624304	-0.012286
651.954669	-0.631233	-0.629906	-0.000663
652.286906	-0.643242	-0.634356	-0.004443
652.619092	-0.639681	-0.626320	-0.006681
652.951227	-0.627436	-0.619581	-0.003927
653.283312	-0.634702	-0.640759	0.003029
653.615346	-0.644942	-0.637802	-0.003570
653.947329	-0.632472	-0.629419	-0.001527
654.279262	-0.627155	-0.636181	0.004513
654.611145	-0.628990	-0.632959	0.001985
654.942976	-0.633138	-0.623775	-0.004681
655.274757	-0.621998	-0.624873	0.001438
655.606488	-0.642491	-0.632032	-0.005230
655.938167	-0.643824	-0.637264	-0.003280
656.269796	-0.624845	-0.622798	-0.001024
656.601375	-0.633879	-0.628857	-0.002511
656.932902	-0.632728	-0.612132	-0.010298
657.264379	-0.637911	-0.623990	-0.006961
657.595806	-0.639062	-0.624974	-0.007044
657.927181	-0.633926	-0.616510	-0.008708
658.258506	-0.636468	-0.630763	-0.002853
658.589780	-0.635933	-0.634587	-0.000673
658.921003	-0.626253	-0.639493	0.006620
659.252176	-0.631359	-0.639887	0.004264
659.583298	-0.628665	-0.623775	-0.002445
659.914369	-0.635772	-0.630455	-0.002658
660.245389	-0.642492	-0.635818	-0.003337
660.576358	-0.637830	-0.629560	-0.004135
660.907277	-0.633248	-0.624566	-0.004341
661.238145	-0.632619	-0.631219	-0.000700
661.568962	-0.637413	-0.631503	-0.002955
661.899728	-0.638441	-0.626136	-0.006153
662.230443	-0.637433	-0.615906	-0.010764
662.561107	-0.637303	-0.622224	-0.007539
662.891721	-0.642881	-0.629408	-0.006737
663.222283	-0.643209	-0.618312	-0.012448
663.552795	-0.634154	-0.621848	-0.006153
663.883256	-0.640195	-0.629944	-0.005125
664.213666	-0.632881	-0.629895	-0.001493
664.544025	-0.629627	-0.614513	-0.007557
664.874333	-0.634223	-0.627311	-0.003456
665.204590	-0.630712	-0.622630	-0.004041
665.534796	-0.636152	-0.632069	-0.002041
665.864952	-0.643034	-0.629406	-0.006814
666.195056	-0.654122	-0.627093	-0.013515
666.525109	-0.639320	-0.636630	-0.001345
666.855111	-0.637737	-0.630486	-0.003626
667.185063	-0.630145	-0.630671	0.000263
667.514963	-0.620785	-0.640216	0.009716
667.844812	-0.649209	-0.638539	-0.005335
668.174610	-0.629209	-0.627500	-0.000855
668.504357	-0.638457	-0.631554	-0.003452
668.834054	-0.630037	-0.629511	-0.000263
669.163699	-0.637405	-0.633035	-0.002185
669.493293	-0.638284	-0.624673	-0.006806
669.822836	-0.645259	-0.633890	-0.005685
670.152327	-0.637617	-0.629883	-0.003867
670.481768	-0.629096	-0.625822	-0.001637
670.811158	-0.625830	-0.618656	-0.003587
671.140496	-0.627731	-0.629009	0.000639
671.469783	-0.634210	-0.630461	-0.001875
671.799020	-0.636595	-0.621685	-0.007455
672.128205	-0.626816	-0.630827	0.002006
672.457339	-0.640347	-0.633111	-0.003618
672.786421	-0.634561	-0.632407	-0.001077
673.115453	-0.639358	-0.629385	-0.004986
673.444433	-0.642056	-0.639441	-0.001308
673.773362	-0.634741	-0.635568	0.000414
674.102240	-0.632336	-0.629410	-0.001463
674.431067	-0.646153	-0.630667	-0.007743
674.759842	-0.630767	-0.627624	-0.001572
675.088567	-0.627444	-0.636510	0.004533
675.417240	-0.629814	-0.632779	0.001482
675.745861	-0.627185	-0.626129	-0.000528
676.074432	-0.638483	-0.628380	-0.005051
676.402951	-0.622522	-0.626941	0.002210
676.731419	-0.635650	-0.625813	-0.004918
677.059835	-0.645535	-0.627706	-0.008914
677.388201	-0.635141	-0.632302	-0.001419
677.716515	-0.630961	-0.629052	-0.000954
678.044777	-0.633116	-0.627602	-0.002757
678.372988	-0.638056	-0.634622	-0.001717
678.701148	-0.632122	-0.634335	0.001107
679.029257	-0.643464	-0.629805	-0.006830
679.357314	-0.646617	-0.623153	-0.011732
679.685320	-0.632957	-0.628889	-0.002034
680.013274	-0.635684	-0.635834	0.000075
680.341177	-0.632918	-0.630123	-0.001397
680.669029	-0.631478	-0.635943	0.002233
680.996829	-0.653159	-0.633969	-0.009595
681.324578	-0.630870	-0.634498	0.001814
681.652275	-0.634484	-0.629118	-0.002683
681.979921	-0.628625	-0.637214	0.004294
682.307515	-0.634918	-0.637334	0.001208
682.635058	-0.625314	-0.634822	0.004754
682.962550	-0.633614	-0.630304	-0.001655
683.289989	-0.638493	-0.625334	-0.006579
683.617378	-0.633662	-0.626221	-0.003720
683.944715	-0.634377	-0.634340	-0.000019
684.272000	-0.623495	-0.630046	0.003275
684.599234	-0.632299	-0.631430	-0.000434
684.926416	-0.632405	-0.632106	-0.000150
685.253547	-0.639097	-0.633183	-0.002957
685.580626	-0.639004	-0.633225	-0.002890
685.907654	-0.650757	-0.636220	-0.007268
686.234630	-0.633327	-0.619760	-0.006783
686.561554	-0.634493	-0.631935	-0.001279
686.888427	-0.629164	-0.629748	0.000292
687.215248	-0.636276	-0.632996	-0.001640
687.542018	-0.639418	-0.629781	-0.004818
687.868736	-0.636455	-0.633336	-0.001560
688.195402	-0.633588	-0.625534	-0.004027
688.522017	-0.639141	-0.630700	-0.004221
688.848580	-0.631896	-0.627091	-0.002403
689.175091	-0.633394	-0.624470	-0.004462
689.501551	-0.617122	-0.628835	0.005856
689.827959	-0.640948	-0.639459	-0.000745
690.154315	-0.635423	-0.623093	-0.006165
690.480620	-0.625706	-0.633887	0.004090
690.806873	-0.630779	-0.622337	-0.004221
691.133074	-0.636957	-0.627139	-0.004909
691.459223	-0.632837	-0.630145	-0.001346
691.785321	-0.626888	-0.629238	0.001175
692.111367	-0.642143	-0.628724	-0.006709
692.437361	-0.635027	-0.635450	0.000212
692.763303	-0.640501	-0.638996	-0.000752
693.089193	-0.634854	-0.635353	0.000250
693.415032	-0.633153	-0.629401	-0.001876
693.740819	-0.637747	-0.620309	-0.008719
694.066554	-0.639634	-0.626109	-0.006763
694.392237	-0.641174	-0.635245	-0.002964
694.717869	-0.631451	-0.623430	-0.004011
695.043448	-0.626149	-0.626352	0.000101
695.368976	-0.640736	-0.637591	-0.001573
695.694452	-0.639917	-0.637779	-0.001069
696.019876	-0.645670	-0.630407	-0.007631
696.345248	-0.641163	-0.631634	-0.004765
696.670568	-0.638388	-0.632828	-0.002780
696.995836	-0.631893	-0.638934	0.003520
697.321052	-0.637139	-0.627368	-0.004886
697.646216	-0.629193	-0.631284	0.001045
697.971329	-0.629908	-0.624884	-0.002512
698.296389	-0.640913	-0.633058	-0.003928
698.621398	-0.648549	-0.641327	-0.003611
698.946354	-0.623514	-0.623590	0.000038
699.271259	-0.642240	-0.637545	-0.002347
699.596111	-0.633330	-0.624126	-0.004602
699.920912	-0.638621	-0.623609	-0.007506
700.245660	-0.631444	-0.626357	-0.002543
700.570357	-0.625415	-0.632440	0.003513
700.895001	-0.626354	-0.632878	0.003262
701.219594	-0.636931	-0.631910	-0.002511
701.544134	-0.635869	-0.643535	0.003833
701.868622	-0.627218	-0.633093	0.002937
702.193059	-0.631010	-0.633993	0.001492
702.517443	-0.632317	-0.631607	-0.000355
702.841775	-0.638750	-0.627816	-0.005467
703.166055	-0.639818	-0.635464	-0.002177
703.490283	-0.634871	-0.628798	-0.003036
703.814458	-0.645310	-0.625101	-0.010104
704.138582	-0.629681	-0.632559	0.001439
704.462653	-0.625144	-0.643663	0.009259
704.786673	-0.636671	-0.626060	-0.005306
705.110640	-0.628861	-0.633542	0.002340
705.434555	-0.639429	-0.624351	-0.007539
705.758417	-0.634340	-0.645153	0.005407
706.082228	-0.641366	-0.642768	0.000701
706.405986	-0.632115	-0.626634	-0.002740
706.729692	-0.651358	-0.635924	-0.007717
707.053346	-0.634734	-0.631035	-0.001850
707.376948	-0.632550	-0.624650	-0.003950
707.700497	-0.644844	-0.643555	-0.000644
708.023995	-0.639753	-0.633555	-0.003099
708.347439	-0.623804	-0.634422	0.005309
708.670832	-0.627617	-0.630048	0.001216
708.994173	-0.635125	-0.641379	0.003127
709.317461	-0.639541	-0.646785	0.003622
709.640696	-0.630900	-0.632427	0.000764
709.963880	-0.616863	-0.640798	0.011968
710.287011	-0.632709	-0.616469	-0.008120
710.610090	-0.638467	-0.638387	-0.000040
710.933116	-0.650685	-0.620174	-0.015256
711.256090	-0.641093	-0.625831	-0.007631
711.579012	-0.641774	-0.628933	-0.006420
711.901881	-0.625542	-0.631694	0.003076
712.224698	-0.631618	-0.631580	-0.000019
712.547463	-0.633262	-0.647304	0.007021
712.870175	-0.631619	-0.626818	-0.002401
713.192835	-0.628161	-0.637170	0.004504
713.515442	-0.631015	-0.630913	-0.000051
713.837997	-0.636712	-0.627997	-0.004358
714.160499	-0.640139	-0.647540	0.003701
714.482949	-0.631556	-0.642678	0.005561
714.805347	-0.628805	-0.631018	0.001107
715.127692	-0.627483	-0.636503	0.004510
715.449985	-0.639230	-0.627588	-0.005821
715.772225	-0.629509	-0.647866	0.009178
716.094412	-0.622310	-0.634374	0.006032
716.416547	-0.637407	-0.632482	-0.002463
716.738630	-0.645253	-0.643338	-0.000957
717.060660	-0.647364	-0.635906	-0.005729
717.382637	-0.628534	-0.638884	0.005175
717.704562	-0.630719	-0.643947	0.006614
718.026435	-0.639271	-0.637518	-0.000877
718.348254	-0.629736	-0.636419	0.003341
718.670022	-0.629126	-0.631502	0.001188
718.991736	-0.629679	-0.644710	0.007515
719.313398	-0.644183	-0.638139	-0.003022
719.635008	-0.641959	-0.627526	-0.007217
719.956564	-0.633477	-0.622286	-0.005596
720.278068	-0.638534	-0.625897	-0.006319
720.599520	-0.638299	-0.642032	0.001867
720.920919	-0.629940	-0.642638	0.006349
721.242265	-0.632574	-0.632097	-0.000239
721.563558	-0.633791	-0.631198	-0.001297
721.884799	-0.633687	-0.633774	0.000044
722.205987	-0.633641	-0.624834	-0.004403
722.527123	-0.637662	-0.628527	-0.004568
722.848205	-0.640797	-0.639059	-0.000869
723.169235	-0.633316	-0.638716	0.002700
723.490212	-0.639920	-0.627806	-0.006057
723.811137	-0.645348	-0.640327	-0.002511
724.132009	-0.622827	-0.634314	0.005744
724.452828	-0.629574	-0.637420	0.003923
724.773594	-0.641582	-0.626617	-0.007482
725.094307	-0.639890	-0.633677	-0.003106
725.414968	-0.644882	-0.628361	-0.008261
725.735576	-0.628083	-0.631912	0.001914
726.056131	-0.629192	-0.623338	-0.002927
726.376633	-0.644478	-0.631186	-0.006646
726.697082	-0.646872	-0.633370	-0.006751
727.017478	-0.637657	-0.629045	-0.004306
727.337822	-0.640357	-0.619564	-0.010397
727.658113	-0.635275	-0.628794	-0.003240
727.978351	-0.632233	-0.633325	0.000546
728.298536	-0.634774	-0.630310	-0.002232
728.618668	-0.645642	-0.638880	-0.003381
728.938747	-0.632686	-0.641092	0.004203
729.258773	-0.630264	-0.633174	0.001455
729.578747	-0.636943	-0.639464	0.001261
729.898667	-0.638048	-0.650330	0.006141
730.218534	-0.636958	-0.655133	0.009087
730.538349	-0.631026	-0.618947	-0.006039
730.858111	-0.638084	-0.622644	-0.007720
731.177819	-0.630117	-0.635139	0.002511
731.497475	-0.628854	-0.632788	0.001967
731.817077	-0.633215	-0.627430	-0.002893
732.136627	-0.625581	-0.633508	0.003963
732.456123	-0.641678	-0.640458	-0.000610
732.775567	-0.638852	-0.629001	-0.004926
733.094958	-0.631598	-0.651726	0.010064
733.414295	-0.635520	-0.647924	0.006202
733.733579	-0.651812	-0.621307	-0.015253
734.052811	-0.645296	-0.631092	-0.007102
734.371989	-0.638109	-0.632535	-0.002787
734.691114	-0.643506	-0.645837	0.001165
735.010186	-0.638124	-0.634054	-0.002035
735.329205	-0.638133	-0.641538	0.001702
735.648171	-0.615477	-0.638266	0.011395
735.967084	-0.618140	-0.639661	0.010761
736.285944	-0.636675	-0.630356	-0.003159
736.604750	-0.629700	-0.642916	0.006608
736.923503	-0.629735	-0.626914	-0.001411
737.242203	-0.632717	-0.641981	0.004632
737.560850	-0.628352	-0.632131	0.001889
737.879444	-0.633916	-0.636643	0.001363
738.197985	-0.629271	-0.633334	0.002031
738.516472	-0.633203	-0.645331	0.006064
738.834906	-0.644865	-0.635494	-0.004685
739.153287	-0.637835	-0.632779	-0.002528
739.471615	-0.628809	-0.619888	-0.004461
739.789889	-0.617736	-0.641113	0.011688
740.108111	-0.629353	-0.622240	-0.003557
740.426279	-0.632486	-0.616788	-0.007849
740.744393	-0.620824	-0.631618	0.005397
741.062455	-0.635886	-0.646491	0.005303
741.380463	-0.641596	-0.623654	-0.008971
741.698417	-0.632222	-0.632259	0.000018
742.016319	-0.616328	-0.639047	0.011360
742.334167	-0.638665	-0.633966	-0.002350
742.651962	-0.642517	-0.630737	-0.005890
742.969703	-0.625482	-0.652657	0.013588
743.287391	-0.626114	-0.641803	0.007845
743.605026	-0.628665	-0.628356	-0.000154
743.922607	-0.632205	-0.654259	0.011027
744.240135	-0.637275	-0.636787	-0.000244
744.557610	-0.638294	-0.640148	0.000927
744.875031	-0.633873	-0.636355	0.001241
745.192399	-0.634756	-0.630376	-0.002190
745.509713	-0.614995	-0.638249	0.011627
745.826974	-0.627103	-0.640279	0.006588
746.144182	-0.618977	-0.638907	0.009965
746.461336	-0.624085	-0.645945	0.010930
746.778436	-0.628582	-0.645282	0.008350
747.095483	-0.635105	-0.634295	-0.000405
747.412477	-0.632007	-0.625706	-0.003151
747.729417	-0.629596	-0.630222	0.000313
748.046303	-0.620080	-0.634565	0.007243
748.363136	-0.630444	-0.630171	-0.000136
748.679916	-0.631467	-0.642724	0.005629
748.996642	-0.637305	-0.632733	-0.002286
749.313314	-0.625715	-0.633943	0.004114
749.629933	-0.640240	-0.627686	-0.006277
749.946498	-0.640828	-0.636571	-0.002129
750.263010	-0.634761	-0.631954	-0.001403
750.579468	-0.619983	-0.645088	0.012553
750.895873	-0.632479	-0.636433	0.001977
751.212224	-0.631660	-0.635131	0.001735
751.528521	-0.635788	-0.637496	0.000854
751.844765	-0.625681	-0.636864	0.005591
752.160955	-0.635508	-0.637950	0.001221
752.477091	-0.638530	-0.631527	-0.003502
752.793174	-0.647657	-0.633408	-0.007124
753.109203	-0.639842	-0.626169	-0.006836
753.425178	-0.639676	-0.630745	-0.004466
753.741100	-0.625357	-0.640340	0.007491
754.056968	-0.643931	-0.642355	-0.000788
754.372783	-0.635367	-0.620375	-0.007496
754.688543	-0.631631	-0.625638	-0.002997
755.004250	-0.624559	-0.630581	0.003011
755.319903	-0.627934	-0.646685	0.009376
755.635503	-0.625767	-0.631708	0.002971
755.951048	-0.642306	-0.644676	0.001185
756.266540	-0.644151	-0.632450	-0.005851
756.581978	-0.627273	-0.629436	0.001082
756.897363	-0.628153	-0.620841	-0.003656
757.212693	-0.627743	-0.643359	0.007808
757.527970	-0.632476	-0.631331	-0.000572
757.843193	-0.628581	-0.631519	0.001469
758.158362	-0.632527	-0.641963	0.004718
758.473477	-0.642500	-0.644009	0.000755
758.788538	-0.645058	-0.642838	-0.001110
759.103546	-0.629128	-0.652443	0.011658
759.418499	-0.635171	-0.634969	-0.000101
759.733399	-0.646726	-0.635351	-0.005687
760.048245	-0.632781	-0.624720	-0.004030
760.363037	-0.635707	-0.630731	-0.002488
760.677775	-0.617222	-0.631739	0.007258
760.992459	-0.638552	-0.652332	0.006890
761.307090	-0.631850	-0.653020	0.010585
761.621666	-0.639930	-0.635471	-0.002230
761.936188	-0.629472	-0.629420	-0.000026
762.250657	-0.627313	-0.632382	0.002535
762.565071	-0.636582	-0.652750	0.008084
762.879432	-0.629525	-0.633971	0.002223
763.193738	-0.639635	-0.621180	-0.009227
763.507991	-0.625906	-0.647063	0.010579
763.822189	-0.643289	-0.635681	-0.003804
764.136333	-0.636412	-0.626265	-0.005074
764.450424	-0.637916	-0.642393	0.002238
764.764460	-0.632853	-0.639811	0.003479
765.078443	-0.634337	-0.648460	0.007062
765.392371	-0.628750	-0.641456	0.006353
765.706245	-0.630362	-0.632288	0.000963
766.020065	-0.621506	-0.638873	0.008684
766.333831	-0.640813	-0.640445	-0.000184
766.647543	-0.625902	-0.634793	0.004445
766.961201	-0.641853	-0.631009	-0.005422
767.274805	-0.629370	-0.658855	0.014742
767.588354	-0.650018	-0.646076	-0.001971
767.901850	-0.645570	-0.639474	-0.003048
768.215291	-0.634301	-0.647911	0.006805
768.528678	-0.638440	-0.654289	0.007924
768.842011	-0.636442	-0.646148	0.004853
769.155290	-0.633483	-0.643592	0.005054
769.468515	-0.639292	-0.644769	0.002738
769.781685	-0.624272	-0.638312	0.007020
770.094801	-0.645293	-0.636868	-0.004212
770.407864	-0.646895	-0.660627	0.006866
770.720871	-0.636721	-0.646753	0.005016
771.033825	-0.630954	-0.627677	-0.001638
771.346724	-0.636880	-0.636349	-0.000266
771.659569	-0.654518	-0.638417	-0.008050
771.972360	-0.634613	-0.635449	0.000418
772.285096	-0.635542	-0.635632	0.000045
772.597779	-0.641308	-0.631444	-0.004932
772.910407	-0.640582	-0.639790	-0.000396
773.222980	-0.639518	-0.647324	0.003903
773.535499	-0.640902	-0.632673	-0.004115
773.847964	-0.631866	-0.631433	-0.000216
774.160375	-0.638505	-0.618476	-0.010014
774.472731	-0.646903	-0.637087	-0.004908
774.785033	-0.635290	-0.636355	0.000532
775.097281	-0.644218	-0.630445	-0.006886
775.409474	-0.634025	-0.648650	0.007312
775.721613	-0.633766	-0.650088	0.008161
776.033697	-0.632397	-0.639213	0.003408
776.345727	-0.626560	-0.626609	0.000025
776.657702	-0.629799	-0.626388	-0.001705
776.969624	-0.639190	-0.624070	-0.007560
777.281490	-0.613347	-0.644551	0.015602
777.593303	-0.630426	-0.626534	-0.001946
777.905060	-0.647444	-0.644343	-0.001551
778.216764	-0.638296	-0.640124	0.000914
778.528412	-0.617248	-0.641522	0.012137
778.840007	-0.622094	-0.643604	0.010755
779.151547	-0.652143	-0.636725	-0.007709
779.463032	-0.632751	-0.624083	-0.004334
779.774463	-0.619602	-0.632734	0.006566
780.085839	-0.621551	-0.632951	0.005700
780.397161	-0.637757	-0.639775	0.001009
780.708428	-0.666596	-0.642538	-0.012029
781.019641	-0.628615	-0.630847	0.001116
781.330799	-0.650256	-0.635229	-0.007513
781.641902	-0.635016	-0.627901	-0.003558
781.952951	-0.650322	-0.639039	-0.005642
782.263946	-0.628663	-0.647905	0.009621
782.574885	-0.631265	-0.647738	0.008236
782.885770	-0.630819	-0.639003	0.004092
783.196601	-0.615915	-0.641906	0.012996
783.507377	-0.627927	-0.616508	-0.005710
783.818098	-0.626943	-0.643345	0.008201
784.128764	-0.621304	-0.625484	0.002090
784.439376	-0.656650	-0.622886	-0.016882
784.749933	-0.646215	-0.628416	-0.008899
785.060436	-0.616573	-0.644364	0.013896
785.370884	-0.621548	-0.629409	0.003930
785.681277	-0.628237	-0.638653	0.005208
785.991615	-0.625264	-0.644410	0.009573
786.301899	-0.644398	-0.641872	-0.001263
786.612128	-0.626418	-0.619725	-0.003346
786.922302	-0.628802	-0.632232	0.001715
787.232421	-0.630437	-0.632401	0.000982
787.542486	-0.640436	-0.632673	-0.003882
787.852496	-0.642669	-0.636583	-0.003043
788.162451	-0.627838	-0.634016	0.003089
788.472351	-0.642754	-0.649295	0.003271
788.782196	-0.660381	-0.629269	-0.015556
789.091987	-0.631151	-0.644578	0.006714
789.401723	-0.624973	-0.639050	0.007039
789.711404	-0.642313	-0.653151	0.005419
790.021030	-0.647274	-0.649193	0.000959
790.330601	-0.642657	-0.634444	-0.004106
790.640117	-0.648468	-0.645054	-0.001707
790.949579	-0.635038	-0.663892	0.014427
791.258985	-0.615140	-0.611942	-0.001599
791.568337	-0.644437	-0.653842	0.004703
791.877634	-0.622014	-0.647251	0.012619
792.186876	-0.629855	-0.629025	-0.000415
792.496063	-0.624420	-0.623687	-0.000367
792.805195	-0.622904	-0.642800	0.009948
793.114272	-0.625911	-0.632495	0.003292
793.423294	-0.624693	-0.601664	-0.011515
793.732261	-0.632627	-0.642083	0.004728
794.041173	-0.639245	-0.650132	0.005443
794.350030	-0.629604	-0.627876	-0.000864
794.658833	-0.613885	-0.661340	0.023728
794.967580	-0.618743	-0.635958	0.008608
795.276272	-0.621415	-0.645314	0.011950
795.584909	-0.627467	-0.628299	0.000416
795.893491	-0.616460	-0.629024	0.006282
796.202018	-0.611797	-0.642944	0.015573
796.510490	-0.616159	-0.630307	0.007074
796.818907	-0.623142	-0.633209	0.005033
797.127269	-0.626530	-0.631132	0.002301
797.435576	-0.630886	-0.655615	0.012365
797.743827	-0.619509	-0.640390	0.010441
798.052024	-0.624914	-0.624608	-0.000153
798.360165	-0.607670	-0.641753	0.017041
798.668251	-0.625314	-0.647505	0.011096
798.976283	-0.651813	-0.638178	-0.006818
799.284259	-0.615171	-0.634479	0.009654
799.592179	-0.639261	-0.654307	0.007523
799.900045	-0.626285	-0.629306	0.001510
800.207855	-0.627994	-0.673657	0.022832
800.515611	-0.624197	-0.648290	0.012047
800.823311	-0.642752	-0.631614	-0.005569
801.130956	-0.621234	-0.637950	0.008358
801.438545	-0.625993	-0.629873	0.001940
801.746080	-0.627554	-0.649763	0.011105
802.053559	-0.663369	-0.663830	0.000230
802.360983	-0.624214	-0.640645	0.008216
802.668352	-0.604980	-0.640995	0.018007
802.975665	-0.635928	-0.664824	0.014448
803.282923	-0.662074	-0.654945	-0.003564
803.590126	-0.619554	-0.602993	-0.008280
803.897274	-0.659133	-0.641178	-0.008977
804.204366	-0.634331	-0.622337	-0.005997
804.511403	-0.629397	-0.626118	-0.001640
804.818384	-0.636243	-0.634471	-0.000886
805.125311	-0.624075	-0.632307	0.004116
805.432181	-0.627610	-0.634948	0.003669
805.738997	-0.613857	-0.665132	0.025638
806.045757	-0.620885	-0.661537	0.020326
806.352462	-0.646304	-0.614751	-0.015776
806.659111	-0.654798	-0.628225	-0.013286
806.965705	-0.630638	-0.611916	-0.009361
807.272244	-0.645684	-0.623880	-0.010902
807.578727	-0.624942	-0.630734	0.002896
807.885155	-0.644106	-0.633538	-0.005284
808.191527	-0.634798	-0.634265	-0.000266
808.497844	-0.632747	-0.652888	0.010070
808.804105	-0.650642	-0.633976	-0.008333
809.110311	-0.636998	-0.656975	0.009989
809.416462	-0.611772	-0.641394	0.014811
809.722557	-0.642524	-0.636042	-0.003241
810.028596	-0.627674	-0.643319	0.007822
810.334580	-0.580932	-0.611489	0.015278
810.640508	-0.632460	-0.648015	0.007777
810.946381	-0.603937	-0.636068	0.016065
811.252199	-0.607124	-0.638201	0.015538
811.557961	-0.629892	-0.630760	0.000434
811.863667	-0.610569	-0.652565	0.020998
812.169317	-0.629282	-0.630627	0.000673
812.474913	-0.647813	-0.639825	-0.003994
812.780452	-0.659458	-0.620445	-0.019507
813.085936	-0.613778	-0.674951	0.030587
813.391364	-0.629567	-0.646916	0.008674
813.696737	-0.639755	-0.681865	0.021055
814.002054	-0.607912	-0.638309	0.015199
814.307315	-0.606552	-0.634137	0.013793
814.612521	-0.642851	-0.605533	-0.018659
814.917671	-0.643302	-0.675716	0.016207
815.222766	-0.636187	-0.625898	-0.005144
815.527804	-0.596929	-0.612246	0.007658
815.832787	-0.604906	-0.643373	0.019233
816.137715	-0.630667	-0.637844	0.003589
816.442586	-0.635350	-0.640162	0.002406
816.747402	-0.608210	-0.634582	0.013186
817.052162	-0.615105	-0.665606	0.025251
817.356867	-0.620017	-0.626549	0.003266
817.661516	-0.650006	-0.635834	-0.007086
817.966109	-0.632832	-0.601409	-0.015711
818.270646	-0.597623	-0.612806	0.007591
818.575127	-0.646900	-0.630502	-0.008199
818.879553	-0.598762	-0.644995	0.023117
819.183922	-0.654501	-0.640153	-0.007174
819.488236	-0.593106	-0.656580	0.031737
819.792495	-0.643280	-0.653539	0.005130
820.096697	-0.637688	-0.661190	0.011751
820.400843	-0.634865	-0.659155	0.012145
820.704934	-0.666780	-0.631413	-0.017684
821.008969	-0.595013	-0.615810	0.010398
821.312948	-0.643472	-0.602983	-0.020245
821.616871	-0.623237	-0.637010	0.006887
821.920738	-0.616743	-0.646291	0.014774
822.224549	-0.618396	-0.629209	0.005406
822.528305	-0.604822	-0.640269	0.017724
822.832004	-0.602168	-0.631103	0.014467
823.135647	-0.621367	-0.670911	0.024772
823.439235	-0.608298	-0.651070	0.021386
823.742767	-0.632489	-0.619507	-0.006491
824.046242	-0.603917	-0.632391	0.014237
824.349662	-0.612200	-0.648032	0.017916
824.653026	-0.637913	-0.616374	-0.010769
824.956333	-0.630576	-0.627045	-0.001766
825.259585	-0.590001	-0.655003	0.032501
825.562781	-0.598635	-0.621734	0.011549
825.865920	-0.647589	-0.599364	-0.024113
826.169004	-0.628122	-0.649899	0.010888
826.472031	-0.627493	-0.672099	0.022303
826.775003	-0.627535	-0.650047	0.011256
827.077918	-0.632934	-0.651344	0.009205
827.380778	-0.667836	-0.660658	-0.003589
827.683581	-0.627183	-0.602400	-0.012392
827.986328	-0.633716	-0.626677	-0.003520
828.289019	-0.629998	-0.652189	0.011096
828.591654	-0.648556	-0.608803	-0.019876
828.894233	-0.647355	-0.637714	-0.004820
829.196756	-0.614184	-0.642386	0.014101
829.499223	-0.580400	-0.632224	0.025912
829.801633	-0.613437	-0.645199	0.015881
830.103988	-0.643309	-0.613300	-0.015005
830.406286	-0.605861	-0.619833	0.006986
830.708528	-0.658180	-0.617132	-0.020524
831.010713	-0.637194	-0.610235	-0.013480
831.312843	-0.593516	-0.657848	0.032166
831.614916	-0.702722	-0.655021	-0.023851
831.916933	-0.569985	-0.639339	0.034677
832.218894	-0.638158	-0.642514	0.002178
832.520799	-0.603920	-0.586653	-0.008634
832.822647	-0.559906	-0.601914	0.021004
833.124440	-0.615436	-0.638977	0.011770
833.426175	-0.634741	-0.634714	-0.000014
833.727855	-0.637569	-0.638204	0.000318
834.029478	-0.622578	-0.642362	0.009892
834.331045	-0.607958	-0.644387	0.018214
834.632556	-0.638936	-0.649058	0.005061
834.934010	-0.641838	-0.642207	0.000184
835.235408	-0.610403	-0.636091	0.012844
835.536750	-0.642218	-0.615605	-0.013307
835.838035	-0.673459	-0.629011	-0.022224
836.139264	-0.647090	-0.642593	-0.002249
836.440437	-0.578465	-0.654271	0.037903
836.741553	-0.681281	-0.689635	0.004177
837.042613	-0.629502	-0.646108	0.008303
837.343616	-0.635503	-0.678785	0.021641
837.644563	-0.584198	-0.632443	0.024123
837.945454	-0.643742	-0.627786	-0.007978
838.246288	-0.654620	-0.619532	-0.017544
838.547066	-0.575734	-0.657634	0.040950
838.847787	-0.624130	-0.667963	0.021917
839.148452	-0.641613	-0.636410	-0.002602
839.449060	-0.596569	-0.590324	-0.003123
839.749612	-0.609742	-0.651182	0.020720
840.050108	-0.647554	-0.596736	-0.025409
840.350547	-0.643400	-0.641892	-0.000754
840.650929	-0.651734	-0.613799	-0.018968
840.951255	-0.633734	-0.642523	0.004394
841.251524	-0.649218	-0.641648	-0.003785
841.551737	-0.612064	-0.630296	0.009116
841.851893	-0.647309	-0.646222	-0.000543
842.151993	-0.653333	-0.629674	-0.011829
842.452036	-0.615322	-0.624095	0.004387
842.752022	-0.671948	-0.593506	-0.039221
843.051952	-0.653276	-0.620543	-0.016366
843.351825	-0.626582	-0.616721	-0.004931
843.651642	-0.649046	-0.621791	-0.013628
843.951402	-0.587759	-0.674289	0.043265
844.251106	-0.623427	-0.605827	-0.008800
844.550752	-0.622241	-0.640205	0.008982
844.850343	-0.672669	-0.613154	-0.029757
845.149876	-0.606870	-0.628933	0.011031
845.449353	-0.621581	-0.709080	0.043749
845.748773	-0.602576	-0.628968	0.013196
846.048136	-0.619406	-0.644500	0.012547
846.347443	-0.626889	-0.643231	0.008171
846.646693	-0.598957	-0.614035	0.007539
846.945886	-0.597063	-0.651495	0.027216
847.245023	-0.658074	-0.593735	-0.032170
847.544103	-0.623027	-0.642011	0.009492
847.843126	-0.644933	-0.638450	-0.003241
848.142092	-0.604205	-0.575953	-0.014126
848.441002	-0.639776	-0.617085	-0.011345
848.739854	-0.627695	-0.657910	0.015107
849.038650	-0.577805	-0.656656	0.039425
849.337390	-0.619306	-0.650839	0.015767
849.636072	-0.629414	-0.621768	-0.003823
849.934697	-0.703419	-0.629075	-0.037172
850.233266	-0.619231	-0.639467	0.010118
850.531778	-0.632433	-0.688259	0.027913
850.830233	-0.620174	-0.616367	-0.001904
851.128631	-0.604004	-0.669520	0.032758
851.426972	-0.569318	-0.633245	0.031963
851.725257	-0.558555	-0.666571	0.054008
852.023484	-0.602573	-0.658366	0.027896
852.321655	-0.582030	-0.654847	0.036409
852.619768	-0.649644	-0.614694	-0.017475
852.917825	-0.642319	-0.649834	0.003758
853.215825	-0.597105	-0.557132	-0.019986
853.513768	-0.570865	-0.575524	0.002330
853.811654	-0.611769	-0.627008	0.007620
854.109483	-0.581165	-0.564144	-0.008510
854.407255	-0.608170	-0.613591	0.002711
854.704970	-0.627321	-0.610276	-0.008523
855.002628	-0.593651	-0.600643	0.003496
855.300229	-0.616085	-0.589173	-0.013456
855.597773	-0.599188	-0.624853	0.012832
855.895260	-0.616900	-0.659889	0.021494
856.192690	-0.590834	-0.663881	0.036523
856.490063	-0.594112	-0.674934	0.040411
856.787378	-0.619067	-0.656629	0.018781
857.084637	-0.620483	-0.714225	0.046871
857.381839	-0.682829	-0.644894	-0.018968
857.678984	-0.630813	-0.646265	0.007726
857.976071	-0.647212	-0.649174	0.000981
858.273101	-0.603436	-0.634430	0.015497
858.570075	-0.642409	-0.609317	-0.016546
858.866991	-0.632068	-0.671837	0.019885
859.163850	-0.653652	-0.573155	-0.040249
859.460652	-0.673933	-0.699596	0.012831
859.757397	-0.589711	-0.688710	0.049500
860.054084	-0.577725	-0.608740	0.015508
860.350715	-0.602735	-0.599638	-0.001548
860.647288	-0.559149	-0.598583	0.019717
860.943804	-0.628126	-0.636087	0.003980
861.240263	-0.665192	-0.589779	-0.037707
861.536665	-0.627550	-0.655658	0.014054
861.833009	-0.595910	-0.613468	0.008779
862.129296	-0.691136	-0.601515	-0.044810
862.425526	-0.615818	-0.659439	0.021810
862.721699	-0.664447	-0.611454	-0.026497
863.017814	-0.572954	-0.618731	0.022889
863.313872	-0.605103	-0.697128	0.046012
863.609873	-0.634358	-0.636710	0.001176
863.905817	-0.598343	-0.564980	-0.016681
864.201703	-0.556275	-0.620028	0.031877
864.497532	-0.570858	-0.533966	-0.018446
864.793304	-0.521781	-0.620370	0.049295
865.089018	-0.586628	-0.687593	0.050483
865.384675	-0.609501	-0.662663	0.026581
865.680274	-0.608792	-0.607082	-0.000855
865.975817	-0.672879	-0.703801	0.015461
866.271302	-0.549024	-0.659242	0.055109
866.566729	-0.643520	-0.659841	0.008161
866.862099	-0.649880	-0.608056	-0.020912
867.157412	-0.586544	-0.638132	0.025794
867.452667	-0.581474	-0.599072	0.008799
867.747865	-0.687400	-0.648641	-0.019380
868.043005	-0.532817	-0.598486	0.032835
868.338088	-0.576779	-0.616499	0.019860
868.633114	-0.618168	-0.673730	0.027781
868.928082	-0.567487	-0.669075	0.050794
869.222993	-0.573279	-0.646469	0.036595
869.517846	-0.606750	-0.615253	0.004252
869.812641	-0.595304	-0.590189	-0.002558
870.107379	-0.617360	-0.573590	-0.021885
870.402060	-0.644860	-0.563924	-0.040468
870.696683	-0.614369	-0.652578	0.019105
870.991248	-0.567428	-0.593216	0.012894
871.285756	-0.535962	-0.655819	0.059929
871.580207	-0.580346	-0.678922	0.049288
871.874600	-0.585262	-0.624198	0.019468
872.168935	-0.620668	-0.661797	0.020564
872.463213	-0.508074	-0.650624	0.071275
872.757433	-0.624141	-0.618437	-0.002852
873.051595	-0.592367	-0.594926	0.001280
873.345700	-0.570462	-0.627249	0.028393
873.639748	-0.660396	-0.618435	-0.020981
873.933737	-0.619375	-0.641517	0.011071
874.227669	-0.647303	-0.628271	-0.009516
874.521544	-0.590698	-0.612760	0.011031
874.815360	-0.623458	-0.637824	0.007183
875.109119	-0.620487	-0.596583	-0.011952
875.402821	-0.602323	-0.604441	0.001059
875.696464	-0.598700	-0.674486	0.037893
875.990050	-0.541579	-0.644056	0.051239
876.283578	-0.590246	-0.557957	-0.016144
876.577049	-0.651041	-0.661368	0.005164
876.870462	-0.685690	-0.648216	-0.018737
877.163817	-0.685559	-0.515872	-0.084844
877.457114	-0.609617	-0.592686	-0.008466
877.750353	-0.657129	-0.677314	0.010093
878.043535	-0.666197	-0.536452	-0.064873
878.336659	-0.587822	-0.610082	0.011130
878.629725	-0.581774	-0.571400	-0.005187
878.922733	-0.546892	-0.608139	0.030624
879.215684	-0.583906	-0.597365	0.006730
879.508577	-0.699448	-0.686329	-0.006559
879.801411	-0.547442	-0.618930	0.035744
880.094189	-0.505675	-0.565226	0.029775
880.386908	-0.567832	-0.633370	0.032769
880.679569	-0.562547	-0.580045	0.008749
880.972172	-0.563409	-0.526410	-0.018499
881.264718	-0.568069	-0.586468	0.009200
881.557206	-0.608255	-0.629512	0.010628
881.849635	-0.583382	-0.633698	0.025158
882.142007	-0.578519	-0.563865	-0.007327
882.434321	-0.690294	-0.600737	-0.044778
882.726577	-0.580721	-0.648132	0.033705
883.018775	-0.624854	-0.630628	0.002887
883.310915	-0.592535	-0.587830	-0.002352
883.602997	-0.551079	-0.596622	0.022771
883.895021	-0.574578	-0.716959	0.071190
884.186987	-0.633176	-0.658629	0.012726
884.478896	-0.676492	-0.516196	-0.080148
884.770746	-0.527745	-0.621958	0.047107
885.062538	-0.526239	-0.555927	0.014844
885.354272	-0.631249	-0.667079	0.017915
885.645948	-0.640680	-0.719763	0.039542
885.937566	-0.713929	-0.665526	-0.024201
886.229126	-0.577709	-0.670236	0.046264
886.520628	-0.671079	-0.606097	-0.032491
886.812072	-0.540779	-0.619555	0.039388
887.103458	-0.635670	-0.545671	-0.044999
887.394785	-0.591401	-0.573398	-0.009002
887.686055	-0.659146	-0.698926	0.019890
887.977266	-0.618115	-0.540008	-0.039054
888.268420	-0.565072	-0.558829	-0.003121
888.559515	-0.730873	-0.542648	-0.094113
888.850552	-0.611395	-0.646209	0.017407
889.141531	-0.514131	-0.661192	0.073531
889.432451	-0.483004	-0.626578	0.071787
889.723314	-0.581934	-0.614789	0.016428
890.014118	-0.593719	-0.551582	-0.021069
890.304864	-0.673860	-0.626527	-0.023666
890.595552	-0.653277	-0.581491	-0.035893
890.886182	-0.633944	-0.676005	0.021030
891.176754	-0.527975	-0.667238	0.069631
891.467267	-0.603786	-0.719551	0.057882
891.757722	-0.736718	-0.696556	-0.020081
