189.527725	0.102978	0.102978	0.000000
189.916390	-929406585213470.875000	-929406585213470.875000	0.000000
190.305018	-0.873310	0.558393	-0.715852
190.693607	0.907497	0.984401	-0.038452
191.082159	-0.296465	1.507396	-0.901931
191.470673	0.285129	0.646873	-0.180872
191.859149	-0.146343	0.642330	-0.394336
192.247587	0.157441	0.711912	-0.277236
192.635988	-0.065941	0.512886	-0.289413
193.024351	-0.980884	0.691178	-0.836031
193.412676	-0.341022	1.464173	-0.902598
193.800963	-0.423843	1.158248	-0.791045
194.189212	0.218622	0.302983	-0.042180
194.577423	0.141555	-0.316524	0.229039
194.965597	2.644220	-0.721369	1.682794
195.353732	-0.753684	-0.374130	-0.189777
195.741830	0.528937	0.701114	-0.086088
196.129890	-0.357965	0.176409	-0.267187
196.517911	0.318477	6.421430	-3.051476
196.905895	0.747565	0.289920	0.228823
197.293841	-2.007655	-0.225417	-0.891119
197.681749	0.971035	0.916644	0.027196
198.069619	2.984083	-0.790258	1.887170
198.457452	0.281364	0.008371	0.136496
198.845246	0.637019	0.252510	0.192255
199.233002	-0.695747	0.084028	-0.389887
199.620720	0.218771	-0.135722	0.177246
200.008400	0.125577	1.295062	-0.584743
200.396042	-0.902577	4.194245	-2.548411
200.783646	-2.991507	1.144666	-2.068086
201.171212	0.032513	-0.780170	0.406341
201.558740	-0.033560	-0.295143	0.130792
201.946230	-1.032046	0.402962	-0.717504
202.333682	0.313112	1.059188	-0.373038
202.721096	0.265154	-0.991061	0.628107
203.108472	0.260699	0.557510	-0.148405
203.495809	0.284807	0.261210	0.011798
203.883109	0.591123	-0.121557	0.356340
204.270370	-0.818723	0.304010	-0.561367
204.657593	-2.301889	-43.901750	20.799931
205.044779	0.225716	0.087810	0.068953
205.431926	3.615888	0.465829	1.575030
205.819034	0.527305	0.055404	0.235950
206.206105	0.107893	0.669312	-0.280710
206.593137	0.166446	3.910599	-1.872076
206.980132	0.196531	0.177531	0.009500
207.367088	0.061087	0.233561	-0.086237
207.754006	0.243395	-0.861091	0.552243
208.140885	-0.547470	0.157689	-0.352579
208.527727	-1.333226	0.073887	-0.703556
208.914530	2.146669	-7.399406	4.773038
209.301295	-1.466692	0.451394	-0.959043
209.688022	0.041055	0.140747	-0.049846
210.074710	0.125037	1.406247	-0.640605
210.461360	0.014985	-0.237592	0.126289
210.847972	-0.116626	-0.819123	0.351249
211.234546	-0.004621	0.262833	-0.133727
211.621081	4.051078	0.891026	1.580026
212.007578	0.275404	0.608424	-0.166510
212.394036	0.188263	0.901057	-0.356397
212.780457	0.494804	0.545920	-0.025558
213.166839	-0.965266	368.249466	-184.607366
213.553182	0.609353	-2.201155	1.405254
213.939487	-0.426407	0.195082	-0.310745
214.325754	0.115333	0.196998	-0.040832
214.711983	1.193746	0.271847	0.460949
215.098173	0.157986	-0.652830	0.405408
215.484324	-0.342932	0.144481	-0.243707
215.870437	-1.839407	2.127183	-1.983295
216.256512	0.145294	-2.074165	1.109730
216.642548	2.117623	0.332367	0.892628
217.028546	1.502054	4.805996	-1.651971
217.414506	0.114758	0.850075	-0.367659
217.800427	0.905201	0.211419	0.346891
218.186309	-0.365659	0.079231	-0.222445
218.572153	-0.276611	-4.626872	2.175131
218.957959	2.512001	0.761534	0.875234
219.343726	-0.521152	0.444072	-0.482612
219.729454	-1.436715	0.027413	-0.732064
220.115144	0.600169	0.392324	0.103923
220.500795	0.208457	0.142393	0.033032
220.886408	2.508951	0.389745	1.059603
221.271983	0.990219	0.595387	0.197416
221.657518	0.117283	0.226206	-0.054462
222.043016	-1.415383	0.358274	-0.886829
222.428474	0.544322	0.100347	0.221987
222.813894	0.028672	0.248764	-0.110046
223.199275	0.159360	-0.673274	0.416317
223.584618	1.833675	-0.268744	1.051209
223.969922	0.036135	-0.580055	0.308095
224.355188	-0.074108	0.343912	-0.209010
224.740414	-0.576185	0.103570	-0.339877
225.125603	0.226210	0.371339	-0.072564
225.510752	-0.049731	0.521153	-0.285442
225.895863	0.049044	0.048972	0.000036
226.280935	0.164895	0.207404	-0.021255
226.665968	0.214936	0.193183	0.010876
227.050963	2.693467	0.182786	1.255340
227.435919	0.973308	0.317237	0.328035
227.820836	2.369608	0.456069	0.956770
228.205715	0.288522	5.977011	-2.844245
228.590555	1.695281	-0.614505	1.154893
228.975356	0.027073	0.197160	-0.085044
229.360118	-0.116933	0.291905	-0.204419
229.744841	1.207447	0.267167	0.470140
230.129526	0.130135	0.082858	0.023638
230.514172	0.135560	-0.009510	0.072535
230.898779	0.325131	0.205796	0.059668
231.283347	0.464173	0.328163	0.068005
231.667877	0.226776	-0.008288	0.117532
232.052367	0.226508	0.178808	0.023850
232.436819	0.272922	0.376672	-0.051875
232.821232	0.317438	-0.058384	0.187911
233.205606	0.302983	0.130391	0.086296
233.589941	0.186177	0.089250	0.048463
233.974237	0.132971	-0.387125	0.260048
234.358495	0.244744	27.374145	-13.564701
234.742713	0.076710	0.667496	-0.295393
235.126893	0.054368	0.095556	-0.020594
235.511033	0.057793	0.054292	0.001750
235.895135	0.179980	0.098051	0.040964
236.279198	0.052636	0.430535	-0.188949
236.663221	-0.001963	0.228671	-0.115317
237.047206	0.246225	0.145218	0.050504
237.431152	0.126433	0.218906	-0.046237
237.815059	0.066525	0.448908	-0.191191
238.198926	0.090268	0.264021	-0.086876
238.582755	0.041629	0.360653	-0.159512
238.966545	0.092240	0.302640	-0.105200
239.350296	0.072398	-0.001919	0.037158
239.734007	0.080395	0.170283	-0.044944
240.117680	0.139376	0.048720	0.045328
240.501314	0.056356	0.196404	-0.070024
240.884908	0.317123	0.237310	0.039906
241.268464	0.147207	0.137742	0.004733
241.651980	0.068233	0.091614	-0.011690
242.035457	0.040324	0.061620	-0.010648
242.418895	0.111176	-0.036520	0.073848
242.802294	0.270149	0.103631	0.083259
243.185654	0.145228	0.054236	0.045496
243.568975	0.237047	0.017710	0.109668
243.952257	0.028849	0.119282	-0.045216
244.335499	0.208395	0.080016	0.064189
244.718702	0.253190	0.152536	0.050327
245.101867	0.016358	0.120572	-0.052107
245.484991	0.482048	0.030669	0.225690
245.868077	0.166274	0.166776	-0.000251
246.251124	0.495417	0.156016	0.169701
246.634131	0.122096	0.079551	0.021272
247.017099	0.083599	0.102613	-0.009507
247.400028	0.125083	0.138403	-0.006660
247.782917	0.080278	0.271142	-0.095432
248.165768	0.086930	0.089485	-0.001277
248.548579	0.094701	0.388915	-0.147107
248.931350	0.036835	0.133283	-0.048224
249.314083	0.070425	0.147611	-0.038593
249.696776	0.067418	0.197531	-0.065056
250.079430	0.158191	0.108837	0.024677
250.462044	0.120285	0.046603	0.036841
250.844620	0.074090	0.079681	-0.002795
251.227155	0.041101	0.005384	0.017859
251.609652	0.144636	0.021726	0.061455
251.992109	0.041670	0.081805	-0.020067
252.374527	0.077206	0.033635	0.021785
252.756905	0.235453	0.078190	0.078632
253.139244	0.048916	0.086669	-0.018876
253.521544	0.012822	0.114295	-0.050736
253.903804	0.024907	0.105411	-0.040252
254.286025	0.098635	0.077159	0.010738
254.668206	0.053713	0.077570	-0.011929
255.050348	0.046590	0.058272	-0.005841
255.432451	-0.032184	0.058510	-0.045347
255.814514	0.070738	0.039431	0.015654
256.196537	-0.014611	0.052123	-0.033367
256.578521	0.106601	0.066226	0.020188
256.960466	0.206537	0.029581	0.088478
257.342371	0.092347	0.098555	-0.003104
257.724236	0.054155	0.074559	-0.010202
258.106062	0.021968	0.030395	-0.004214
258.487849	-0.002577	0.051704	-0.027140
258.869596	-0.021129	0.085957	-0.053543
259.251303	0.037976	0.097028	-0.029526
259.632971	0.020536	0.076399	-0.027932
260.014599	0.097245	0.130467	-0.016611
260.396188	0.004587	0.059387	-0.027400
260.777737	0.039566	0.027253	0.006156
261.159247	0.044683	0.089630	-0.022474
261.540717	0.091522	0.104625	-0.006551
261.922147	0.011440	0.038839	-0.013699
262.303538	0.073141	0.069001	0.002070
262.684889	0.032943	0.106871	-0.036964
263.066200	0.049820	0.102592	-0.026386
263.447472	0.018056	0.056333	-0.019138
263.828704	0.047975	0.019929	0.014023
264.209896	0.016037	0.030243	-0.007103
264.591049	0.038985	-0.032465	0.035725
264.972162	0.006038	-0.003379	0.004708
265.353235	0.077197	0.061012	0.008092
265.734268	0.009478	0.053249	-0.021885
266.115262	0.016290	0.060186	-0.021948
266.496216	0.036324	0.070986	-0.017331
266.877130	0.033889	-0.000972	0.017430
267.258005	0.053401	0.069627	-0.008113
267.638840	0.012959	0.066344	-0.026693
268.019635	0.005138	0.026246	-0.010554
268.400390	-0.003640	0.066180	-0.034910
268.781105	0.000485	0.004114	-0.001815
269.161781	0.052272	0.046409	0.002931
269.542417	0.032421	0.005003	0.013709
269.923013	0.020427	0.037957	-0.008765
270.303569	0.027618	0.014720	0.006449
270.684085	0.045446	0.063531	-0.009042
271.064561	0.041839	0.041036	0.000402
271.444998	0.003794	0.052296	-0.024251
271.825394	0.002716	0.012825	-0.005054
272.205751	-0.003882	0.009353	-0.006617
272.586068	0.031558	0.031732	-0.000087
272.966345	0.018899	0.035838	-0.008470
273.346582	0.041535	0.024996	0.008270
273.726779	0.022519	0.037972	-0.007727
274.106936	0.028419	0.031265	-0.001423
274.487053	0.016785	0.032879	-0.008047
274.867130	0.015947	0.014352	0.000797
275.247168	0.032121	0.027921	0.002100
275.627165	0.018002	0.016074	0.000964
276.007122	0.007214	0.017426	-0.005106
276.387040	0.033407	0.009858	0.011774
276.766917	0.010726	0.007858	0.001434
277.146754	-0.001511	0.052011	-0.026761
277.526551	-0.008853	0.042341	-0.025597
277.906308	0.026316	0.046399	-0.010041
278.286026	0.017766	0.027536	-0.004885
278.665703	0.021104	0.033829	-0.006363
279.045340	0.001991	0.017391	-0.007700
279.424936	0.017879	0.017650	0.000114
279.804493	0.011920	0.040599	-0.014340
280.184010	0.007998	0.019718	-0.005860
280.563487	0.009941	0.012721	-0.001390
280.942923	0.021291	0.056625	-0.017667
281.322319	0.030706	0.034119	-0.001707
281.701676	0.008507	0.014726	-0.003110
282.080992	0.019437	-0.004963	0.012200
282.460268	0.000423	0.028218	-0.013897
282.839503	0.004351	0.023166	-0.009407
283.218699	0.011771	0.018956	-0.003592
283.597854	0.028468	0.006891	0.010788
283.976969	-0.002068	0.017592	-0.009830
284.356044	0.014646	0.011204	0.001721
284.735079	0.010587	0.026957	-0.008185
285.114073	0.027715	0.014179	0.006768
285.493028	0.003957	0.008593	-0.002318
285.871942	0.011831	0.034554	-0.011361
286.250815	0.006709	0.009203	-0.001247
286.629649	0.004207	-0.008816	0.006512
287.008442	0.014533	0.019913	-0.002690
287.387195	0.023687	0.006616	0.008536
287.765907	0.005684	0.030368	-0.012342
288.144580	-0.002030	0.013442	-0.007736
288.523212	0.004664	0.026836	-0.011086
288.901803	0.012067	0.022361	-0.005147
289.280355	0.014104	0.015604	-0.000750
289.658866	0.001894	0.031531	-0.014819
290.037336	0.002731	0.028399	-0.012834
290.415766	0.004812	0.022620	-0.008904
290.794156	0.003700	0.016919	-0.006609
291.172505	0.006457	0.011283	-0.002413
291.550814	-0.002951	0.005349	-0.004150
291.929083	0.008444	0.016581	-0.004068
292.307311	0.013731	0.019086	-0.002678
292.685499	0.011394	0.012911	-0.000759
293.063646	-0.004445	0.013037	-0.008741
293.441753	-0.012461	0.021191	-0.016826
293.819820	-0.000707	0.011982	-0.006345
294.197845	0.012070	0.022036	-0.004983
294.575831	0.010678	0.017995	-0.003659
294.953776	0.003457	0.009651	-0.003097
295.331680	0.016574	0.013033	0.001771
295.709544	0.000435	0.009858	-0.004711
296.087368	0.006019	0.004334	0.000842
296.465150	0.003889	0.002702	0.000593
296.842893	0.011939	0.009445	0.001247
297.220595	0.004684	0.011238	-0.003277
297.598256	0.004704	0.018165	-0.006730
297.975876	-0.001188	0.022198	-0.011693
298.353457	0.003820	0.010708	-0.003444
298.730996	0.002152	0.012164	-0.005006
299.108495	-0.004106	0.014336	-0.009221
299.485953	0.001728	0.007590	-0.002931
299.863371	0.000423	0.005867	-0.002722
300.240748	-0.006852	0.026249	-0.016550
300.618084	0.000186	0.011625	-0.005720
300.995380	0.005574	0.018319	-0.006373
301.372635	0.009137	0.009779	-0.000321
301.749849	0.013952	0.022717	-0.004383
302.127023	-0.006610	0.010616	-0.008613
302.504156	-0.002249	0.016524	-0.009386
302.881248	-0.000463	0.015895	-0.008179
303.258300	-0.000139	0.033489	-0.016814
303.635311	0.011244	0.028958	-0.008857
304.012281	0.001367	0.009216	-0.003925
304.389210	0.007375	0.014185	-0.003405
304.766099	0.001426	0.013790	-0.006182
305.142947	0.004951	0.019356	-0.007203
305.519754	0.007048	0.011576	-0.002264
305.896520	0.005584	0.014601	-0.004508
306.273246	-0.000002	0.022565	-0.011283
306.649930	0.005039	0.012621	-0.003791
307.026574	-0.003261	0.009694	-0.006478
307.403177	-0.005754	0.018198	-0.011976
307.779740	-0.006500	0.016429	-0.011464
308.156261	0.002412	0.021123	-0.009355
308.532742	-0.006500	0.014704	-0.010602
308.909181	0.001586	0.010921	-0.004667
309.285580	-0.000713	0.018771	-0.009742
309.661938	-0.002223	0.014262	-0.008242
310.038255	-0.006576	0.021655	-0.014115
310.414531	0.006182	0.005830	0.000176
310.790766	0.002338	0.013846	-0.005754
311.166961	-0.007896	0.012443	-0.010170
311.543114	-0.006128	0.017378	-0.011753
311.919226	-0.009347	0.020622	-0.014985
312.295298	0.004428	0.013257	-0.004415
312.671328	-0.003653	0.017042	-0.010347
313.047318	-0.010962	0.019425	-0.015194
313.423267	-0.004093	0.018663	-0.011378
313.799174	0.006967	0.020100	-0.006566
314.175041	-0.001467	0.014076	-0.007772
314.550866	-0.003178	0.017677	-0.010427
314.926651	0.006155	0.022099	-0.007972
315.302394	-0.008688	0.014276	-0.011482
315.678097	-0.003153	0.019588	-0.011370
316.053758	-0.007336	0.019845	-0.013591
316.429378	-0.001882	0.021795	-0.011838
316.804958	-0.004324	0.020181	-0.012252
317.180496	-0.006640	0.012219	-0.009429
317.555993	-0.003197	0.024557	-0.013877
317.931449	-0.000439	0.015726	-0.008082
318.306864	0.001716	0.016229	-0.007257
318.682238	0.002133	0.012683	-0.005275
319.057570	0.000165	0.015073	-0.007454
319.432862	0.000646	0.019099	-0.009227
319.808112	-0.003427	0.015711	-0.009569
320.183321	-0.007531	0.018314	-0.012922
320.558489	-0.006057	0.019083	-0.012570
320.933616	-0.001648	0.018312	-0.009980
321.308701	-0.000960	0.018549	-0.009754
321.683746	-0.007662	0.022548	-0.015105
322.058749	0.003683	0.018995	-0.007656
322.433711	-0.002234	0.013966	-0.008100
322.808632	0.001262	0.011954	-0.005346
323.183511	-0.001544	0.018680	-0.010112
323.558349	0.000160	0.018528	-0.009184
323.933146	-0.012935	0.022759	-0.017847
324.307902	-0.007537	0.033311	-0.020424
324.682617	-0.008129	0.027327	-0.017728
325.057290	-0.004949	0.013860	-0.009404
325.431921	-0.009946	0.024566	-0.017256
325.806512	-0.004917	0.010594	-0.007756
326.181061	-0.001127	0.012619	-0.006873
326.555569	-0.005287	0.019498	-0.012393
326.930035	-0.001312	0.015033	-0.008173
327.304461	-0.000172	0.021774	-0.010973
327.678844	-0.009726	0.021585	-0.015656
328.053187	0.000883	0.029176	-0.014147
328.427488	-0.002761	0.020580	-0.011671
328.801747	-0.014028	0.029436	-0.021732
329.175966	-0.011892	0.015590	-0.013741
329.550142	-0.003807	0.013060	-0.008433
329.924278	-0.007266	0.025453	-0.016360
330.298372	-0.008281	0.020923	-0.014602
330.672424	-0.006398	0.014955	-0.010676
331.046435	-0.001344	0.018013	-0.009679
331.420405	-0.003608	0.020103	-0.011855
331.794333	0.002024	0.017525	-0.007751
332.168220	-0.008158	0.018554	-0.013356
332.542065	-0.013276	0.022964	-0.018120
332.915869	-0.004778	0.017851	-0.011315
333.289631	-0.005857	0.009459	-0.007658
333.663351	-0.002552	0.019692	-0.011122
334.037030	-0.005985	0.019520	-0.012753
334.410668	-0.011183	0.017222	-0.014203
334.784264	-0.007772	0.016767	-0.012270
335.157818	-0.001285	0.019874	-0.010579
335.531331	-0.008977	0.015252	-0.012115
335.904802	-0.009324	0.027193	-0.018258
336.278232	-0.005742	0.030223	-0.017983
336.651620	-0.008152	0.027316	-0.017734
337.024966	-0.012803	0.026774	-0.019789
337.398271	-0.006971	0.014781	-0.010876
337.771534	-0.003560	0.024040	-0.013800
338.144756	-0.000976	0.023523	-0.012249
338.517936	-0.002424	0.021805	-0.012114
338.891074	-0.011461	0.018036	-0.014748
339.264171	-0.002874	0.013782	-0.008328
339.637225	-0.007560	0.020364	-0.013962
340.010239	-0.010743	0.017310	-0.014026
340.383210	-0.008583	0.026846	-0.017714
340.756140	-0.013014	0.017986	-0.015500
341.129028	-0.005207	0.025132	-0.015170
341.501874	-0.007634	0.023138	-0.015386
341.874679	-0.012553	0.019462	-0.016008
342.247441	-0.008696	0.023517	-0.016106
342.620162	-0.010442	0.025735	-0.018088
342.992842	-0.007941	0.029000	-0.018470
343.365479	-0.007744	0.028264	-0.018004
343.738075	-0.000968	0.024622	-0.012795
344.110629	-0.007860	0.025761	-0.016811
344.483141	-0.008185	0.021416	-0.014801
344.855611	-0.007034	0.026836	-0.016935
345.228039	-0.011545	0.024240	-0.017892
345.600426	-0.008601	0.027150	-0.017875
345.972770	-0.013175	0.027407	-0.020291
346.345073	-0.008999	0.027060	-0.018029
346.717334	-0.005330	0.024877	-0.015103
347.089553	-0.002342	0.023650	-0.012996
347.461730	-0.009922	0.022098	-0.016010
347.833866	-0.011263	0.025643	-0.018453
348.205959	-0.001080	0.023312	-0.012196
348.578010	-0.010955	0.020997	-0.015976
348.950020	-0.006912	0.034808	-0.020860
349.321987	-0.006090	0.015239	-0.010664
349.693913	-0.005378	0.022099	-0.013738
350.065797	-0.009205	0.020695	-0.014950
350.437638	-0.008230	0.029952	-0.019091
350.809438	-0.013023	0.018587	-0.015805
351.181196	-0.008317	0.027732	-0.018024
351.552911	-0.016241	0.027607	-0.021924
351.924585	-0.007748	0.023498	-0.015623
352.296217	-0.013577	0.021796	-0.017687
352.667806	-0.001546	0.019370	-0.010458
353.039354	-0.010440	0.013283	-0.011862
353.410859	-0.006556	0.020207	-0.013382
353.782323	-0.015920	0.019757	-0.017838
354.153744	-0.009839	0.019202	-0.014520
354.525123	-0.002643	0.025442	-0.014042
354.896460	-0.006910	0.024047	-0.015479
355.267756	-0.012617	0.026695	-0.019656
355.639008	-0.013220	0.017532	-0.015376
356.010219	-0.010572	0.029672	-0.020122
356.381388	-0.014043	0.026665	-0.020354
356.752515	-0.017734	0.019011	-0.018373
357.123599	-0.010487	0.025736	-0.018112
357.494641	-0.011617	0.028698	-0.020158
357.865641	-0.008612	0.022689	-0.015651
358.236599	-0.008472	0.022794	-0.015633
358.607515	-0.011822	0.025016	-0.018419
358.978388	-0.013913	0.027942	-0.020927
359.349219	-0.012081	0.020929	-0.016505
359.720008	-0.007550	0.019735	-0.013642
360.090755	-0.003807	0.028373	-0.016090
360.461460	0.000017	0.035559	-0.017771
360.832122	-0.007505	0.015933	-0.011719
361.202742	-0.005609	0.030560	-0.018085
361.573320	-0.009507	0.020290	-0.014898
361.943855	-0.009616	0.016411	-0.013013
362.314348	-0.006875	0.020245	-0.013560
362.684799	-0.012331	0.027112	-0.019721
363.055208	-0.003022	0.028205	-0.015613
363.425574	0.003369	0.030102	-0.013366
363.795898	-0.005239	0.024761	-0.015000
364.166180	-0.009153	0.021310	-0.015232
364.536419	-0.008247	0.023078	-0.015662
364.906616	-0.009551	0.018984	-0.014267
365.276770	-0.009099	0.020745	-0.014922
365.646882	-0.012867	0.022903	-0.017885
366.016952	-0.016465	0.019091	-0.017778
366.386979	-0.009091	0.025438	-0.017265
366.756964	-0.010947	0.028998	-0.019972
367.126906	-0.007171	0.026328	-0.016750
367.496806	-0.005409	0.024244	-0.014827
367.866664	-0.009324	0.017876	-0.013600
368.236479	0.000218	0.020362	-0.010072
368.606251	-0.003160	0.020620	-0.011890
368.975981	-0.004433	0.027759	-0.016096
369.345669	-0.016561	0.029201	-0.022881
369.715314	-0.003243	0.028550	-0.015896
370.084917	-0.011980	0.018552	-0.015266
370.454477	-0.007916	0.016606	-0.012261
370.823995	-0.007578	0.021003	-0.014290
371.193470	-0.002654	0.018647	-0.010651
371.562902	-0.003833	0.022075	-0.012954
371.932292	-0.000939	0.021177	-0.011058
372.301640	-0.004547	0.020650	-0.012599
372.670944	0.001486	0.029363	-0.013938
373.040207	0.000755	0.019049	-0.009147
373.409426	-0.001648	0.030190	-0.015919
373.778603	-0.004272	0.030506	-0.017389
374.147738	-0.006532	0.027060	-0.016796
374.516830	-0.006024	0.023284	-0.014654
374.885879	-0.015087	0.019924	-0.017505
375.254885	-0.001178	0.025685	-0.013431
375.623849	-0.002494	0.029462	-0.015978
375.992770	-0.002055	0.020613	-0.011334
376.361649	-0.001810	0.030413	-0.016111
376.730485	0.003496	0.021913	-0.009209
377.099278	-0.004269	0.021180	-0.012725
377.468028	-0.002797	0.023593	-0.013195
377.836736	-0.003771	0.017515	-0.010643
378.205401	-0.004593	0.016460	-0.010526
378.574023	-0.000172	0.022449	-0.011311
378.942603	-0.005542	0.023126	-0.014334
379.311139	0.003785	0.021740	-0.008978
379.679633	0.000103	0.025343	-0.012620
380.048085	-0.000643	0.022927	-0.011785
380.416493	-0.003463	0.029594	-0.016529
380.784859	0.001417	0.028472	-0.013527
381.153181	-0.010050	0.027794	-0.018922
381.521461	-0.008960	0.029052	-0.019006
381.889699	0.004007	0.018746	-0.007370
382.257893	0.006337	0.015470	-0.004566
382.626044	-0.007527	0.013946	-0.010737
382.994153	-0.000651	0.018602	-0.009626
383.362219	-0.000926	0.026644	-0.013785
383.730242	0.002536	0.024080	-0.010772
384.098222	0.002863	0.025971	-0.011554
384.466159	0.000491	0.027278	-0.013393
384.834053	-0.007746	0.019438	-0.013592
385.201904	-0.003615	0.019791	-0.011703
385.569713	-0.000543	0.018089	-0.009316
385.937478	0.004943	0.019104	-0.007080
386.305201	0.004714	0.030906	-0.013096
386.672880	-0.000593	0.019320	-0.009956
387.040517	0.001330	0.018223	-0.008446
387.408110	-0.004138	0.023046	-0.013592
387.775661	-0.006249	0.021027	-0.013638
388.143168	-0.004557	0.018025	-0.011291
388.510633	0.005893	0.024892	-0.009500
388.878055	-0.006991	0.035248	-0.021120
389.245433	0.000829	0.013492	-0.006331
389.612769	-0.005743	0.024266	-0.015004
389.980061	-0.004005	0.018911	-0.011458
390.347310	-0.000951	0.019005	-0.009978
390.714517	0.007305	0.016070	-0.004382
391.081680	0.007617	0.023882	-0.008133
391.448800	0.002031	0.021279	-0.009624
391.815877	-0.005994	0.019337	-0.012666
392.182911	-0.000244	0.022211	-0.011228
392.549902	-0.003581	0.022758	-0.013169
392.916850	0.002480	0.024107	-0.010813
393.283754	-0.000114	0.022790	-0.011452
393.650616	-0.001339	0.019074	-0.010207
394.017434	0.000603	0.023080	-0.011238
394.384209	0.001223	0.021987	-0.010382
394.750941	0.009094	0.026832	-0.008869
395.117630	0.000839	0.018086	-0.008624
395.484275	-0.002098	0.022805	-0.012451
395.850878	0.002955	0.026480	-0.011762
396.217437	-0.001720	0.026342	-0.014031
396.583953	0.000905	0.014681	-0.006888
396.950425	-0.001889	0.016006	-0.008947
397.316855	0.007501	0.017862	-0.005180
397.683241	0.001308	0.024375	-0.011534
398.049584	0.003558	0.020182	-0.008312
398.415884	-0.000061	0.019182	-0.009622
398.782140	0.002966	0.018365	-0.007699
399.148353	0.003848	0.020729	-0.008441
399.514523	0.002628	0.022616	-0.009994
399.880649	-0.003484	0.013627	-0.008556
400.246732	0.002484	0.026929	-0.012222
400.612772	0.008074	0.018703	-0.005314
400.978768	-0.005300	0.028768	-0.017034
401.344721	-0.002138	0.018230	-0.010184
401.710631	-0.006606	0.014732	-0.010669
402.076497	-0.001150	0.028965	-0.015057
402.442320	0.003453	0.019353	-0.007950
402.808100	0.004251	0.020169	-0.007959
403.173836	-0.001058	0.022767	-0.011913
403.539528	-0.000963	0.025581	-0.013272
403.905178	0.005470	0.024371	-0.009450
404.270783	0.003784	0.014227	-0.005221
404.636346	0.002202	0.015844	-0.006821
405.001865	0.010128	0.019049	-0.004460
405.367340	0.004809	0.016711	-0.005951
405.732772	0.003885	0.021079	-0.008597
406.098161	0.001589	0.017154	-0.007782
406.463506	0.005292	0.018197	-0.006453
406.828807	0.001171	0.019557	-0.009193
407.194065	0.004010	0.015886	-0.005938
407.559279	0.002120	0.016423	-0.007152
407.924450	0.009119	0.021858	-0.006369
408.289578	0.003946	0.019809	-0.007932
408.654661	-0.000163	0.020146	-0.010154
409.019702	-0.002456	0.020536	-0.011496
409.384698	0.001522	0.010687	-0.004582
409.749651	0.004532	0.020369	-0.007919
410.114561	-0.003513	0.018405	-0.010959
410.479427	-0.000549	0.016736	-0.008643
410.844249	0.004450	0.022817	-0.009184
411.209027	0.001868	0.018620	-0.008376
411.573762	0.006021	0.021887	-0.007933
411.938454	0.004536	0.018530	-0.006997
412.303101	0.009333	0.019486	-0.005077
412.667705	0.000549	0.019085	-0.009268
413.032266	0.001988	0.021146	-0.009579
413.396782	0.010911	0.019674	-0.004382
413.761255	-0.001466	0.014374	-0.007920
414.125684	-0.000718	0.014108	-0.007413
414.490070	0.002998	0.012572	-0.004787
414.854412	0.007914	0.019832	-0.005959
415.218710	0.006999	0.015787	-0.004394
415.582964	-0.000456	0.018422	-0.009439
415.947175	0.010977	0.024819	-0.006921
416.311341	0.002225	0.012215	-0.004995
416.675464	0.000033	0.022113	-0.011040
417.039543	0.001218	0.014322	-0.006552
417.403579	0.002561	0.017079	-0.007259
417.767570	0.004485	0.015993	-0.005754
418.131518	0.002230	0.008336	-0.003053
418.495422	0.009501	0.025251	-0.007875
418.859282	0.004560	0.021379	-0.008409
419.223098	0.005986	0.016454	-0.005234
419.586871	-0.002602	0.018157	-0.010380
419.950599	0.004847	0.015491	-0.005322
420.314284	0.002252	0.016679	-0.007213
420.677925	0.004050	0.017897	-0.006924
421.041522	0.001719	0.020442	-0.009361
421.405075	0.005963	0.018794	-0.006416
421.768584	0.005272	0.017434	-0.006081
422.132049	0.002174	0.024641	-0.011234
422.495470	0.006835	0.020462	-0.006814
422.858847	0.004456	0.012465	-0.004004
423.222180	0.005514	0.016699	-0.005592
423.585470	0.008371	0.018531	-0.005080
423.948715	0.005969	0.020222	-0.007126
424.311916	0.004591	0.017132	-0.006271
424.675074	0.008456	0.026804	-0.009174
425.038187	0.006274	0.019921	-0.006824
425.401256	0.004184	0.016693	-0.006254
425.764281	0.002851	0.022572	-0.009860
426.127263	0.008919	0.014634	-0.002857
426.490200	0.002789	0.019849	-0.008530
426.853093	0.006711	0.017626	-0.005457
427.215942	0.006599	0.021677	-0.007539
427.578747	0.000602	0.012577	-0.005987
427.941508	0.006733	0.017105	-0.005186
428.304225	0.008158	0.018461	-0.005152
428.666897	0.002701	0.017930	-0.007615
429.029526	0.001213	0.018063	-0.008425
429.392110	0.009289	0.020971	-0.005841
429.754651	0.007027	0.015905	-0.004439
430.117147	0.005845	0.017684	-0.005919
430.479599	0.007046	0.010770	-0.001862
430.842007	0.001516	0.017718	-0.008101
431.204370	0.006374	0.016038	-0.004832
431.566690	0.001043	0.012505	-0.005731
431.928965	0.007346	0.015271	-0.003963
432.291196	0.004030	0.017683	-0.006826
432.653383	0.005019	0.019066	-0.007024
433.015525	0.003475	0.012905	-0.004715
433.377624	0.005904	0.013863	-0.003980
433.739678	-0.000298	0.015729	-0.008014
434.101688	0.001101	0.016290	-0.007594
434.463653	0.005189	0.014983	-0.004897
434.825575	0.001967	0.016170	-0.007101
435.187452	0.003671	0.015788	-0.006059
435.549284	0.003002	0.014455	-0.005726
435.911073	0.001525	0.014042	-0.006259
436.272817	0.002508	0.014387	-0.005939
436.634516	0.003933	0.015206	-0.005637
436.996172	0.002767	0.015495	-0.006364
437.357783	0.005569	0.015192	-0.004812
437.719350	0.004457	0.017333	-0.006438
438.080872	0.002977	0.013121	-0.005072
438.442350	0.003681	0.012259	-0.004289
438.803783	0.003425	0.014992	-0.005783
439.165173	0.006291	0.016156	-0.004932
439.526517	0.003455	0.015019	-0.005782
439.887818	0.004789	0.009435	-0.002323
440.249074	0.002275	0.013739	-0.005732
440.610285	0.001634	0.013738	-0.006052
440.971452	0.001906	0.013255	-0.005674
441.332575	0.001883	0.011471	-0.004794
441.693653	0.002488	0.013123	-0.005317
442.054686	0.002181	0.013264	-0.005541
442.415676	0.001830	0.013643	-0.005906
442.776620	0.002529	0.013171	-0.005321
443.137520	0.003272	0.012651	-0.004690
443.498376	0.003639	0.013631	-0.004996
443.859187	0.002782	0.012901	-0.005060
444.219953	0.004661	0.015851	-0.005595
444.580675	0.002317	0.014327	-0.006005
444.941353	0.003512	0.012221	-0.004355
445.301986	0.003331	0.012790	-0.004730
445.662574	0.002312	0.011943	-0.004815
446.023118	0.002629	0.014218	-0.005794
446.383617	0.002773	0.013485	-0.005356
446.744071	0.003223	0.013681	-0.005229
447.104481	0.002996	0.013410	-0.005207
447.464846	0.004980	0.014192	-0.004606
447.825167	0.002178	0.013009	-0.005416
448.185443	0.001824	0.012485	-0.005330
448.545674	0.002917	0.012673	-0.004878
448.905861	0.003029	0.013586	-0.005278
449.266002	0.003206	0.011881	-0.004337
449.626100	0.002043	0.012988	-0.005472
449.986152	0.003348	0.012328	-0.004490
450.346160	0.002498	0.011346	-0.004424
450.706123	0.002186	0.013107	-0.005461
451.066041	0.001598	0.012491	-0.005447
451.425915	0.002874	0.011390	-0.004258
451.785744	0.003003	0.011839	-0.004418
452.145528	0.003110	0.013112	-0.005001
452.505267	0.002842	0.011492	-0.004325
452.864962	0.002461	0.011334	-0.004436
453.224612	0.003220	0.012458	-0.004619
453.584217	0.004449	0.012551	-0.004051
453.943777	0.003732	0.013006	-0.004637
454.303292	0.004388	0.013742	-0.004677
454.662763	0.003186	0.012634	-0.004724
455.022188	0.003428	0.012887	-0.004730
455.381569	0.003018	0.012515	-0.004748
455.740905	0.001849	0.012061	-0.005106
456.100196	0.003481	0.012664	-0.004592
456.459443	0.002953	0.012216	-0.004631
456.818644	0.003700	0.012426	-0.004363
457.177800	0.004041	0.011504	-0.003732
457.536912	0.003141	0.010521	-0.003690
457.895978	0.004370	0.012092	-0.003861
458.255000	0.003337	0.011463	-0.004063
458.613977	0.002532	0.013109	-0.005289
458.972909	0.002734	0.012728	-0.004997
459.331795	0.002851	0.012715	-0.004932
459.690637	0.003241	0.012967	-0.004863
460.049434	0.003386	0.012313	-0.004464
460.408186	0.003628	0.012324	-0.004348
460.766893	0.002428	0.012369	-0.004970
461.125555	0.003033	0.012742	-0.004854
461.484172	0.004055	0.012559	-0.004252
461.842743	0.003600	0.012722	-0.004561
462.201270	0.002343	0.011741	-0.004699
462.559752	0.003584	0.011812	-0.004114
462.918188	0.003176	0.012123	-0.004474
463.276580	0.003497	0.012721	-0.004612
463.634927	0.004132	0.011881	-0.003874
463.993228	0.003334	0.012684	-0.004675
464.351484	0.003040	0.012045	-0.004502
464.709696	0.002736	0.012619	-0.004942
465.067862	0.003293	0.012648	-0.004678
465.425983	0.003818	0.012148	-0.004165
465.784058	0.003915	0.011263	-0.003674
466.142089	0.003132	0.012656	-0.004762
466.500075	0.003909	0.012475	-0.004283
466.858015	0.004021	0.011650	-0.003815
467.215910	0.002624	0.012730	-0.005053
467.573760	0.005100	0.011686	-0.003293
467.931565	0.003604	0.011667	-0.004032
468.289324	0.002939	0.011932	-0.004496
468.647039	0.003037	0.011592	-0.004277
469.004708	0.003629	0.011597	-0.003984
469.362332	0.002765	0.012288	-0.004762
469.719910	0.004465	0.011956	-0.003746
470.077443	0.003635	0.011920	-0.004143
470.434932	0.004283	0.012350	-0.004034
470.792374	0.003951	0.011292	-0.003671
471.149772	0.003543	0.011451	-0.003954
471.507124	0.003833	0.012642	-0.004405
471.864431	0.003678	0.011234	-0.003778
472.221693	0.004560	0.011584	-0.003512
472.578909	0.005044	0.011288	-0.003122
472.936080	0.004618	0.011531	-0.003457
473.293205	0.003504	0.011475	-0.003985
473.650285	0.004505	0.011780	-0.003637
474.007320	0.004660	0.011110	-0.003225
474.364310	0.003380	0.011307	-0.003964
474.721254	0.003791	0.011623	-0.003916
475.078152	0.003525	0.012034	-0.004255
475.435006	0.003928	0.011719	-0.003896
475.791813	0.004020	0.011347	-0.003664
476.148576	0.004103	0.011587	-0.003742
476.505293	0.004263	0.011967	-0.003852
476.861964	0.003989	0.012103	-0.004057
477.218590	0.004517	0.011353	-0.003418
477.575171	0.004330	0.010827	-0.003249
477.931706	0.004335	0.011965	-0.003815
478.288195	0.004250	0.011583	-0.003667
478.644639	0.004103	0.011386	-0.003641
479.001038	0.004428	0.011177	-0.003374
479.357391	0.004952	0.011241	-0.003145
479.713699	0.004546	0.012043	-0.003748
480.069960	0.005408	0.011661	-0.003126
480.426177	0.004198	0.010879	-0.003341
480.782348	0.004180	0.011404	-0.003612
481.138473	0.004207	0.011258	-0.003526
481.494553	0.004505	0.010566	-0.003030
481.850587	0.005125	0.011211	-0.003043
482.206575	0.004411	0.010802	-0.003196
482.562518	0.003997	0.010957	-0.003480
482.918416	0.005092	0.011240	-0.003074
483.274267	0.004702	0.011168	-0.003233
483.630073	0.004117	0.011011	-0.003447
483.985834	0.004728	0.011047	-0.003160
484.341548	0.004515	0.011163	-0.003324
484.697217	0.005198	0.010795	-0.002799
485.052841	0.004737	0.010802	-0.003032
485.408418	0.004781	0.010395	-0.002807
485.763950	0.004992	0.010382	-0.002695
486.119436	0.005339	0.010857	-0.002759
486.474877	0.005038	0.010593	-0.002777
486.830272	0.004701	0.009690	-0.002495
487.185621	0.004926	0.011462	-0.003268
487.540924	0.005188	0.011487	-0.003149
487.896182	0.005473	0.010825	-0.002676
488.251393	0.004686	0.010264	-0.002789
488.606559	0.004448	0.011069	-0.003311
488.961679	0.004955	0.010726	-0.002885
489.316754	0.004892	0.010879	-0.002994
489.671782	0.005163	0.010847	-0.002842
490.026765	0.005231	0.010141	-0.002455
490.381702	0.005296	0.010609	-0.002657
490.736593	0.005709	0.010294	-0.002293
491.091438	0.004879	0.010570	-0.002845
491.446238	0.004859	0.010552	-0.002846
491.800991	0.005183	0.010361	-0.002589
492.155699	0.005442	0.009277	-0.001917
492.510360	0.004733	0.010294	-0.002780
492.864976	0.004971	0.010710	-0.002870
493.219546	0.005446	0.009818	-0.002186
493.574070	0.005239	0.010491	-0.002626
493.928548	0.005457	0.010098	-0.002321
494.282980	0.005679	0.010427	-0.002374
494.637366	0.005226	0.010936	-0.002855
494.991707	0.005427	0.010487	-0.002530
495.346001	0.005192	0.011246	-0.003027
495.700249	0.004902	0.009901	-0.002500
496.054451	0.005067	0.009329	-0.002131
496.408607	0.005342	0.009906	-0.002282
496.762718	0.005065	0.010219	-0.002577
497.116782	0.005888	0.008961	-0.001536
497.470800	0.005852	0.009960	-0.002054
497.824772	0.004932	0.010265	-0.002667
498.178698	0.005014	0.009594	-0.002290
498.532578	0.005437	0.010043	-0.002303
498.886412	0.005721	0.009304	-0.001791
499.240200	0.005120	0.009949	-0.002415
499.593942	0.006141	0.009885	-0.001872
499.947637	0.005196	0.009413	-0.002109
500.301287	0.005711	0.009665	-0.001977
500.654890	0.005224	0.009665	-0.002220
501.008448	0.004796	0.009278	-0.002241
501.361959	0.006013	0.009273	-0.001630
501.715424	0.005679	0.009669	-0.001995
502.068843	0.005827	0.009424	-0.001799
502.422215	0.005575	0.008798	-0.001612
502.775542	0.006746	0.008562	-0.000908
503.128822	0.005321	0.008676	-0.001678
503.482056	0.005293	0.009361	-0.002034
503.835244	0.006729	0.009335	-0.001303
504.188386	0.005568	0.010080	-0.002256
504.541481	0.006182	0.009306	-0.001562
504.894530	0.005880	0.009438	-0.001779
505.247533	0.005820	0.009232	-0.001706
505.600490	0.006299	0.008897	-0.001299
505.953400	0.006446	0.009389	-0.001471
506.306264	0.005421	0.009615	-0.002097
506.659082	0.006046	0.008271	-0.001113
507.011854	0.005657	0.008431	-0.001387
507.364579	0.006164	0.009321	-0.001579
507.717258	0.006026	0.009406	-0.001690
508.069890	0.006758	0.008073	-0.000657
508.422477	0.006299	0.008574	-0.001138
508.775016	0.005981	0.008180	-0.001100
509.127510	0.006575	0.008429	-0.000927
509.479957	0.006058	0.007727	-0.000834
509.832358	0.006122	0.007764	-0.000821
510.184712	0.005638	0.009176	-0.001769
510.537020	0.005200	0.007718	-0.001259
510.889281	0.006927	0.008998	-0.001035
511.241497	0.006568	0.008421	-0.000927
511.593665	0.006737	0.008968	-0.001116
511.945787	0.005463	0.009241	-0.001889
512.297863	0.006394	0.008896	-0.001251
512.649892	0.005580	0.008192	-0.001306
513.001875	0.006595	0.007623	-0.000514
513.353812	0.006615	0.009824	-0.001605
513.705701	0.006263	0.008144	-0.000940
514.057545	0.006758	0.008171	-0.000706
514.409342	0.006005	0.007803	-0.000899
514.761092	0.006225	0.008506	-0.001140
515.112796	0.006452	0.008644	-0.001096
515.464453	0.006186	0.008776	-0.001295
515.816064	0.006962	0.007057	-0.000047
516.167628	0.006777	0.008527	-0.000875
516.519145	0.006440	0.008230	-0.000895
516.870616	0.005804	0.008085	-0.001140
517.222041	0.006292	0.008206	-0.000957
517.573418	0.007033	0.007438	-0.000202
517.924750	0.007234	0.008078	-0.000422
518.276034	0.006486	0.007703	-0.000608
518.627272	0.005691	0.008346	-0.001328
518.978463	0.005463	0.008584	-0.001561
519.329608	0.006424	0.008110	-0.000843
519.680706	0.006690	0.009043	-0.001177
520.031757	0.006648	0.008778	-0.001065
520.382762	0.006958	0.007686	-0.000364
520.733719	0.005696	0.007243	-0.000773
521.084631	0.005918	0.007442	-0.000762
521.435495	0.007103	0.007957	-0.000427
521.786313	0.006873	0.007637	-0.000382
522.137084	0.006647	0.008600	-0.000977
522.487808	0.006335	0.009452	-0.001558
522.838486	0.006341	0.007720	-0.000689
523.189116	0.006755	0.008081	-0.000663
523.539700	0.006890	0.007656	-0.000383
523.890237	0.006684	0.007323	-0.000319
524.240728	0.007365	0.007059	0.000153
524.591171	0.006850	0.007746	-0.000448
524.941568	0.007101	0.007602	-0.000250
525.291918	0.006898	0.008282	-0.000692
525.642221	0.006693	0.008686	-0.000997
525.992478	0.006708	0.007528	-0.000410
526.342687	0.006204	0.008188	-0.000992
526.692850	0.007145	0.007970	-0.000413
527.042965	0.006600	0.007802	-0.000601
527.393034	0.005377	0.009508	-0.002066
527.743056	0.006253	0.008382	-0.001065
528.093031	0.005159	0.006442	-0.000642
528.442959	0.005942	0.007062	-0.000560
528.792840	0.006474	0.007324	-0.000425
529.142674	0.007695	0.007347	0.000174
529.492462	0.007965	0.007178	0.000394
529.842202	0.006384	0.007012	-0.000314
530.191895	0.006043	0.008207	-0.001082
530.541542	0.006208	0.007650	-0.000721
530.891141	0.007272	0.008431	-0.000580
531.240694	0.006237	0.008449	-0.001106
531.590199	0.006411	0.006727	-0.000158
531.939657	0.006769	0.005715	0.000527
532.289069	0.005953	0.007992	-0.001019
532.638433	0.007175	0.009142	-0.000983
532.987750	0.006064	0.008105	-0.001021
533.337021	0.007390	0.008062	-0.000336
533.686244	0.006439	0.007513	-0.000537
534.035420	0.005831	0.007029	-0.000599
534.384549	0.006628	0.007549	-0.000460
534.733631	0.008163	0.008078	0.000042
535.082666	0.005658	0.007278	-0.000810
535.431653	0.006082	0.006220	-0.000069
535.780594	0.004642	0.006798	-0.001078
536.129487	0.007417	0.007118	0.000149
536.478334	0.007435	0.006718	0.000358
536.827133	0.005952	0.006942	-0.000495
537.175885	0.006213	0.006456	-0.000122
537.524590	0.006426	0.008052	-0.000813
537.873247	0.006357	0.007655	-0.000649
538.221858	0.006223	0.008335	-0.001056
538.570421	0.006729	0.006535	0.000097
538.918937	0.005223	0.007272	-0.001025
539.267406	0.006684	0.007617	-0.000467
539.615827	0.006115	0.007374	-0.000629
539.964202	0.004660	0.006321	-0.000831
540.312529	0.006193	0.007095	-0.000451
540.660808	0.007492	0.007543	-0.000025
541.009041	0.007728	0.008093	-0.000182
541.357226	0.006250	0.007140	-0.000445
541.705364	0.005417	0.008843	-0.001713
542.053455	0.005668	0.007357	-0.000845
542.401498	0.006663	0.007372	-0.000355
542.749494	0.005488	0.004612	0.000438
543.097443	0.005893	0.007935	-0.001021
543.445344	0.005800	0.007896	-0.001048
543.793198	0.004772	0.007712	-0.001470
544.141005	0.005425	0.005714	-0.000144
544.488764	0.005722	0.006580	-0.000429
544.836476	0.007072	0.007063	0.000005
545.184140	0.006605	0.009614	-0.001505
545.531757	0.004195	0.006552	-0.001179
545.879327	0.005390	0.007916	-0.001263
546.226849	0.006365	0.007980	-0.000808
546.574324	0.005930	0.007498	-0.000784
546.921751	0.006077	0.007149	-0.000536
547.269131	0.006036	0.007715	-0.000840
547.616463	0.006464	0.007605	-0.000571
547.963748	0.007034	0.007461	-0.000213
548.310985	0.006709	0.005937	0.000386
548.658175	0.005674	0.007764	-0.001045
549.005318	0.004231	0.008010	-0.001889
549.352413	0.005547	0.007462	-0.000958
549.699460	0.005640	0.008057	-0.001209
550.046460	0.005656	0.008291	-0.001318
550.393412	0.005817	0.007579	-0.000881
550.740317	0.005835	0.006532	-0.000348
551.087174	0.004964	0.004775	0.000094
551.433984	0.004968	0.006363	-0.000697
551.780746	0.005467	0.007622	-0.001078
552.127460	0.005231	0.007190	-0.000980
552.474127	0.006748	0.007498	-0.000375
552.820746	0.007368	0.004872	0.001248
553.167318	0.006082	0.006734	-0.000326
553.513842	0.006866	0.006512	0.000177
553.860318	0.007366	0.007333	0.000017
554.206747	0.005117	0.006291	-0.000587
554.553128	0.005944	0.008530	-0.001293
554.899461	0.004869	0.008552	-0.001841
555.245747	0.005171	0.006811	-0.000820
555.591985	0.005403	0.008199	-0.001398
555.938175	0.005835	0.006708	-0.000437
556.284317	0.006737	0.007100	-0.000181
556.630412	0.006389	0.005837	0.000276
556.976459	0.007491	0.006958	0.000267
557.322459	0.005035	0.007756	-0.001360
557.668410	0.004569	0.008240	-0.001836
558.014314	0.005117	0.007520	-0.001202
558.360170	0.005011	0.006989	-0.000989
558.705978	0.004989	0.008440	-0.001725
559.051739	0.005526	0.009174	-0.001824
559.397451	0.007302	0.006034	0.000634
559.743116	0.005609	0.006796	-0.000593
560.088733	0.006573	0.007905	-0.000666
560.434302	0.004334	0.007421	-0.001544
560.779823	0.004061	0.009899	-0.002919
561.125297	0.004659	0.008943	-0.002142
561.470722	0.002604	0.008984	-0.003190
561.816100	0.006196	0.007863	-0.000833
562.161430	0.003570	0.007079	-0.001755
562.506712	0.004536	0.010043	-0.002753
562.851946	0.005670	0.009483	-0.001907
563.197132	0.003567	0.006066	-0.001249
563.542270	0.004059	0.010304	-0.003122
563.887360	0.005257	0.008862	-0.001802
564.232403	0.003235	0.010209	-0.003487
564.577397	0.006043	0.009254	-0.001605
564.922343	0.003053	0.006805	-0.001876
565.267242	0.004301	0.008230	-0.001965
565.612092	0.005057	0.007885	-0.001414
565.956895	0.003500	0.009290	-0.002895
566.301649	0.004204	0.004154	0.000025
566.646355	0.005274	0.004991	0.000142
566.991014	0.004680	0.007972	-0.001646
567.335624	0.006155	0.008535	-0.001190
567.680186	0.006289	0.008651	-0.001181
568.024700	0.003881	0.006954	-0.001536
568.369167	0.003887	0.008422	-0.002267
568.713585	0.003482	0.006976	-0.001747
569.057955	0.003635	0.005185	-0.000775
569.402277	0.003471	0.007411	-0.001970
569.746550	0.006165	0.006991	-0.000413
570.090776	0.003282	0.006912	-0.001815
570.434954	0.007409	0.008450	-0.000520
570.779083	0.004006	0.009046	-0.002520
571.123164	0.006169	0.008941	-0.001386
571.467197	0.006781	0.009538	-0.001378
571.811182	0.004716	0.008850	-0.002067
572.155119	0.003156	0.006378	-0.001611
572.499008	0.003163	0.007531	-0.002184
572.842848	0.004812	0.010266	-0.002727
573.186640	0.004729	0.009196	-0.002234
573.530384	0.004429	0.006952	-0.001262
573.874080	0.004204	0.007859	-0.001827
574.217727	0.003948	0.008728	-0.002390
574.561327	0.002615	0.007993	-0.002689
574.904878	0.003090	0.009292	-0.003101
575.248380	0.005023	0.009582	-0.002279
575.591835	0.004370	0.007531	-0.001580
575.935241	0.004529	0.007638	-0.001555
576.278599	0.003172	0.008780	-0.002804
576.621908	0.001147	0.009147	-0.004000
576.965170	0.002786	0.010063	-0.003638
577.308383	0.002423	0.008991	-0.003284
577.651547	0.002215	0.006230	-0.002008
577.994663	0.004848	0.008091	-0.001622
578.337731	0.004212	0.009491	-0.002639
578.680751	0.003556	0.008371	-0.002408
579.023722	0.003256	0.008080	-0.002412
579.366645	0.003134	0.007992	-0.002429
579.709519	0.003231	0.009524	-0.003146
580.052345	0.005697	0.006906	-0.000605
580.395123	0.004967	0.009039	-0.002036
580.737852	0.003188	0.009902	-0.003357
581.080532	0.004171	0.007479	-0.001654
581.423165	0.004771	0.006146	-0.000687
581.765748	0.003823	0.008740	-0.002459
582.108284	0.002579	0.008766	-0.003093
582.450770	0.004129	0.007707	-0.001789
582.793209	0.002771	0.008322	-0.002776
583.135599	0.004199	0.009328	-0.002565
583.477940	0.002420	0.007968	-0.002774
583.820233	0.003473	0.008703	-0.002615
584.162477	0.005156	0.010117	-0.002480
584.504673	0.005778	0.009146	-0.001684
584.846820	0.004397	0.006999	-0.001301
585.188919	0.004083	0.006861	-0.001389
585.530969	0.002768	0.010177	-0.003705
585.872970	0.003509	0.009578	-0.003035
586.214923	0.004141	0.006995	-0.001427
586.556827	0.005036	0.008780	-0.001872
586.898683	0.003111	0.009888	-0.003388
587.240490	0.002443	0.007414	-0.002486
587.582249	0.003783	0.008675	-0.002446
587.923958	0.001792	0.009175	-0.003692
588.265620	0.001883	0.007882	-0.003000
588.607232	0.005129	0.008771	-0.001821
588.948796	0.001891	0.008231	-0.003170
589.290311	0.000891	0.006450	-0.002779
589.631778	0.003938	0.006172	-0.001117
589.973196	0.002307	0.008725	-0.003209
590.314565	0.003150	0.010511	-0.003680
590.655885	0.002675	0.007521	-0.002423
590.997157	0.001798	0.008024	-0.003113
591.338379	0.002247	0.010186	-0.003969
591.679554	0.002767	0.007745	-0.002489
592.020679	0.002562	0.009545	-0.003492
592.361756	0.003575	0.009244	-0.002834
592.702784	0.001777	0.007391	-0.002807
593.043763	0.005589	0.009423	-0.001917
593.384693	0.004764	0.008732	-0.001984
593.725574	0.003667	0.007634	-0.001984
594.066407	0.001682	0.008043	-0.003181
594.407191	0.002709	0.009856	-0.003574
594.747926	0.001662	0.009085	-0.003712
595.088612	0.002202	0.007521	-0.002659
595.429249	0.001140	0.007047	-0.002954
595.769838	0.003293	0.011053	-0.003880
596.110377	0.001087	0.008966	-0.003940
596.450868	0.001097	0.008039	-0.003471
596.791309	0.001637	0.009130	-0.003747
597.131702	0.001664	0.006112	-0.002224
597.472046	0.002434	0.007936	-0.002751
597.812341	0.002602	0.010864	-0.004131
598.152587	0.004338	0.012216	-0.003939
598.492784	0.000879	0.011562	-0.005341
598.832933	0.001598	0.010351	-0.004377
599.173032	0.002309	0.009902	-0.003797
599.513082	0.001943	0.009020	-0.003538
599.853083	0.002642	0.006492	-0.001925
600.193035	0.002710	0.008235	-0.002763
600.532939	0.002850	0.008655	-0.002902
600.872793	0.002869	0.009314	-0.003222
601.212598	0.004424	0.008090	-0.001833
601.552354	0.002144	0.008843	-0.003349
601.892061	0.001733	0.010653	-0.004460
602.231719	0.002200	0.009091	-0.003446
602.571328	0.002810	0.009172	-0.003181
602.910888	0.001750	0.011465	-0.004858
603.250399	0.002576	0.010552	-0.003988
603.589860	0.004700	0.010039	-0.002669
603.929273	0.000609	0.010810	-0.005101
604.268636	0.002684	0.007939	-0.002628
604.607951	0.000701	0.012162	-0.005731
604.947216	0.000153	0.009168	-0.004507
605.286432	0.002374	0.008927	-0.003277
605.625599	0.000024	0.012133	-0.006054
605.964717	0.002620	0.010094	-0.003737
606.303785	0.003491	0.008165	-0.002337
606.642805	0.002917	0.008219	-0.002651
606.981775	0.005000	0.007900	-0.001450
607.320696	0.002277	0.009048	-0.003385
607.659567	0.003332	0.011636	-0.004152
607.998390	0.000849	0.009084	-0.004118
608.337163	0.000541	0.008672	-0.004065
608.675887	0.003764	0.012116	-0.004176
609.014562	0.001291	0.008431	-0.003570
609.353187	0.000998	0.009090	-0.004046
609.691764	0.003398	0.010930	-0.003766
610.030290	0.002759	0.009754	-0.003497
610.368768	-0.000297	0.008798	-0.004548
610.707196	0.001589	0.010513	-0.004462
611.045575	0.001796	0.007657	-0.002930
611.383905	0.001786	0.010431	-0.004323
611.722185	0.001319	0.009292	-0.003987
612.060416	-0.000186	0.012166	-0.006176
612.398598	0.000588	0.007356	-0.003384
612.736730	0.000998	0.008208	-0.003605
613.074813	0.002289	0.011297	-0.004504
613.412847	0.000860	0.007460	-0.003300
613.750831	0.002713	0.008900	-0.003093
614.088765	0.001478	0.008126	-0.003324
614.426651	0.001384	0.010009	-0.004312
614.764486	-0.000007	0.009550	-0.004778
615.102273	0.001601	0.009593	-0.003996
615.440010	0.003663	0.009763	-0.003050
615.777697	0.002121	0.009020	-0.003449
616.115335	0.002932	0.010522	-0.003795
616.452924	0.002672	0.012287	-0.004807
616.790463	0.002819	0.011599	-0.004390
617.127952	0.004111	0.009848	-0.002868
617.465392	0.001207	0.009067	-0.003930
617.802783	0.000974	0.011191	-0.005108
618.140124	-0.001613	0.010127	-0.005870
618.477415	-0.000479	0.011478	-0.005978
618.814657	0.000784	0.010691	-0.004953
619.151850	-0.000314	0.010962	-0.005638
619.488992	0.001004	0.012291	-0.005643
619.826086	0.001209	0.011039	-0.004915
620.163129	0.004015	0.012823	-0.004404
620.500123	0.004608	0.011554	-0.003473
620.837068	0.002042	0.005065	-0.001512
621.173962	0.004126	0.006518	-0.001196
621.510808	0.003489	0.008671	-0.002591
621.847603	0.000164	0.008589	-0.004212
622.184349	0.000688	0.008568	-0.003940
622.521045	0.004346	0.010451	-0.003052
622.857692	0.003491	0.007380	-0.001945
623.194289	0.000962	0.009117	-0.004078
623.530836	0.002192	0.011154	-0.004481
623.867333	0.001785	0.009051	-0.003633
624.203781	-0.000109	0.011158	-0.005633
624.540179	0.002262	0.008891	-0.003314
624.876527	-0.000788	0.007366	-0.004077
625.212826	0.001598	0.010856	-0.004629
625.549075	0.001471	0.009790	-0.004160
625.885274	0.002121	0.010809	-0.004344
626.221423	0.000507	0.006686	-0.003090
626.557523	0.004247	0.010332	-0.003042
626.893572	0.002501	0.008132	-0.002815
627.229572	-0.000181	0.008112	-0.004146
627.565522	0.001233	0.011544	-0.005156
627.901423	0.001805	0.008687	-0.003441
628.237273	0.004267	0.009940	-0.002837
628.573074	0.004407	0.009618	-0.002605
628.908825	0.005181	0.008845	-0.001832
629.244526	0.001667	0.008828	-0.003580
629.580177	0.000368	0.010554	-0.005093
629.915778	0.001805	0.008527	-0.003361
630.251329	0.002351	0.009779	-0.003714
630.586830	0.001366	0.008584	-0.003609
630.922282	0.001821	0.010742	-0.004461
631.257683	0.001878	0.008317	-0.003220
631.593035	0.002994	0.011670	-0.004338
631.928337	0.001921	0.009334	-0.003706
632.263588	0.002353	0.011355	-0.004501
632.598790	0.000550	0.009300	-0.004375
632.933942	0.002817	0.010371	-0.003777
633.269044	0.002925	0.011050	-0.004062
633.604096	-0.000269	0.010511	-0.005390
633.939098	0.000588	0.008060	-0.003736
634.274049	0.003036	0.009832	-0.003398
634.608951	0.001036	0.006874	-0.002919
634.943803	0.001905	0.008635	-0.003365
635.278605	0.000787	0.009269	-0.004241
635.613356	0.001985	0.008264	-0.003140
635.948058	0.002428	0.008316	-0.002944
636.282710	-0.000511	0.010157	-0.005334
636.617311	0.001418	0.008409	-0.003495
636.951862	0.002137	0.009117	-0.003490
637.286364	0.002356	0.010673	-0.004159
637.620815	0.001624	0.011309	-0.004842
637.955216	0.001107	0.007866	-0.003380
638.289567	0.002510	0.010967	-0.004228
638.623868	0.000924	0.012686	-0.005881
638.958118	0.000771	0.009002	-0.004115
639.292319	0.003374	0.008244	-0.002435
639.626469	0.001969	0.011422	-0.004727
639.960569	0.003155	0.009678	-0.003261
640.294619	0.002370	0.009862	-0.003746
640.628619	-0.000307	0.009596	-0.004952
640.962568	0.004830	0.010694	-0.002932
641.296468	0.002269	0.010033	-0.003882
641.630317	0.001298	0.008646	-0.003674
641.964116	0.000101	0.011131	-0.005515
642.297864	0.002368	0.011266	-0.004449
642.631563	0.003395	0.010920	-0.003762
642.965211	0.002616	0.008700	-0.003042
643.298808	0.001102	0.013170	-0.006034
643.632356	0.003006	0.010773	-0.003884
643.965853	0.001727	0.009409	-0.003841
644.299300	0.001791	0.009374	-0.003791
644.632697	0.001673	0.011098	-0.004713
644.966043	0.000867	0.009689	-0.004411
645.299339	0.001029	0.008920	-0.003946
645.632584	0.003959	0.010294	-0.003167
645.965779	0.000204	0.012330	-0.006063
646.298924	0.002633	0.009565	-0.003466
646.632019	0.004068	0.011055	-0.003494
646.965063	0.004330	0.012786	-0.004228
647.298056	0.003160	0.010048	-0.003444
647.630999	0.004499	0.012531	-0.004016
647.963892	0.002890	0.012734	-0.004922
648.296735	0.001858	0.012802	-0.005472
648.629527	0.000543	0.010029	-0.004743
648.962268	0.000872	0.010295	-0.004711
649.294959	0.000386	0.009363	-0.004488
649.627600	0.001604	0.011145	-0.004771
649.960190	-0.000596	0.011350	-0.005973
650.292729	0.000760	0.011899	-0.005569
650.625218	0.003528	0.010563	-0.003518
650.957657	0.003999	0.009967	-0.002984
651.290045	0.004005	0.011717	-0.003856
651.622383	0.004243	0.009441	-0.002599
651.954669	0.003681	0.007948	-0.002134
652.286906	0.002142	0.009506	-0.003682
652.619092	0.002560	0.013796	-0.005618
652.951227	0.004262	0.011942	-0.003840
653.283312	0.004456	0.009941	-0.002743
653.615346	0.002530	0.010667	-0.004068
653.947329	0.002350	0.011314	-0.004482
654.279262	0.004036	0.008869	-0.002417
654.611145	0.002077	0.013492	-0.005708
654.942976	0.003705	0.011204	-0.003750
655.274757	0.004891	0.008371	-0.001740
655.606488	0.005246	0.009039	-0.001897
655.938167	0.003534	0.009823	-0.003144
656.269796	0.004460	0.012264	-0.003902
656.601375	0.002308	0.010643	-0.004167
656.932902	0.004515	0.009590	-0.002538
657.264379	0.003745	0.011566	-0.003911
657.595806	0.003844	0.011139	-0.003648
657.927181	0.004364	0.012341	-0.003989
658.258506	0.003324	0.008868	-0.002772
658.589780	0.004003	0.008547	-0.002272
658.921003	0.005687	0.011373	-0.002843
659.252176	0.003475	0.012465	-0.004495
659.583298	0.001692	0.009510	-0.003909
659.914369	0.003551	0.010380	-0.003414
660.245389	0.002851	0.011096	-0.004123
660.576358	0.003690	0.011093	-0.003701
660.907277	0.003414	0.011385	-0.003985
661.238145	0.004269	0.011306	-0.003518
661.568962	0.004547	0.009913	-0.002683
661.899728	0.003419	0.010750	-0.003666
662.230443	0.003726	0.010244	-0.003259
662.561107	0.003628	0.008267	-0.002319
662.891721	0.002201	0.009503	-0.003651
663.222283	0.005177	0.010616	-0.002720
663.552795	0.000851	0.012054	-0.005601
663.883256	0.002707	0.009109	-0.003201
664.213666	0.001735	0.010134	-0.004200
664.544025	0.003269	0.010113	-0.003422
664.874333	0.005984	0.010799	-0.002407
665.204590	0.004888	0.010066	-0.002589
665.534796	0.004458	0.011071	-0.003307
665.864952	0.003314	0.010566	-0.003626
666.195056	0.005953	0.009353	-0.001700
666.525109	0.004392	0.009916	-0.002762
666.855111	0.004512	0.008604	-0.002046
667.185063	0.003387	0.011130	-0.003871
667.514963	0.005530	0.010554	-0.002512
667.844812	0.005508	0.010051	-0.002272
668.174610	0.003779	0.010387	-0.003304
668.504357	0.003361	0.009158	-0.002899
668.834054	0.005701	0.010811	-0.002555
669.163699	0.007443	0.008817	-0.000687
669.493293	0.003149	0.009029	-0.002940
669.822836	0.005673	0.009508	-0.001918
670.152327	0.003935	0.010227	-0.003146
670.481768	0.006568	0.011047	-0.002239
670.811158	0.003440	0.008779	-0.002670
671.140496	0.005613	0.010375	-0.002381
671.469783	0.005491	0.010312	-0.002410
671.799020	0.005076	0.011272	-0.003098
672.128205	0.006160	0.010773	-0.002306
672.457339	0.005156	0.010380	-0.002612
672.786421	0.004126	0.010646	-0.003260
673.115453	0.003178	0.011473	-0.004148
673.444433	0.004445	0.012949	-0.004252
673.773362	0.003520	0.011278	-0.003879
674.102240	0.003547	0.011990	-0.004221
674.431067	0.005762	0.012698	-0.003468
674.759842	0.007841	0.007702	0.000069
675.088567	0.004261	0.011873	-0.003806
675.417240	0.006833	0.009155	-0.001161
675.745861	0.007756	0.009541	-0.000892
676.074432	0.002514	0.008865	-0.003175
676.402951	0.003511	0.010680	-0.003584
676.731419	0.005232	0.008384	-0.001576
677.059835	0.005351	0.011628	-0.003138
677.388201	0.005718	0.010032	-0.002157
677.716515	0.005116	0.008670	-0.001777
678.044777	0.003745	0.011011	-0.003633
678.372988	0.006743	0.010025	-0.001641
678.701148	0.002468	0.014800	-0.006166
679.029257	0.002580	0.010379	-0.003900
679.357314	0.007765	0.009857	-0.001046
679.685320	0.005355	0.010565	-0.002605
680.013274	0.006485	0.010454	-0.001985
680.341177	0.001795	0.008893	-0.003549
680.669029	0.008346	0.009535	-0.000595
680.996829	0.009085	0.009679	-0.000297
681.324578	0.005692	0.012574	-0.003441
681.652275	0.004496	0.008924	-0.002214
681.979921	0.006554	0.011812	-0.002629
682.307515	0.004147	0.007870	-0.001862
682.635058	0.003834	0.013304	-0.004735
682.962550	0.003578	0.011483	-0.003953
683.289989	0.008723	0.010020	-0.000649
683.617378	0.006672	0.011303	-0.002316
683.944715	0.009024	0.010887	-0.000931
684.272000	0.007757	0.011005	-0.001624
684.599234	0.005155	0.013249	-0.004047
684.926416	0.007810	0.009777	-0.000983
685.253547	0.007754	0.011799	-0.002022
685.580626	0.006454	0.011271	-0.002408
685.907654	0.006096	0.011682	-0.002793
686.234630	0.007114	0.010095	-0.001491
686.561554	0.008942	0.010266	-0.000662
686.888427	0.006917	0.010551	-0.001817
687.215248	0.007335	0.010918	-0.001792
687.542018	0.005882	0.010214	-0.002166
687.868736	0.004191	0.011791	-0.003800
688.195402	0.006318	0.012451	-0.003066
688.522017	0.006688	0.013993	-0.003652
688.848580	0.008516	0.014359	-0.002922
689.175091	0.008209	0.009780	-0.000785
689.501551	0.005544	0.011730	-0.003093
689.827959	0.010166	0.010260	-0.000047
690.154315	0.007028	0.012945	-0.002958
690.480620	0.008721	0.009917	-0.000598
690.806873	0.004471	0.011926	-0.003728
691.133074	0.006455	0.011366	-0.002456
691.459223	0.007802	0.013447	-0.002822
691.785321	0.008182	0.012006	-0.001912
692.111367	0.007639	0.013110	-0.002735
692.437361	0.011954	0.008416	0.001769
692.763303	0.008347	0.010147	-0.000900
693.089193	0.004286	0.009751	-0.002732
693.415032	0.004878	0.012047	-0.003584
693.740819	0.003762	0.012262	-0.004250
694.066554	0.007561	0.008987	-0.000713
694.392237	0.010444	0.009698	0.000373
694.717869	0.006192	0.008923	-0.001366
695.043448	0.008611	0.010162	-0.000775
695.368976	0.009568	0.012841	-0.001636
695.694452	0.010036	0.013004	-0.001484
696.019876	0.006398	0.010082	-0.001842
696.345248	0.004088	0.007458	-0.001685
696.670568	0.008329	0.010488	-0.001079
696.995836	0.008439	0.011845	-0.001703
697.321052	0.006656	0.010603	-0.001974
697.646216	0.008955	0.011264	-0.001154
697.971329	0.009428	0.011963	-0.001268
698.296389	0.012541	0.012754	-0.000106
698.621398	0.009255	0.012868	-0.001806
698.946354	0.009890	0.011891	-0.001001
699.271259	0.007314	0.011765	-0.002225
699.596111	0.009563	0.011549	-0.000993
699.920912	0.008304	0.011159	-0.001428
700.245660	0.009299	0.008035	0.000632
700.570357	0.010266	0.010596	-0.000165
700.895001	0.010388	0.009255	0.000566
701.219594	0.006849	0.010504	-0.001827
701.544134	0.007534	0.010240	-0.001353
701.868622	0.010118	0.012203	-0.001042
702.193059	0.011931	0.012097	-0.000083
702.517443	0.009559	0.011740	-0.001091
702.841775	0.008980	0.012000	-0.001510
703.166055	0.008855	0.008276	0.000289
703.490283	0.012064	0.008830	0.001617
703.814458	0.010629	0.010463	0.000083
704.138582	0.007856	0.013544	-0.002844
704.462653	0.011803	0.011530	0.000137
704.786673	0.007397	0.012758	-0.002681
705.110640	0.009553	0.010972	-0.000709
705.434555	0.010236	0.013699	-0.001731
705.758417	0.010963	0.012075	-0.000556
706.082228	0.012274	0.012922	-0.000324
706.405986	0.008262	0.011790	-0.001764
706.729692	0.008570	0.015532	-0.003481
707.053346	0.012041	0.013228	-0.000593
707.376948	0.011100	0.009632	0.000734
707.700497	0.010687	0.011022	-0.000167
708.023995	0.011570	0.014191	-0.001310
708.347439	0.006991	0.013340	-0.003175
708.670832	0.009559	0.013366	-0.001903
708.994173	0.007442	0.011734	-0.002146
709.317461	0.011512	0.009658	0.000927
709.640696	0.007916	0.011149	-0.001616
709.963880	0.007427	0.010109	-0.001341
710.287011	0.008564	0.012608	-0.002022
710.610090	0.013886	0.011408	0.001239
710.933116	0.010431	0.009745	0.000343
711.256090	0.010671	0.010651	0.000010
711.579012	0.009198	0.011439	-0.001120
711.901881	0.011360	0.013114	-0.000877
712.224698	0.010313	0.011035	-0.000361
712.547463	0.009883	0.011331	-0.000724
712.870175	0.009136	0.011427	-0.001146
713.192835	0.009962	0.010745	-0.000391
713.515442	0.009931	0.011353	-0.000711
713.837997	0.012267	0.012247	0.000010
714.160499	0.011270	0.010125	0.000572
714.482949	0.009259	0.011970	-0.001356
714.805347	0.011782	0.011178	0.000302
715.127692	0.009661	0.012510	-0.001425
715.449985	0.010215	0.014343	-0.002064
715.772225	0.010338	0.013034	-0.001348
716.094412	0.007546	0.013683	-0.003069
716.416547	0.010262	0.013720	-0.001729
716.738630	0.013200	0.012592	0.000304
717.060660	0.012549	0.012608	-0.000029
717.382637	0.010613	0.009804	0.000405
717.704562	0.014460	0.012043	0.001209
718.026435	0.010427	0.009018	0.000705
718.348254	0.011020	0.012025	-0.000502
718.670022	0.011896	0.010450	0.000723
718.991736	0.010904	0.009877	0.000514
719.313398	0.010079	0.008342	0.000869
719.635008	0.007171	0.011561	-0.002195
719.956564	0.011976	0.013239	-0.000632
720.278068	0.009563	0.011385	-0.000911
720.599520	0.013282	0.011321	0.000981
720.920919	0.009581	0.010271	-0.000345
721.242265	0.011105	0.012636	-0.000765
721.563558	0.011815	0.013735	-0.000960
721.884799	0.012719	0.011795	0.000462
722.205987	0.017383	0.010626	0.003379
722.527123	0.006973	0.011658	-0.002342
722.848205	0.008246	0.012744	-0.002249
723.169235	0.013532	0.011040	0.001246
723.490212	0.007736	0.013442	-0.002853
723.811137	0.013008	0.011894	0.000557
724.132009	0.012284	0.012464	-0.000090
724.452828	0.014605	0.011662	0.001472
724.773594	0.011192	0.010538	0.000327
725.094307	0.012732	0.012671	0.000030
725.414968	0.014034	0.008779	0.002628
725.735576	0.010223	0.007129	0.001547
726.056131	0.016513	0.013816	0.001348
726.376633	0.010222	0.014224	-0.002001
726.697082	0.011639	0.010584	0.000528
727.017478	0.016156	0.010235	0.002961
727.337822	0.010624	0.009356	0.000634
727.658113	0.013112	0.010459	0.001327
727.978351	0.011565	0.014801	-0.001618
728.298536	0.009739	0.009241	0.000249
728.618668	0.013297	0.012222	0.000537
728.938747	0.012576	0.009277	0.001649
729.258773	0.012836	0.013086	-0.000125
729.578747	0.015617	0.011193	0.002212
729.898667	0.012598	0.012818	-0.000110
730.218534	0.013709	0.014143	-0.000217
730.538349	0.012225	0.011544	0.000341
730.858111	0.008988	0.013632	-0.002322
731.177819	0.015218	0.011864	0.001677
731.497475	0.012837	0.012609	0.000114
731.817077	0.013004	0.009776	0.001614
732.136627	0.011725	0.010385	0.000670
732.456123	0.014244	0.010533	0.001856
732.775567	0.011446	0.014520	-0.001537
733.094958	0.011819	0.015110	-0.001646
733.414295	0.011404	0.009934	0.000735
733.733579	0.012277	0.013163	-0.000443
734.052811	0.010317	0.012688	-0.001186
734.371989	0.010789	0.010559	0.000115
734.691114	0.014091	0.010014	0.002038
735.010186	0.013744	0.011584	0.001080
735.329205	0.011695	0.009833	0.000931
735.648171	0.015312	0.009496	0.002908
735.967084	0.013823	0.012607	0.000608
736.285944	0.012617	0.013331	-0.000357
736.604750	0.014877	0.014315	0.000281
736.923503	0.012804	0.012749	0.000027
737.242203	0.013796	0.013451	0.000173
737.560850	0.013088	0.008641	0.002224
737.879444	0.011480	0.010231	0.000625
738.197985	0.012833	0.015044	-0.001105
738.516472	0.011202	0.016566	-0.002682
738.834906	0.012992	0.010672	0.001160
739.153287	0.012682	0.012312	0.000185
739.471615	0.011464	0.009236	0.001114
739.789889	0.012959	0.014493	-0.000767
740.108111	0.016751	0.010615	0.003068
740.426279	0.009222	0.014792	-0.002785
740.744393	0.012580	0.011052	0.000764
741.062455	0.015581	0.011994	0.001793
741.380463	0.010155	0.012447	-0.001146
741.698417	0.012016	0.013408	-0.000696
742.016319	0.012739	0.008764	0.001988
742.334167	0.016253	0.009575	0.003339
742.651962	0.014834	0.010571	0.002131
742.969703	0.014856	0.011384	0.001736
743.287391	0.012894	0.011312	0.000791
743.605026	0.016490	0.013659	0.001415
743.922607	0.011416	0.016596	-0.002590
744.240135	0.012738	0.013259	-0.000260
744.557610	0.016607	0.016206	0.000200
744.875031	0.014802	0.014378	0.000212
745.192399	0.015594	0.011466	0.002064
745.509713	0.012701	0.012930	-0.000115
745.826974	0.015470	0.013354	0.001058
746.144182	0.013649	0.010160	0.001745
746.461336	0.015345	0.012514	0.001415
746.778436	0.019046	0.010604	0.004221
747.095483	0.016805	0.013521	0.001642
747.412477	0.013504	0.014952	-0.000724
747.729417	0.015767	0.012061	0.001853
748.046303	0.015576	0.010190	0.002693
748.363136	0.013544	0.012968	0.000288
748.679916	0.014560	0.007460	0.003550
748.996642	0.013042	0.009616	0.001713
749.313314	0.015227	0.010858	0.002184
749.629933	0.016239	0.011599	0.002320
749.946498	0.016475	0.008143	0.004166
750.263010	0.014683	0.015489	-0.000403
750.579468	0.011612	0.013663	-0.001025
750.895873	0.014763	0.013449	0.000657
751.212224	0.011855	0.012889	-0.000517
751.528521	0.011396	0.010545	0.000425
751.844765	0.016200	0.009898	0.003151
752.160955	0.014526	0.011918	0.001304
752.477091	0.014244	0.010744	0.001750
752.793174	0.012002	0.014214	-0.001106
753.109203	0.012720	0.010682	0.001019
753.425178	0.015808	0.010256	0.002776
753.741100	0.017236	0.017389	-0.000077
754.056968	0.014893	0.007257	0.003818
754.372783	0.015021	0.011188	0.001916
754.688543	0.015209	0.008569	0.003320
755.004250	0.015406	0.014277	0.000564
755.319903	0.017446	0.010292	0.003577
755.635503	0.015821	0.012484	0.001669
755.951048	0.011732	0.015775	-0.002021
756.266540	0.014875	0.011588	0.001644
756.581978	0.017812	0.012367	0.002722
756.897363	0.016927	0.009750	0.003589
757.212693	0.016896	0.012744	0.002076
757.527970	0.013992	0.010162	0.001915
757.843193	0.012291	0.012177	0.000057
758.158362	0.014092	0.012354	0.000869
758.473477	0.019337	0.010948	0.004194
758.788538	0.017258	0.013570	0.001844
759.103546	0.016441	0.012998	0.001721
759.418499	0.018805	0.013014	0.002896
759.733399	0.014175	0.014771	-0.000298
760.048245	0.014090	0.013367	0.000362
760.363037	0.014678	0.011638	0.001520
760.677775	0.014722	0.011641	0.001540
760.992459	0.015909	0.009227	0.003341
761.307090	0.016342	0.010593	0.002874
761.621666	0.011423	0.012661	-0.000619
761.936188	0.013707	0.012231	0.000738
762.250657	0.015426	0.013302	0.001062
762.565071	0.014508	0.012334	0.001087
762.879432	0.016106	0.011784	0.002161
763.193738	0.017005	0.015467	0.000769
763.507991	0.013907	0.011631	0.001138
763.822189	0.014535	0.015543	-0.000504
764.136333	0.013739	0.011881	0.000929
764.450424	0.017039	0.013952	0.001543
764.764460	0.017475	0.006903	0.005286
765.078443	0.017377	0.011492	0.002943
765.392371	0.014212	0.014868	-0.000328
765.706245	0.018146	0.011579	0.003283
766.020065	0.015973	0.011164	0.002405
766.333831	0.012620	0.013313	-0.000347
766.647543	0.013541	0.017296	-0.001877
766.961201	0.017899	0.013565	0.002167
767.274805	0.015340	0.009147	0.003097
767.588354	0.015465	0.010790	0.002338
767.901850	0.019180	0.010341	0.004420
768.215291	0.013982	0.010491	0.001745
768.528678	0.018048	0.013635	0.002206
768.842011	0.012155	0.013449	-0.000647
769.155290	0.019533	0.014850	0.002342
769.468515	0.015311	0.017182	-0.000935
769.781685	0.015320	0.013971	0.000675
770.094801	0.015777	0.016875	-0.000549
770.407864	0.013115	0.010717	0.001199
770.720871	0.021284	0.015381	0.002952
771.033825	0.018498	0.006253	0.006122
771.346724	0.015404	0.010778	0.002313
771.659569	0.016267	0.014401	0.000933
771.972360	0.020756	0.013313	0.003722
772.285096	0.019751	0.012729	0.003511
772.597779	0.018368	0.012979	0.002694
772.910407	0.017741	0.013598	0.002071
773.222980	0.015496	0.010501	0.002497
773.535499	0.019789	0.012563	0.003613
773.847964	0.018041	0.016388	0.000826
774.160375	0.020425	0.018347	0.001039
774.472731	0.018668	0.015384	0.001642
774.785033	0.021426	0.010823	0.005301
775.097281	0.011714	0.013020	-0.000653
775.409474	0.020584	0.012750	0.003917
775.721613	0.017661	0.014482	0.001589
776.033697	0.019896	0.013684	0.003106
776.345727	0.016944	0.015999	0.000473
776.657702	0.014881	0.012563	0.001159
776.969624	0.013015	0.014688	-0.000836
777.281490	0.021338	0.009315	0.006012
777.593303	0.021870	0.014779	0.003545
777.905060	0.016762	0.012990	0.001886
778.216764	0.017933	0.019218	-0.000642
778.528412	0.017668	0.012840	0.002414
778.840007	0.018429	0.016652	0.000889
779.151547	0.023898	0.015407	0.004245
779.463032	0.013568	0.012299	0.000634
779.774463	0.021688	0.010592	0.005548
780.085839	0.014339	0.012949	0.000695
780.397161	0.018280	0.014881	0.001699
780.708428	0.020066	0.013615	0.003226
781.019641	0.022745	0.016518	0.003113
781.330799	0.014337	0.016655	-0.001159
781.641902	0.020665	0.016909	0.001878
781.952951	0.021742	0.015420	0.003161
782.263946	0.016927	0.017454	-0.000264
782.574885	0.015007	0.013676	0.000665
782.885770	0.017847	0.010930	0.003458
783.196601	0.023446	0.013416	0.005015
783.507377	0.019939	0.016538	0.001700
783.818098	0.021399	0.020092	0.000654
784.128764	0.019312	0.017967	0.000672
784.439376	0.016669	0.012579	0.002045
784.749933	0.021152	0.009180	0.005986
785.060436	0.016170	0.014915	0.000627
785.370884	0.012384	0.013911	-0.000763
785.681277	0.015253	0.017045	-0.000896
785.991615	0.024050	0.015683	0.004183
786.301899	0.016654	0.011278	0.002688
786.612128	0.016901	0.007066	0.004918
786.922302	0.020322	0.015741	0.002291
787.232421	0.022264	0.017897	0.002184
787.542486	0.022846	0.021437	0.000704
787.852496	0.023213	0.018982	0.002116
788.162451	0.021645	0.015291	0.003177
788.472351	0.021174	0.018039	0.001568
788.782196	0.021981	0.015956	0.003012
789.091987	0.023342	0.012377	0.005483
789.401723	0.022599	0.013743	0.004428
789.711404	0.016830	0.014901	0.000964
790.021030	0.020095	0.015997	0.002049
790.330601	0.016746	0.021836	-0.002545
790.640117	0.021482	0.016402	0.002540
790.949579	0.026868	0.012414	0.007227
791.258985	0.024442	0.018387	0.003027
791.568337	0.022153	0.020199	0.000977
791.877634	0.017691	0.012502	0.002595
792.186876	0.020931	0.013118	0.003907
792.496063	0.023079	0.011641	0.005719
792.805195	0.021773	0.017114	0.002329
793.114272	0.020553	0.015831	0.002361
793.423294	0.012631	0.016034	-0.001701
793.732261	0.020086	0.017332	0.001377
794.041173	0.015087	0.015940	-0.000426
794.350030	0.021738	0.015102	0.003318
794.658833	0.022283	0.017419	0.002432
794.967580	0.014911	0.015649	-0.000369
795.276272	0.022875	0.011106	0.005884
795.584909	0.023239	0.013843	0.004698
795.893491	0.021338	0.024643	-0.001653
796.202018	0.021828	0.016862	0.002483
796.510490	0.024114	0.014898	0.004608
796.818907	0.024100	0.015214	0.004443
797.127269	0.018843	0.016764	0.001039
797.435576	0.021111	0.013502	0.003805
797.743827	0.022667	0.006412	0.008128
798.052024	0.018437	0.023455	-0.002509
798.360165	0.021117	0.018087	0.001515
798.668251	0.022049	0.012462	0.004794
798.976283	0.018929	0.017176	0.000877
799.284259	0.017932	0.017113	0.000409
799.592179	0.023910	0.015768	0.004071
799.900045	0.033922	0.017930	0.007996
800.207855	0.026071	0.015639	0.005216
800.515611	0.020481	0.019516	0.000483
800.823311	0.020958	0.010797	0.005080
801.130956	0.013996	0.012680	0.000658
801.438545	0.015074	0.012116	0.001479
801.746080	0.023392	0.019050	0.002171
802.053559	0.020170	0.018349	0.000911
802.360983	0.017480	0.020316	-0.001418
802.668352	0.017965	0.011822	0.003071
802.975665	0.017548	0.021188	-0.001820
803.282923	0.023737	0.019107	0.002315
803.590126	0.021863	0.015202	0.003331
803.897274	0.023245	0.019018	0.002114
804.204366	0.021058	0.018052	0.001503
804.511403	0.020585	0.013924	0.003331
804.818384	0.025273	0.021957	0.001658
805.125311	0.024385	0.015646	0.004369
805.432181	0.015206	0.018345	-0.001570
805.738997	0.025338	0.018255	0.003541
806.045757	0.010973	0.014593	-0.001810
806.352462	0.024468	0.014056	0.005206
806.659111	0.021106	0.013275	0.003916
806.965705	0.020192	0.012094	0.004049
807.272244	0.037059	0.021796	0.007631
807.578727	0.022181	0.023503	-0.000661
807.885155	0.021434	0.018994	0.001220
808.191527	0.024356	0.017234	0.003561
808.497844	0.019748	0.016004	0.001872
808.804105	0.026737	0.021957	0.002390
809.110311	0.024329	0.017692	0.003319
809.416462	0.029386	0.020879	0.004253
809.722557	0.015571	0.014613	0.000479
810.028596	0.022087	0.018466	0.001811
810.334580	0.022362	0.016237	0.003063
810.640508	0.022325	0.014754	0.003785
810.946381	0.016919	0.017525	-0.000303
811.252199	0.022206	0.018365	0.001921
811.557961	0.013292	0.024176	-0.005442
811.863667	0.026417	0.023856	0.001280
812.169317	0.022826	0.022940	-0.000057
812.474913	0.030276	0.011607	0.009335
812.780452	0.021788	0.023895	-0.001054
813.085936	0.014875	0.022696	-0.003910
813.391364	0.021101	0.023315	-0.001107
813.696737	0.018823	0.016949	0.000937
814.002054	0.026747	0.014534	0.006107
814.307315	0.030210	0.015513	0.007349
814.612521	0.024855	0.014935	0.004960
814.917671	0.014459	0.020682	-0.003111
815.222766	0.024958	0.017330	0.003814
815.527804	0.024671	0.019720	0.002476
815.832787	0.031279	0.026314	0.002483
816.137715	0.019605	0.024928	-0.002661
816.442586	0.023023	0.027139	-0.002058
816.747402	0.026880	0.020516	0.003182
817.052162	0.018503	0.018148	0.000178
817.356867	0.021978	0.013172	0.004403
817.661516	0.020036	0.019127	0.000454
817.966109	0.030613	0.015640	0.007487
818.270646	0.027547	0.018911	0.004318
818.575127	0.023292	0.034378	-0.005543
818.879553	0.020137	0.025354	-0.002608
819.183922	0.025069	0.024582	0.000244
819.488236	0.011468	0.020953	-0.004742
819.792495	0.021446	0.018046	0.001700
820.096697	0.025043	0.020835	0.002104
820.400843	0.029783	0.010276	0.009753
820.704934	0.028381	0.022228	0.003076
821.008969	0.023293	0.016386	0.003453
821.312948	0.026142	0.017235	0.004453
821.616871	0.024293	0.009610	0.007342
821.920738	0.017239	0.021636	-0.002198
822.224549	0.024725	0.014835	0.004945
822.528305	0.023730	0.010006	0.006862
822.832004	0.023484	0.013217	0.005134
823.135647	0.027883	0.018955	0.004464
823.439235	0.033966	0.018613	0.007677
823.742767	0.032263	0.022831	0.004716
824.046242	0.024392	0.012934	0.005729
824.349662	0.027034	0.011002	0.008016
824.653026	0.025052	0.027273	-0.001110
824.956333	0.036252	0.027449	0.004401
825.259585	0.020152	0.022061	-0.000955
825.562781	0.029749	0.024842	0.002453
825.865920	0.029760	0.020220	0.004770
826.169004	0.020628	0.028360	-0.003866
826.472031	0.021625	0.021518	0.000054
826.775003	0.025260	0.025781	-0.000261
827.077918	0.030331	0.024388	0.002971
827.380778	0.024328	0.018559	0.002884
827.683581	0.024530	0.020919	0.001805
827.986328	0.032758	0.021611	0.005574
828.289019	0.019412	0.024910	-0.002749
828.591654	0.027932	0.028589	-0.000328
828.894233	0.025566	0.013147	0.006209
829.196756	0.028297	0.023510	0.002393
829.499223	0.020014	0.025914	-0.002950
829.801633	0.029607	0.013445	0.008081
830.103988	0.026763	0.017450	0.004657
830.406286	0.026140	0.017344	0.004398
830.708528	0.018965	0.021402	-0.001219
831.010713	0.025764	0.022915	0.001425
831.312843	0.029561	0.027647	0.000957
831.614916	0.010880	0.017721	-0.003420
831.916933	0.015112	0.028019	-0.006454
832.218894	0.035797	0.011552	0.012122
832.520799	0.021431	0.022306	-0.000438
832.822647	0.033849	0.026945	0.003452
833.124440	0.031096	0.027261	0.001918
833.426175	0.045027	0.030633	0.007197
833.727855	0.033876	0.017502	0.008187
834.029478	0.023879	0.025343	-0.000732
834.331045	0.012550	0.020991	-0.004221
834.632556	0.031300	0.025495	0.002902
834.934010	0.026727	0.023269	0.001729
835.235408	0.025550	0.021948	0.001801
835.536750	0.025889	0.025987	-0.000049
835.838035	0.024621	0.025017	-0.000198
836.139264	0.018996	0.021629	-0.001317
836.440437	0.022221	0.035385	-0.006582
836.741553	0.020824	0.023713	-0.001445
837.042613	0.030748	0.020084	0.005332
837.343616	0.033780	0.026277	0.003752
837.644563	0.024482	0.021804	0.001339
837.945454	0.030599	0.015873	0.007363
838.246288	0.038735	0.015250	0.011742
838.547066	0.024024	0.017067	0.003478
838.847787	0.028921	0.020529	0.004196
839.148452	0.028990	0.031138	-0.001074
839.449060	0.045456	0.020649	0.012403
839.749612	0.031236	0.019744	0.005746
840.050108	0.030131	0.029202	0.000465
840.350547	0.016850	0.030104	-0.006627
840.650929	0.026950	0.022895	0.002028
840.951255	0.022260	0.028576	-0.003158
841.251524	0.049206	0.018778	0.015214
841.551737	0.021706	0.029485	-0.003889
841.851893	0.033023	0.030548	0.001238
842.151993	0.025064	0.030114	-0.002525
842.452036	0.032416	0.037243	-0.002413
842.752022	0.039114	0.025171	0.006971
843.051952	0.023539	0.026491	-0.001476
843.351825	0.017439	0.020152	-0.001357
843.651642	0.027886	0.023054	0.002416
843.951402	0.035413	0.019682	0.007865
844.251106	0.023912	0.017172	0.003370
844.550752	0.030296	0.021422	0.004437
844.850343	0.020939	0.026315	-0.002688
845.149876	0.036199	0.019271	0.008464
845.449353	0.048799	0.034232	0.007283
845.748773	0.033741	0.023848	0.004947
846.048136	0.038578	0.024429	0.007074
846.347443	0.026121	0.021198	0.002462
846.646693	0.022118	0.037379	-0.007631
846.945886	0.035001	0.024068	0.005466
847.245023	0.035215	0.017478	0.008868
847.544103	0.026639	0.015957	0.005341
847.843126	0.031442	0.023146	0.004148
848.142092	0.038884	0.028893	0.004996
848.441002	0.032466	0.026997	0.002734
848.739854	0.037854	0.027152	0.005351
849.038650	0.025772	0.019929	0.002921
849.337390	0.017232	0.036474	-0.009621
849.636072	0.035586	0.033422	0.001082
849.934697	0.030266	0.029461	0.000402
850.233266	0.026298	0.015302	0.005498
850.531778	0.033837	0.031752	0.001043
850.830233	0.022034	0.035109	-0.006537
851.128631	0.024114	0.028493	-0.002189
851.426972	0.033314	0.039218	-0.002952
851.725257	0.020243	0.018129	0.001057
852.023484	0.042359	0.015066	0.013647
852.321655	0.035696	0.022736	0.006480
852.619768	0.022181	0.017672	0.002254
852.917825	0.034697	0.024252	0.005222
853.215825	0.029221	0.025510	0.001856
853.513768	0.032566	0.025099	0.003734
853.811654	0.029912	0.033061	-0.001574
854.109483	0.037397	0.028304	0.004547
854.407255	0.028305	0.037907	-0.004801
854.704970	0.026524	0.024464	0.001030
855.002628	0.031340	0.046489	-0.007575
855.300229	0.034406	0.044976	-0.005285
855.597773	0.040545	0.019577	0.010484
855.895260	0.024426	0.026517	-0.001045
856.192690	0.037014	0.022869	0.007072
856.490063	0.032260	0.029162	0.001549
856.787378	0.023910	0.027710	-0.001900
857.084637	0.025005	0.023418	0.000794
857.381839	0.030022	0.036414	-0.003196
857.678984	0.029329	-0.000774	0.015051
857.976071	0.029389	0.023277	0.003056
858.273101	0.039379	0.032405	0.003487
858.570075	0.034339	0.029866	0.002236
858.866991	0.032984	0.023910	0.004537
859.163850	0.021814	0.021931	-0.000058
859.460652	0.034280	0.030267	0.002006
859.757397	0.018896	0.013618	0.002639
860.054084	0.039155	0.008275	0.015440
860.350715	0.030364	0.022712	0.003826
860.647288	0.012198	0.013952	-0.000877
860.943804	0.012401	0.029081	-0.008340
861.240263	0.043521	0.026089	0.008716
861.536665	0.018288	0.014480	0.001904
861.833009	0.047434	0.030024	0.008705
862.129296	0.042191	0.022061	0.010065
862.425526	0.023103	0.020953	0.001075
862.721699	0.031781	0.038311	-0.003265
863.017814	0.052352	0.032705	0.009824
863.313872	0.020618	0.020026	0.000296
863.609873	0.054787	0.024585	0.015101
863.905817	0.035180	0.042067	-0.003443
864.201703	0.040086	0.029592	0.005247
864.497532	0.032073	0.053162	-0.010545
864.793304	0.047478	0.038970	0.004254
865.089018	0.047227	0.010283	0.018472
865.384675	0.042765	0.028527	0.007119
865.680274	0.046912	0.025845	0.010533
865.975817	0.018851	0.036453	-0.008801
866.271302	0.025425	0.041379	-0.007977
866.566729	0.027285	0.039139	-0.005927
866.862099	0.033850	0.029327	0.002262
867.157412	0.062592	0.044358	0.009117
867.452667	0.043561	0.050589	-0.003514
867.747865	0.043307	0.033320	0.004993
868.043005	0.033582	0.034436	-0.000427
868.338088	0.034158	0.017317	0.008421
868.633114	0.053785	0.030971	0.011407
868.928082	0.061974	0.039549	0.011213
869.222993	0.042258	0.023593	0.009333
869.517846	0.037888	0.036343	0.000773
869.812641	0.034350	0.035574	-0.000612
870.107379	0.050515	0.018237	0.016139
870.402060	0.019608	0.017134	0.001237
870.696683	0.032974	0.015142	0.008916
870.991248	0.054658	0.047212	0.003723
871.285756	0.039024	0.002663	0.018180
871.580207	0.035564	0.063620	-0.014028
871.874600	0.040794	0.034812	0.002991
872.168935	0.054455	0.023907	0.015274
872.463213	0.040773	0.036876	0.001948
872.757433	0.055184	0.025458	0.014863
873.051595	0.037691	0.043098	-0.002703
873.345700	0.038901	0.012087	0.013407
873.639748	0.036357	0.036037	0.000160
873.933737	0.029790	0.042561	-0.006386
874.227669	0.019445	0.036978	-0.008766
874.521544	0.043345	0.016793	0.013276
874.815360	0.040537	0.025584	0.007476
875.109119	0.045736	0.029420	0.008158
875.402821	0.055050	0.021394	0.016828
875.696464	0.045845	0.042502	0.001671
875.990050	0.047529	0.037039	0.005245
876.283578	0.050232	0.048501	0.000865
876.577049	0.007915	0.014527	-0.003306
876.870462	0.028484	0.048648	-0.010082
877.163817	0.010540	0.043516	-0.016488
877.457114	0.056378	0.023969	0.016204
877.750353	0.078188	0.047559	0.015314
878.043535	0.033907	0.041288	-0.003691
878.336659	0.016130	0.032785	-0.008327
878.629725	0.040527	0.040246	0.000140
878.922733	0.035825	0.044193	-0.004184
879.215684	0.034703	0.045661	-0.005479
879.508577	0.031770	0.034500	-0.001365
879.801411	0.036805	0.041317	-0.002256
880.094189	0.053514	0.030547	0.011483
880.386908	0.040610	0.050976	-0.005183
880.679569	0.070949	0.046698	0.012125
880.972172	0.042824	0.050401	-0.003788
881.264718	0.069594	0.019764	0.024915
881.557206	0.056283	0.047465	0.004409
881.849635	0.043895	0.042198	0.000849
882.142007	0.036787	0.036072	0.000358
882.434321	0.030390	0.054138	-0.011874
882.726577	0.039273	0.054554	-0.007641
883.018775	0.080007	0.019883	0.030062
883.310915	0.043593	0.013100	0.015247
883.602997	0.020286	0.030841	-0.005278
883.895021	0.068850	0.019537	0.024657
884.186987	0.063018	0.052871	0.005073
884.478896	0.033465	0.048270	-0.007402
884.770746	0.045926	0.025692	0.010117
885.062538	0.027415	0.070990	-0.021788
885.354272	0.040811	0.047865	-0.003527
885.645948	0.046351	0.059958	-0.006803
885.937566	0.045438	0.052869	-0.003715
886.229126	0.050621	0.026175	0.012223
886.520628	0.020288	0.034291	-0.007001
886.812072	0.038317	0.057077	-0.009380
887.103458	0.066149	0.035811	0.015169
887.394785	0.067529	0.030353	0.018588
887.686055	0.070126	0.051456	0.009335
887.977266	0.065031	0.015937	0.024547
888.268420	0.036775	0.003905	0.016435
888.559515	0.029593	0.041211	-0.005809
888.850552	0.014977	0.040075	-0.012549
889.141531	0.059877	0.043441	0.008218
889.432451	0.057810	0.051679	0.003066
889.723314	0.045031	0.060742	-0.007856
890.014118	0.018569	0.047896	-0.014663
890.304864	0.044518	0.062242	-0.008862
890.595552	0.040883	0.042645	-0.000881
890.886182	0.038466	0.029053	0.004706
891.176754	0.006621	0.069992	-0.031686
891.467267	0.074912	0.046965	0.013973
891.757722	0.026185	0.045146	-0.009480
