189.527725	0.009144	0.009144	0.000000
189.916390	0.000757	0.000757	0.000000
190.305018	-0.712117	-0.834230	0.061056
190.693607	-0.704361	-0.900999	0.098319
191.082159	-0.803249	-1.436494	0.316623
191.470673	-0.789104	-0.786309	-0.001397
191.859149	-0.487784	-0.700082	0.106149
192.247587	-0.862486	-0.682476	-0.090005
192.635988	-0.578593	-0.535766	-0.021413
193.024351	-0.714680	-0.504629	-0.105026
193.412676	-0.736785	-1.563553	0.413384
193.800963	-0.810219	-0.685708	-0.062256
194.189212	-0.511086	-1.033899	0.261406
194.577423	-0.719243	-0.817399	0.049078
194.965597	-0.640727	-0.670030	0.014651
195.353732	-0.805605	-2.120139	0.657267
195.741830	-0.866619	-0.637690	-0.114465
196.129890	-0.636231	-2.387162	0.875466
196.517911	-0.768915	-0.719638	-0.024639
196.905895	-0.520820	-0.614275	0.046727
197.293841	-0.895392	-0.763405	-0.065993
197.681749	-0.756335	-0.489648	-0.133343
198.069619	-0.672495	-1.590788	0.459147
198.457452	-0.979461	-0.868083	-0.055689
198.845246	-1.042547	-0.951325	-0.045611
199.233002	-0.944164	-0.636020	-0.154072
199.620720	-0.810696	-1.645561	0.417433
200.008400	-0.659854	-1.487429	0.413788
200.396042	-1.956752	-0.661984	-0.647384
200.783646	-0.991316	-2.151762	0.580223
201.171212	-0.437695	-0.846856	0.204581
201.558740	-0.795264	-0.958327	0.081531
201.946230	-1.549701	-0.709455	-0.420123
202.333682	-0.982784	-1.404901	0.211059
202.721096	-0.760821	-0.655072	-0.052875
203.108472	-0.624049	-1.135907	0.255929
203.495809	-0.916034	-0.777833	-0.069101
203.883109	-1.509828	-1.184813	-0.162508
204.270370	-2.136653	-0.471870	-0.832392
204.657593	-0.886227	-0.713007	-0.086610
205.044779	-0.873335	-0.722235	-0.075550
205.431926	-0.792454	-7.831933	3.519739
205.819034	-0.661361	-1.026849	0.182744
206.206105	-0.586838	-0.735445	0.074304
206.593137	-0.658849	-0.859931	0.100541
206.980132	-1.775577	-0.651138	-0.562219
207.367088	-0.782107	-0.718437	-0.031835
207.754006	-0.948788	-1.131566	0.091389
208.140885	-0.709585	-0.824008	0.057212
208.527727	-0.683868	-0.683719	-0.000074
208.914530	-0.552927	-0.822087	0.134580
209.301295	-0.610951	-1.022078	0.205564
209.688022	-2.803707	-0.579976	-1.111866
210.074710	-0.884767	-0.798436	-0.043166
210.461360	-1.272336	-1.188420	-0.041958
210.847972	-0.803681	-0.665136	-0.069273
211.234546	-1.325976	-0.852098	-0.236939
211.621081	-0.929328	-0.572695	-0.178316
212.007578	-0.621619	-0.752916	0.065649
212.394036	-0.630846	-1.714315	0.541735
212.780457	-1.088661	-0.593462	-0.247600
213.166839	-0.754589	-0.714599	-0.019995
213.553182	-0.959964	-1.020002	0.030019
213.939487	-3.523421	-0.836774	-1.343324
214.325754	-0.702016	-0.707808	0.002896
214.711983	-1.046099	-0.635529	-0.205285
215.098173	-0.946087	-0.608912	-0.168588
215.484324	-0.789363	-1.278034	0.244336
215.870437	-0.418927	-1.256294	0.418684
216.256512	-0.828929	-0.819708	-0.004611
216.642548	-0.600552	35.704306	-18.152429
217.028546	-1.709074	-0.844730	-0.432172
217.414506	-1.194985	-0.994467	-0.100259
217.800427	-0.479096	-0.576327	0.048615
218.186309	-0.714989	-1.433250	0.359131
218.572153	-0.565386	-1.077312	0.255963
218.957959	-1.045307	-0.514993	-0.265157
219.343726	-0.929634	-1.251350	0.160858
219.729454	-0.602971	-1.094343	0.245686
220.115144	-0.505089	-1.220351	0.357631
220.500795	-1.127330	-0.805835	-0.160748
220.886408	-0.827368	-0.574910	-0.126229
221.271983	-2.831447	-1.132819	-0.849314
221.657518	-0.891896	-1.305587	0.206845
222.043016	-1.839253	-1.156734	-0.341260
222.428474	-1.128022	-4.493484	1.682731
222.813894	-1.326250	6.503987	-3.915118
223.199275	-2.780409	-1.079430	-0.850490
223.584618	-1.061899	-1.095148	0.016624
223.969922	-0.823512	-2.319352	0.747920
224.355188	-0.529291	-3.990486	1.730597
224.740414	-2.837395	-2.880871	0.021738
225.125603	-0.515841	-1.084450	0.284304
225.510752	-0.838045	-0.785158	-0.026443
225.895863	-0.694876	-1.254044	0.279584
226.280935	-1.909982	-1.328712	-0.290635
226.665968	-0.763691	-5.815950	2.526130
227.050963	-0.861965	-5.686072	2.412054
227.435919	-0.714858	-1.305284	0.295213
227.820836	-0.476475	-1.302812	0.413169
228.205715	-0.555143	-1.280672	0.362765
228.590555	-1.111081	-0.664447	-0.223317
228.975356	-0.847309	-1.612713	0.382702
229.360118	-1.113178	-0.933236	-0.089971
229.744841	-1.125361	-0.854997	-0.135182
230.129526	-2.428183	-0.969763	-0.729210
230.514172	-0.523563	-1.660853	0.568645
230.898779	-13.524107	-1.884835	-5.819636
231.283347	-1.944656	-1.343934	-0.300361
231.667877	-2.051429	-1.029332	-0.511049
232.052367	-1.359459	-1.175632	-0.091913
232.436819	-1.360368	-1.381154	0.010393
232.821232	-1.125825	-6.686290	2.780233
233.205606	-1.013737	-0.719457	-0.147140
233.589941	-1.429606	-0.749510	-0.340048
233.974237	-1.002454	-1.345464	0.171505
234.358495	-4.385848	-0.604955	-1.890446
234.742713	-0.648169	-1.074536	0.213184
235.126893	-1.655751	-6.373471	2.358860
235.511033	-0.820097	-1.999639	0.589771
235.895135	-1.026126	-1.823554	0.398714
236.279198	-0.637501	-0.676036	0.019267
236.663221	-0.583709	-1.029295	0.222793
237.047206	-1.540532	-1.179379	-0.180577
237.431152	-0.845072	-2.320932	0.737930
237.815059	-0.870888	-0.698093	-0.086397
238.198926	-0.930566	-1.143174	0.106304
238.582755	-0.935819	-0.788766	-0.073526
238.966545	-1.848165	-1.210285	-0.318940
239.350296	-0.788947	-0.611831	-0.088558
239.734007	-7.222380	-0.943908	-3.139236
240.117680	-50.756464	-0.732919	-25.011772
240.501314	-0.890179	-0.526948	-0.181615
240.884908	-2.528609	-0.691261	-0.918674
241.268464	-0.828515	-4.491658	1.831572
241.651980	-1.207633	-1.172085	-0.017774
242.035457	-1.330752	-0.743833	-0.293460
242.418895	-1.791895	-1.176418	-0.307739
242.802294	-1.752169	-2.719255	0.483543
243.185654	-6.274726	-1.083372	-2.595677
243.568975	-1.392104	-3.110016	0.858956
243.952257	-0.830400	-0.915960	0.042780
244.335499	-1.892386	-1.046309	-0.423039
244.718702	-17.747799	-1.485643	-8.131078
245.101867	-0.731190	-1.512316	0.390563
245.484991	-1.707027	-2.978918	0.635946
245.868077	-1.461215	-1.369843	-0.045686
246.251124	-5.117181	-1.139603	-1.988789
246.634131	-1.673502	-1.863133	0.094816
247.017099	-1.675299	-51.010554	24.667627
247.400028	-2.300974	-0.887082	-0.706946
247.782917	-6.066134	-1.335985	-2.365075
248.165768	-1.950989	287.529369	-144.740179
248.548579	-6.688395	-1.079218	-2.804588
248.931350	9.859167	-1.416805	5.637986
249.314083	-2.714568	-1.095935	-0.809317
249.696776	-2.236058	-2.156356	-0.039851
250.079430	-4.257627	-2.438637	-0.909495
250.462044	-1.215371	-1.209378	-0.002997
250.844620	-0.845053	-2.443892	0.799419
251.227155	4.164158	-1.228043	2.696100
251.609652	6.879825	12.313453	-2.716814
251.992109	6.657618	2.295208	2.181205
252.374527	-2.388615	1.709378	-2.048997
252.756905	-1.534954	-1.250354	-0.142300
253.139244	-2.563597	-2.244465	-0.159566
253.521544	15.113690	5.863328	4.625181
253.903804	-2.441671	-4.500905	1.029617
254.286025	-3.133788	-60.323652	28.594932
254.668206	-2.127094	-1.114344	-0.506375
255.050348	6.712243	2.224942	2.243650
255.432451	53.377009	-7.335701	30.356355
255.814514	-2.144240	4.379518	-3.261879
256.196537	2.805556	-4.185648	3.495602
256.578521	5.774098	11.443311	-2.834606
256.960466	-1.518890	5.583554	-3.551222
257.342371	3.288113	-6.796990	5.042551
257.724236	-6.378709	32.095116	-19.236913
258.106062	-1.871852	-2.279776	0.203962
258.487849	-2.647244	5.399104	-4.023174
258.869596	-1.398248	-7.465687	3.033720
259.251303	-13.137887	-4.175456	-4.481216
259.632971	-6.835385	-16.934458	5.049537
260.014599	36.136199	-6.610973	21.373586
260.396188	3.843291	1.764090	1.039601
260.777737	2.445577	-5.644771	4.045174
261.159247	2.516436	-2.496196	2.506316
261.540717	2.579823	1.589649	0.495087
261.922147	1.890153	1.638554	0.125799
262.303538	1.773936	0.677907	0.548015
262.684889	2.386093	-2.281455	2.333774
263.066200	1.858976	15.185292	-6.663158
263.447472	1.270554	1.207350	0.031602
263.828704	1.234554	4.284092	-1.524769
264.209896	6.319434	1.534150	2.392642
264.591049	1.758448	2.785167	-0.513360
264.972162	-2.108226	4.926708	-3.517467
265.353235	13.851002	1.145550	6.352726
265.734268	1.405772	6.108691	-2.351460
266.115262	1.040221	1.555640	-0.257709
266.496216	0.830239	-8.644868	4.737553
266.877130	7.263509	0.918049	3.172730
267.258005	4.486876	4.530071	-0.021597
267.638840	0.848808	0.799717	0.024546
268.019635	1.208958	6.719942	-2.755492
268.400390	0.884670	1.333607	-0.224469
268.781105	1.349921	1.010081	0.169920
269.161781	0.466343	0.739853	-0.136755
269.542417	0.879265	0.762424	0.058420
269.923013	0.603580	0.693359	-0.044890
270.303569	0.989267	0.618749	0.185259
270.684085	0.741279	0.589938	0.075670
271.064561	1.400811	0.619854	0.390478
271.444998	2.093970	0.727294	0.683338
271.825394	1.160232	1.079767	0.040233
272.205751	0.597026	0.535344	0.030841
272.586068	0.584398	0.723890	-0.069746
272.966345	0.835321	0.452354	0.191484
273.346582	0.631168	0.602870	0.014149
273.726779	0.499767	0.557677	-0.028955
274.106936	0.507176	0.584223	-0.038523
274.487053	0.434595	0.462461	-0.013933
274.867130	0.429436	0.501308	-0.035936
275.247168	0.644883	0.420433	0.112225
275.627165	0.460783	0.477988	-0.008603
276.007122	0.426559	0.340273	0.043143
276.387040	0.342964	0.473860	-0.065448
276.766917	0.578940	0.362377	0.108281
277.146754	0.355871	0.371934	-0.008031
277.526551	0.410808	0.383457	0.013675
277.906308	0.331042	0.335689	-0.002323
278.286026	0.330023	0.334796	-0.002386
278.665703	0.480037	0.483507	-0.001735
279.045340	0.415547	0.459622	-0.022037
279.424936	0.471024	0.355073	0.057975
279.804493	0.329089	0.480798	-0.075855
280.184010	0.392857	0.421450	-0.014297
280.563487	0.485808	0.392615	0.046596
280.942923	0.425420	0.492815	-0.033697
281.322319	0.287039	0.343145	-0.028053
281.701676	0.391557	0.290044	0.050757
282.080992	0.313964	0.362944	-0.024490
282.460268	0.348820	0.348135	0.000342
282.839503	0.398346	0.340008	0.029169
283.218699	0.254322	0.393911	-0.069795
283.597854	0.317591	0.322557	-0.002483
283.976969	0.324098	0.301097	0.011501
284.356044	0.257675	0.301666	-0.021995
284.735079	0.357487	0.263443	0.047022
285.114073	0.446076	0.349581	0.048248
285.493028	0.351672	0.327059	0.012307
285.871942	0.325539	0.269938	0.027800
286.250815	0.299584	0.257649	0.020967
286.629649	0.226278	0.248258	-0.010990
287.008442	0.357137	0.267723	0.044707
287.387195	0.300848	0.250448	0.025200
287.765907	0.255355	0.256361	-0.000503
288.144580	0.297993	0.209997	0.043998
288.523212	0.280711	0.233459	0.023626
288.901803	0.221010	0.235622	-0.007306
289.280355	0.210226	0.201891	0.004168
289.658866	0.172605	0.215523	-0.021459
290.037336	0.182069	0.189963	-0.003947
290.415766	0.223921	0.204960	0.009481
290.794156	0.194222	0.219931	-0.012854
291.172505	0.179081	0.168870	0.005105
291.550814	0.173323	0.172399	0.000462
291.929083	0.173795	0.209607	-0.017906
292.307311	0.163091	0.154680	0.004205
292.685499	0.156501	0.171739	-0.007619
293.063646	0.175848	0.159461	0.008194
293.441753	0.137968	0.163984	-0.013008
293.819820	0.159520	0.156351	0.001585
294.197845	0.141990	0.155632	-0.006821
294.575831	0.141138	0.153283	-0.006072
294.953776	0.145133	0.135037	0.005048
295.331680	0.146245	0.155370	-0.004562
295.709544	0.121286	0.137792	-0.008253
296.087368	0.124715	0.142177	-0.008731
296.465150	0.146437	0.133175	0.006631
296.842893	0.128382	0.151200	-0.011409
297.220595	0.153863	0.137133	0.008365
297.598256	0.133594	0.131956	0.000819
297.975876	0.131036	0.142161	-0.005562
298.353457	0.126501	0.142916	-0.008208
298.730996	0.139083	0.142606	-0.001761
299.108495	0.123703	0.131214	-0.003756
299.485953	0.121750	0.140892	-0.009571
299.863371	0.134449	0.137997	-0.001774
300.240748	0.131840	0.137661	-0.002910
300.618084	0.127844	0.139928	-0.006042
300.995380	0.125873	0.139864	-0.006995
301.372635	0.119414	0.139771	-0.010179
301.749849	0.144580	0.130309	0.007135
302.127023	0.121024	0.137235	-0.008106
302.504156	0.134445	0.153512	-0.009534
302.881248	0.113012	0.150491	-0.018739
303.258300	0.137002	0.151332	-0.007165
303.635311	0.124361	0.146160	-0.010899
304.012281	0.128272	0.144470	-0.008099
304.389210	0.122918	0.138084	-0.007583
304.766099	0.116520	0.136566	-0.010023
305.142947	0.127677	0.158313	-0.015318
305.519754	0.123904	0.119989	0.001957
305.896520	0.122899	0.124274	-0.000688
306.273246	0.123282	0.134879	-0.005798
306.649930	0.125834	0.136368	-0.005267
307.026574	0.119166	0.129287	-0.005060
307.403177	0.100322	0.125786	-0.012732
307.779740	0.102242	0.128337	-0.013047
308.156261	0.108951	0.126509	-0.008779
308.532742	0.113968	0.110153	0.001907
308.909181	0.097500	0.113802	-0.008151
309.285580	0.098190	0.119347	-0.010579
309.661938	0.101664	0.125796	-0.012066
310.038255	0.102648	0.122956	-0.010154
310.414531	0.102699	0.113617	-0.005459
310.790766	0.098315	0.117288	-0.009486
311.166961	0.111215	0.124041	-0.006413
311.543114	0.102591	0.130732	-0.014070
311.919226	0.123258	0.118022	0.002618
312.295298	0.102981	0.131460	-0.014239
312.671328	0.093079	0.122208	-0.014565
313.047318	0.104981	0.107505	-0.001262
313.423267	0.101618	0.122173	-0.010277
313.799174	0.102844	0.111094	-0.004125
314.175041	0.097102	0.106192	-0.004545
314.550866	0.098195	0.128748	-0.015276
314.926651	0.098623	0.111214	-0.006295
315.302394	0.089101	0.100900	-0.005899
315.678097	0.090409	0.104825	-0.007208
316.053758	0.085821	0.104611	-0.009395
316.429378	0.086054	0.107674	-0.010810
316.804958	0.084836	0.106767	-0.010965
317.180496	0.080960	0.111833	-0.015437
317.555993	0.089508	0.114436	-0.012464
317.931449	0.086378	0.099327	-0.006475
318.306864	0.086059	0.117143	-0.015542
318.682238	0.079778	0.106832	-0.013527
319.057570	0.084823	0.108491	-0.011834
319.432862	0.083176	0.107737	-0.012281
319.808112	0.085230	0.101886	-0.008328
320.183321	0.085727	0.101514	-0.007894
320.558489	0.094410	0.112768	-0.009179
320.933616	0.077957	0.100768	-0.011406
321.308701	0.083492	0.108555	-0.012532
321.683746	0.080592	0.110704	-0.015056
322.058749	0.081389	0.102122	-0.010366
322.433711	0.082893	0.115845	-0.016476
322.808632	0.081921	0.106920	-0.012499
323.183511	0.076094	0.098549	-0.011227
323.558349	0.080686	0.104594	-0.011954
323.933146	0.082414	0.113759	-0.015673
324.307902	0.080414	0.109863	-0.014724
324.682617	0.079060	0.105708	-0.013324
325.057290	0.085563	0.103103	-0.008770
325.431921	0.082518	0.113283	-0.015382
325.806512	0.084999	0.109539	-0.012270
326.181061	0.089409	0.101626	-0.006109
326.555569	0.081491	0.106396	-0.012453
326.930035	0.080899	0.109242	-0.014172
327.304461	0.081016	0.100143	-0.009564
327.678844	0.084976	0.095600	-0.005312
328.053187	0.078591	0.100309	-0.010859
328.427488	0.073074	0.100579	-0.013753
328.801747	0.075368	0.098632	-0.011632
329.175966	0.076067	0.102465	-0.013199
329.550142	0.089406	0.106512	-0.008553
329.924278	0.075710	0.105910	-0.015100
330.298372	0.079340	0.101284	-0.010972
330.672424	0.071684	0.109534	-0.018925
331.046435	0.073511	0.101161	-0.013825
331.420405	0.072452	0.095397	-0.011473
331.794333	0.072492	0.099032	-0.013270
332.168220	0.074560	0.089486	-0.007463
332.542065	0.073162	0.089697	-0.008268
332.915869	0.071485	0.104063	-0.016289
333.289631	0.069700	0.095489	-0.012895
333.663351	0.074326	0.096799	-0.011236
334.037030	0.070788	0.097332	-0.013272
334.410668	0.065564	0.103085	-0.018761
334.784264	0.078094	0.093072	-0.007489
335.157818	0.070329	0.108887	-0.019279
335.531331	0.071532	0.098672	-0.013570
335.904802	0.069878	0.099355	-0.014739
336.278232	0.074618	0.108819	-0.017100
336.651620	0.069442	0.095211	-0.012884
337.024966	0.072367	0.106958	-0.017295
337.398271	0.082984	0.107372	-0.012194
337.771534	0.070638	0.103095	-0.016228
338.144756	0.075044	0.101296	-0.013126
338.517936	0.078784	0.111908	-0.016562
338.891074	0.082441	0.099758	-0.008658
339.264171	0.078803	0.095455	-0.008326
339.637225	0.074042	0.109605	-0.017781
340.010239	0.068670	0.107521	-0.019425
340.383210	0.077135	0.099466	-0.011165
340.756140	0.068142	0.104194	-0.018026
341.129028	0.070245	0.109754	-0.019754
341.501874	0.070909	0.106562	-0.017826
341.874679	0.068364	0.100794	-0.016215
342.247441	0.065218	0.096343	-0.015562
342.620162	0.062892	0.095474	-0.016291
342.992842	0.065037	0.094022	-0.014492
343.365479	0.068680	0.100287	-0.015803
343.738075	0.065150	0.099747	-0.017298
344.110629	0.063911	0.089901	-0.012995
344.483141	0.072311	0.114186	-0.020937
344.855611	0.063812	0.098082	-0.017135
345.228039	0.063494	0.105888	-0.021197
345.600426	0.073976	0.104984	-0.015504
345.972770	0.072324	0.102706	-0.015191
346.345073	0.076020	0.097713	-0.010846
346.717334	0.073174	0.102027	-0.014426
347.089553	0.068252	0.102147	-0.016948
347.461730	0.072195	0.104444	-0.016124
347.833866	0.070770	0.101403	-0.015317
348.205959	0.061239	0.107462	-0.023111
348.578010	0.067091	0.096517	-0.014713
348.950020	0.063910	0.094092	-0.015091
349.321987	0.069265	0.101107	-0.015921
349.693913	0.074269	0.098151	-0.011941
350.065797	0.069040	0.092856	-0.011908
350.437638	0.071318	0.096899	-0.012791
350.809438	0.068133	0.098600	-0.015234
351.181196	0.070785	0.105028	-0.017122
351.552911	0.067882	0.102021	-0.017069
351.924585	0.069633	0.095392	-0.012880
352.296217	0.062025	0.110266	-0.024120
352.667806	0.067871	0.103309	-0.017719
353.039354	0.070174	0.097410	-0.013618
353.410859	0.066494	0.102072	-0.017789
353.782323	0.079454	0.104605	-0.012576
354.153744	0.074682	0.102257	-0.013787
354.525123	0.067689	0.102696	-0.017504
354.896460	0.067717	0.102962	-0.017622
355.267756	0.068477	0.094305	-0.012914
355.639008	0.066115	0.100703	-0.017294
356.010219	0.073896	0.096310	-0.011207
356.381388	0.070625	0.095664	-0.012520
356.752515	0.067740	0.092325	-0.012293
357.123599	0.066590	0.099874	-0.016642
357.494641	0.069873	0.106178	-0.018152
357.865641	0.067366	0.101058	-0.016846
358.236599	0.068700	0.099689	-0.015495
358.607515	0.073881	0.099537	-0.012828
358.978388	0.061944	0.100062	-0.019059
359.349219	0.071554	0.101383	-0.014914
359.720008	0.063799	0.099325	-0.017763
360.090755	0.064647	0.100021	-0.017687
360.461460	0.062687	0.099844	-0.018578
360.832122	0.065801	0.104259	-0.019229
361.202742	0.072481	0.103410	-0.015465
361.573320	0.069019	0.106907	-0.018944
361.943855	0.071433	0.098515	-0.013541
362.314348	0.069557	0.097958	-0.014201
362.684799	0.071253	0.089630	-0.009188
363.055208	0.065602	0.096330	-0.015364
363.425574	0.069539	0.102911	-0.016686
363.795898	0.066587	0.099190	-0.016302
364.166180	0.069492	0.103672	-0.017090
364.536419	0.068920	0.099441	-0.015261
364.906616	0.061530	0.096440	-0.017455
365.276770	0.067760	0.099473	-0.015857
365.646882	0.077215	0.104167	-0.013476
366.016952	0.060938	0.099806	-0.019434
366.386979	0.066596	0.097708	-0.015556
366.756964	0.063445	0.106695	-0.021625
367.126906	0.058011	0.092291	-0.017140
367.496806	0.059398	0.093609	-0.017105
367.866664	0.071330	0.095886	-0.012278
368.236479	0.068086	0.088647	-0.010281
368.606251	0.074850	0.091665	-0.008408
368.975981	0.061186	0.097837	-0.018326
369.345669	0.064480	0.093725	-0.014622
369.715314	0.065416	0.100120	-0.017352
370.084917	0.069829	0.104908	-0.017539
370.454477	0.076121	0.101034	-0.012457
370.823995	0.073604	0.102837	-0.014616
371.193470	0.069863	0.107913	-0.019025
371.562902	0.069783	0.097620	-0.013919
371.932292	0.071910	0.101924	-0.015007
372.301640	0.070699	0.107500	-0.018401
372.670944	0.071511	0.108232	-0.018360
373.040207	0.081066	0.099644	-0.009289
373.409426	0.073934	0.112562	-0.019314
373.778603	0.082662	0.106457	-0.011897
374.147738	0.076089	0.104722	-0.014317
374.516830	0.085047	0.101751	-0.008352
374.885879	0.080012	0.106378	-0.013183
375.254885	0.074963	0.099576	-0.012307
375.623849	0.075824	0.093112	-0.008644
375.992770	0.075625	0.096646	-0.010510
376.361649	0.076637	0.096441	-0.009902
376.730485	0.073054	0.106549	-0.016747
377.099278	0.076164	0.103382	-0.013609
377.468028	0.079310	0.098367	-0.009528
377.836736	0.076143	0.100003	-0.011930
378.205401	0.075857	0.101349	-0.012746
378.574023	0.076346	0.095463	-0.009558
378.942603	0.081743	0.097083	-0.007670
379.311139	0.074920	0.105520	-0.015300
379.679633	0.071606	0.099107	-0.013750
380.048085	0.073565	0.098596	-0.012515
380.416493	0.080116	0.105807	-0.012846
380.784859	0.073922	0.097857	-0.011967
381.153181	0.072724	0.096801	-0.012038
381.521461	0.080968	0.104318	-0.011675
381.889699	0.080500	0.109255	-0.014378
382.257893	0.084130	0.093682	-0.004776
382.626044	0.079284	0.103402	-0.012059
382.994153	0.074541	0.096080	-0.010769
383.362219	0.074353	0.099606	-0.012626
383.730242	0.075127	0.095152	-0.010012
384.098222	0.074578	0.093415	-0.009419
384.466159	0.074870	0.101205	-0.013167
384.834053	0.073044	0.104786	-0.015871
385.201904	0.078471	0.090968	-0.006249
385.569713	0.073288	0.094818	-0.010765
385.937478	0.073151	0.086175	-0.006512
386.305201	0.076110	0.103644	-0.013767
386.672880	0.075600	0.094501	-0.009450
387.040517	0.078794	0.093583	-0.007395
387.408110	0.080353	0.097615	-0.008631
387.775661	0.079392	0.101579	-0.011093
388.143168	0.081979	0.097519	-0.007770
388.510633	0.074127	0.094453	-0.010163
388.878055	0.080898	0.100871	-0.009987
389.245433	0.069279	0.092198	-0.011460
389.612769	0.078319	0.100589	-0.011135
389.980061	0.078568	0.094294	-0.007863
390.347310	0.073435	0.093749	-0.010157
390.714517	0.081976	0.101062	-0.009543
391.081680	0.083586	0.102753	-0.009584
391.448800	0.079276	0.096673	-0.008698
391.815877	0.077616	0.099302	-0.010843
392.182911	0.080141	0.103100	-0.011479
392.549902	0.071621	0.095808	-0.012094
392.916850	0.078259	0.092303	-0.007022
393.283754	0.074483	0.099185	-0.012351
393.650616	0.071472	0.093265	-0.010897
394.017434	0.074505	0.097558	-0.011527
394.384209	0.080477	0.091289	-0.005406
394.750941	0.083319	0.101965	-0.009323
395.117630	0.081384	0.090810	-0.004713
395.484275	0.079363	0.096460	-0.008548
395.850878	0.085128	0.098026	-0.006449
396.217437	0.074792	0.101018	-0.013113
396.583953	0.080380	0.096672	-0.008146
396.950425	0.083130	0.103058	-0.009964
397.316855	0.090270	0.098895	-0.004312
397.683241	0.076994	0.093543	-0.008274
398.049584	0.076118	0.087143	-0.005513
398.415884	0.072846	0.090896	-0.009025
398.782140	0.076796	0.086162	-0.004683
399.148353	0.073493	0.090681	-0.008594
399.514523	0.074110	0.090363	-0.008126
399.880649	0.082328	0.087909	-0.002790
400.246732	0.076504	0.089309	-0.006402
400.612772	0.073321	0.091567	-0.009123
400.978768	0.078366	0.090032	-0.005833
401.344721	0.070855	0.092381	-0.010763
401.710631	0.069931	0.092129	-0.011099
402.076497	0.072559	0.101357	-0.014399
402.442320	0.082899	0.093514	-0.005307
402.808100	0.069736	0.082601	-0.006432
403.173836	0.076408	0.089243	-0.006417
403.539528	0.081982	0.081001	0.000491
403.905178	0.066421	0.092154	-0.012867
404.270783	0.079832	0.091741	-0.005955
404.636346	0.071571	0.096366	-0.012398
405.001865	0.071869	0.089284	-0.008707
405.367340	0.071170	0.084874	-0.006852
405.732772	0.069003	0.084480	-0.007738
406.098161	0.067299	0.085609	-0.009155
406.463506	0.071627	0.090964	-0.009668
406.828807	0.072448	0.092713	-0.010132
407.194065	0.067271	0.091945	-0.012337
407.559279	0.068208	0.092230	-0.012011
407.924450	0.076867	0.091833	-0.007483
408.289578	0.075717	0.090212	-0.007248
408.654661	0.069399	0.093864	-0.012233
409.019702	0.074654	0.081520	-0.003433
409.384698	0.077488	0.085700	-0.004106
409.749651	0.070984	0.089504	-0.009260
410.114561	0.074485	0.084177	-0.004846
410.479427	0.077958	0.088330	-0.005186
410.844249	0.069116	0.084187	-0.007535
411.209027	0.082025	0.091358	-0.004667
411.573762	0.075272	0.092798	-0.008763
411.938454	0.076058	0.089145	-0.006544
412.303101	0.082506	0.087726	-0.002610
412.667705	0.077143	0.086897	-0.004877
413.032266	0.077139	0.091108	-0.006985
413.396782	0.076507	0.087401	-0.005447
413.761255	0.081273	0.089337	-0.004032
414.125684	0.082853	0.091882	-0.004515
414.490070	0.083017	0.086414	-0.001698
414.854412	0.079693	0.096299	-0.008303
415.218710	0.074289	0.080370	-0.003041
415.582964	0.077348	0.097176	-0.009914
415.947175	0.080046	0.093139	-0.006546
416.311341	0.080037	0.094895	-0.007429
416.675464	0.086705	0.096631	-0.004963
417.039543	0.081381	0.092357	-0.005488
417.403579	0.075565	0.099327	-0.011881
417.767570	0.081893	0.084052	-0.001079
418.131518	0.077487	0.092556	-0.007535
418.495422	0.081159	0.087290	-0.003066
418.859282	0.081034	0.087054	-0.003010
419.223098	0.081199	0.095150	-0.006975
419.586871	0.073182	0.088863	-0.007840
419.950599	0.076930	0.092174	-0.007622
420.314284	0.076825	0.083682	-0.003429
420.677925	0.076577	0.082156	-0.002789
421.041522	0.069626	0.082108	-0.006241
421.405075	0.072884	0.083244	-0.005180
421.768584	0.070551	0.079601	-0.004525
422.132049	0.068518	0.078953	-0.005218
422.495470	0.070196	0.089652	-0.009728
422.858847	0.069133	0.078784	-0.004826
423.222180	0.065010	0.087286	-0.011138
423.585470	0.077677	0.080408	-0.001366
423.948715	0.069500	0.075671	-0.003086
424.311916	0.068442	0.089083	-0.010321
424.675074	0.071554	0.077994	-0.003220
425.038187	0.067410	0.079210	-0.005900
425.401256	0.072767	0.077293	-0.002263
425.764281	0.072112	0.079467	-0.003678
426.127263	0.069949	0.078975	-0.004513
426.490200	0.068127	0.077250	-0.004561
426.853093	0.068016	0.085467	-0.008726
427.215942	0.063071	0.076293	-0.006611
427.578747	0.062849	0.077360	-0.007255
427.941508	0.062853	0.075257	-0.006202
428.304225	0.066128	0.066241	-0.000056
428.666897	0.057011	0.074003	-0.008496
429.029526	0.057679	0.067257	-0.004789
429.392110	0.060142	0.068708	-0.004283
429.754651	0.049248	0.054595	-0.002673
430.117147	0.050084	0.061459	-0.005687
430.479599	0.048829	0.057146	-0.004158
430.842007	0.049956	0.058822	-0.004433
431.204370	0.045743	0.058059	-0.006158
431.566690	0.044598	0.056778	-0.006090
431.928965	0.041949	0.052563	-0.005307
432.291196	0.039315	0.055741	-0.008213
432.653383	0.040845	0.047768	-0.003461
433.015525	0.040919	0.054063	-0.006572
433.377624	0.040174	0.047810	-0.003818
433.739678	0.036646	0.046846	-0.005100
434.101688	0.033489	0.046417	-0.006464
434.463653	0.035312	0.043148	-0.003918
434.825575	0.033555	0.043908	-0.005177
435.187452	0.030782	0.040913	-0.005065
435.549284	0.032165	0.042179	-0.005007
435.911073	0.029373	0.042931	-0.006779
436.272817	0.029860	0.041367	-0.005754
436.634516	0.028411	0.040310	-0.005950
436.996172	0.027557	0.038924	-0.005684
437.357783	0.027813	0.038131	-0.005159
437.719350	0.028926	0.037313	-0.004194
438.080872	0.027286	0.035975	-0.004345
438.442350	0.026541	0.035860	-0.004660
438.803783	0.026873	0.036837	-0.004982
439.165173	0.025247	0.035934	-0.005344
439.526517	0.024876	0.036006	-0.005565
439.887818	0.024829	0.034134	-0.004653
440.249074	0.023806	0.034465	-0.005329
440.610285	0.023835	0.034200	-0.005183
440.971452	0.023050	0.033578	-0.005264
441.332575	0.024075	0.034251	-0.005088
441.693653	0.023519	0.034473	-0.005477
442.054686	0.023571	0.033138	-0.004784
442.415676	0.023401	0.032554	-0.004576
442.776620	0.022506	0.032716	-0.005105
443.137520	0.022748	0.032102	-0.004677
443.498376	0.022083	0.031920	-0.004919
443.859187	0.022580	0.032591	-0.005005
444.219953	0.021224	0.031973	-0.005375
444.580675	0.021613	0.029849	-0.004118
444.941353	0.020752	0.031442	-0.005345
445.301986	0.020411	0.029111	-0.004350
445.662574	0.019149	0.029175	-0.005013
446.023118	0.017709	0.027781	-0.005036
446.383617	0.016824	0.026237	-0.004707
446.744071	0.017010	0.026307	-0.004649
447.104481	0.015901	0.025395	-0.004747
447.464846	0.014113	0.024244	-0.005066
447.825167	0.013785	0.024832	-0.005524
448.185443	0.014138	0.023516	-0.004689
448.545674	0.013783	0.023579	-0.004898
448.905861	0.012707	0.023503	-0.005398
449.266002	0.012467	0.022147	-0.004840
449.626100	0.011848	0.022195	-0.005173
449.986152	0.011855	0.022841	-0.005493
450.346160	0.011789	0.022206	-0.005209
450.706123	0.011986	0.020462	-0.004238
451.066041	0.011646	0.021310	-0.004832
451.425915	0.011611	0.021202	-0.004796
451.785744	0.011875	0.021074	-0.004600
452.145528	0.011137	0.021456	-0.005159
452.505267	0.011907	0.021147	-0.004620
452.864962	0.012023	0.021399	-0.004688
453.224612	0.011445	0.021443	-0.004999
453.584217	0.011700	0.020880	-0.004590
453.943777	0.011960	0.020971	-0.004505
454.303292	0.012256	0.022161	-0.004952
454.662763	0.011808	0.022214	-0.005203
455.022188	0.012360	0.021674	-0.004657
455.381569	0.012381	0.021406	-0.004512
455.740905	0.012048	0.021105	-0.004528
456.100196	0.011815	0.021881	-0.005033
456.459443	0.012255	0.021272	-0.004509
456.818644	0.011931	0.021326	-0.004697
457.177800	0.011853	0.020715	-0.004431
457.536912	0.011275	0.020363	-0.004544
457.895978	0.010857	0.019983	-0.004563
458.255000	0.011482	0.020419	-0.004469
458.613977	0.011333	0.019221	-0.003944
458.972909	0.010594	0.019676	-0.004541
459.331795	0.011338	0.019879	-0.004271
459.690637	0.010770	0.020573	-0.004901
460.049434	0.010557	0.020114	-0.004778
460.408186	0.011124	0.019399	-0.004137
460.766893	0.010633	0.018814	-0.004091
461.125555	0.010978	0.018876	-0.003949
461.484172	0.011123	0.020061	-0.004469
461.842743	0.010203	0.019283	-0.004540
462.201270	0.010503	0.019283	-0.004390
462.559752	0.010707	0.019067	-0.004180
462.918188	0.010610	0.018547	-0.003969
463.276580	0.010467	0.018837	-0.004185
463.634927	0.010146	0.019102	-0.004478
463.993228	0.010849	0.019139	-0.004145
464.351484	0.010507	0.019490	-0.004492
464.709696	0.010409	0.018875	-0.004233
465.067862	0.010521	0.018847	-0.004163
465.425983	0.009920	0.018746	-0.004413
465.784058	0.010714	0.019080	-0.004183
466.142089	0.010961	0.018491	-0.003765
466.500075	0.011375	0.019116	-0.003871
466.858015	0.009757	0.019089	-0.004666
467.215910	0.010333	0.019489	-0.004578
467.573760	0.009859	0.018983	-0.004562
467.931565	0.010255	0.018330	-0.004037
468.289324	0.010649	0.018793	-0.004072
468.647039	0.010395	0.018164	-0.003884
469.004708	0.010621	0.018463	-0.003921
469.362332	0.010201	0.018194	-0.003996
469.719910	0.010579	0.017964	-0.003692
470.077443	0.010400	0.018394	-0.003997
470.434932	0.009830	0.018009	-0.004089
470.792374	0.009703	0.017849	-0.004073
471.149772	0.009452	0.018040	-0.004294
471.507124	0.010003	0.017225	-0.003611
471.864431	0.009631	0.017860	-0.004114
472.221693	0.009601	0.017159	-0.003779
472.578909	0.009525	0.016935	-0.003705
472.936080	0.009529	0.016567	-0.003519
473.293205	0.009188	0.017015	-0.003913
473.650285	0.009368	0.016480	-0.003556
474.007320	0.009124	0.016159	-0.003518
474.364310	0.008711	0.016594	-0.003941
474.721254	0.008580	0.016124	-0.003772
475.078152	0.008479	0.016602	-0.004062
475.435006	0.008692	0.015891	-0.003600
475.791813	0.008231	0.015719	-0.003744
476.148576	0.007960	0.015856	-0.003948
476.505293	0.007994	0.015417	-0.003711
476.861964	0.007939	0.015226	-0.003643
477.218590	0.008188	0.015314	-0.003563
477.575171	0.007768	0.015311	-0.003772
477.931706	0.007418	0.014728	-0.003655
478.288195	0.008090	0.014807	-0.003359
478.644639	0.007731	0.014524	-0.003396
479.001038	0.007502	0.014611	-0.003554
479.357391	0.007705	0.014520	-0.003408
479.713699	0.007672	0.014192	-0.003260
480.069960	0.007554	0.014407	-0.003427
480.426177	0.007557	0.014095	-0.003269
480.782348	0.007276	0.013805	-0.003265
481.138473	0.007779	0.014222	-0.003222
481.494553	0.007628	0.014262	-0.003317
481.850587	0.007636	0.013892	-0.003128
482.206575	0.007572	0.013951	-0.003189
482.562518	0.007605	0.013898	-0.003147
482.918416	0.007393	0.014040	-0.003323
483.274267	0.007621	0.013976	-0.003178
483.630073	0.007476	0.013960	-0.003242
483.985834	0.007507	0.013819	-0.003156
484.341548	0.007630	0.013901	-0.003136
484.697217	0.007598	0.013616	-0.003009
485.052841	0.007798	0.013438	-0.002820
485.408418	0.007515	0.013279	-0.002882
485.763950	0.007807	0.013934	-0.003063
486.119436	0.007637	0.013589	-0.002976
486.474877	0.008048	0.014121	-0.003036
486.830272	0.008209	0.014131	-0.002961
487.185621	0.007654	0.013311	-0.002828
487.540924	0.007995	0.013492	-0.002749
487.896182	0.008138	0.013444	-0.002653
488.251393	0.007904	0.013340	-0.002718
488.606559	0.008329	0.013553	-0.002612
488.961679	0.007927	0.013773	-0.002923
489.316754	0.008222	0.013280	-0.002529
489.671782	0.008030	0.013153	-0.002562
490.026765	0.007416	0.013227	-0.002906
490.381702	0.008088	0.012829	-0.002371
490.736593	0.007837	0.012773	-0.002468
491.091438	0.008330	0.012944	-0.002307
491.446238	0.007850	0.012912	-0.002531
491.800991	0.007730	0.012679	-0.002475
492.155699	0.008075	0.013090	-0.002508
492.510360	0.008133	0.012912	-0.002390
492.864976	0.008198	0.012873	-0.002338
493.219546	0.008546	0.013058	-0.002256
493.574070	0.008274	0.012876	-0.002301
493.928548	0.008651	0.012938	-0.002144
494.282980	0.008257	0.012814	-0.002279
494.637366	0.008666	0.013228	-0.002281
494.991707	0.008504	0.013314	-0.002405
495.346001	0.009158	0.013634	-0.002238
495.700249	0.008820	0.013237	-0.002208
496.054451	0.008847	0.013632	-0.002392
496.408607	0.009333	0.013570	-0.002119
496.762718	0.009093	0.013828	-0.002368
497.116782	0.009389	0.013604	-0.002108
497.470800	0.009342	0.013594	-0.002126
497.824772	0.009553	0.014055	-0.002251
498.178698	0.009946	0.013639	-0.001846
498.532578	0.009807	0.014331	-0.002262
498.886412	0.010046	0.014261	-0.002108
499.240200	0.010490	0.014702	-0.002106
499.593942	0.010301	0.014330	-0.002014
499.947637	0.010929	0.014451	-0.001761
500.301287	0.011443	0.014791	-0.001674
500.654890	0.010872	0.014287	-0.001707
501.008448	0.010358	0.014026	-0.001834
501.361959	0.011017	0.014319	-0.001651
501.715424	0.010612	0.014839	-0.002114
502.068843	0.010773	0.014821	-0.002024
502.422215	0.011290	0.015487	-0.002099
502.775542	0.010819	0.013783	-0.001482
503.128822	0.010812	0.014623	-0.001906
503.482056	0.011284	0.014068	-0.001392
503.835244	0.010668	0.014165	-0.001749
504.188386	0.010705	0.014664	-0.001979
504.541481	0.011645	0.014310	-0.001332
504.894530	0.011604	0.014273	-0.001334
505.247533	0.011051	0.013970	-0.001459
505.600490	0.011632	0.014134	-0.001251
505.953400	0.011782	0.014995	-0.001606
506.306264	0.011961	0.014864	-0.001451
506.659082	0.011457	0.014733	-0.001638
507.011854	0.011403	0.014639	-0.001618
507.364579	0.010947	0.014381	-0.001717
507.717258	0.011342	0.014235	-0.001446
508.069890	0.011685	0.014581	-0.001448
508.422477	0.011982	0.014320	-0.001169
508.775016	0.011832	0.014283	-0.001226
509.127510	0.012078	0.014097	-0.001009
509.479957	0.012167	0.014473	-0.001153
509.832358	0.011679	0.014023	-0.001172
510.184712	0.012199	0.014192	-0.000997
510.537020	0.011964	0.013810	-0.000923
510.889281	0.012249	0.014683	-0.001217
511.241497	0.011604	0.013509	-0.000953
511.593665	0.012657	0.014973	-0.001158
511.945787	0.011843	0.013908	-0.001033
512.297863	0.012265	0.014312	-0.001024
512.649892	0.012284	0.015102	-0.001409
513.001875	0.012446	0.014768	-0.001161
513.353812	0.012118	0.014310	-0.001096
513.705701	0.012444	0.013940	-0.000748
514.057545	0.013015	0.014513	-0.000749
514.409342	0.012353	0.013939	-0.000793
514.761092	0.012767	0.014452	-0.000843
515.112796	0.013105	0.014677	-0.000786
515.464453	0.012550	0.014544	-0.000997
515.816064	0.012511	0.013771	-0.000630
516.167628	0.013333	0.014937	-0.000802
516.519145	0.011522	0.014083	-0.001281
516.870616	0.012774	0.014269	-0.000748
517.222041	0.013489	0.013909	-0.000210
517.573418	0.012869	0.014842	-0.000986
517.924750	0.013846	0.013953	-0.000054
518.276034	0.013387	0.014792	-0.000702
518.627272	0.013213	0.014837	-0.000812
518.978463	0.012617	0.014014	-0.000699
519.329608	0.013123	0.014248	-0.000563
519.680706	0.013637	0.014391	-0.000377
520.031757	0.013504	0.014333	-0.000414
520.382762	0.012246	0.014225	-0.000990
520.733719	0.013426	0.014026	-0.000300
521.084631	0.013754	0.014298	-0.000272
521.435495	0.013459	0.014034	-0.000288
521.786313	0.013818	0.014194	-0.000188
522.137084	0.013299	0.015200	-0.000950
522.487808	0.014269	0.014785	-0.000258
522.838486	0.013861	0.015564	-0.000852
523.189116	0.013699	0.015405	-0.000853
523.539700	0.014040	0.015607	-0.000784
523.890237	0.014131	0.015264	-0.000566
524.240728	0.014988	0.015699	-0.000355
524.591171	0.014711	0.014843	-0.000066
524.941568	0.014677	0.014745	-0.000034
525.291918	0.015584	0.016291	-0.000354
525.642221	0.014832	0.015429	-0.000298
525.992478	0.014874	0.016300	-0.000713
526.342687	0.014763	0.015285	-0.000261
526.692850	0.015248	0.015986	-0.000369
527.042965	0.015028	0.016395	-0.000684
527.393034	0.015908	0.016333	-0.000213
527.743056	0.014742	0.015895	-0.000576
528.093031	0.014793	0.015601	-0.000404
528.442959	0.015410	0.015978	-0.000284
528.792840	0.015703	0.017530	-0.000913
529.142674	0.015918	0.017213	-0.000647
529.492462	0.015651	0.016800	-0.000574
529.842202	0.015405	0.015846	-0.000220
530.191895	0.016133	0.016580	-0.000223
530.541542	0.016230	0.016410	-0.000090
530.891141	0.015719	0.016354	-0.000318
531.240694	0.016454	0.016549	-0.000047
531.590199	0.015271	0.016857	-0.000793
531.939657	0.015912	0.016857	-0.000472
532.289069	0.015356	0.016112	-0.000378
532.638433	0.015212	0.016328	-0.000558
532.987750	0.016107	0.016337	-0.000115
533.337021	0.015340	0.015105	0.000118
533.686244	0.015187	0.016802	-0.000807
534.035420	0.015384	0.016178	-0.000397
534.384549	0.016339	0.015672	0.000334
534.733631	0.015697	0.015635	0.000031
535.082666	0.015435	0.015704	-0.000135
535.431653	0.015002	0.015540	-0.000269
535.780594	0.015654	0.015199	0.000227
536.129487	0.015452	0.016227	-0.000387
536.478334	0.014736	0.015857	-0.000560
536.827133	0.014985	0.015403	-0.000209
537.175885	0.014654	0.016089	-0.000717
537.524590	0.015185	0.015398	-0.000106
537.873247	0.015230	0.015323	-0.000047
538.221858	0.015163	0.015829	-0.000333
538.570421	0.016193	0.015658	0.000267
538.918937	0.015328	0.015049	0.000139
539.267406	0.016463	0.016884	-0.000211
539.615827	0.016298	0.016840	-0.000271
539.964202	0.016795	0.017021	-0.000113
540.312529	0.016689	0.017617	-0.000464
540.660808	0.017853	0.018631	-0.000389
541.009041	0.016684	0.018632	-0.000974
541.357226	0.018211	0.018383	-0.000086
541.705364	0.018316	0.019092	-0.000388
542.053455	0.019110	0.019173	-0.000031
542.401498	0.018235	0.019214	-0.000489
542.749494	0.018813	0.019464	-0.000326
543.097443	0.019565	0.018748	0.000408
543.445344	0.018847	0.018919	-0.000036
543.793198	0.019778	0.020326	-0.000274
544.141005	0.019824	0.019616	0.000104
544.488764	0.019714	0.020372	-0.000329
544.836476	0.019131	0.021425	-0.001147
545.184140	0.019780	0.019138	0.000321
545.531757	0.020939	0.019465	0.000737
545.879327	0.019152	0.019724	-0.000286
546.226849	0.018661	0.020458	-0.000898
546.574324	0.019254	0.019920	-0.000333
546.921751	0.019005	0.020489	-0.000742
547.269131	0.019822	0.020208	-0.000193
547.616463	0.020074	0.020184	-0.000055
547.963748	0.019174	0.020842	-0.000834
548.310985	0.018997	0.019087	-0.000045
548.658175	0.018339	0.019612	-0.000636
549.005318	0.018847	0.019718	-0.000436
549.352413	0.019435	0.018636	0.000399
549.699460	0.019213	0.020167	-0.000477
550.046460	0.019059	0.019503	-0.000222
550.393412	0.017400	0.019215	-0.000908
550.740317	0.017241	0.019363	-0.001061
551.087174	0.015595	0.017817	-0.001111
551.433984	0.015859	0.017197	-0.000669
551.780746	0.015592	0.017253	-0.000830
552.127460	0.015981	0.017225	-0.000622
552.474127	0.015403	0.017779	-0.001188
552.820746	0.016374	0.018343	-0.000984
553.167318	0.017323	0.018526	-0.000601
553.513842	0.018458	0.019523	-0.000533
553.860318	0.018738	0.019579	-0.000420
554.206747	0.019489	0.019772	-0.000141
554.553128	0.017578	0.021642	-0.002032
554.899461	0.020595	0.021283	-0.000344
555.245747	0.019753	0.022732	-0.001490
555.591985	0.019514	0.021759	-0.001122
555.938175	0.020611	0.022402	-0.000895
556.284317	0.021411	0.021821	-0.000205
556.630412	0.019991	0.021947	-0.000978
556.976459	0.021355	0.022626	-0.000636
557.322459	0.021014	0.022515	-0.000751
557.668410	0.021795	0.023522	-0.000863
558.014314	0.021086	0.022495	-0.000705
558.360170	0.019911	0.021475	-0.000782
558.705978	0.020281	0.022375	-0.001047
559.051739	0.021411	0.021608	-0.000098
559.397451	0.020768	0.024245	-0.001739
559.743116	0.022671	0.023717	-0.000523
560.088733	0.022322	0.022255	0.000034
560.434302	0.021384	0.023942	-0.001279
560.779823	0.021988	0.022025	-0.000019
561.125297	0.020674	0.022082	-0.000704
561.470722	0.023137	0.022366	0.000386
561.816100	0.021799	0.022162	-0.000182
562.161430	0.019156	0.022436	-0.001640
562.506712	0.020856	0.023010	-0.001077
562.851946	0.021549	0.022213	-0.000332
563.197132	0.020859	0.024059	-0.001600
563.542270	0.021919	0.024572	-0.001326
563.887360	0.021093	0.023583	-0.001245
564.232403	0.022510	0.022852	-0.000171
564.577397	0.020269	0.023043	-0.001387
564.922343	0.021484	0.023788	-0.001152
565.267242	0.022283	0.024647	-0.001182
565.612092	0.021599	0.024558	-0.001479
565.956895	0.021527	0.022816	-0.000645
566.301649	0.022321	0.025073	-0.001376
566.646355	0.020400	0.022373	-0.000986
566.991014	0.022117	0.023132	-0.000507
567.335624	0.020205	0.022527	-0.001161
567.680186	0.020567	0.023297	-0.001365
568.024700	0.020512	0.021719	-0.000603
568.369167	0.019913	0.022440	-0.001263
568.713585	0.020579	0.023068	-0.001244
569.057955	0.019705	0.024563	-0.002429
569.402277	0.022059	0.023078	-0.000510
569.746550	0.021116	0.023703	-0.001294
570.090776	0.020399	0.022882	-0.001241
570.434954	0.023227	0.022911	0.000158
570.779083	0.020483	0.023901	-0.001709
571.123164	0.021159	0.024243	-0.001542
571.467197	0.019654	0.025102	-0.002724
571.811182	0.021668	0.025691	-0.002012
572.155119	0.019244	0.023331	-0.002043
572.499008	0.021156	0.024596	-0.001720
572.842848	0.021587	0.024590	-0.001502
573.186640	0.022177	0.024849	-0.001336
573.530384	0.020929	0.024433	-0.001752
573.874080	0.020665	0.023954	-0.001645
574.217727	0.018889	0.024904	-0.003007
574.561327	0.021863	0.023026	-0.000582
574.904878	0.022364	0.025768	-0.001702
575.248380	0.020880	0.024848	-0.001984
575.591835	0.020132	0.024895	-0.002382
575.935241	0.021494	0.025419	-0.001963
576.278599	0.022194	0.025312	-0.001559
576.621908	0.021114	0.025825	-0.002356
576.965170	0.020869	0.024302	-0.001717
577.308383	0.020009	0.024392	-0.002192
577.651547	0.020616	0.025187	-0.002286
577.994663	0.019694	0.023173	-0.001740
578.337731	0.020014	0.023931	-0.001959
578.680751	0.021077	0.024716	-0.001820
579.023722	0.020101	0.024409	-0.002154
579.366645	0.020299	0.024692	-0.002196
579.709519	0.020367	0.024453	-0.002043
580.052345	0.020221	0.025328	-0.002553
580.395123	0.020351	0.024598	-0.002123
580.737852	0.021464	0.025495	-0.002016
581.080532	0.020456	0.025141	-0.002343
581.423165	0.020893	0.025936	-0.002522
581.765748	0.019907	0.026895	-0.003494
582.108284	0.020511	0.026438	-0.002964
582.450770	0.021360	0.025727	-0.002183
582.793209	0.021434	0.023228	-0.000897
583.135599	0.021672	0.026968	-0.002648
583.477940	0.018983	0.026731	-0.003874
583.820233	0.020491	0.026084	-0.002796
584.162477	0.020779	0.027453	-0.003337
584.504673	0.020261	0.024731	-0.002235
584.846820	0.020367	0.024609	-0.002121
585.188919	0.020515	0.025849	-0.002667
585.530969	0.019888	0.026135	-0.003124
585.872970	0.020846	0.025835	-0.002494
586.214923	0.020932	0.026074	-0.002571
586.556827	0.020644	0.024623	-0.001989
586.898683	0.020470	0.024938	-0.002234
587.240490	0.019622	0.026106	-0.003242
587.582249	0.020665	0.027337	-0.003336
587.923958	0.020465	0.025041	-0.002288
588.265620	0.020533	0.025090	-0.002279
588.607232	0.021379	0.025627	-0.002124
588.948796	0.020551	0.027408	-0.003429
589.290311	0.020885	0.025123	-0.002119
589.631778	0.021483	0.026443	-0.002480
589.973196	0.023282	0.026828	-0.001773
590.314565	0.020828	0.025816	-0.002494
590.655885	0.022710	0.026231	-0.001761
590.997157	0.021948	0.025165	-0.001609
591.338379	0.020450	0.026946	-0.003248
591.679554	0.020379	0.026106	-0.002864
592.020679	0.019531	0.027030	-0.003749
592.361756	0.021420	0.026950	-0.002765
592.702784	0.020859	0.026996	-0.003069
593.043763	0.021523	0.025496	-0.001986
593.384693	0.021350	0.025553	-0.002101
593.725574	0.020659	0.027781	-0.003561
594.066407	0.020951	0.026015	-0.002532
594.407191	0.020712	0.027245	-0.003266
594.747926	0.020782	0.027563	-0.003390
595.088612	0.021194	0.026036	-0.002421
595.429249	0.022477	0.026335	-0.001929
595.769838	0.021287	0.027550	-0.003131
596.110377	0.021450	0.027322	-0.002936
596.450868	0.023204	0.029560	-0.003178
596.791309	0.019613	0.027551	-0.003969
597.131702	0.023627	0.027501	-0.001937
597.472046	0.020472	0.026367	-0.002947
597.812341	0.020881	0.026768	-0.002944
598.152587	0.022025	0.028230	-0.003102
598.492784	0.022384	0.027310	-0.002463
598.832933	0.020831	0.027125	-0.003147
599.173032	0.022585	0.026317	-0.001866
599.513082	0.021338	0.027499	-0.003080
599.853083	0.022008	0.027556	-0.002774
600.193035	0.020616	0.028363	-0.003874
600.532939	0.020784	0.027402	-0.003309
600.872793	0.020412	0.027758	-0.003673
601.212598	0.021026	0.028521	-0.003748
601.552354	0.020315	0.027282	-0.003484
601.892061	0.020733	0.026593	-0.002930
602.231719	0.020943	0.028891	-0.003974
602.571328	0.020592	0.025429	-0.002419
602.910888	0.020740	0.027754	-0.003507
603.250399	0.021568	0.027776	-0.003104
603.589860	0.022503	0.029279	-0.003388
603.929273	0.021775	0.027428	-0.002827
604.268636	0.019903	0.026430	-0.003263
604.607951	0.020573	0.027675	-0.003551
604.947216	0.020650	0.026464	-0.002907
605.286432	0.020806	0.027223	-0.003209
605.625599	0.021710	0.027920	-0.003105
605.964717	0.021131	0.027384	-0.003127
606.303785	0.021200	0.029157	-0.003978
606.642805	0.019771	0.028684	-0.004457
606.981775	0.019305	0.028561	-0.004628
607.320696	0.020343	0.026888	-0.003273
607.659567	0.021976	0.027951	-0.002987
607.998390	0.020472	0.029060	-0.004294
608.337163	0.021459	0.029124	-0.003832
608.675887	0.022079	0.028852	-0.003387
609.014562	0.022402	0.029326	-0.003462
609.353187	0.021090	0.029541	-0.004226
609.691764	0.022197	0.028307	-0.003055
610.030290	0.023659	0.029339	-0.002840
610.368768	0.021778	0.029272	-0.003747
610.707196	0.021739	0.030634	-0.004447
611.045575	0.021144	0.028649	-0.003753
611.383905	0.024027	0.031397	-0.003685
611.722185	0.023213	0.029772	-0.003279
612.060416	0.022337	0.028805	-0.003234
612.398598	0.024422	0.029397	-0.002488
612.736730	0.023671	0.030038	-0.003184
613.074813	0.023768	0.031407	-0.003819
613.412847	0.021421	0.028673	-0.003626
613.750831	0.021796	0.029138	-0.003671
614.088765	0.022348	0.028863	-0.003257
614.426651	0.021688	0.030652	-0.004482
614.764486	0.022258	0.029010	-0.003376
615.102273	0.022832	0.029099	-0.003134
615.440010	0.022442	0.029562	-0.003560
615.777697	0.024363	0.029288	-0.002463
616.115335	0.020716	0.031225	-0.005254
616.452924	0.023358	0.029855	-0.003249
616.790463	0.021870	0.030244	-0.004187
617.127952	0.021430	0.029236	-0.003903
617.465392	0.022207	0.030819	-0.004306
617.802783	0.022783	0.031454	-0.004335
618.140124	0.023550	0.031133	-0.003791
618.477415	0.022434	0.030068	-0.003817
618.814657	0.023009	0.032382	-0.004686
619.151850	0.023538	0.029587	-0.003025
619.488992	0.023091	0.029586	-0.003247
619.826086	0.022415	0.028922	-0.003254
620.163129	0.024197	0.029292	-0.002548
620.500123	0.022427	0.032567	-0.005070
620.837068	0.021714	0.030269	-0.004278
621.173962	0.021223	0.029338	-0.004058
621.510808	0.023821	0.029845	-0.003012
621.847603	0.022927	0.028274	-0.002673
622.184349	0.021931	0.028903	-0.003486
622.521045	0.023089	0.030848	-0.003880
622.857692	0.022283	0.031553	-0.004635
623.194289	0.021801	0.029829	-0.004014
623.530836	0.021976	0.030463	-0.004243
623.867333	0.021840	0.028575	-0.003367
624.203781	0.022663	0.030566	-0.003951
624.540179	0.022891	0.030289	-0.003699
624.876527	0.022657	0.026493	-0.001918
625.212826	0.020420	0.027535	-0.003558
625.549075	0.021428	0.027445	-0.003009
625.885274	0.021812	0.029125	-0.003656
626.221423	0.022091	0.028224	-0.003067
626.557523	0.020649	0.028420	-0.003886
626.893572	0.020417	0.028231	-0.003907
627.229572	0.019865	0.027671	-0.003903
627.565522	0.020015	0.027211	-0.003598
627.901423	0.021683	0.027709	-0.003013
628.237273	0.020013	0.027393	-0.003690
628.573074	0.020047	0.027844	-0.003899
628.908825	0.022219	0.028347	-0.003064
629.244526	0.020144	0.025889	-0.002872
629.580177	0.022558	0.029564	-0.003503
629.915778	0.021460	0.027714	-0.003127
630.251329	0.020414	0.029020	-0.004303
630.586830	0.022390	0.027940	-0.002775
630.922282	0.020909	0.027400	-0.003245
631.257683	0.020108	0.029088	-0.004490
631.593035	0.021388	0.030417	-0.004514
631.928337	0.022624	0.029676	-0.003526
632.263588	0.020678	0.029383	-0.004353
632.598790	0.022146	0.029197	-0.003525
632.933942	0.019632	0.026910	-0.003639
633.269044	0.020847	0.028478	-0.003816
633.604096	0.021629	0.028738	-0.003555
633.939098	0.021580	0.026647	-0.002533
634.274049	0.022140	0.028624	-0.003242
634.608951	0.021000	0.030837	-0.004919
634.943803	0.021720	0.030032	-0.004156
635.278605	0.020993	0.029609	-0.004308
635.613356	0.022744	0.028378	-0.002817
635.948058	0.020281	0.027735	-0.003727
636.282710	0.021312	0.030540	-0.004614
636.617311	0.022026	0.031406	-0.004690
636.951862	0.022158	0.028659	-0.003250
637.286364	0.020465	0.029228	-0.004382
637.620815	0.021641	0.029610	-0.003984
637.955216	0.021884	0.028821	-0.003469
638.289567	0.021636	0.027019	-0.002692
638.623868	0.022394	0.029158	-0.003382
638.958118	0.022170	0.030428	-0.004129
639.292319	0.021764	0.029485	-0.003860
639.626469	0.021524	0.030447	-0.004461
639.960569	0.023791	0.029891	-0.003050
640.294619	0.023345	0.029741	-0.003198
640.628619	0.023828	0.030683	-0.003428
640.962568	0.023301	0.030601	-0.003650
641.296468	0.023013	0.030223	-0.003605
641.630317	0.024266	0.031113	-0.003423
641.964116	0.023129	0.029808	-0.003340
642.297864	0.023593	0.029387	-0.002897
642.631563	0.022604	0.029923	-0.003660
642.965211	0.022822	0.031076	-0.004127
643.298808	0.025102	0.030743	-0.002821
643.632356	0.023941	0.029931	-0.002995
643.965853	0.023864	0.029403	-0.002769
644.299300	0.024009	0.028878	-0.002434
644.632697	0.022282	0.032001	-0.004859
644.966043	0.022423	0.030144	-0.003860
645.299339	0.024349	0.030561	-0.003106
645.632584	0.023343	0.028883	-0.002770
645.965779	0.024590	0.031256	-0.003333
646.298924	0.024876	0.030059	-0.002591
646.632019	0.023456	0.031330	-0.003937
646.965063	0.025061	0.029934	-0.002437
647.298056	0.024124	0.031024	-0.003450
647.630999	0.023852	0.029983	-0.003065
647.963892	0.023499	0.033522	-0.005011
648.296735	0.025674	0.028694	-0.001510
648.629527	0.025065	0.032102	-0.003519
648.962268	0.024671	0.029642	-0.002485
649.294959	0.023257	0.031043	-0.003893
649.627600	0.023530	0.029116	-0.002793
649.960190	0.022533	0.031360	-0.004413
650.292729	0.023773	0.032043	-0.004135
650.625218	0.024282	0.032880	-0.004299
650.957657	0.024339	0.032138	-0.003900
651.290045	0.025639	0.032493	-0.003427
651.622383	0.025988	0.031829	-0.002921
651.954669	0.025219	0.029717	-0.002249
652.286906	0.024221	0.030887	-0.003333
652.619092	0.024756	0.031963	-0.003604
652.951227	0.024135	0.031493	-0.003679
653.283312	0.025439	0.030433	-0.002497
653.615346	0.024127	0.033249	-0.004561
653.947329	0.024612	0.032451	-0.003919
654.279262	0.025882	0.031895	-0.003007
654.611145	0.026089	0.032829	-0.003370
654.942976	0.024980	0.031307	-0.003163
655.274757	0.022619	0.032456	-0.004919
655.606488	0.023498	0.030716	-0.003609
655.938167	0.025509	0.032752	-0.003622
656.269796	0.024733	0.031921	-0.003594
656.601375	0.023766	0.031358	-0.003796
656.932902	0.026547	0.032526	-0.002989
657.264379	0.026136	0.033936	-0.003900
657.595806	0.025433	0.030401	-0.002484
657.927181	0.025117	0.034649	-0.004766
658.258506	0.024853	0.032503	-0.003825
658.589780	0.023607	0.031716	-0.004054
658.921003	0.026906	0.033717	-0.003406
659.252176	0.026651	0.032952	-0.003151
659.583298	0.027431	0.032172	-0.002370
659.914369	0.025556	0.032824	-0.003634
660.245389	0.025899	0.032605	-0.003353
660.576358	0.023236	0.032691	-0.004728
660.907277	0.025793	0.033276	-0.003741
661.238145	0.027115	0.032335	-0.002610
661.568962	0.027019	0.033693	-0.003337
661.899728	0.025124	0.034618	-0.004747
662.230443	0.026048	0.032450	-0.003201
662.561107	0.025650	0.031165	-0.002758
662.891721	0.027083	0.030359	-0.001638
663.222283	0.025429	0.033729	-0.004150
663.552795	0.027874	0.034214	-0.003170
663.883256	0.026937	0.033979	-0.003521
664.213666	0.027974	0.034081	-0.003053
664.544025	0.025562	0.032687	-0.003562
664.874333	0.026150	0.034304	-0.004077
665.204590	0.025637	0.033469	-0.003916
665.534796	0.026878	0.032975	-0.003049
665.864952	0.028780	0.034532	-0.002876
666.195056	0.027132	0.031408	-0.002138
666.525109	0.027514	0.033056	-0.002771
666.855111	0.027985	0.031701	-0.001858
667.185063	0.025157	0.032053	-0.003448
667.514963	0.027386	0.031860	-0.002237
667.844812	0.026844	0.034979	-0.004067
668.174610	0.027308	0.031739	-0.002215
668.504357	0.027406	0.033985	-0.003290
668.834054	0.024883	0.033173	-0.004145
669.163699	0.028492	0.032483	-0.001995
669.493293	0.027756	0.032068	-0.002156
669.822836	0.027664	0.031206	-0.001771
670.152327	0.028450	0.033974	-0.002762
670.481768	0.028742	0.035160	-0.003209
670.811158	0.028387	0.035683	-0.003648
671.140496	0.027839	0.032468	-0.002314
671.469783	0.029417	0.030940	-0.000761
671.799020	0.028089	0.033395	-0.002653
672.128205	0.026868	0.031707	-0.002420
672.457339	0.029429	0.033347	-0.001959
672.786421	0.027425	0.033994	-0.003285
673.115453	0.027871	0.032087	-0.002108
673.444433	0.027996	0.032095	-0.002049
673.773362	0.029748	0.035183	-0.002718
674.102240	0.030281	0.034855	-0.002287
674.431067	0.030014	0.032798	-0.001392
674.759842	0.030563	0.034616	-0.002027
675.088567	0.032240	0.034460	-0.001110
675.417240	0.030662	0.033879	-0.001609
675.745861	0.031087	0.035092	-0.002002
676.074432	0.026802	0.032994	-0.003096
676.402951	0.029565	0.034816	-0.002626
676.731419	0.031134	0.035419	-0.002143
677.059835	0.032437	0.034851	-0.001207
677.388201	0.031337	0.035740	-0.002202
677.716515	0.031072	0.034881	-0.001904
678.044777	0.029402	0.035513	-0.003056
678.372988	0.029059	0.037343	-0.004142
678.701148	0.030514	0.035126	-0.002306
679.029257	0.029723	0.035265	-0.002771
679.357314	0.027884	0.034106	-0.003111
679.685320	0.031099	0.035894	-0.002398
680.013274	0.029112	0.036344	-0.003616
680.341177	0.030066	0.034438	-0.002186
680.669029	0.032771	0.036863	-0.002046
680.996829	0.029380	0.034458	-0.002539
681.324578	0.031216	0.035241	-0.002013
681.652275	0.030011	0.035835	-0.002912
681.979921	0.030808	0.035762	-0.002477
682.307515	0.030922	0.033980	-0.001529
682.635058	0.029094	0.035016	-0.002961
682.962550	0.030303	0.033428	-0.001563
683.289989	0.030977	0.034307	-0.001665
683.617378	0.032176	0.033449	-0.000637
683.944715	0.031904	0.034747	-0.001422
684.272000	0.033371	0.034114	-0.000372
684.599234	0.032555	0.034992	-0.001219
684.926416	0.032035	0.032619	-0.000292
685.253547	0.032423	0.034876	-0.001226
685.580626	0.033854	0.035758	-0.000952
685.907654	0.031190	0.034933	-0.001872
686.234630	0.032017	0.034315	-0.001149
686.561554	0.031846	0.039305	-0.003730
686.888427	0.031752	0.036659	-0.002453
687.215248	0.033114	0.035499	-0.001193
687.542018	0.033546	0.035176	-0.000815
687.868736	0.031749	0.037064	-0.002658
688.195402	0.032790	0.035905	-0.001558
688.522017	0.032388	0.036478	-0.002045
688.848580	0.031734	0.037353	-0.002810
689.175091	0.033431	0.038449	-0.002509
689.501551	0.034801	0.035096	-0.000148
689.827959	0.034216	0.037672	-0.001728
690.154315	0.032766	0.036465	-0.001849
690.480620	0.032817	0.037626	-0.002404
690.806873	0.033475	0.037245	-0.001885
691.133074	0.034293	0.038831	-0.002269
691.459223	0.032713	0.037237	-0.002262
691.785321	0.033182	0.034114	-0.000466
692.111367	0.032919	0.037285	-0.002183
692.437361	0.035022	0.038193	-0.001585
692.763303	0.034462	0.037786	-0.001662
693.089193	0.035762	0.038380	-0.001309
693.415032	0.033408	0.039274	-0.002933
693.740819	0.035417	0.037295	-0.000939
694.066554	0.037225	0.036110	0.000557
694.392237	0.034613	0.038430	-0.001909
694.717869	0.035478	0.037774	-0.001148
695.043448	0.034907	0.034701	0.000103
695.368976	0.035830	0.036889	-0.000529
695.694452	0.034094	0.037478	-0.001692
696.019876	0.034293	0.037782	-0.001744
696.345248	0.036112	0.037253	-0.000571
696.670568	0.035876	0.038739	-0.001431
696.995836	0.034674	0.036844	-0.001085
697.321052	0.035732	0.037395	-0.000831
697.646216	0.033708	0.036643	-0.001467
697.971329	0.035993	0.037623	-0.000815
698.296389	0.034568	0.037558	-0.001495
698.621398	0.035689	0.036641	-0.000476
698.946354	0.034170	0.038563	-0.002196
699.271259	0.037950	0.036825	0.000563
699.596111	0.036242	0.036237	0.000003
699.920912	0.036535	0.037646	-0.000556
700.245660	0.037734	0.038938	-0.000602
700.570357	0.034856	0.036579	-0.000862
700.895001	0.033989	0.035419	-0.000715
701.219594	0.032591	0.037343	-0.002376
701.544134	0.036713	0.038680	-0.000984
701.868622	0.032282	0.038542	-0.003130
702.193059	0.038450	0.037312	0.000569
702.517443	0.037224	0.041606	-0.002191
702.841775	0.034472	0.037642	-0.001585
703.166055	0.038085	0.038711	-0.000313
703.490283	0.036371	0.039262	-0.001446
703.814458	0.037066	0.038970	-0.000952
704.138582	0.037091	0.036740	0.000175
704.462653	0.037676	0.039137	-0.000730
704.786673	0.036494	0.039148	-0.001327
705.110640	0.038013	0.037559	0.000227
705.434555	0.037484	0.039120	-0.000818
705.758417	0.037215	0.041186	-0.001985
706.082228	0.038065	0.040482	-0.001209
706.405986	0.039399	0.041806	-0.001203
706.729692	0.037719	0.036623	0.000548
707.053346	0.036397	0.039076	-0.001339
707.376948	0.036643	0.040642	-0.001999
707.700497	0.037887	0.040833	-0.001473
708.023995	0.039923	0.037255	0.001334
708.347439	0.035821	0.037743	-0.000961
708.670832	0.038041	0.038956	-0.000458
708.994173	0.041435	0.039863	0.000786
709.317461	0.039685	0.036501	0.001592
709.640696	0.038454	0.040427	-0.000987
709.963880	0.038643	0.038944	-0.000150
710.287011	0.038585	0.041373	-0.001394
710.610090	0.036259	0.037195	-0.000468
710.933116	0.038660	0.036263	0.001199
711.256090	0.039829	0.037314	0.001257
711.579012	0.038453	0.038812	-0.000180
711.901881	0.038559	0.040543	-0.000992
712.224698	0.038640	0.038304	0.000168
712.547463	0.037614	0.038248	-0.000317
712.870175	0.041173	0.038371	0.001401
713.192835	0.039186	0.041850	-0.001332
713.515442	0.040946	0.040182	0.000382
713.837997	0.040839	0.040050	0.000394
714.160499	0.039595	0.039494	0.000050
714.482949	0.041772	0.040729	0.000522
714.805347	0.040992	0.040719	0.000136
715.127692	0.039641	0.039591	0.000025
715.449985	0.040089	0.038235	0.000927
715.772225	0.040276	0.039807	0.000234
716.094412	0.039277	0.039400	-0.000062
716.416547	0.040757	0.040683	0.000037
716.738630	0.036738	0.041832	-0.002547
717.060660	0.040245	0.037742	0.001252
717.382637	0.044102	0.038391	0.002856
717.704562	0.040569	0.040126	0.000221
718.026435	0.038951	0.041365	-0.001207
718.348254	0.038973	0.039025	-0.000026
718.670022	0.039072	0.040006	-0.000467
718.991736	0.041970	0.039009	0.001480
719.313398	0.042071	0.042151	-0.000040
719.635008	0.043340	0.040440	0.001450
719.956564	0.041689	0.042551	-0.000431
720.278068	0.040276	0.043692	-0.001708
720.599520	0.042720	0.039565	0.001578
720.920919	0.043949	0.038521	0.002714
721.242265	0.044322	0.041782	0.001270
721.563558	0.040392	0.041418	-0.000513
721.884799	0.040957	0.042234	-0.000638
722.205987	0.039928	0.041399	-0.000736
722.527123	0.040664	0.039830	0.000417
722.848205	0.041299	0.041174	0.000062
723.169235	0.040054	0.040074	-0.000010
723.490212	0.042530	0.041805	0.000363
723.811137	0.044008	0.042176	0.000916
724.132009	0.044105	0.043867	0.000119
724.452828	0.042857	0.041680	0.000589
724.773594	0.044388	0.041245	0.001571
725.094307	0.042170	0.041554	0.000308
725.414968	0.044330	0.042415	0.000958
725.735576	0.043956	0.040766	0.001595
726.056131	0.046750	0.040235	0.003257
726.376633	0.043545	0.041058	0.001244
726.697082	0.045076	0.044659	0.000208
727.017478	0.041239	0.043308	-0.001034
727.337822	0.042079	0.043664	-0.000793
727.658113	0.044497	0.040631	0.001933
727.978351	0.046774	0.040498	0.003138
728.298536	0.043608	0.039406	0.002101
728.618668	0.047900	0.039776	0.004062
728.938747	0.046224	0.044977	0.000624
729.258773	0.043521	0.044745	-0.000612
729.578747	0.041523	0.043558	-0.001017
729.898667	0.043095	0.038898	0.002099
730.218534	0.042922	0.044306	-0.000692
730.538349	0.043852	0.044288	-0.000218
730.858111	0.044989	0.042873	0.001058
731.177819	0.048686	0.043212	0.002737
731.497475	0.043567	0.041710	0.000928
731.817077	0.043418	0.042468	0.000475
732.136627	0.043607	0.041402	0.001103
732.456123	0.045905	0.042586	0.001660
732.775567	0.045383	0.041314	0.002034
733.094958	0.046750	0.040924	0.002913
733.414295	0.042790	0.041075	0.000857
733.733579	0.045007	0.043015	0.000996
734.052811	0.043269	0.041108	0.001081
734.371989	0.045116	0.043349	0.000883
734.691114	0.043908	0.044134	-0.000113
735.010186	0.047874	0.045446	0.001214
735.329205	0.042451	0.044602	-0.001076
735.648171	0.047244	0.041796	0.002724
735.967084	0.045566	0.042082	0.001742
736.285944	0.044928	0.041918	0.001505
736.604750	0.044236	0.041812	0.001212
736.923503	0.044201	0.041127	0.001537
737.242203	0.043938	0.044449	-0.000255
737.560850	0.047994	0.042976	0.002509
737.879444	0.047751	0.042934	0.002409
738.197985	0.049406	0.043413	0.002997
738.516472	0.045453	0.044969	0.000242
738.834906	0.046566	0.040894	0.002836
739.153287	0.044701	0.040895	0.001903
739.471615	0.046955	0.043405	0.001775
739.789889	0.048298	0.042641	0.002828
740.108111	0.048895	0.046091	0.001402
740.426279	0.047575	0.043863	0.001856
740.744393	0.049331	0.045333	0.001999
741.062455	0.050353	0.042210	0.004071
741.380463	0.048825	0.042591	0.003117
741.698417	0.047147	0.043499	0.001824
742.016319	0.048090	0.041889	0.003100
742.334167	0.047413	0.045854	0.000779
742.651962	0.048009	0.044423	0.001793
742.969703	0.049592	0.044119	0.002737
743.287391	0.051658	0.043920	0.003869
743.605026	0.046184	0.043653	0.001265
743.922607	0.047650	0.044895	0.001378
744.240135	0.047823	0.042096	0.002863
744.557610	0.049251	0.044938	0.002157
744.875031	0.044921	0.041001	0.001960
745.192399	0.045731	0.043568	0.001082
745.509713	0.048343	0.045142	0.001600
745.826974	0.047676	0.044832	0.001422
746.144182	0.050776	0.042436	0.004170
746.461336	0.044955	0.041445	0.001755
746.778436	0.047682	0.043238	0.002222
747.095483	0.047174	0.042161	0.002506
747.412477	0.047361	0.045754	0.000803
747.729417	0.050180	0.040242	0.004969
748.046303	0.046138	0.045965	0.000086
748.363136	0.047424	0.042306	0.002559
748.679916	0.048073	0.040019	0.004027
748.996642	0.046778	0.043942	0.001418
749.313314	0.048573	0.043294	0.002640
749.629933	0.047682	0.044150	0.001766
749.946498	0.047033	0.040487	0.003273
750.263010	0.047111	0.041067	0.003022
750.579468	0.046250	0.040614	0.002818
750.895873	0.042464	0.041117	0.000674
751.212224	0.047636	0.041049	0.003294
751.528521	0.044229	0.039378	0.002426
751.844765	0.046108	0.040979	0.002564
752.160955	0.044077	0.038712	0.002683
752.477091	0.044409	0.039841	0.002284
752.793174	0.043125	0.037632	0.002747
753.109203	0.047981	0.036996	0.005492
753.425178	0.043476	0.036656	0.003410
753.741100	0.044893	0.039849	0.002522
754.056968	0.041966	0.037984	0.001991
754.372783	0.044544	0.040581	0.001982
754.688543	0.044552	0.038229	0.003162
755.004250	0.043836	0.037794	0.003021
755.319903	0.040922	0.038818	0.001052
755.635503	0.044574	0.039705	0.002434
755.951048	0.047091	0.038806	0.004142
756.266540	0.042846	0.037430	0.002708
756.581978	0.040973	0.036511	0.002231
756.897363	0.042378	0.040304	0.001037
757.212693	0.042539	0.038605	0.001967
757.527970	0.044831	0.040138	0.002347
757.843193	0.045606	0.039461	0.003073
758.158362	0.045657	0.039052	0.003302
758.473477	0.042639	0.039802	0.001418
758.788538	0.044692	0.038031	0.003330
759.103546	0.045733	0.041268	0.002233
759.418499	0.046028	0.041468	0.002280
759.733399	0.040310	0.041143	-0.000417
760.048245	0.041343	0.041019	0.000162
760.363037	0.047668	0.039309	0.004180
760.677775	0.045951	0.041160	0.002395
760.992459	0.045134	0.038861	0.003136
761.307090	0.043946	0.038072	0.002937
761.621666	0.046775	0.039161	0.003807
761.936188	0.044335	0.042228	0.001054
762.250657	0.047395	0.040846	0.003275
762.565071	0.046643	0.041799	0.002422
762.879432	0.049797	0.039863	0.004967
763.193738	0.045178	0.042049	0.001564
763.507991	0.045567	0.045944	-0.000189
763.822189	0.046503	0.043533	0.001485
764.136333	0.048480	0.042018	0.003231
764.450424	0.052915	0.041057	0.005929
764.764460	0.050654	0.042428	0.004113
765.078443	0.049621	0.045295	0.002163
765.392371	0.046258	0.044709	0.000774
765.706245	0.049006	0.041348	0.003829
766.020065	0.051197	0.043976	0.003611
766.333831	0.051744	0.043837	0.003953
766.647543	0.054292	0.048825	0.002734
766.961201	0.054011	0.046249	0.003881
767.274805	0.053252	0.047001	0.003125
767.588354	0.053429	0.045652	0.003889
767.901850	0.050034	0.044169	0.002933
768.215291	0.049599	0.047209	0.001195
768.528678	0.055168	0.048591	0.003288
768.842011	0.053653	0.044421	0.004616
769.155290	0.052559	0.047215	0.002672
769.468515	0.051437	0.046697	0.002370
769.781685	0.055275	0.048591	0.003342
770.094801	0.055999	0.047285	0.004357
770.407864	0.056009	0.054103	0.000953
770.720871	0.052804	0.053446	-0.000321
771.033825	0.052715	0.049606	0.001554
771.346724	0.053806	0.047332	0.003237
771.659569	0.057962	0.048675	0.004644
771.972360	0.056113	0.052133	0.001990
772.285096	0.054150	0.051075	0.001537
772.597779	0.057119	0.051716	0.002701
772.910407	0.062060	0.048334	0.006863
773.222980	0.059300	0.055965	0.001667
773.535499	0.058589	0.049013	0.004788
773.847964	0.060158	0.051857	0.004151
774.160375	0.062604	0.049288	0.006658
774.472731	0.056637	0.053361	0.001638
774.785033	0.056293	0.052845	0.001724
775.097281	0.061069	0.053988	0.003540
775.409474	0.063590	0.055552	0.004019
775.721613	0.056714	0.055313	0.000700
776.033697	0.055815	0.053027	0.001394
776.345727	0.063964	0.058852	0.002556
776.657702	0.062392	0.055245	0.003574
776.969624	0.062507	0.054120	0.004194
777.281490	0.060475	0.056401	0.002037
777.593303	0.062735	0.052239	0.005248
777.905060	0.060193	0.054265	0.002964
778.216764	0.066085	0.051728	0.007179
778.528412	0.064934	0.053317	0.005808
778.840007	0.063621	0.057827	0.002897
779.151547	0.058386	0.058993	-0.000303
779.463032	0.062222	0.056472	0.002875
779.774463	0.062805	0.058835	0.001985
780.085839	0.065608	0.060207	0.002700
780.397161	0.067359	0.058148	0.004606
780.708428	0.063615	0.066825	-0.001605
781.019641	0.060937	0.060219	0.000359
781.330799	0.068693	0.058678	0.005008
781.641902	0.065629	0.061296	0.002166
781.952951	0.066716	0.060730	0.002993
782.263946	0.071820	0.059950	0.005935
782.574885	0.068190	0.061051	0.003569
782.885770	0.062462	0.060617	0.000923
783.196601	0.076734	0.063670	0.006532
783.507377	0.065025	0.059164	0.002931
783.818098	0.069661	0.065646	0.002008
784.128764	0.068551	0.062047	0.003252
784.439376	0.066008	0.057383	0.004312
784.749933	0.071062	0.064205	0.003429
785.060436	0.071915	0.064398	0.003759
785.370884	0.074854	0.066405	0.004224
785.681277	0.075544	0.061866	0.006839
785.991615	0.072381	0.062882	0.004749
786.301899	0.070771	0.063372	0.003700
786.612128	0.069258	0.058795	0.005232
786.922302	0.073752	0.061259	0.006247
787.232421	0.078105	0.063000	0.007553
787.542486	0.070895	0.066492	0.002201
787.852496	0.074355	0.066529	0.003913
788.162451	0.075146	0.069787	0.002680
788.472351	0.077107	0.063247	0.006930
788.782196	0.071186	0.070234	0.000476
789.091987	0.065742	0.066212	-0.000235
789.401723	0.070244	0.068730	0.000757
789.711404	0.075178	0.067475	0.003851
790.021030	0.077967	0.070464	0.003751
790.330601	0.077784	0.063426	0.007179
790.640117	0.084838	0.067346	0.008746
790.949579	0.078579	0.065746	0.006416
791.258985	0.076802	0.070487	0.003158
791.568337	0.079975	0.067794	0.006090
791.877634	0.072767	0.070137	0.001315
792.186876	0.081023	0.069100	0.005962
792.496063	0.078316	0.068139	0.005088
792.805195	0.079807	0.070710	0.004549
793.114272	0.075291	0.072343	0.001474
793.423294	0.086801	0.073782	0.006510
793.732261	0.074861	0.067428	0.003716
794.041173	0.074017	0.075292	-0.000638
794.350030	0.079599	0.071351	0.004124
794.658833	0.080826	0.073818	0.003504
794.967580	0.087001	0.076563	0.005219
795.276272	0.081757	0.074631	0.003563
795.584909	0.086072	0.072228	0.006922
795.893491	0.079211	0.074243	0.002484
796.202018	0.085247	0.079568	0.002840
796.510490	0.080981	0.076259	0.002361
796.818907	0.083002	0.069608	0.006697
797.127269	0.091091	0.070913	0.010089
797.435576	0.082344	0.075997	0.003174
797.743827	0.091437	0.074997	0.008220
798.052024	0.083285	0.071799	0.005743
798.360165	0.086221	0.082269	0.001976
798.668251	0.089492	0.077651	0.005920
798.976283	0.086387	0.080050	0.003168
799.284259	0.087301	0.076419	0.005441
799.592179	0.091015	0.074776	0.008120
799.900045	0.084732	0.074853	0.004939
800.207855	0.084377	0.082547	0.000915
800.515611	0.089089	0.075227	0.006931
800.823311	0.082253	0.075049	0.003602
801.130956	0.083449	0.076380	0.003535
801.438545	0.081087	0.083141	-0.001027
801.746080	0.093025	0.083808	0.004609
802.053559	0.087168	0.080375	0.003396
802.360983	0.086883	0.082474	0.002205
802.668352	0.088953	0.084611	0.002171
802.975665	0.088739	0.082311	0.003214
803.282923	0.087906	0.086087	0.000910
803.590126	0.083884	0.074867	0.004509
803.897274	0.094084	0.080577	0.006754
804.204366	0.090229	0.079614	0.005307
804.511403	0.090916	0.086571	0.002173
804.818384	0.094595	0.069979	0.012308
805.125311	0.086693	0.089150	-0.001229
805.432181	0.091929	0.080170	0.005880
805.738997	0.099647	0.080856	0.009396
806.045757	0.095135	0.077594	0.008771
806.352462	0.096762	0.085721	0.005521
806.659111	0.102585	0.082946	0.009819
806.965705	0.101572	0.089108	0.006232
807.272244	0.094645	0.091071	0.001787
807.578727	0.093046	0.083304	0.004871
807.885155	0.105020	0.088343	0.008339
808.191527	0.096728	0.085341	0.005694
808.497844	0.101097	0.092628	0.004235
808.804105	0.090817	0.089482	0.000668
809.110311	0.102144	0.089109	0.006517
809.416462	0.095554	0.091572	0.001991
809.722557	0.091704	0.086656	0.002524
810.028596	0.099752	0.081768	0.008992
810.334580	0.108459	0.090914	0.008772
810.640508	0.104595	0.095125	0.004735
810.946381	0.101244	0.092538	0.004353
811.252199	0.097099	0.092928	0.002085
811.557961	0.102834	0.092175	0.005329
811.863667	0.103769	0.096111	0.003829
812.169317	0.110057	0.094780	0.007639
812.474913	0.108058	0.091654	0.008202
812.780452	0.108014	0.096519	0.005748
813.085936	0.111743	0.094043	0.008850
813.391364	0.108764	0.100887	0.003938
813.696737	0.112412	0.090686	0.010863
814.002054	0.100874	0.094802	0.003036
814.307315	0.099707	0.096795	0.001456
814.612521	0.103151	0.098064	0.002543
814.917671	0.116653	0.096177	0.010238
815.222766	0.105027	0.103126	0.000950
815.527804	0.112450	0.095642	0.008404
815.832787	0.115157	0.090063	0.012547
816.137715	0.118116	0.099878	0.009119
816.442586	0.118279	0.095683	0.011298
816.747402	0.111482	0.100966	0.005258
817.052162	0.109881	0.104477	0.002702
817.356867	0.114637	0.109344	0.002647
817.661516	0.111407	0.110859	0.000274
817.966109	0.108671	0.103056	0.002807
818.270646	0.122189	0.105512	0.008339
818.575127	0.123012	0.106641	0.008185
818.879553	0.114601	0.106797	0.003902
819.183922	0.120760	0.125125	-0.002183
819.488236	0.119794	0.105701	0.007046
819.792495	0.113863	0.108788	0.002538
820.096697	0.122507	0.107165	0.007671
820.400843	0.128941	0.111452	0.008744
820.704934	0.116769	0.105564	0.005602
821.008969	0.124550	0.098193	0.013179
821.312948	0.135121	0.113078	0.011021
821.616871	0.119686	0.113154	0.003266
821.920738	0.135937	0.110413	0.012762
822.224549	0.119588	0.119408	0.000090
822.528305	0.122441	0.104436	0.009002
822.832004	0.133610	0.111994	0.010808
823.135647	0.127791	0.112765	0.007513
823.439235	0.127891	0.110375	0.008758
823.742767	0.120528	0.116752	0.001888
824.046242	0.121638	0.119610	0.001014
824.349662	0.135879	0.109860	0.013009
824.653026	0.125511	0.117445	0.004033
824.956333	0.115658	0.117976	-0.001159
825.259585	0.142735	0.122829	0.009953
825.562781	0.131120	0.111830	0.009645
825.865920	0.135336	0.111885	0.011726
826.169004	0.123071	0.125550	-0.001240
826.472031	0.135996	0.120079	0.007959
826.775003	0.145536	0.121349	0.012094
827.077918	0.139363	0.121342	0.009011
827.380778	0.128810	0.119385	0.004712
827.683581	0.146683	0.117275	0.014704
827.986328	0.127115	0.128054	-0.000469
828.289019	0.130501	0.122542	0.003980
828.591654	0.155179	0.105043	0.025068
828.894233	0.137584	0.129650	0.003967
829.196756	0.131865	0.129005	0.001430
829.499223	0.146725	0.135430	0.005648
829.801633	0.135939	0.124585	0.005677
830.103988	0.130188	0.131034	-0.000423
830.406286	0.155388	0.129001	0.013194
830.708528	0.140817	0.146968	-0.003075
831.010713	0.142392	0.121439	0.010476
831.312843	0.132334	0.131290	0.000522
831.614916	0.163147	0.130539	0.016304
831.916933	0.148855	0.139876	0.004489
832.218894	0.138823	0.133323	0.002750
832.520799	0.138510	0.130386	0.004062
832.822647	0.144076	0.134544	0.004766
833.124440	0.126581	0.126681	-0.000050
833.426175	0.146300	0.118987	0.013656
833.727855	0.146310	0.137015	0.004648
834.029478	0.139640	0.137900	0.000870
834.331045	0.145735	0.134895	0.005420
834.632556	0.159298	0.149764	0.004767
834.934010	0.158774	0.137659	0.010557
835.235408	0.147956	0.151441	-0.001742
835.536750	0.153673	0.135230	0.009222
835.838035	0.158882	0.133012	0.012935
836.139264	0.140896	0.148565	-0.003835
836.440437	0.142674	0.138904	0.001885
836.741553	0.156916	0.157556	-0.000320
837.042613	0.166033	0.158810	0.003611
837.343616	0.164833	0.146102	0.009366
837.644563	0.144985	0.135007	0.004989
837.945454	0.163963	0.167199	-0.001618
838.246288	0.152103	0.139142	0.006481
838.547066	0.144041	0.161912	-0.008936
838.847787	0.162392	0.144015	0.009189
839.148452	0.165960	0.152357	0.006801
839.449060	0.163186	0.147996	0.007595
839.749612	0.175369	0.153541	0.010914
840.050108	0.174232	0.156326	0.008953
840.350547	0.170041	0.161547	0.004247
840.650929	0.182005	0.147660	0.017172
840.951255	0.166981	0.163073	0.001954
841.251524	0.164501	0.166040	-0.000769
841.551737	0.155860	0.147108	0.004376
841.851893	0.167152	0.153511	0.006820
842.151993	0.174826	0.150286	0.012270
842.452036	0.189193	0.173641	0.007776
842.752022	0.178096	0.156649	0.010724
843.051952	0.175611	0.141231	0.017190
843.351825	0.163478	0.149247	0.007115
843.651642	0.193756	0.169482	0.012137
843.951402	0.197421	0.168914	0.014253
844.251106	0.176133	0.164740	0.005697
844.550752	0.191195	0.183755	0.003720
844.850343	0.198980	0.176690	0.011145
845.149876	0.181025	0.150625	0.015200
845.449353	0.190401	0.179327	0.005537
845.748773	0.186525	0.167972	0.009276
846.048136	0.190415	0.168826	0.010794
846.347443	0.180091	0.182527	-0.001218
846.646693	0.192778	0.169643	0.011567
846.945886	0.205435	0.179270	0.013082
847.245023	0.201737	0.151146	0.025295
847.544103	0.161100	0.165177	-0.002038
847.843126	0.206518	0.179255	0.013632
848.142092	0.187501	0.176292	0.005605
848.441002	0.182546	0.174922	0.003812
848.739854	0.206018	0.169481	0.018268
849.038650	0.194754	0.185160	0.004797
849.337390	0.184824	0.221766	-0.018471
849.636072	0.195787	0.183624	0.006081
849.934697	0.180941	0.216856	-0.017957
850.233266	0.223281	0.170955	0.026163
850.531778	0.202733	0.210177	-0.003722
850.830233	0.233961	0.179688	0.027137
851.128631	0.235715	0.198404	0.018655
851.426972	0.187279	0.199036	-0.005879
851.725257	0.190390	0.217862	-0.013736
852.023484	0.201726	0.189163	0.006281
852.321655	0.206073	0.187144	0.009464
852.619768	0.236288	0.211888	0.012200
852.917825	0.189969	0.230864	-0.020447
853.215825	0.208519	0.183732	0.012393
853.513768	0.230540	0.214484	0.008028
853.811654	0.229075	0.209810	0.009632
854.109483	0.213251	0.238575	-0.012662
854.407255	0.244497	0.199234	0.022632
854.704970	0.210763	0.222079	-0.005658
855.002628	0.202774	0.213443	-0.005335
855.300229	0.257502	0.182693	0.037405
855.597773	0.256586	0.268879	-0.006147
855.895260	0.235546	0.202337	0.016604
856.192690	0.285465	0.173794	0.055836
856.490063	0.253677	0.227587	0.013045
856.787378	0.252888	0.204505	0.024192
857.084637	0.229205	0.233040	-0.001918
857.381839	0.308841	0.259533	0.024654
857.678984	0.301207	0.214601	0.043303
857.976071	0.236554	0.243199	-0.003322
858.273101	0.229969	0.254892	-0.012461
858.570075	0.312372	0.241545	0.035413
858.866991	0.268734	0.249877	0.009428
859.163850	0.265854	0.255775	0.005039
859.460652	0.247935	0.208227	0.019854
859.757397	0.260798	0.242347	0.009225
860.054084	0.268272	0.256479	0.005897
860.350715	0.284824	0.243724	0.020550
860.647288	0.311779	0.250053	0.030863
860.943804	0.250591	0.316784	-0.033097
861.240263	0.230923	0.219905	0.005509
861.536665	0.240049	0.265032	-0.012491
861.833009	0.249455	0.242959	0.003248
862.129296	0.264871	0.255478	0.004696
862.425526	0.278436	0.188745	0.044846
862.721699	0.285697	0.286812	-0.000557
863.017814	0.251259	0.251164	0.000047
863.313872	0.287110	0.224916	0.031097
863.609873	0.269768	0.342440	-0.036336
863.905817	0.252375	0.234211	0.009082
864.201703	0.259735	0.290635	-0.015450
864.497532	0.306441	0.243476	0.031483
864.793304	0.257976	0.215988	0.020994
865.089018	0.307123	0.249350	0.028886
865.384675	0.303175	0.316699	-0.006762
865.680274	0.327487	0.233299	0.047094
865.975817	0.268067	0.336014	-0.033974
866.271302	0.267915	0.251555	0.008180
866.566729	0.302208	0.308831	-0.003311
866.862099	0.339003	0.236419	0.051292
867.157412	0.376066	0.290476	0.042795
867.452667	0.363264	0.309456	0.026904
867.747865	0.379648	0.318448	0.030600
868.043005	0.461539	0.277026	0.092256
868.338088	0.412040	0.339564	0.036238
868.633114	0.297339	0.358563	-0.030612
868.928082	0.306366	0.388766	-0.041200
869.222993	0.331015	0.366226	-0.017605
869.517846	0.343036	0.408907	-0.032936
869.812641	0.419713	0.259907	0.079903
870.107379	0.287931	0.303241	-0.007655
870.402060	0.343401	0.297674	0.022863
870.696683	0.385211	0.293917	0.045647
870.991248	0.412973	0.260442	0.076266
871.285756	0.368404	0.324609	0.021897
871.580207	0.484925	0.333232	0.075847
871.874600	0.359385	0.349514	0.004936
872.168935	0.406202	0.297446	0.054378
872.463213	0.392691	0.275232	0.058729
872.757433	0.438682	0.296029	0.071326
873.051595	0.402257	0.346942	0.027658
873.345700	0.303376	0.325645	-0.011134
873.639748	0.392513	0.301039	0.045737
873.933737	0.473655	0.307051	0.083302
874.227669	0.400676	0.267174	0.066751
874.521544	0.462807	0.415856	0.023476
874.815360	0.355248	0.362760	-0.003756
875.109119	0.341538	0.370471	-0.014466
875.402821	0.522457	0.317323	0.102567
875.696464	0.360834	0.444804	-0.041985
875.990050	0.373694	0.303756	0.034969
876.283578	0.337725	0.389734	-0.026004
876.577049	0.482419	0.452275	0.015072
876.870462	0.358167	0.359226	-0.000529
877.163817	0.339817	0.316143	0.011837
877.457114	0.448948	0.322422	0.063263
877.750353	0.427027	0.470981	-0.021977
878.043535	0.354468	0.370150	-0.007841
878.336659	0.416782	0.314546	0.051118
878.629725	0.376626	0.491713	-0.057544
878.922733	0.322884	0.350060	-0.013588
879.215684	0.431284	0.463090	-0.015903
879.508577	0.398296	0.423567	-0.012636
879.801411	0.451446	0.496793	-0.022674
880.094189	0.469573	0.487210	-0.008819
880.386908	0.374247	0.456018	-0.040886
880.679569	0.683102	0.411015	0.136044
880.972172	0.387342	0.524909	-0.068784
881.264718	0.456168	0.424387	0.015891
881.557206	0.685552	0.703814	-0.009131
881.849635	0.757405	0.515046	0.121179
882.142007	0.784520	0.639225	0.072647
882.434321	0.445358	0.381450	0.031954
882.726577	0.365596	0.591377	-0.112890
883.018775	0.505459	0.441656	0.031902
883.310915	0.687743	0.482095	0.102824
883.602997	0.557990	0.359875	0.099057
883.895021	0.619164	0.468723	0.075220
884.186987	0.555379	0.818852	-0.131736
884.478896	0.508147	0.397040	0.055553
884.770746	0.727802	0.454874	0.136464
885.062538	0.992928	0.355211	0.318858
885.354272	0.692743	0.440443	0.126150
885.645948	0.683327	0.513407	0.084960
885.937566	0.655526	0.536765	0.059381
886.229126	0.531188	0.368057	0.081565
886.520628	0.497939	0.611759	-0.056910
886.812072	0.472835	0.393404	0.039716
887.103458	0.921282	0.417602	0.251840
887.394785	0.558505	0.531009	0.013748
887.686055	0.438514	0.571466	-0.066476
887.977266	0.594243	0.511718	0.041263
888.268420	0.492536	0.622093	-0.064779
888.559515	0.506024	0.500300	0.002862
888.850552	0.790657	0.446470	0.172094
889.141531	0.814939	0.467656	0.173642
889.432451	0.447525	0.728810	-0.140643
889.723314	0.612193	0.720636	-0.054221
890.014118	0.817690	0.602931	0.107380
890.304864	0.554184	0.792630	-0.119223
890.595552	0.403006	0.566052	-0.081523
890.886182	0.549613	0.528631	0.010491
891.176754	1.303910	0.568580	0.367665
891.467267	0.630984	0.634878	-0.001947
891.757722	0.715062	0.475577	0.119743
