189.527725	-0.130717	-0.130717	0.000000
189.916390	-0.568293	-0.568293	0.000000
190.305018	1.002660	0.694177	0.154242
190.693607	0.526723	1.177388	-0.325332
191.082159	0.629094	1.398483	-0.384694
191.470673	1.015010	0.905263	0.054873
191.859149	0.795965	0.643580	0.076192
192.247587	1.073965	0.727942	0.173012
192.635988	0.910677	0.839704	0.035486
193.024351	1.324347	1.478903	-0.077278
193.412676	1.086584	0.950000	0.068292
193.800963	1.541779	1.375143	0.083318
194.189212	1.758238	0.867080	0.445579
194.577423	1.304199	0.985070	0.159564
194.965597	0.979027	0.721601	0.128713
195.353732	0.792243	0.950459	-0.079108
195.741830	0.954195	0.704766	0.124715
196.129890	1.144904	0.813374	0.165765
196.517911	0.936527	1.395952	-0.229712
196.905895	1.016319	0.739279	0.138520
197.293841	0.650086	1.999734	-0.674824
197.681749	0.618744	0.793559	-0.087408
198.069619	0.816554	0.939895	-0.061671
198.457452	0.726738	0.857278	-0.065270
198.845246	2.223014	1.371217	0.425899
199.233002	1.853798	3.115306	-0.630754
199.620720	2.207736	0.878932	0.664402
200.008400	1.234726	1.293121	-0.029197
200.396042	2.995418	1.856092	0.569663
200.783646	1.554587	1.321023	0.116782
201.171212	1.264828	2.275476	-0.505324
201.558740	1.915241	3.459995	-0.772377
201.946230	4.562491	1.303733	1.629379
202.333682	1.474700	1.441157	0.016771
202.721096	1.525933	1.558969	-0.016518
203.108472	1.549253	2.549526	-0.500137
203.495809	1.229559	1.025724	0.101918
203.883109	2.763332	1.290220	0.736556
204.270370	2.383003	1.454322	0.464340
204.657593	2.316161	1.138600	0.588780
205.044779	2.114598	2.557632	-0.221517
205.431926	1.485932	2.587925	-0.550997
205.819034	1.334996	1.638673	-0.151838
206.206105	1.240793	1.591816	-0.175511
206.593137	1.345820	2.723857	-0.689019
206.980132	1.745329	1.279698	0.232815
207.367088	1.309649	1.420126	-0.055238
207.754006	1.330987	0.947657	0.191665
208.140885	1.730328	1.807266	-0.038469
208.527727	1.411163	1.546745	-0.067791
208.914530	1.234701	1.693270	-0.229284
209.301295	2.797995	1.069201	0.864397
209.688022	1.719184	2.289844	-0.285330
210.074710	1.937438	3.688809	-0.875686
210.461360	2.952612	1.592017	0.680298
210.847972	1.267974	1.463815	-0.097921
211.234546	1.221802	1.754140	-0.266169
211.621081	1.187939	1.656574	-0.234317
212.007578	1.302212	85.946577	-42.322183
212.394036	1.226643	2.267726	-0.520542
212.780457	1.398508	1.245265	0.076622
213.166839	2.463603	1.145649	0.658977
213.553182	2.109864	1.077511	0.516176
213.939487	1.352998	1.234513	0.059242
214.325754	1.085267	1.633876	-0.274304
214.711983	2.169581	1.845534	0.162024
215.098173	1.930617	1.607714	0.161452
215.484324	1.273074	2.305263	-0.516094
215.870437	1.077646	1.187757	-0.055055
216.256512	2.149386	1.833501	0.157942
216.642548	3.134141	1.524034	0.805053
217.028546	3.530796	2.106831	0.711982
217.414506	1.600717	1.111072	0.244822
217.800427	2.245913	9.979076	-3.866581
218.186309	1.640154	1.321679	0.159238
218.572153	2.934938	1.590261	0.672338
218.957959	1.997704	1.023866	0.486919
219.343726	1.461380	2.397884	-0.468252
219.729454	0.965658	1.292248	-0.163295
220.115144	1.753490	1.206173	0.273658
220.500795	2.286657	1.661153	0.312752
220.886408	4.806825	1.394858	1.705984
221.271983	1.418234	3.858781	-1.220274
221.657518	46.585845	1.983866	22.300989
222.043016	1.411732	1.908460	-0.248364
222.428474	3.111764	3.015324	0.048220
222.813894	1.715117	2.567009	-0.425946
223.199275	2.514935	3.034146	-0.259606
223.584618	1.974832	1.277683	0.348574
223.969922	2.255655	1.669932	0.292862
224.355188	14.904102	20.342443	-2.719171
224.740414	2.025024	1.506678	0.259173
225.125603	17.444613	28.100018	-5.327702
225.510752	7.186838	-4.940745	6.063792
225.895863	1.670747	4.809707	-1.569480
226.280935	2.879990	2.861303	0.009344
226.665968	1.935251	-1.982757	1.959004
227.050963	-12.251815	4.743858	-8.497837
227.435919	3.001052	1.092901	0.954076
227.820836	4.844730	2.818125	1.013303
228.205715	6.681924	13.734880	-3.526478
228.590555	2.801119	-5.923011	4.362065
228.975356	3.899452	19.951426	-8.025987
229.360118	-2.462482	3.280914	-2.871698
229.744841	-11.089674	-5.382700	-2.853487
230.129526	-81.924128	-8.449780	-36.737174
230.514172	2.887052	-6.336723	4.611887
230.898779	-3.029154	3.378432	-3.203793
231.283347	7.720898	10.054199	-1.166650
231.667877	4.143776	-8.989083	6.566429
232.052367	-2.536284	6.373336	-4.454810
232.436819	68.573467	-2.735811	35.654639
232.821232	-5.745796	93.030718	-49.388257
233.205606	-10.832187	5.791155	-8.311671
233.589941	6.328769	-2.833990	4.581379
233.974237	-2.151053	-14.147340	5.998143
234.358495	-39.112429	-3.698001	-17.707214
234.742713	-2.057021	-5.873146	1.908062
235.126893	-1.267411	-3.695397	1.213993
235.511033	-1.872801	3.425976	-2.649388
235.895135	-1.886692	-2.594510	0.353909
236.279198	-7.160485	-4.843052	-1.158717
236.663221	-2.127473	-381.950274	189.911400
237.047206	-4.181690	-2.789057	-0.696316
237.431152	-3.079014	-4.165386	0.543186
237.815059	-2.454944	-3.388017	0.466537
238.198926	-4.715057	-2.285537	-1.214760
238.582755	79.842750	-11.816351	45.829551
238.966545	108.821223	-3.042201	55.931712
239.350296	-3.272430	-1.143387	-1.064522
239.734007	-2.951801	-1.860649	-0.545576
240.117680	-1.073345	-2.171367	0.549011
240.501314	-1.444126	-9.523775	4.039825
240.884908	-6.971045	-1.588182	-2.691431
241.268464	-1.352961	-1.498552	0.072796
241.651980	-1.514264	-3.492543	0.989139
242.035457	-1.429829	-1.649718	0.109945
242.418895	-1.188816	-1.497868	0.154526
242.802294	-1.357345	-1.267569	-0.044888
243.185654	-2.295646	-1.130673	-0.582487
243.568975	-1.506968	-1.072552	-0.217208
243.952257	-1.086497	-1.882289	0.397896
244.335499	-1.204225	-1.401454	0.098615
244.718702	-2.039328	-1.155548	-0.441890
245.101867	-0.968817	-0.867759	-0.050529
245.484991	-0.785765	-0.621196	-0.082284
245.868077	-1.421742	-1.091988	-0.164877
246.251124	-0.684112	-1.281792	0.298840
246.634131	-1.135731	-0.962751	-0.086490
247.017099	-0.717990	-1.239792	0.260901
247.400028	-0.895101	-0.820786	-0.037158
247.782917	-0.650633	-0.601133	-0.024750
248.165768	-0.696586	-1.448718	0.376066
248.548579	-0.618159	-0.839498	0.110669
248.931350	-0.745853	-0.701761	-0.022046
249.314083	-0.737229	-0.526740	-0.105245
249.696776	-0.778228	-0.646847	-0.065690
250.079430	-0.555766	-0.687106	0.065670
250.462044	-0.590029	-0.683506	0.046738
250.844620	-0.505201	-0.620769	0.057784
251.227155	-0.698120	-0.593037	-0.052541
251.609652	-0.533799	-0.459031	-0.037384
251.992109	-0.500244	-0.525445	0.012600
252.374527	-0.612341	-0.741514	0.064587
252.756905	-0.473185	-0.508046	0.017430
253.139244	-0.474580	-0.484119	0.004770
253.521544	-0.507917	-0.597567	0.044825
253.903804	-0.419161	-0.474423	0.027631
254.286025	-0.436210	-0.478867	0.021328
254.668206	-0.522139	-0.396940	-0.062599
255.050348	-0.453847	-0.475234	0.010693
255.432451	-0.430501	-0.423275	-0.003613
255.814514	-0.438497	-0.367710	-0.035394
256.196537	-0.426462	-0.344714	-0.040874
256.578521	-0.438924	-0.373161	-0.032881
256.960466	-0.356980	-0.367307	0.005163
257.342371	-0.404827	-0.412972	0.004073
257.724236	-0.444337	-0.379884	-0.032227
258.106062	-0.360689	-0.370862	0.005086
258.487849	-0.376400	-0.385362	0.004481
258.869596	-0.309895	-0.324434	0.007269
259.251303	-0.339469	-0.364730	0.012630
259.632971	-0.274908	-0.290272	0.007682
260.014599	-0.348885	-0.374504	0.012809
260.396188	-0.338238	-0.305360	-0.016439
260.777737	-0.298796	-0.302539	0.001871
261.159247	-0.309366	-0.304110	-0.002628
261.540717	-0.320250	-0.284434	-0.017908
261.922147	-0.331013	-0.244608	-0.043202
262.303538	-0.320882	-0.252523	-0.034180
262.684889	-0.268057	-0.300085	0.016014
263.066200	-0.244668	-0.269120	0.012226
263.447472	-0.256720	-0.229793	-0.013464
263.828704	-0.226101	-0.231431	0.002665
264.209896	-0.267978	-0.257622	-0.005178
264.591049	-0.240752	-0.227195	-0.006778
264.972162	-0.254588	-0.228145	-0.013222
265.353235	-0.243777	-0.274926	0.015574
265.734268	-0.211243	-0.223183	0.005970
266.115262	-0.221079	-0.203899	-0.008590
266.496216	-0.223532	-0.200114	-0.011709
266.877130	-0.222753	-0.186474	-0.018140
267.258005	-0.209474	-0.203398	-0.003038
267.638840	-0.188785	-0.218383	0.014799
268.019635	-0.185311	-0.200014	0.007352
268.400390	-0.203177	-0.212019	0.004421
268.781105	-0.200197	-0.172099	-0.014049
269.161781	-0.177723	-0.175388	-0.001168
269.542417	-0.179281	-0.182819	0.001769
269.923013	-0.170600	-0.171738	0.000569
270.303569	-0.178476	-0.176166	-0.001155
270.684085	-0.171680	-0.173794	0.001057
271.064561	-0.154155	-0.156192	0.001019
271.444998	-0.146302	-0.151780	0.002739
271.825394	-0.159412	-0.163642	0.002115
272.205751	-0.125897	-0.148825	0.011464
272.586068	-0.142000	-0.140221	-0.000890
272.966345	-0.130753	-0.135608	0.002427
273.346582	-0.127255	-0.133271	0.003008
273.726779	-0.126135	-0.117121	-0.004507
274.106936	-0.123494	-0.121420	-0.001037
274.487053	-0.128263	-0.123667	-0.002298
274.867130	-0.116314	-0.107991	-0.004161
275.247168	-0.112620	-0.116733	0.002056
275.627165	-0.121967	-0.116105	-0.002931
276.007122	-0.113800	-0.111763	-0.001019
276.387040	-0.109819	-0.115179	0.002680
276.766917	-0.106760	-0.106986	0.000113
277.146754	-0.115340	-0.102766	-0.006287
277.526551	-0.112317	-0.102471	-0.004923
277.906308	-0.098876	-0.101893	0.001509
278.286026	-0.114572	-0.104952	-0.004810
278.665703	-0.113637	-0.103846	-0.004895
279.045340	-0.101761	-0.094396	-0.003682
279.424936	-0.109566	-0.099590	-0.004988
279.804493	-0.104527	-0.100717	-0.001905
280.184010	-0.110396	-0.087790	-0.011303
280.563487	-0.100998	-0.108797	0.003900
280.942923	-0.102514	-0.091977	-0.005268
281.322319	-0.102008	-0.091994	-0.005007
281.701676	-0.097762	-0.086071	-0.005846
282.080992	-0.102771	-0.088559	-0.007106
282.460268	-0.089266	-0.097620	0.004177
282.839503	-0.093041	-0.090652	-0.001195
283.218699	-0.088121	-0.084879	-0.001621
283.597854	-0.099144	-0.096100	-0.001522
283.976969	-0.086014	-0.085932	-0.000041
284.356044	-0.096514	-0.083087	-0.006714
284.735079	-0.090948	-0.082377	-0.004286
285.114073	-0.091069	-0.083675	-0.003697
285.493028	-0.087627	-0.080126	-0.003750
285.871942	-0.081591	-0.077417	-0.002087
286.250815	-0.088484	-0.079941	-0.004272
286.629649	-0.086906	-0.078505	-0.004200
287.008442	-0.083248	-0.072712	-0.005268
287.387195	-0.084309	-0.074728	-0.004790
287.765907	-0.077913	-0.068442	-0.004736
288.144580	-0.074067	-0.070161	-0.001953
288.523212	-0.073373	-0.066492	-0.003440
288.901803	-0.065028	-0.060156	-0.002436
289.280355	-0.070913	-0.058552	-0.006181
289.658866	-0.065636	-0.058207	-0.003715
290.037336	-0.064673	-0.054401	-0.005136
290.415766	-0.066191	-0.054433	-0.005879
290.794156	-0.064800	-0.054727	-0.005036
291.172505	-0.061989	-0.052627	-0.004681
291.550814	-0.060963	-0.051444	-0.004760
291.929083	-0.056343	-0.053001	-0.001671
292.307311	-0.055992	-0.048679	-0.003656
292.685499	-0.052906	-0.047118	-0.002894
293.063646	-0.055497	-0.049193	-0.003152
293.441753	-0.052261	-0.042975	-0.004643
293.819820	-0.052593	-0.047044	-0.002775
294.197845	-0.053223	-0.042225	-0.005499
294.575831	-0.051199	-0.045440	-0.002879
294.953776	-0.052812	-0.041915	-0.005448
295.331680	-0.052952	-0.041490	-0.005731
295.709544	-0.048498	-0.039010	-0.004744
296.087368	-0.050487	-0.043719	-0.003384
296.465150	-0.046745	-0.038970	-0.003887
296.842893	-0.052728	-0.041304	-0.005712
297.220595	-0.050806	-0.043216	-0.003795
297.598256	-0.051679	-0.039889	-0.005895
297.975876	-0.048332	-0.038275	-0.005028
298.353457	-0.049528	-0.037637	-0.005945
298.730996	-0.047604	-0.040602	-0.003501
299.108495	-0.048204	-0.038070	-0.005067
299.485953	-0.047576	-0.037676	-0.004950
299.863371	-0.048885	-0.034174	-0.007355
300.240748	-0.049666	-0.038013	-0.005827
300.618084	-0.044725	-0.036354	-0.004185
300.995380	-0.046522	-0.038219	-0.004152
301.372635	-0.048102	-0.038045	-0.005028
301.749849	-0.048507	-0.036782	-0.005863
302.127023	-0.047137	-0.034572	-0.006283
302.504156	-0.048573	-0.037647	-0.005463
302.881248	-0.048631	-0.038851	-0.004890
303.258300	-0.047323	-0.037395	-0.004964
303.635311	-0.046628	-0.036449	-0.005089
304.012281	-0.048459	-0.036509	-0.005975
304.389210	-0.046956	-0.036233	-0.005362
304.766099	-0.049529	-0.035242	-0.007144
305.142947	-0.048511	-0.035479	-0.006516
305.519754	-0.046644	-0.035407	-0.005618
305.896520	-0.044622	-0.035704	-0.004459
306.273246	-0.045284	-0.033450	-0.005917
306.649930	-0.043500	-0.033144	-0.005178
307.026574	-0.044231	-0.034556	-0.004838
307.403177	-0.042377	-0.032219	-0.005079
307.779740	-0.042831	-0.026121	-0.008355
308.156261	-0.044406	-0.030017	-0.007194
308.532742	-0.041983	-0.030397	-0.005793
308.909181	-0.040949	-0.028465	-0.006242
309.285580	-0.043630	-0.026928	-0.008351
309.661938	-0.042550	-0.028571	-0.006989
310.038255	-0.042275	-0.026185	-0.008045
310.414531	-0.042276	-0.026831	-0.007723
310.790766	-0.042386	-0.028047	-0.007170
311.166961	-0.042052	-0.027485	-0.007284
311.543114	-0.040837	-0.026983	-0.006927
311.919226	-0.041801	-0.026086	-0.007857
312.295298	-0.041546	-0.025849	-0.007848
312.671328	-0.042790	-0.026256	-0.008267
313.047318	-0.041395	-0.026114	-0.007641
313.423267	-0.042518	-0.024768	-0.008875
313.799174	-0.040500	-0.026177	-0.007162
314.175041	-0.042832	-0.026292	-0.008270
314.550866	-0.041404	-0.022864	-0.009270
314.926651	-0.039912	-0.022771	-0.008570
315.302394	-0.039374	-0.021866	-0.008754
315.678097	-0.040309	-0.023413	-0.008448
316.053758	-0.039701	-0.020203	-0.009749
316.429378	-0.036895	-0.020207	-0.008344
316.804958	-0.040376	-0.021838	-0.009269
317.180496	-0.038241	-0.019820	-0.009211
317.555993	-0.038286	-0.018533	-0.009876
317.931449	-0.039766	-0.017850	-0.010958
318.306864	-0.039388	-0.018909	-0.010239
318.682238	-0.041172	-0.019431	-0.010871
319.057570	-0.040509	-0.018564	-0.010973
319.432862	-0.040170	-0.017736	-0.011217
319.808112	-0.037670	-0.019355	-0.009158
320.183321	-0.040389	-0.019203	-0.010593
320.558489	-0.041018	-0.019963	-0.010528
320.933616	-0.036665	-0.018917	-0.008874
321.308701	-0.039125	-0.018444	-0.010340
321.683746	-0.040813	-0.017218	-0.011797
322.058749	-0.039342	-0.016436	-0.011453
322.433711	-0.037892	-0.018819	-0.009536
322.808632	-0.039786	-0.017913	-0.010936
323.183511	-0.041158	-0.018120	-0.011519
323.558349	-0.039737	-0.018860	-0.010439
323.933146	-0.040627	-0.018390	-0.011118
324.307902	-0.039810	-0.017766	-0.011022
324.682617	-0.039246	-0.016654	-0.011296
325.057290	-0.040215	-0.015301	-0.012457
325.431921	-0.039347	-0.014819	-0.012264
325.806512	-0.038413	-0.016051	-0.011181
326.181061	-0.039605	-0.015754	-0.011926
326.555569	-0.037241	-0.016663	-0.010289
326.930035	-0.040036	-0.015256	-0.012390
327.304461	-0.040856	-0.012873	-0.013992
327.678844	-0.039906	-0.015379	-0.012263
328.053187	-0.038971	-0.016085	-0.011443
328.427488	-0.038813	-0.012889	-0.012962
328.801747	-0.037555	-0.015439	-0.011058
329.175966	-0.040230	-0.014083	-0.013073
329.550142	-0.038556	-0.011953	-0.013301
329.924278	-0.037715	-0.014779	-0.011468
330.298372	-0.040840	-0.011352	-0.014744
330.672424	-0.040089	-0.012077	-0.014006
331.046435	-0.038309	-0.012250	-0.013030
331.420405	-0.038866	-0.010276	-0.014295
331.794333	-0.038684	-0.010864	-0.013910
332.168220	-0.038297	-0.012641	-0.012828
332.542065	-0.037197	-0.010811	-0.013193
332.915869	-0.038128	-0.012864	-0.012632
333.289631	-0.037898	-0.009824	-0.014037
333.663351	-0.039464	-0.009480	-0.014992
334.037030	-0.037272	-0.011553	-0.012859
334.410668	-0.038414	-0.010991	-0.013712
334.784264	-0.039177	-0.010929	-0.014124
335.157818	-0.038495	-0.011898	-0.013298
335.531331	-0.038276	-0.009748	-0.014264
335.904802	-0.038800	-0.011915	-0.013443
336.278232	-0.039592	-0.012212	-0.013690
336.651620	-0.038774	-0.011033	-0.013870
337.024966	-0.039837	-0.010610	-0.014614
337.398271	-0.040877	-0.014281	-0.013298
337.771534	-0.043382	-0.014012	-0.014685
338.144756	-0.042190	-0.013629	-0.014280
338.517936	-0.041906	-0.010631	-0.015637
338.891074	-0.040193	-0.010942	-0.014626
339.264171	-0.041488	-0.009658	-0.015915
339.637225	-0.039848	-0.008763	-0.015543
340.010239	-0.039240	-0.009846	-0.014697
340.383210	-0.039775	-0.010767	-0.014504
340.756140	-0.041371	-0.009623	-0.015874
341.129028	-0.040393	-0.008243	-0.016075
341.501874	-0.038820	-0.011147	-0.013836
341.874679	-0.042412	-0.010100	-0.016156
342.247441	-0.041769	-0.007748	-0.017010
342.620162	-0.040609	-0.008654	-0.015978
342.992842	-0.040837	-0.009253	-0.015792
343.365479	-0.042899	-0.007642	-0.017629
343.738075	-0.039958	-0.008431	-0.015763
344.110629	-0.037970	-0.008642	-0.014664
344.483141	-0.040924	-0.009885	-0.015520
344.855611	-0.040215	-0.008467	-0.015874
345.228039	-0.037967	-0.008374	-0.014796
345.600426	-0.039883	-0.010010	-0.014936
345.972770	-0.041364	-0.008999	-0.016183
346.345073	-0.043381	-0.009532	-0.016924
346.717334	-0.040693	-0.009229	-0.015732
347.089553	-0.039855	-0.007761	-0.016047
347.461730	-0.040866	-0.009210	-0.015828
347.833866	-0.039605	-0.006999	-0.016303
348.205959	-0.039086	-0.007477	-0.015804
348.578010	-0.040298	-0.007820	-0.016239
348.950020	-0.040851	-0.008005	-0.016423
349.321987	-0.039571	-0.007310	-0.016131
349.693913	-0.039923	-0.009326	-0.015299
350.065797	-0.042213	-0.007730	-0.017241
350.437638	-0.039549	-0.007789	-0.015880
350.809438	-0.040542	-0.007718	-0.016412
351.181196	-0.038958	-0.006400	-0.016279
351.552911	-0.039703	-0.007459	-0.016122
351.924585	-0.042226	-0.009774	-0.016226
352.296217	-0.041154	-0.008509	-0.016323
352.667806	-0.039392	-0.008897	-0.015248
353.039354	-0.040888	-0.008696	-0.016096
353.410859	-0.042297	-0.007638	-0.017329
353.782323	-0.039257	-0.011404	-0.013927
354.153744	-0.039804	-0.009124	-0.015340
354.525123	-0.041353	-0.007879	-0.016737
354.896460	-0.041743	-0.008280	-0.016732
355.267756	-0.040690	-0.008441	-0.016125
355.639008	-0.039437	-0.007674	-0.015881
356.010219	-0.040290	-0.008861	-0.015714
356.381388	-0.040786	-0.008773	-0.016006
356.752515	-0.038618	-0.009104	-0.014757
357.123599	-0.040958	-0.007143	-0.016908
357.494641	-0.041010	-0.009134	-0.015938
357.865641	-0.040861	-0.008213	-0.016324
358.236599	-0.038452	-0.008800	-0.014826
358.607515	-0.039790	-0.009712	-0.015039
358.978388	-0.039906	-0.005837	-0.017035
359.349219	-0.040243	-0.007762	-0.016240
359.720008	-0.038138	-0.008218	-0.014960
360.090755	-0.041111	-0.007838	-0.016637
360.461460	-0.040194	-0.006824	-0.016685
360.832122	-0.041124	-0.006152	-0.017486
361.202742	-0.038995	-0.005395	-0.016800
361.573320	-0.040289	-0.006906	-0.016691
361.943855	-0.039172	-0.008170	-0.015501
362.314348	-0.037836	-0.007064	-0.015386
362.684799	-0.039135	-0.008035	-0.015550
363.055208	-0.039738	-0.007513	-0.016112
363.425574	-0.040904	-0.008521	-0.016191
363.795898	-0.040673	-0.006929	-0.016872
364.166180	-0.037273	-0.007512	-0.014880
364.536419	-0.039132	-0.009093	-0.015019
364.906616	-0.039495	-0.008139	-0.015678
365.276770	-0.038223	-0.007303	-0.015460
365.646882	-0.039991	-0.008147	-0.015922
366.016952	-0.039953	-0.007194	-0.016379
366.386979	-0.038072	-0.007635	-0.015218
366.756964	-0.035627	-0.006235	-0.014696
367.126906	-0.039265	-0.006662	-0.016302
367.496806	-0.037227	-0.006125	-0.015551
367.866664	-0.037931	-0.007314	-0.015309
368.236479	-0.038800	-0.007888	-0.015456
368.606251	-0.038857	-0.007085	-0.015886
368.975981	-0.037478	-0.008733	-0.014373
369.345669	-0.037132	-0.007720	-0.014706
369.715314	-0.037822	-0.009894	-0.013964
370.084917	-0.036791	-0.006009	-0.015391
370.454477	-0.039451	-0.008697	-0.015377
370.823995	-0.037982	-0.009211	-0.014386
371.193470	-0.039629	-0.009634	-0.014997
371.562902	-0.038277	-0.009831	-0.014223
371.932292	-0.037607	-0.010294	-0.013657
372.301640	-0.039681	-0.008647	-0.015517
372.670944	-0.036327	-0.010325	-0.013001
373.040207	-0.037435	-0.011556	-0.012939
373.409426	-0.038210	-0.010572	-0.013819
373.778603	-0.039118	-0.011803	-0.013657
374.147738	-0.039122	-0.009506	-0.014808
374.516830	-0.035828	-0.009839	-0.012995
374.885879	-0.036065	-0.008277	-0.013894
375.254885	-0.038034	-0.009583	-0.014225
375.623849	-0.035818	-0.011339	-0.012240
375.992770	-0.036499	-0.010643	-0.012928
376.361649	-0.038072	-0.010412	-0.013830
376.730485	-0.037505	-0.010742	-0.013382
377.099278	-0.037859	-0.009707	-0.014076
377.468028	-0.037884	-0.011073	-0.013405
377.836736	-0.036741	-0.008384	-0.014178
378.205401	-0.035509	-0.010480	-0.012514
378.574023	-0.036378	-0.009531	-0.013423
378.942603	-0.034577	-0.011842	-0.011368
379.311139	-0.036526	-0.009991	-0.013267
379.679633	-0.037695	-0.011322	-0.013187
380.048085	-0.036578	-0.011641	-0.012468
380.416493	-0.034813	-0.013215	-0.010799
380.784859	-0.035185	-0.013804	-0.010691
381.153181	-0.037185	-0.012952	-0.012117
381.521461	-0.036978	-0.012085	-0.012446
381.889699	-0.037114	-0.011424	-0.012845
382.257893	-0.036240	-0.010266	-0.012987
382.626044	-0.037616	-0.011186	-0.013215
382.994153	-0.035177	-0.011460	-0.011859
383.362219	-0.035038	-0.011340	-0.011849
383.730242	-0.035460	-0.010935	-0.012263
384.098222	-0.035841	-0.011325	-0.012258
384.466159	-0.034368	-0.010999	-0.011685
384.834053	-0.033221	-0.010176	-0.011523
385.201904	-0.033085	-0.010402	-0.011341
385.569713	-0.032366	-0.011457	-0.010454
385.937478	-0.034653	-0.011927	-0.011363
386.305201	-0.033362	-0.009352	-0.012005
386.672880	-0.033058	-0.011515	-0.010772
387.040517	-0.031647	-0.010800	-0.010424
387.408110	-0.034333	-0.010768	-0.011782
387.775661	-0.032170	-0.011895	-0.010138
388.143168	-0.032804	-0.012507	-0.010149
388.510633	-0.032349	-0.013071	-0.009639
388.878055	-0.032502	-0.013265	-0.009619
389.245433	-0.034361	-0.012559	-0.010901
389.612769	-0.035522	-0.012802	-0.011360
389.980061	-0.033339	-0.013229	-0.010055
390.347310	-0.031775	-0.014155	-0.008810
390.714517	-0.031643	-0.011506	-0.010068
391.081680	-0.033511	-0.014060	-0.009725
391.448800	-0.033887	-0.013943	-0.009972
391.815877	-0.032537	-0.013183	-0.009677
392.182911	-0.032238	-0.012430	-0.009904
392.549902	-0.030981	-0.012178	-0.009401
392.916850	-0.032701	-0.013057	-0.009822
393.283754	-0.031104	-0.011907	-0.009598
393.650616	-0.031374	-0.011551	-0.009911
394.017434	-0.031874	-0.013436	-0.009219
394.384209	-0.032369	-0.012162	-0.010104
394.750941	-0.030957	-0.012289	-0.009334
395.117630	-0.031903	-0.013590	-0.009156
395.484275	-0.030119	-0.012756	-0.008682
395.850878	-0.031062	-0.014080	-0.008491
396.217437	-0.031454	-0.013241	-0.009106
396.583953	-0.031940	-0.012981	-0.009479
396.950425	-0.032733	-0.011599	-0.010567
397.316855	-0.029988	-0.013495	-0.008247
397.683241	-0.030481	-0.012493	-0.008994
398.049584	-0.031442	-0.013502	-0.008970
398.415884	-0.029372	-0.012203	-0.008585
398.782140	-0.029241	-0.013053	-0.008094
399.148353	-0.029388	-0.011602	-0.008893
399.514523	-0.029164	-0.011935	-0.008615
399.880649	-0.028353	-0.011751	-0.008301
400.246732	-0.028387	-0.012657	-0.007865
400.612772	-0.028460	-0.011974	-0.008243
400.978768	-0.027346	-0.012752	-0.007297
401.344721	-0.029493	-0.012074	-0.008709
401.710631	-0.027779	-0.013157	-0.007311
402.076497	-0.030152	-0.012054	-0.009049
402.442320	-0.027149	-0.010701	-0.008224
402.808100	-0.028130	-0.011667	-0.008231
403.173836	-0.028559	-0.013500	-0.007529
403.539528	-0.028017	-0.011391	-0.008313
403.905178	-0.028972	-0.010970	-0.009001
404.270783	-0.026318	-0.010739	-0.007790
404.636346	-0.026571	-0.012663	-0.006954
405.001865	-0.025394	-0.009932	-0.007731
405.367340	-0.027406	-0.010722	-0.008342
405.732772	-0.026408	-0.011564	-0.007422
406.098161	-0.026530	-0.011624	-0.007453
406.463506	-0.025127	-0.012731	-0.006198
406.828807	-0.026413	-0.014120	-0.006147
407.194065	-0.026808	-0.013434	-0.006687
407.559279	-0.025509	-0.012398	-0.006556
407.924450	-0.024304	-0.013727	-0.005288
408.289578	-0.025846	-0.011395	-0.007226
408.654661	-0.027157	-0.011093	-0.008032
409.019702	-0.026374	-0.012469	-0.006953
409.384698	-0.024600	-0.012770	-0.005915
409.749651	-0.026253	-0.010273	-0.007990
410.114561	-0.025083	-0.010648	-0.007217
410.479427	-0.027080	-0.011277	-0.007901
410.844249	-0.028611	-0.010855	-0.008878
411.209027	-0.028274	-0.013010	-0.007632
411.573762	-0.025956	-0.012329	-0.006814
411.938454	-0.027201	-0.012851	-0.007175
412.303101	-0.028765	-0.013585	-0.007590
412.667705	-0.026162	-0.013530	-0.006316
413.032266	-0.025000	-0.012028	-0.006486
413.396782	-0.026827	-0.015599	-0.005614
413.761255	-0.028791	-0.016653	-0.006069
414.125684	-0.026411	-0.014479	-0.005966
414.490070	-0.026770	-0.013143	-0.006813
414.854412	-0.027963	-0.014530	-0.006716
415.218710	-0.026859	-0.014287	-0.006286
415.582964	-0.026460	-0.012946	-0.006757
415.947175	-0.026988	-0.014148	-0.006420
416.311341	-0.028078	-0.012994	-0.007542
416.675464	-0.025964	-0.014912	-0.005526
417.039543	-0.027639	-0.013649	-0.006995
417.403579	-0.026579	-0.013710	-0.006435
417.767570	-0.026047	-0.013910	-0.006069
418.131518	-0.026295	-0.014091	-0.006102
418.495422	-0.022543	-0.012595	-0.004974
418.859282	-0.026639	-0.013280	-0.006680
419.223098	-0.025425	-0.013950	-0.005737
419.586871	-0.026190	-0.012841	-0.006675
419.950599	-0.025905	-0.012666	-0.006619
420.314284	-0.027503	-0.012499	-0.007502
420.677925	-0.025584	-0.011833	-0.006876
421.041522	-0.025192	-0.011151	-0.007020
421.405075	-0.024598	-0.012434	-0.006082
421.768584	-0.023098	-0.012320	-0.005389
422.132049	-0.023863	-0.009965	-0.006949
422.495470	-0.021117	-0.011038	-0.005040
422.858847	-0.021696	-0.011625	-0.005035
423.222180	-0.022238	-0.009795	-0.006221
423.585470	-0.022313	-0.010337	-0.005988
423.948715	-0.023955	-0.010172	-0.006891
424.311916	-0.023853	-0.010300	-0.006776
424.675074	-0.023239	-0.011828	-0.005706
425.038187	-0.024238	-0.011440	-0.006399
425.401256	-0.022188	-0.011354	-0.005417
425.764281	-0.022139	-0.010132	-0.006003
426.127263	-0.022231	-0.010783	-0.005724
426.490200	-0.021830	-0.009599	-0.006115
426.853093	-0.023212	-0.011548	-0.005832
427.215942	-0.020005	-0.009500	-0.005252
427.578747	-0.021207	-0.010189	-0.005509
427.941508	-0.019455	-0.008399	-0.005528
428.304225	-0.019761	-0.008174	-0.005793
428.666897	-0.019016	-0.007183	-0.005917
429.029526	-0.016894	-0.008701	-0.004097
429.392110	-0.016633	-0.006906	-0.004864
429.754651	-0.017037	-0.004609	-0.006214
430.117147	-0.016271	-0.004890	-0.005691
430.479599	-0.015674	-0.004993	-0.005341
430.842007	-0.014963	-0.004820	-0.005072
431.204370	-0.014348	-0.004971	-0.004688
431.566690	-0.015529	-0.004104	-0.005713
431.928965	-0.014275	-0.003529	-0.005373
432.291196	-0.012692	-0.003614	-0.004539
432.653383	-0.013564	-0.002516	-0.005524
433.015525	-0.012616	-0.001405	-0.005606
433.377624	-0.011968	-0.001138	-0.005415
433.739678	-0.011391	-0.001748	-0.004821
434.101688	-0.011819	0.000153	-0.005986
434.463653	-0.010456	-0.000335	-0.005061
434.825575	-0.010928	-0.000022	-0.005453
435.187452	-0.010684	0.000480	-0.005582
435.549284	-0.010804	-0.000068	-0.005368
435.911073	-0.009626	0.000798	-0.005212
436.272817	-0.009662	0.001163	-0.005412
436.634516	-0.008554	0.001242	-0.004898
436.996172	-0.009429	0.001927	-0.005678
437.357783	-0.008562	0.001557	-0.005060
437.719350	-0.008509	0.001682	-0.005095
438.080872	-0.008266	0.002377	-0.005321
438.442350	-0.008409	0.001899	-0.005154
438.803783	-0.007943	0.003021	-0.005482
439.165173	-0.008493	0.002581	-0.005537
439.526517	-0.007881	0.002376	-0.005128
439.887818	-0.007721	0.002780	-0.005251
440.249074	-0.007399	0.002611	-0.005005
440.610285	-0.007417	0.003165	-0.005291
440.971452	-0.006965	0.003063	-0.005014
441.332575	-0.006894	0.003527	-0.005210
441.693653	-0.007183	0.003195	-0.005189
442.054686	-0.006708	0.003569	-0.005138
442.415676	-0.006857	0.003886	-0.005371
442.776620	-0.006747	0.003480	-0.005113
443.137520	-0.006694	0.003536	-0.005115
443.498376	-0.006397	0.003400	-0.004899
443.859187	-0.006247	0.003620	-0.004934
444.219953	-0.006494	0.003628	-0.005061
444.580675	-0.006275	0.003478	-0.004877
444.941353	-0.006254	0.004189	-0.005222
445.301986	-0.006068	0.004340	-0.005204
445.662574	-0.005622	0.004598	-0.005110
446.023118	-0.005294	0.004311	-0.004802
446.383617	-0.004595	0.004716	-0.004655
446.744071	-0.004765	0.005131	-0.004948
447.104481	-0.004275	0.005572	-0.004923
447.464846	-0.004214	0.005951	-0.005082
447.825167	-0.003937	0.006169	-0.005053
448.185443	-0.003903	0.005781	-0.004842
448.545674	-0.003734	0.006056	-0.004895
448.905861	-0.003515	0.006290	-0.004903
449.266002	-0.003249	0.006341	-0.004795
449.626100	-0.003344	0.006577	-0.004960
449.986152	-0.003329	0.006883	-0.005106
450.346160	-0.002948	0.007097	-0.005023
450.706123	-0.002837	0.006614	-0.004725
451.066041	-0.002860	0.006474	-0.004667
451.425915	-0.003151	0.006588	-0.004869
451.785744	-0.002823	0.006802	-0.004812
452.145528	-0.002833	0.006432	-0.004632
452.505267	-0.002742	0.006652	-0.004697
452.864962	-0.002751	0.007022	-0.004887
453.224612	-0.002651	0.006621	-0.004636
453.584217	-0.002849	0.006706	-0.004778
453.943777	-0.002612	0.007144	-0.004878
454.303292	-0.002558	0.006588	-0.004573
454.662763	-0.002476	0.006886	-0.004681
455.022188	-0.002807	0.006790	-0.004798
455.381569	-0.002455	0.006810	-0.004632
455.740905	-0.002329	0.006486	-0.004408
456.100196	-0.002608	0.006736	-0.004672
456.459443	-0.002393	0.006922	-0.004657
456.818644	-0.002348	0.006865	-0.004606
457.177800	-0.002630	0.007019	-0.004825
457.536912	-0.002480	0.006989	-0.004734
457.895978	-0.001948	0.006681	-0.004314
458.255000	-0.002046	0.006911	-0.004479
458.613977	-0.002214	0.007225	-0.004719
458.972909	-0.001793	0.007243	-0.004518
459.331795	-0.001906	0.007077	-0.004491
459.690637	-0.001938	0.006891	-0.004415
460.049434	-0.001892	0.007088	-0.004490
460.408186	-0.001673	0.007212	-0.004442
460.766893	-0.001736	0.007182	-0.004459
461.125555	-0.001765	0.007145	-0.004455
461.484172	-0.001747	0.007276	-0.004512
461.842743	-0.001626	0.007389	-0.004508
462.201270	-0.001479	0.007169	-0.004324
462.559752	-0.001462	0.007293	-0.004377
462.918188	-0.001308	0.007250	-0.004279
463.276580	-0.001349	0.007357	-0.004353
463.634927	-0.001429	0.007178	-0.004303
463.993228	-0.001500	0.007150	-0.004325
464.351484	-0.001477	0.007107	-0.004292
464.709696	-0.001485	0.007162	-0.004324
465.067862	-0.001084	0.006944	-0.004014
465.425983	-0.001073	0.007311	-0.004192
465.784058	-0.000940	0.007345	-0.004142
466.142089	-0.001061	0.007108	-0.004085
466.500075	-0.001191	0.007240	-0.004215
466.858015	-0.001395	0.007265	-0.004330
467.215910	-0.001069	0.007260	-0.004164
467.573760	-0.001254	0.007287	-0.004270
467.931565	-0.001002	0.007215	-0.004109
468.289324	-0.000841	0.007357	-0.004099
468.647039	-0.000916	0.007307	-0.004111
469.004708	-0.001000	0.007398	-0.004199
469.362332	-0.000645	0.007682	-0.004164
469.719910	-0.000722	0.007399	-0.004060
470.077443	-0.000540	0.007407	-0.003974
470.434932	-0.000447	0.007171	-0.003809
470.792374	-0.000459	0.007454	-0.003957
471.149772	-0.000395	0.007411	-0.003903
471.507124	-0.000043	0.007433	-0.003738
471.864431	-0.000434	0.007355	-0.003895
472.221693	-0.000235	0.007312	-0.003774
472.578909	-0.000459	0.007388	-0.003924
472.936080	-0.000235	0.007604	-0.003920
473.293205	-0.000175	0.007446	-0.003810
473.650285	-0.000160	0.007738	-0.003949
474.007320	0.000044	0.007510	-0.003733
474.364310	0.000174	0.007651	-0.003738
474.721254	0.000239	0.007668	-0.003714
475.078152	0.000272	0.007739	-0.003733
475.435006	0.000095	0.007686	-0.003795
475.791813	0.000321	0.007805	-0.003742
476.148576	0.000577	0.007714	-0.003568
476.505293	0.000319	0.007796	-0.003738
476.861964	0.000504	0.007744	-0.003620
477.218590	0.000688	0.007642	-0.003477
477.575171	0.000665	0.007850	-0.003593
477.931706	0.000679	0.007899	-0.003610
478.288195	0.000872	0.007800	-0.003464
478.644639	0.000873	0.007724	-0.003425
479.001038	0.000995	0.007770	-0.003388
479.357391	0.000957	0.007744	-0.003394
479.713699	0.000914	0.007851	-0.003469
480.069960	0.001192	0.007803	-0.003306
480.426177	0.000935	0.007846	-0.003455
480.782348	0.001195	0.007756	-0.003280
481.138473	0.001150	0.007928	-0.003389
481.494553	0.001218	0.007928	-0.003355
481.850587	0.001269	0.007805	-0.003268
482.206575	0.001257	0.007925	-0.003334
482.562518	0.001324	0.007781	-0.003229
482.918416	0.001298	0.007698	-0.003200
483.274267	0.001405	0.007559	-0.003077
483.630073	0.001455	0.007627	-0.003086
483.985834	0.001218	0.007683	-0.003233
484.341548	0.001378	0.007658	-0.003140
484.697217	0.001297	0.007566	-0.003135
485.052841	0.001369	0.007549	-0.003090
485.408418	0.001379	0.007527	-0.003074
485.763950	0.001696	0.007578	-0.002941
486.119436	0.001482	0.007446	-0.002982
486.474877	0.001479	0.007534	-0.003027
486.830272	0.001500	0.007279	-0.002890
487.185621	0.001655	0.007426	-0.002885
487.540924	0.001763	0.007406	-0.002821
487.896182	0.001832	0.007372	-0.002770
488.251393	0.001616	0.007216	-0.002800
488.606559	0.001744	0.007297	-0.002776
488.961679	0.001700	0.007250	-0.002775
489.316754	0.001645	0.007338	-0.002847
489.671782	0.001774	0.007145	-0.002685
490.026765	0.001819	0.007044	-0.002612
490.381702	0.001898	0.007029	-0.002566
490.736593	0.001927	0.007126	-0.002600
491.091438	0.001942	0.006981	-0.002519
491.446238	0.001791	0.007106	-0.002658
491.800991	0.002077	0.007100	-0.002511
492.155699	0.002045	0.007066	-0.002511
492.510360	0.001985	0.006923	-0.002469
492.864976	0.002009	0.006974	-0.002482
493.219546	0.001954	0.006710	-0.002378
493.574070	0.002134	0.006867	-0.002366
493.928548	0.001890	0.006856	-0.002483
494.282980	0.001909	0.006813	-0.002452
494.637366	0.001974	0.006720	-0.002373
494.991707	0.001857	0.006502	-0.002322
495.346001	0.001980	0.006330	-0.002175
495.700249	0.001867	0.006310	-0.002222
496.054451	0.001879	0.006470	-0.002295
496.408607	0.001981	0.006371	-0.002195
496.762718	0.001765	0.006310	-0.002273
497.116782	0.001774	0.006090	-0.002158
497.470800	0.001699	0.006038	-0.002170
497.824772	0.001843	0.005877	-0.002017
498.178698	0.001877	0.006117	-0.002120
498.532578	0.001810	0.006107	-0.002148
498.886412	0.001847	0.005766	-0.001960
499.240200	0.001830	0.005888	-0.002029
499.593942	0.001806	0.005703	-0.001948
499.947637	0.001569	0.005510	-0.001970
500.301287	0.001726	0.005436	-0.001855
500.654890	0.001578	0.005225	-0.001824
501.008448	0.001613	0.005385	-0.001886
501.361959	0.001536	0.005254	-0.001859
501.715424	0.001744	0.005300	-0.001778
502.068843	0.001890	0.005255	-0.001682
502.422215	0.001834	0.005405	-0.001786
502.775542	0.001577	0.005147	-0.001785
503.128822	0.001946	0.005149	-0.001601
503.482056	0.001430	0.005167	-0.001869
503.835244	0.001510	0.005010	-0.001750
504.188386	0.001682	0.005002	-0.001660
504.541481	0.001998	0.004707	-0.001354
504.894530	0.001693	0.004886	-0.001597
505.247533	0.001678	0.004814	-0.001568
505.600490	0.001746	0.004840	-0.001547
505.953400	0.001940	0.004876	-0.001468
506.306264	0.002022	0.004794	-0.001386
506.659082	0.001688	0.004756	-0.001534
507.011854	0.001753	0.004748	-0.001497
507.364579	0.001848	0.004682	-0.001417
507.717258	0.001721	0.004464	-0.001372
508.069890	0.001721	0.004394	-0.001336
508.422477	0.001775	0.004745	-0.001485
508.775016	0.001966	0.004594	-0.001314
509.127510	0.001929	0.004482	-0.001277
509.479957	0.001629	0.004477	-0.001424
509.832358	0.001615	0.004319	-0.001352
510.184712	0.001715	0.004269	-0.001277
510.537020	0.001813	0.004183	-0.001185
510.889281	0.001895	0.004301	-0.001203
511.241497	0.001812	0.004220	-0.001204
511.593665	0.001895	0.004229	-0.001167
511.945787	0.001929	0.004178	-0.001125
512.297863	0.001539	0.004223	-0.001342
512.649892	0.001900	0.004100	-0.001100
513.001875	0.001784	0.003721	-0.000969
513.353812	0.001831	0.003973	-0.001071
513.705701	0.001805	0.003761	-0.000978
514.057545	0.001758	0.003977	-0.001110
514.409342	0.001767	0.003636	-0.000934
514.761092	0.001762	0.003957	-0.001097
515.112796	0.002006	0.003636	-0.000815
515.464453	0.001639	0.003675	-0.001018
515.816064	0.001558	0.003813	-0.001128
516.167628	0.001607	0.003581	-0.000987
516.519145	0.001786	0.003496	-0.000855
516.870616	0.001900	0.003265	-0.000683
517.222041	0.001832	0.003333	-0.000750
517.573418	0.001816	0.003355	-0.000770
517.924750	0.002072	0.003430	-0.000679
518.276034	0.001803	0.003292	-0.000745
518.627272	0.001574	0.003428	-0.000927
518.978463	0.001540	0.003363	-0.000911
519.329608	0.001847	0.003266	-0.000710
519.680706	0.001518	0.003174	-0.000828
520.031757	0.001914	0.003297	-0.000691
520.382762	0.001419	0.002982	-0.000781
520.733719	0.001396	0.003213	-0.000908
521.084631	0.001538	0.003317	-0.000889
521.435495	0.001781	0.003013	-0.000616
521.786313	0.001672	0.002867	-0.000597
522.137084	0.001517	0.003017	-0.000750
522.487808	0.001573	0.002808	-0.000618
522.838486	0.001643	0.002842	-0.000600
523.189116	0.001444	0.003125	-0.000841
523.539700	0.001267	0.002989	-0.000861
523.890237	0.001506	0.002814	-0.000654
524.240728	0.001323	0.002620	-0.000649
524.591171	0.001417	0.002366	-0.000475
524.941568	0.001226	0.002269	-0.000522
525.291918	0.000780	0.002025	-0.000622
525.642221	0.001038	0.002314	-0.000638
525.992478	0.001171	0.002632	-0.000731
526.342687	0.001421	0.002202	-0.000391
526.692850	0.001105	0.002025	-0.000460
527.042965	0.001244	0.001953	-0.000355
527.393034	0.001007	0.001888	-0.000441
527.743056	0.000886	0.002089	-0.000601
528.093031	0.000629	0.001849	-0.000610
528.442959	0.000948	0.001981	-0.000517
528.792840	0.000706	0.001708	-0.000501
529.142674	0.000654	0.001787	-0.000566
529.492462	0.000455	0.001799	-0.000672
529.842202	0.000965	0.001712	-0.000373
530.191895	0.000882	0.001618	-0.000368
530.541542	0.000340	0.001556	-0.000608
530.891141	0.000686	0.001513	-0.000413
531.240694	0.000849	0.001596	-0.000374
531.590199	0.000970	0.001444	-0.000237
531.939657	0.001038	0.001490	-0.000226
532.289069	0.000741	0.001517	-0.000388
532.638433	0.000853	0.001622	-0.000384
532.987750	0.001116	0.001365	-0.000124
533.337021	0.000982	0.001708	-0.000363
533.686244	0.000725	0.001717	-0.000496
534.035420	0.000710	0.001620	-0.000455
534.384549	0.000993	0.001383	-0.000195
534.733631	0.000742	0.001482	-0.000370
535.082666	0.000550	0.001469	-0.000460
535.431653	0.000458	0.001769	-0.000656
535.780594	0.001010	0.001762	-0.000376
536.129487	0.001250	0.001636	-0.000193
536.478334	0.000741	0.001117	-0.000188
536.827133	0.000819	0.001588	-0.000385
537.175885	0.000600	0.001934	-0.000667
537.524590	0.000583	0.001417	-0.000417
537.873247	0.000288	0.001419	-0.000566
538.221858	0.000646	0.001453	-0.000404
538.570421	0.000305	0.001317	-0.000506
538.918937	-0.000091	0.001225	-0.000658
539.267406	0.000275	0.001596	-0.000660
539.615827	-0.000147	0.000926	-0.000536
539.964202	-0.000280	0.001202	-0.000741
540.312529	0.000095	0.000778	-0.000342
540.660808	-0.000133	0.000833	-0.000483
541.009041	-0.000171	0.000801	-0.000486
541.357226	-0.000150	0.000299	-0.000224
541.705364	-0.000322	0.000506	-0.000414
542.053455	-0.000078	0.000590	-0.000334
542.401498	-0.001026	0.000165	-0.000596
542.749494	-0.000987	0.000318	-0.000652
543.097443	-0.000898	0.000240	-0.000569
543.445344	-0.000725	0.000414	-0.000570
543.793198	-0.001139	-0.000059	-0.000540
544.141005	-0.000798	0.000492	-0.000645
544.488764	-0.000988	0.000355	-0.000671
544.836476	-0.001168	-0.000262	-0.000453
545.184140	-0.001262	-0.000218	-0.000522
545.531757	-0.000840	-0.000172	-0.000334
545.879327	-0.000834	-0.000011	-0.000411
546.226849	-0.001373	-0.000310	-0.000531
546.574324	-0.001082	-0.000057	-0.000513
546.921751	-0.000689	0.000271	-0.000480
547.269131	-0.001434	-0.000031	-0.000702
547.616463	-0.001147	-0.000400	-0.000373
547.963748	-0.001300	0.000009	-0.000655
548.310985	-0.001158	0.000124	-0.000641
548.658175	-0.001329	0.000191	-0.000760
549.005318	-0.000966	-0.000252	-0.000357
549.352413	-0.001345	0.000541	-0.000943
549.699460	-0.001099	0.000232	-0.000665
550.046460	-0.001155	0.000534	-0.000844
550.393412	-0.001092	0.000321	-0.000707
550.740317	-0.000899	0.000154	-0.000526
551.087174	-0.000863	0.000677	-0.000770
551.433984	-0.001083	0.000375	-0.000729
551.780746	-0.001004	0.000318	-0.000661
552.127460	-0.001013	0.000432	-0.000723
552.474127	-0.000903	0.000568	-0.000736
552.820746	-0.001403	0.000760	-0.001081
553.167318	-0.001373	0.000331	-0.000852
553.513842	-0.001185	-0.000219	-0.000483
553.860318	-0.001693	0.000192	-0.000942
554.206747	-0.001924	-0.000008	-0.000958
554.553128	-0.002261	-0.000865	-0.000698
554.899461	-0.002282	-0.000329	-0.000976
555.245747	-0.002492	-0.000473	-0.001010
555.591985	-0.002546	-0.000555	-0.000996
555.938175	-0.002559	-0.000910	-0.000824
556.284317	-0.002334	-0.000610	-0.000862
556.630412	-0.002843	-0.000634	-0.001105
556.976459	-0.002797	-0.000686	-0.001056
557.322459	-0.002649	-0.000637	-0.001006
557.668410	-0.002738	-0.000897	-0.000920
558.014314	-0.002457	-0.001471	-0.000493
558.360170	-0.002770	-0.001012	-0.000879
558.705978	-0.003398	-0.000366	-0.001516
559.051739	-0.002747	-0.001048	-0.000850
559.397451	-0.002751	-0.001006	-0.000872
559.743116	-0.003586	-0.000895	-0.001345
560.088733	-0.003023	-0.000977	-0.001023
560.434302	-0.003397	-0.000810	-0.001293
560.779823	-0.003207	-0.000921	-0.001143
561.125297	-0.003190	-0.000948	-0.001121
561.470722	-0.003241	-0.001265	-0.000988
561.816100	-0.003062	-0.000712	-0.001175
562.161430	-0.003608	-0.000933	-0.001338
562.506712	-0.003547	-0.000647	-0.001450
562.851946	-0.003661	-0.000869	-0.001396
563.197132	-0.003071	-0.000426	-0.001323
563.542270	-0.003413	-0.001056	-0.001179
563.887360	-0.003732	-0.000697	-0.001518
564.232403	-0.003839	-0.000469	-0.001685
564.577397	-0.004104	-0.001160	-0.001472
564.922343	-0.003833	-0.000983	-0.001425
565.267242	-0.003297	-0.000756	-0.001270
565.612092	-0.003593	-0.001049	-0.001272
565.956895	-0.003581	-0.000549	-0.001516
566.301649	-0.004056	-0.000997	-0.001529
566.646355	-0.003967	-0.000335	-0.001816
566.991014	-0.003755	-0.000978	-0.001389
567.335624	-0.003339	-0.000879	-0.001230
567.680186	-0.004043	-0.000303	-0.001870
568.024700	-0.003979	-0.000557	-0.001711
568.369167	-0.003781	-0.001129	-0.001326
568.713585	-0.003556	-0.000786	-0.001385
569.057955	-0.004507	-0.000737	-0.001885
569.402277	-0.004587	-0.000726	-0.001931
569.746550	-0.003847	-0.001124	-0.001362
570.090776	-0.004648	-0.000733	-0.001958
570.434954	-0.004094	-0.000978	-0.001558
570.779083	-0.004165	-0.000968	-0.001599
571.123164	-0.004356	-0.000784	-0.001786
571.467197	-0.004288	-0.000714	-0.001787
571.811182	-0.004263	-0.000622	-0.001820
572.155119	-0.004003	-0.001562	-0.001220
572.499008	-0.004770	-0.001478	-0.001646
572.842848	-0.004078	-0.000541	-0.001769
573.186640	-0.004548	-0.001354	-0.001597
573.530384	-0.004336	-0.001625	-0.001356
573.874080	-0.004628	-0.000960	-0.001834
574.217727	-0.004714	-0.000949	-0.001882
574.561327	-0.004824	-0.001607	-0.001608
574.904878	-0.004801	-0.000717	-0.002042
575.248380	-0.004643	-0.001592	-0.001526
575.591835	-0.004722	-0.001278	-0.001722
575.935241	-0.004259	-0.000794	-0.001732
576.278599	-0.004573	-0.001041	-0.001766
576.621908	-0.005377	-0.001226	-0.002075
576.965170	-0.004715	-0.000740	-0.001988
577.308383	-0.004901	-0.000909	-0.001996
577.651547	-0.005570	-0.000899	-0.002335
577.994663	-0.004965	-0.000953	-0.002006
578.337731	-0.005483	-0.001300	-0.002092
578.680751	-0.005300	-0.001175	-0.002063
579.023722	-0.004966	-0.000871	-0.002048
579.366645	-0.005340	-0.001041	-0.002149
579.709519	-0.005710	-0.000838	-0.002436
580.052345	-0.005530	-0.000754	-0.002388
580.395123	-0.005179	-0.001079	-0.002050
580.737852	-0.005470	-0.001044	-0.002213
581.080532	-0.005603	-0.000426	-0.002589
581.423165	-0.005159	-0.000737	-0.002211
581.765748	-0.005006	-0.000366	-0.002320
582.108284	-0.005700	-0.000813	-0.002444
582.450770	-0.005901	-0.001041	-0.002430
582.793209	-0.005440	-0.000899	-0.002270
583.135599	-0.005575	-0.000627	-0.002474
583.477940	-0.005263	-0.000542	-0.002360
583.820233	-0.005574	-0.000595	-0.002489
584.162477	-0.006126	-0.000330	-0.002898
584.504673	-0.004930	0.000110	-0.002520
584.846820	-0.005879	-0.000758	-0.002560
585.188919	-0.005833	-0.000943	-0.002445
585.530969	-0.005567	-0.000764	-0.002402
585.872970	-0.006183	-0.000618	-0.002782
586.214923	-0.005902	-0.000367	-0.002768
586.556827	-0.005544	-0.000869	-0.002337
586.898683	-0.006245	-0.001115	-0.002565
587.240490	-0.006799	-0.001064	-0.002867
587.582249	-0.006310	-0.000667	-0.002822
587.923958	-0.006048	-0.001010	-0.002519
588.265620	-0.006366	-0.000706	-0.002830
588.607232	-0.005999	-0.000688	-0.002656
588.948796	-0.006612	-0.000313	-0.003150
589.290311	-0.006245	-0.000668	-0.002789
589.631778	-0.006396	-0.000863	-0.002766
589.973196	-0.006557	-0.001327	-0.002615
590.314565	-0.005875	-0.001221	-0.002327
590.655885	-0.006209	-0.000943	-0.002633
590.997157	-0.006554	-0.000836	-0.002859
591.338379	-0.006713	-0.000897	-0.002908
591.679554	-0.006183	-0.000889	-0.002647
592.020679	-0.006880	-0.000895	-0.002993
592.361756	-0.006477	-0.000713	-0.002882
592.702784	-0.007051	-0.000902	-0.003075
593.043763	-0.006557	-0.000149	-0.003204
593.384693	-0.006560	-0.001161	-0.002699
593.725574	-0.006795	-0.000950	-0.002923
594.066407	-0.006473	-0.000606	-0.002933
594.407191	-0.007135	-0.000382	-0.003376
594.747926	-0.006819	-0.000844	-0.002987
595.088612	-0.006973	-0.000759	-0.003107
595.429249	-0.006864	-0.000378	-0.003243
595.769838	-0.007065	-0.000370	-0.003348
596.110377	-0.007017	-0.000649	-0.003184
596.450868	-0.006831	-0.000579	-0.003126
596.791309	-0.006879	-0.001038	-0.002920
597.131702	-0.007064	-0.000161	-0.003451
597.472046	-0.006494	-0.000598	-0.002948
597.812341	-0.007325	-0.001329	-0.002998
598.152587	-0.007623	-0.001088	-0.003267
598.492784	-0.006873	-0.001535	-0.002669
598.832933	-0.007363	-0.000978	-0.003192
599.173032	-0.007604	-0.001123	-0.003240
599.513082	-0.007167	-0.000825	-0.003171
599.853083	-0.008039	-0.000829	-0.003605
600.193035	-0.007460	-0.000905	-0.003277
600.532939	-0.006940	-0.000989	-0.002976
600.872793	-0.007127	-0.000852	-0.003137
601.212598	-0.007749	-0.000900	-0.003425
601.552354	-0.007351	-0.000990	-0.003181
601.892061	-0.007501	-0.000708	-0.003397
602.231719	-0.007979	-0.000725	-0.003627
602.571328	-0.007549	-0.000190	-0.003680
602.910888	-0.008053	-0.000907	-0.003573
603.250399	-0.007823	-0.000762	-0.003530
603.589860	-0.007317	-0.001111	-0.003103
603.929273	-0.007535	-0.001113	-0.003211
604.268636	-0.008230	-0.001148	-0.003541
604.607951	-0.007321	-0.000418	-0.003452
604.947216	-0.007264	-0.000615	-0.003325
605.286432	-0.007165	-0.000402	-0.003382
605.625599	-0.008277	-0.000328	-0.003975
605.964717	-0.007736	-0.000623	-0.003556
606.303785	-0.007759	-0.000586	-0.003586
606.642805	-0.007708	-0.000988	-0.003360
606.981775	-0.007537	-0.000925	-0.003306
607.320696	-0.008349	-0.001105	-0.003622
607.659567	-0.008372	-0.001661	-0.003356
607.998390	-0.007781	-0.001181	-0.003300
608.337163	-0.007560	-0.001254	-0.003153
608.675887	-0.008078	-0.000968	-0.003555
609.014562	-0.007908	-0.001527	-0.003191
609.353187	-0.008330	-0.000991	-0.003670
609.691764	-0.007751	-0.001052	-0.003350
610.030290	-0.008312	-0.000865	-0.003723
610.368768	-0.008396	-0.000279	-0.004059
610.707196	-0.008126	-0.001180	-0.003473
611.045575	-0.008175	-0.000476	-0.003849
611.383905	-0.008724	-0.001359	-0.003683
611.722185	-0.008404	-0.000822	-0.003791
612.060416	-0.008819	-0.000828	-0.003995
612.398598	-0.008681	-0.000870	-0.003905
612.736730	-0.008604	-0.001123	-0.003740
613.074813	-0.008864	-0.001708	-0.003578
613.412847	-0.009237	-0.001023	-0.004107
613.750831	-0.009575	-0.001105	-0.004235
614.088765	-0.008932	-0.000884	-0.004024
614.426651	-0.008762	-0.001186	-0.003788
614.764486	-0.008580	-0.001076	-0.003752
615.102273	-0.008210	-0.001496	-0.003357
615.440010	-0.008848	-0.001247	-0.003800
615.777697	-0.008571	-0.001152	-0.003709
616.115335	-0.008767	-0.000948	-0.003910
616.452924	-0.009155	-0.001278	-0.003938
616.790463	-0.008376	-0.001459	-0.003459
617.127952	-0.009128	-0.001883	-0.003622
617.465392	-0.008098	-0.001310	-0.003394
617.802783	-0.009287	-0.000995	-0.004146
618.140124	-0.009275	-0.001494	-0.003890
618.477415	-0.009000	-0.001500	-0.003750
618.814657	-0.008714	-0.000865	-0.003925
619.151850	-0.009199	-0.001027	-0.004086
619.488992	-0.009466	-0.000307	-0.004580
619.826086	-0.008253	-0.000952	-0.003650
620.163129	-0.009056	-0.000624	-0.004216
620.500123	-0.007802	-0.000736	-0.003533
620.837068	-0.008365	-0.000833	-0.003766
621.173962	-0.008968	-0.000829	-0.004070
621.510808	-0.008900	-0.001153	-0.003874
621.847603	-0.007909	-0.001020	-0.003444
622.184349	-0.008249	-0.001095	-0.003577
622.521045	-0.009062	-0.000797	-0.004132
622.857692	-0.008265	-0.000822	-0.003722
623.194289	-0.008433	-0.000759	-0.003837
623.530836	-0.009368	-0.000900	-0.004234
623.867333	-0.008290	-0.000348	-0.003971
624.203781	-0.008450	-0.000565	-0.003943
624.540179	-0.008156	-0.001217	-0.003469
624.876527	-0.007775	-0.000949	-0.003413
625.212826	-0.008323	-0.000678	-0.003822
625.549075	-0.008699	-0.000176	-0.004261
625.885274	-0.008305	-0.000327	-0.003989
626.221423	-0.008147	-0.001018	-0.003565
626.557523	-0.008304	-0.000724	-0.003790
626.893572	-0.008885	-0.000288	-0.004299
627.229572	-0.008640	-0.000326	-0.004157
627.565522	-0.008360	-0.000334	-0.004013
627.901423	-0.008272	-0.000023	-0.004124
628.237273	-0.008377	-0.000275	-0.004051
628.573074	-0.008035	-0.000220	-0.003907
628.908825	-0.007886	-0.000705	-0.003591
629.244526	-0.007976	0.000070	-0.004023
629.580177	-0.008401	-0.000660	-0.003871
629.915778	-0.008414	-0.000714	-0.003850
630.251329	-0.008382	-0.000202	-0.004090
630.586830	-0.008521	0.000228	-0.004374
630.922282	-0.008486	-0.000069	-0.004209
631.257683	-0.008184	-0.000109	-0.004037
631.593035	-0.008947	-0.000204	-0.004371
631.928337	-0.008780	-0.000214	-0.004283
632.263588	-0.008733	-0.000827	-0.003953
632.598790	-0.008053	0.000202	-0.004127
632.933942	-0.008002	-0.000530	-0.003736
633.269044	-0.008687	-0.000280	-0.004203
633.604096	-0.008539	0.000564	-0.004552
633.939098	-0.008893	-0.000206	-0.004344
634.274049	-0.007901	-0.000935	-0.003483
634.608951	-0.007977	-0.000860	-0.003559
634.943803	-0.007743	0.000263	-0.004003
635.278605	-0.007946	-0.000209	-0.003869
635.613356	-0.007787	-0.000428	-0.003679
635.948058	-0.008577	-0.000609	-0.003984
636.282710	-0.008536	-0.001010	-0.003763
636.617311	-0.008205	-0.000140	-0.004033
636.951862	-0.008175	-0.000231	-0.003972
637.286364	-0.008168	-0.000457	-0.003855
637.620815	-0.007944	-0.000834	-0.003555
637.955216	-0.007856	-0.000862	-0.003497
638.289567	-0.008628	-0.000538	-0.004045
638.623868	-0.009275	-0.000113	-0.004581
638.958118	-0.008830	-0.000451	-0.004189
639.292319	-0.008575	-0.000345	-0.004115
639.626469	-0.008467	-0.000531	-0.003968
639.960569	-0.008597	-0.000440	-0.004079
640.294619	-0.008583	0.000117	-0.004350
640.628619	-0.008915	0.000029	-0.004472
640.962568	-0.008791	-0.000862	-0.003964
641.296468	-0.009155	0.000093	-0.004624
641.630317	-0.007901	-0.000480	-0.003710
641.964116	-0.008119	-0.000322	-0.003898
642.297864	-0.008120	-0.000025	-0.004048
642.631563	-0.008064	-0.000663	-0.003701
642.965211	-0.008142	-0.000473	-0.003834
643.298808	-0.008402	-0.000475	-0.003964
643.632356	-0.008000	-0.000340	-0.003830
643.965853	-0.008333	-0.001558	-0.003387
644.299300	-0.008930	-0.001481	-0.003725
644.632697	-0.008582	-0.001002	-0.003790
644.966043	-0.007748	0.000006	-0.003877
645.299339	-0.008369	-0.000658	-0.003856
645.632584	-0.008189	-0.000363	-0.003913
645.965779	-0.007942	-0.000953	-0.003495
646.298924	-0.008831	-0.001196	-0.003817
646.632019	-0.008227	-0.000452	-0.003888
646.965063	-0.008087	-0.000698	-0.003694
647.298056	-0.008052	-0.000893	-0.003579
647.630999	-0.008350	-0.000981	-0.003684
647.963892	-0.007997	-0.000487	-0.003755
648.296735	-0.007970	-0.000903	-0.003533
648.629527	-0.008229	0.000121	-0.004175
648.962268	-0.008276	-0.000747	-0.003765
649.294959	-0.008310	-0.000800	-0.003755
649.627600	-0.008654	-0.000511	-0.004072
649.960190	-0.008743	-0.000759	-0.003992
650.292729	-0.008912	-0.000996	-0.003958
650.625218	-0.008677	-0.000942	-0.003868
650.957657	-0.008205	-0.001210	-0.003497
651.290045	-0.008717	-0.000685	-0.004016
651.622383	-0.008665	-0.001138	-0.003763
651.954669	-0.008344	-0.000877	-0.003733
652.286906	-0.007453	-0.000771	-0.003341
652.619092	-0.007983	-0.000466	-0.003759
652.951227	-0.008457	-0.000429	-0.004014
653.283312	-0.007805	-0.000527	-0.003639
653.615346	-0.008145	-0.000022	-0.004062
653.947329	-0.008146	-0.000210	-0.003968
654.279262	-0.007791	-0.000897	-0.003447
654.611145	-0.007285	-0.000734	-0.003276
654.942976	-0.008028	-0.001054	-0.003487
655.274757	-0.008384	-0.001476	-0.003454
655.606488	-0.007083	-0.001109	-0.002987
655.938167	-0.008711	-0.001139	-0.003786
656.269796	-0.008177	-0.000293	-0.003942
656.601375	-0.007769	-0.001499	-0.003135
656.932902	-0.007725	-0.001070	-0.003327
657.264379	-0.007398	-0.000096	-0.003651
657.595806	-0.007874	-0.001525	-0.003175
657.927181	-0.007512	-0.001082	-0.003215
658.258506	-0.007204	-0.001200	-0.003002
658.589780	-0.007704	-0.001363	-0.003170
658.921003	-0.008099	-0.001724	-0.003188
659.252176	-0.008790	-0.001073	-0.003858
659.583298	-0.007921	-0.000927	-0.003497
659.914369	-0.007604	-0.000664	-0.003470
660.245389	-0.007973	-0.000755	-0.003609
660.576358	-0.008566	-0.000691	-0.003938
660.907277	-0.007798	-0.001306	-0.003246
661.238145	-0.007850	-0.001939	-0.002956
661.568962	-0.007921	-0.000551	-0.003685
661.899728	-0.007568	-0.001294	-0.003137
662.230443	-0.007640	-0.002305	-0.002668
662.561107	-0.007538	-0.000618	-0.003460
662.891721	-0.008183	-0.001387	-0.003398
663.222283	-0.007792	-0.001007	-0.003393
663.552795	-0.007322	-0.001672	-0.002825
663.883256	-0.007686	-0.000624	-0.003531
664.213666	-0.008076	-0.001106	-0.003485
664.544025	-0.007919	-0.000620	-0.003650
664.874333	-0.008069	-0.002057	-0.003006
665.204590	-0.008180	-0.001687	-0.003247
665.534796	-0.007500	-0.001610	-0.002945
665.864952	-0.007498	-0.001010	-0.003244
666.195056	-0.007042	-0.001126	-0.002958
666.525109	-0.007491	-0.001689	-0.002901
666.855111	-0.007321	-0.001470	-0.002926
667.185063	-0.007426	-0.001166	-0.003130
667.514963	-0.007559	-0.000779	-0.003390
667.844812	-0.007254	-0.001180	-0.003037
668.174610	-0.006992	-0.001666	-0.002663
668.504357	-0.006884	-0.001271	-0.002807
668.834054	-0.006875	-0.002079	-0.002398
669.163699	-0.007273	-0.001366	-0.002954
669.493293	-0.008401	-0.002273	-0.003064
669.822836	-0.007233	-0.000826	-0.003204
670.152327	-0.007317	-0.000471	-0.003423
670.481768	-0.006695	-0.002002	-0.002346
670.811158	-0.007825	-0.001562	-0.003132
671.140496	-0.007661	-0.001549	-0.003056
671.469783	-0.006558	-0.000829	-0.002864
671.799020	-0.006736	-0.000726	-0.003005
672.128205	-0.006191	-0.001075	-0.002558
672.457339	-0.005749	-0.000450	-0.002650
672.786421	-0.006860	-0.001236	-0.002812
673.115453	-0.006677	-0.001558	-0.002559
673.444433	-0.006993	-0.001950	-0.002522
673.773362	-0.006526	-0.001196	-0.002665
674.102240	-0.006844	-0.000897	-0.002973
674.431067	-0.007318	-0.001108	-0.003105
674.759842	-0.006661	-0.001644	-0.002508
675.088567	-0.006820	-0.002231	-0.002294
675.417240	-0.007262	-0.001288	-0.002987
675.745861	-0.006836	-0.001170	-0.002833
676.074432	-0.006633	-0.001906	-0.002364
676.402951	-0.007809	-0.001532	-0.003139
676.731419	-0.006092	-0.002361	-0.001865
677.059835	-0.007276	-0.001386	-0.002945
677.388201	-0.007240	-0.001572	-0.002834
677.716515	-0.007350	-0.001896	-0.002727
678.044777	-0.006933	-0.001491	-0.002721
678.372988	-0.007056	-0.000796	-0.003130
678.701148	-0.006851	-0.000981	-0.002935
679.029257	-0.007136	-0.001154	-0.002991
679.357314	-0.006128	-0.002521	-0.001803
679.685320	-0.006275	-0.002060	-0.002108
680.013274	-0.007043	-0.001252	-0.002896
680.341177	-0.006299	-0.001842	-0.002228
680.669029	-0.007495	-0.001903	-0.002796
680.996829	-0.005799	-0.001581	-0.002109
681.324578	-0.006408	-0.001472	-0.002468
681.652275	-0.006142	-0.002431	-0.001855
681.979921	-0.006415	-0.001488	-0.002464
682.307515	-0.005864	-0.001481	-0.002191
682.635058	-0.006337	-0.001372	-0.002483
682.962550	-0.006571	-0.001899	-0.002336
683.289989	-0.006289	-0.002329	-0.001980
683.617378	-0.005786	-0.001099	-0.002343
683.944715	-0.005370	-0.000946	-0.002212
684.272000	-0.006179	-0.002272	-0.001954
684.599234	-0.006180	-0.001922	-0.002129
684.926416	-0.005738	-0.000809	-0.002464
685.253547	-0.006527	-0.002369	-0.002079
685.580626	-0.005646	-0.001378	-0.002134
685.907654	-0.005935	-0.002534	-0.001701
686.234630	-0.005979	-0.001724	-0.002128
686.561554	-0.005957	-0.002200	-0.001878
686.888427	-0.005454	-0.002357	-0.001548
687.215248	-0.005833	-0.001997	-0.001918
687.542018	-0.006222	-0.001815	-0.002204
687.868736	-0.005951	-0.001425	-0.002263
688.195402	-0.005590	-0.002083	-0.001754
688.522017	-0.006178	-0.001132	-0.002523
688.848580	-0.005131	-0.002276	-0.001428
689.175091	-0.006741	-0.002652	-0.002045
689.501551	-0.006408	-0.001529	-0.002439
689.827959	-0.005822	-0.002626	-0.001598
690.154315	-0.005325	-0.002040	-0.001643
690.480620	-0.005449	-0.002510	-0.001469
690.806873	-0.005978	-0.001884	-0.002047
691.133074	-0.005986	-0.002149	-0.001919
691.459223	-0.005688	-0.002438	-0.001625
691.785321	-0.005978	-0.002387	-0.001796
692.111367	-0.005153	-0.002440	-0.001356
692.437361	-0.005883	-0.001803	-0.002040
692.763303	-0.005826	-0.001780	-0.002023
693.089193	-0.005868	-0.002391	-0.001739
693.415032	-0.005058	-0.002209	-0.001425
693.740819	-0.005460	-0.002625	-0.001417
694.066554	-0.005908	-0.001776	-0.002066
694.392237	-0.006150	-0.002109	-0.002020
694.717869	-0.005166	-0.002628	-0.001269
695.043448	-0.004871	-0.002109	-0.001381
695.368976	-0.005291	-0.002378	-0.001456
695.694452	-0.005436	-0.003533	-0.000952
696.019876	-0.005681	-0.001371	-0.002155
696.345248	-0.006292	-0.002011	-0.002141
696.670568	-0.005463	-0.003154	-0.001154
696.995836	-0.005351	-0.002467	-0.001442
697.321052	-0.005342	-0.002335	-0.001504
697.646216	-0.005374	-0.003281	-0.001047
697.971329	-0.004723	-0.001825	-0.001449
698.296389	-0.004500	-0.002645	-0.000927
698.621398	-0.004894	-0.001951	-0.001472
698.946354	-0.005452	-0.003393	-0.001030
699.271259	-0.004642	-0.002404	-0.001119
699.596111	-0.005439	-0.002843	-0.001298
699.920912	-0.004679	-0.002801	-0.000939
700.245660	-0.005472	-0.002918	-0.001277
700.570357	-0.005131	-0.003077	-0.001027
700.895001	-0.004501	-0.003722	-0.000389
701.219594	-0.005200	-0.003256	-0.000972
701.544134	-0.005063	-0.001772	-0.001645
701.868622	-0.003902	-0.001930	-0.000986
702.193059	-0.005195	-0.003251	-0.000972
702.517443	-0.004549	-0.002917	-0.000816
702.841775	-0.004344	-0.002724	-0.000810
703.166055	-0.004214	-0.002736	-0.000739
703.490283	-0.004266	-0.003140	-0.000563
703.814458	-0.004119	-0.002243	-0.000938
704.138582	-0.004100	-0.003050	-0.000525
704.462653	-0.004314	-0.002808	-0.000753
704.786673	-0.004882	-0.003746	-0.000568
705.110640	-0.004686	-0.002817	-0.000935
705.434555	-0.003869	-0.002946	-0.000462
705.758417	-0.004350	-0.003345	-0.000503
706.082228	-0.003606	-0.002431	-0.000588
706.405986	-0.005374	-0.002581	-0.001396
706.729692	-0.004477	-0.003166	-0.000655
707.053346	-0.003680	-0.003388	-0.000146
707.376948	-0.004166	-0.002428	-0.000869
707.700497	-0.003643	-0.002412	-0.000615
708.023995	-0.004907	-0.002528	-0.001190
708.347439	-0.004311	-0.003140	-0.000586
708.670832	-0.004139	-0.003435	-0.000352
708.994173	-0.004423	-0.002731	-0.000846
709.317461	-0.003721	-0.002649	-0.000536
709.640696	-0.004121	-0.003007	-0.000557
709.963880	-0.004029	-0.003926	-0.000052
710.287011	-0.003394	-0.003665	0.000136
710.610090	-0.002848	-0.002219	-0.000315
710.933116	-0.003117	-0.001665	-0.000726
711.256090	-0.003843	-0.003010	-0.000417
711.579012	-0.003480	-0.002978	-0.000251
711.901881	-0.004214	-0.003769	-0.000222
712.224698	-0.003794	-0.002970	-0.000412
712.547463	-0.003722	-0.002746	-0.000488
712.870175	-0.003371	-0.003214	-0.000078
713.192835	-0.003514	-0.003471	-0.000021
713.515442	-0.002410	-0.003009	0.000300
713.837997	-0.003475	-0.002942	-0.000266
714.160499	-0.004218	-0.002923	-0.000648
714.482949	-0.003693	-0.003786	0.000046
714.805347	-0.004110	-0.002949	-0.000581
715.127692	-0.002583	-0.003130	0.000274
715.449985	-0.002840	-0.002636	-0.000102
715.772225	-0.002609	-0.003236	0.000314
716.094412	-0.002861	-0.003999	0.000569
716.416547	-0.003139	-0.004152	0.000507
716.738630	-0.002905	-0.001816	-0.000544
717.060660	-0.003293	-0.003045	-0.000124
717.382637	-0.002994	-0.003203	0.000104
717.704562	-0.003377	-0.002072	-0.000653
718.026435	-0.003297	-0.002652	-0.000322
718.348254	-0.002326	-0.003508	0.000591
718.670022	-0.003177	-0.003374	0.000098
718.991736	-0.002324	-0.003177	0.000427
719.313398	-0.003407	-0.003473	0.000033
719.635008	-0.004529	-0.003923	-0.000303
719.956564	-0.003265	-0.003248	-0.000009
720.278068	-0.002792	-0.002695	-0.000049
720.599520	-0.002801	-0.003941	0.000570
720.920919	-0.002370	-0.003393	0.000511
721.242265	-0.002546	-0.002805	0.000129
721.563558	-0.002747	-0.003190	0.000222
721.884799	-0.003276	-0.003600	0.000162
722.205987	-0.003544	-0.004447	0.000451
722.527123	-0.002839	-0.003221	0.000191
722.848205	-0.002958	-0.003569	0.000306
723.169235	-0.003010	-0.003980	0.000485
723.490212	-0.002703	-0.004468	0.000883
723.811137	-0.002997	-0.004329	0.000666
724.132009	-0.003480	-0.004455	0.000488
724.452828	-0.003014	-0.003086	0.000036
724.773594	-0.003018	-0.004585	0.000783
725.094307	-0.003186	-0.003714	0.000264
725.414968	-0.003011	-0.004429	0.000709
725.735576	-0.002903	-0.004289	0.000693
726.056131	-0.001820	-0.005032	0.001606
726.376633	-0.003228	-0.003550	0.000161
726.697082	-0.003831	-0.002794	-0.000519
727.017478	-0.002495	-0.005374	0.001440
727.337822	-0.003038	-0.003159	0.000061
727.658113	-0.002552	-0.004073	0.000761
727.978351	-0.002868	-0.003771	0.000452
728.298536	-0.003012	-0.003457	0.000223
728.618668	-0.002851	-0.004344	0.000746
728.938747	-0.002640	-0.003318	0.000339
729.258773	-0.002169	-0.005485	0.001658
729.578747	-0.002272	-0.004393	0.001060
729.898667	-0.002649	-0.002850	0.000100
730.218534	-0.002158	-0.003743	0.000793
730.538349	-0.002738	-0.003828	0.000545
730.858111	-0.002220	-0.003338	0.000559
731.177819	-0.002526	-0.004056	0.000765
731.497475	-0.002036	-0.002541	0.000252
731.817077	-0.002474	-0.004408	0.000967
732.136627	-0.001971	-0.003699	0.000864
732.456123	-0.002200	-0.003600	0.000700
732.775567	-0.002096	-0.003601	0.000753
733.094958	-0.001541	-0.004184	0.001321
733.414295	-0.001304	-0.003322	0.001009
733.733579	-0.001420	-0.003737	0.001159
734.052811	-0.002089	-0.003879	0.000895
734.371989	-0.000827	-0.003255	0.001214
734.691114	-0.001211	-0.004308	0.001549
735.010186	-0.001578	-0.003526	0.000974
735.329205	-0.001694	-0.002971	0.000638
735.648171	-0.001970	-0.004808	0.001419
735.967084	-0.002358	-0.004544	0.001093
736.285944	-0.001952	-0.003129	0.000588
736.604750	-0.002113	-0.002530	0.000208
736.923503	-0.001925	-0.003740	0.000908
737.242203	-0.002981	-0.003744	0.000381
737.560850	-0.001424	-0.004643	0.001610
737.879444	-0.002608	-0.003886	0.000639
738.197985	-0.002096	-0.004373	0.001139
738.516472	-0.001925	-0.003906	0.000991
738.834906	-0.002510	-0.003046	0.000268
739.153287	-0.001075	-0.004265	0.001595
739.471615	-0.002224	-0.004429	0.001103
739.789889	-0.001561	-0.003604	0.001022
740.108111	-0.001824	-0.004190	0.001183
740.426279	-0.001055	-0.005111	0.002028
740.744393	-0.000959	-0.004356	0.001698
741.062455	-0.002047	-0.004756	0.001355
741.380463	-0.001784	-0.004896	0.001556
741.698417	-0.003161	-0.003725	0.000282
742.016319	-0.001167	-0.004896	0.001864
742.334167	-0.000941	-0.004980	0.002020
742.651962	-0.002409	-0.004967	0.001279
742.969703	-0.001119	-0.003587	0.001234
743.287391	-0.001589	-0.004216	0.001313
743.605026	-0.002009	-0.003506	0.000748
743.922607	-0.001303	-0.003691	0.001194
744.240135	-0.001531	-0.005241	0.001855
744.557610	-0.001354	-0.004790	0.001718
744.875031	-0.000579	-0.005121	0.002271
745.192399	-0.001161	-0.005035	0.001937
745.509713	-0.000790	-0.003965	0.001587
745.826974	-0.001616	-0.004594	0.001489
746.144182	-0.000374	-0.004686	0.002156
746.461336	-0.001507	-0.004099	0.001296
746.778436	-0.001882	-0.003558	0.000838
747.095483	-0.000220	-0.004458	0.002119
747.412477	-0.001427	-0.003645	0.001109
747.729417	-0.001643	-0.003549	0.000953
748.046303	-0.001949	-0.004175	0.001113
748.363136	-0.000999	-0.003885	0.001443
748.679916	-0.000428	-0.003580	0.001576
748.996642	-0.000392	-0.003729	0.001668
749.313314	-0.001468	-0.002913	0.000722
749.629933	-0.000621	-0.002883	0.001131
749.946498	-0.000065	-0.003126	0.001531
750.263010	-0.000555	-0.002628	0.001036
750.579468	0.000508	-0.002900	0.001704
750.895873	0.000444	-0.003401	0.001923
751.212224	0.000571	-0.004054	0.002312
751.528521	0.000821	-0.003638	0.002229
751.844765	0.000440	-0.002403	0.001422
752.160955	0.000627	-0.003145	0.001886
752.477091	-0.000793	-0.003035	0.001121
752.793174	0.000404	-0.003087	0.001745
753.109203	0.000105	-0.003725	0.001915
753.425178	0.001071	-0.002685	0.001878
753.741100	0.000754	-0.002742	0.001748
754.056968	0.001195	-0.002403	0.001799
754.372783	0.001557	-0.002423	0.001990
754.688543	0.001448	-0.002732	0.002090
755.004250	0.001394	-0.002052	0.001723
755.319903	0.001583	-0.003273	0.002428
755.635503	0.001567	-0.002726	0.002147
755.951048	0.002124	-0.002351	0.002238
756.266540	0.001593	-0.001381	0.001487
756.581978	0.002477	-0.002437	0.002457
756.897363	0.002258	-0.002341	0.002299
757.212693	0.001404	-0.003250	0.002327
757.527970	0.001392	-0.001721	0.001557
757.843193	0.002051	-0.002100	0.002076
758.158362	0.001172	-0.002148	0.001660
758.473477	0.000828	-0.001963	0.001395
758.788538	0.002182	-0.002670	0.002426
759.103546	0.001574	-0.002020	0.001797
759.418499	0.002151	-0.003088	0.002619
759.733399	0.002230	-0.002516	0.002373
760.048245	0.001366	-0.001583	0.001475
760.363037	0.001124	-0.002263	0.001693
760.677775	0.001238	-0.002582	0.001910
760.992459	0.001610	-0.003009	0.002310
761.307090	0.001115	-0.003763	0.002439
761.621666	0.001210	-0.002826	0.002018
761.936188	0.001696	-0.002884	0.002290
762.250657	0.001240	-0.003134	0.002187
762.565071	0.001322	-0.003012	0.002167
762.879432	0.000513	-0.003122	0.001818
763.193738	0.000854	-0.002492	0.001673
763.507991	0.001579	-0.002782	0.002181
763.822189	0.001605	-0.002818	0.002212
764.136333	0.001482	-0.002533	0.002008
764.450424	0.000959	-0.003562	0.002260
764.764460	0.001158	-0.003162	0.002160
765.078443	0.001118	-0.004122	0.002620
765.392371	0.001018	-0.003719	0.002369
765.706245	0.000927	-0.004411	0.002669
766.020065	0.000408	-0.004099	0.002254
766.333831	-0.000321	-0.004064	0.001872
766.647543	0.000241	-0.002722	0.001481
766.961201	0.000571	-0.005107	0.002839
767.274805	0.000089	-0.004562	0.002326
767.588354	0.000523	-0.005069	0.002796
767.901850	-0.001024	-0.004553	0.001765
768.215291	-0.000346	-0.003580	0.001617
768.528678	0.000240	-0.005350	0.002795
768.842011	-0.000132	-0.003894	0.001881
769.155290	-0.000274	-0.004391	0.002059
769.468515	-0.001228	-0.005436	0.002104
769.781685	-0.000172	-0.004665	0.002247
770.094801	0.000459	-0.004159	0.002309
770.407864	-0.001138	-0.006000	0.002431
770.720871	-0.000094	-0.005645	0.002776
771.033825	0.000459	-0.005062	0.002761
771.346724	-0.000062	-0.005317	0.002627
771.659569	0.000063	-0.005747	0.002905
771.972360	-0.001742	-0.005694	0.001976
772.285096	-0.002496	-0.005848	0.001676
772.597779	-0.000785	-0.006465	0.002840
772.910407	-0.001477	-0.006538	0.002530
773.222980	-0.000619	-0.005884	0.002632
773.535499	-0.000789	-0.005970	0.002590
773.847964	-0.000222	-0.005700	0.002739
774.160375	-0.001846	-0.008181	0.003167
774.472731	-0.000023	-0.007199	0.003588
774.785033	-0.000785	-0.005833	0.002524
775.097281	-0.000632	-0.006188	0.002778
775.409474	-0.001175	-0.005899	0.002362
775.721613	-0.000886	-0.006104	0.002609
776.033697	-0.001571	-0.006590	0.002509
776.345727	-0.002759	-0.006941	0.002091
776.657702	-0.000760	-0.005515	0.002378
776.969624	-0.001117	-0.005930	0.002407
777.281490	-0.000560	-0.006087	0.002764
777.593303	-0.002058	-0.005853	0.001898
777.905060	-0.000699	-0.005895	0.002598
778.216764	-0.001718	-0.006513	0.002398
778.528412	-0.002052	-0.006542	0.002245
778.840007	-0.001955	-0.007684	0.002865
779.151547	-0.000513	-0.006863	0.003175
779.463032	-0.002179	-0.006499	0.002160
779.774463	-0.002655	-0.007963	0.002654
780.085839	-0.001287	-0.007024	0.002868
780.397161	-0.002558	-0.007096	0.002269
780.708428	-0.001503	-0.007047	0.002772
781.019641	-0.003149	-0.008580	0.002715
781.330799	-0.002392	-0.007639	0.002624
781.641902	-0.002133	-0.008427	0.003147
781.952951	-0.002336	-0.007993	0.002828
782.263946	-0.002412	-0.007671	0.002629
782.574885	-0.003709	-0.007561	0.001926
782.885770	-0.001653	-0.007863	0.003105
783.196601	-0.001054	-0.007839	0.003392
783.507377	-0.004556	-0.007152	0.001298
783.818098	-0.002660	-0.007982	0.002661
784.128764	-0.003032	-0.008059	0.002514
784.439376	-0.002465	-0.007739	0.002637
784.749933	-0.002450	-0.008224	0.002887
785.060436	-0.003386	-0.009437	0.003025
785.370884	-0.004411	-0.008462	0.002025
785.681277	-0.003806	-0.010266	0.003230
785.991615	-0.003913	-0.008718	0.002403
786.301899	-0.001454	-0.009770	0.004158
786.612128	-0.003363	-0.008738	0.002687
786.922302	-0.002836	-0.009219	0.003192
787.232421	-0.003472	-0.009859	0.003194
787.542486	-0.003469	-0.009060	0.002796
787.852496	-0.001937	-0.010673	0.004368
788.162451	-0.003479	-0.009033	0.002777
788.472351	-0.004801	-0.008922	0.002060
788.782196	-0.003784	-0.009205	0.002711
789.091987	-0.004677	-0.008657	0.001990
789.401723	-0.003595	-0.009481	0.002943
789.711404	-0.004871	-0.009418	0.002274
790.021030	-0.004069	-0.008993	0.002462
790.330601	-0.003902	-0.008096	0.002097
790.640117	-0.002793	-0.008101	0.002654
790.949579	-0.001465	-0.008254	0.003395
791.258985	-0.002503	-0.008296	0.002897
791.568337	-0.003122	-0.008516	0.002697
791.877634	-0.004776	-0.011666	0.003445
792.186876	-0.004958	-0.011163	0.003103
792.496063	-0.005166	-0.010109	0.002472
792.805195	-0.004427	-0.009904	0.002738
793.114272	-0.004920	-0.009099	0.002090
793.423294	-0.004498	-0.010680	0.003091
793.732261	-0.004334	-0.010672	0.003169
794.041173	-0.004720	-0.010316	0.002798
794.350030	-0.005977	-0.010704	0.002364
794.658833	-0.005554	-0.009956	0.002201
794.967580	-0.004714	-0.010151	0.002719
795.276272	-0.005515	-0.012288	0.003387
795.584909	-0.005449	-0.010036	0.002294
795.893491	-0.004313	-0.011727	0.003707
796.202018	-0.005758	-0.010447	0.002344
796.510490	-0.005673	-0.013439	0.003883
796.818907	-0.006818	-0.009373	0.001278
797.127269	-0.006775	-0.009706	0.001466
797.435576	-0.004422	-0.010501	0.003040
797.743827	-0.004178	-0.015009	0.005416
798.052024	-0.004510	-0.012252	0.003871
798.360165	-0.005739	-0.011481	0.002871
798.668251	-0.005895	-0.013018	0.003562
798.976283	-0.006984	-0.010567	0.001791
799.284259	-0.004405	-0.010890	0.003242
799.592179	-0.005680	-0.012533	0.003427
799.900045	-0.006763	-0.013164	0.003200
800.207855	-0.006044	-0.014238	0.004097
800.515611	-0.005279	-0.011754	0.003237
800.823311	-0.004393	-0.010896	0.003252
801.130956	-0.006496	-0.012583	0.003044
801.438545	-0.006384	-0.012213	0.002914
801.746080	-0.006516	-0.013859	0.003671
802.053559	-0.005436	-0.012255	0.003410
802.360983	-0.007223	-0.012286	0.002532
802.668352	-0.008177	-0.013603	0.002713
802.975665	-0.006602	-0.013565	0.003481
803.282923	-0.006418	-0.013241	0.003412
803.590126	-0.007500	-0.012854	0.002677
803.897274	-0.007496	-0.013002	0.002753
804.204366	-0.007894	-0.012510	0.002308
804.511403	-0.007314	-0.014751	0.003718
804.818384	-0.007888	-0.014066	0.003089
805.125311	-0.007991	-0.014353	0.003181
805.432181	-0.006620	-0.014631	0.004005
805.738997	-0.007844	-0.011133	0.001644
806.045757	-0.008458	-0.014248	0.002895
806.352462	-0.007542	-0.012722	0.002590
806.659111	-0.008604	-0.014633	0.003015
806.965705	-0.008235	-0.014223	0.002994
807.272244	-0.005953	-0.014657	0.004352
807.578727	-0.006230	-0.013782	0.003776
807.885155	-0.008497	-0.013970	0.002736
808.191527	-0.008642	-0.012850	0.002104
808.497844	-0.008258	-0.014087	0.002915
808.804105	-0.008102	-0.015784	0.003841
809.110311	-0.008206	-0.013610	0.002702
809.416462	-0.007356	-0.016730	0.004687
809.722557	-0.008537	-0.015254	0.003359
810.028596	-0.007380	-0.014870	0.003745
810.334580	-0.007077	-0.016423	0.004673
810.640508	-0.008900	-0.016328	0.003714
810.946381	-0.008935	-0.016641	0.003853
811.252199	-0.007193	-0.016340	0.004574
811.557961	-0.010098	-0.016972	0.003437
811.863667	-0.009834	-0.016160	0.003163
812.169317	-0.006466	-0.018054	0.005794
812.474913	-0.009114	-0.015863	0.003375
812.780452	-0.008414	-0.016709	0.004148
813.085936	-0.009466	-0.017817	0.004176
813.391364	-0.010454	-0.017618	0.003582
813.696737	-0.009751	-0.017527	0.003888
814.002054	-0.010367	-0.016294	0.002964
814.307315	-0.012221	-0.014581	0.001180
814.612521	-0.011534	-0.017718	0.003092
814.917671	-0.010770	-0.016677	0.002954
815.222766	-0.010046	-0.016288	0.003121
815.527804	-0.011850	-0.015540	0.001845
815.832787	-0.009812	-0.017509	0.003849
816.137715	-0.009682	-0.018812	0.004565
816.442586	-0.010617	-0.018883	0.004133
816.747402	-0.010378	-0.017906	0.003764
817.052162	-0.010954	-0.017200	0.003123
817.356867	-0.010705	-0.019499	0.004397
817.661516	-0.009275	-0.014185	0.002455
817.966109	-0.012343	-0.019488	0.003573
818.270646	-0.012857	-0.018468	0.002806
818.575127	-0.010909	-0.019538	0.004314
818.879553	-0.013195	-0.016608	0.001707
819.183922	-0.011024	-0.019134	0.004055
819.488236	-0.012081	-0.018593	0.003256
819.792495	-0.012214	-0.019242	0.003514
820.096697	-0.011409	-0.020530	0.004560
820.400843	-0.011919	-0.020873	0.004477
820.704934	-0.011347	-0.020414	0.004534
821.008969	-0.012856	-0.019235	0.003190
821.312948	-0.014870	-0.020303	0.002717
821.616871	-0.012683	-0.018080	0.002699
821.920738	-0.014612	-0.019468	0.002428
822.224549	-0.012188	-0.020760	0.004286
822.528305	-0.012828	-0.020392	0.003782
822.832004	-0.013425	-0.017333	0.001954
823.135647	-0.013091	-0.020612	0.003761
823.439235	-0.013554	-0.019413	0.002930
823.742767	-0.015020	-0.021740	0.003360
824.046242	-0.013166	-0.023039	0.004937
824.349662	-0.012477	-0.021728	0.004626
824.653026	-0.012048	-0.020195	0.004074
824.956333	-0.014337	-0.020279	0.002971
825.259585	-0.015343	-0.019180	0.001919
825.562781	-0.012178	-0.021091	0.004456
825.865920	-0.014840	-0.020782	0.002971
826.169004	-0.015869	-0.021043	0.002587
826.472031	-0.012432	-0.019979	0.003774
826.775003	-0.016696	-0.022462	0.002883
827.077918	-0.014935	-0.021165	0.003115
827.380778	-0.013400	-0.022527	0.004563
827.683581	-0.012270	-0.023322	0.005526
827.986328	-0.017417	-0.021122	0.001852
828.289019	-0.014196	-0.024032	0.004918
828.591654	-0.016609	-0.023504	0.003448
828.894233	-0.019645	-0.022812	0.001584
829.196756	-0.016903	-0.023904	0.003501
829.499223	-0.014179	-0.022651	0.004236
829.801633	-0.018303	-0.023575	0.002636
830.103988	-0.017707	-0.025646	0.003969
830.406286	-0.019787	-0.023501	0.001857
830.708528	-0.016328	-0.023536	0.003604
831.010713	-0.020166	-0.022392	0.001113
831.312843	-0.019255	-0.024740	0.002742
831.614916	-0.016826	-0.024202	0.003688
831.916933	-0.020628	-0.028062	0.003717
832.218894	-0.018778	-0.025542	0.003382
832.520799	-0.020585	-0.026713	0.003064
832.822647	-0.021187	-0.025516	0.002164
833.124440	-0.017265	-0.023174	0.002955
833.426175	-0.017949	-0.027625	0.004838
833.727855	-0.018121	-0.026849	0.004364
834.029478	-0.019411	-0.026623	0.003606
834.331045	-0.019668	-0.026829	0.003580
834.632556	-0.018929	-0.027954	0.004513
834.934010	-0.015743	-0.029045	0.006651
835.235408	-0.016280	-0.025771	0.004746
835.536750	-0.018171	-0.029056	0.005442
835.838035	-0.023510	-0.025350	0.000920
836.139264	-0.018370	-0.028594	0.005112
836.440437	-0.020142	-0.025189	0.002524
836.741553	-0.017897	-0.027137	0.004620
837.042613	-0.020412	-0.030103	0.004845
837.343616	-0.022415	-0.028074	0.002830
837.644563	-0.020306	-0.025699	0.002697
837.945454	-0.022300	-0.027544	0.002622
838.246288	-0.022714	-0.028337	0.002811
838.547066	-0.023978	-0.031024	0.003523
838.847787	-0.025028	-0.027815	0.001394
839.148452	-0.021159	-0.029318	0.004079
839.449060	-0.022052	-0.030511	0.004229
839.749612	-0.019256	-0.030350	0.005547
840.050108	-0.021607	-0.030923	0.004658
840.350547	-0.025944	-0.031908	0.002982
840.650929	-0.022605	-0.028225	0.002810
840.951255	-0.023727	-0.030442	0.003357
841.251524	-0.022812	-0.035305	0.006247
841.551737	-0.024149	-0.029723	0.002787
841.851893	-0.023752	-0.031327	0.003787
842.151993	-0.021846	-0.030506	0.004330
842.452036	-0.024909	-0.031803	0.003447
842.752022	-0.024555	-0.033533	0.004489
843.051952	-0.022387	-0.030500	0.004057
843.351825	-0.025370	-0.032154	0.003392
843.651642	-0.025739	-0.034169	0.004215
843.951402	-0.023796	-0.032574	0.004389
844.251106	-0.029286	-0.034894	0.002804
844.550752	-0.025020	-0.034032	0.004506
844.850343	-0.030546	-0.032944	0.001199
845.149876	-0.028261	-0.033128	0.002433
845.449353	-0.026064	-0.035186	0.004561
845.748773	-0.024871	-0.035722	0.005425
846.048136	-0.030265	-0.032603	0.001169
846.347443	-0.027099	-0.033716	0.003309
846.646693	-0.029993	-0.032291	0.001149
846.945886	-0.028751	-0.037250	0.004250
847.245023	-0.027761	-0.030346	0.001292
847.544103	-0.028138	-0.034575	0.003219
847.843126	-0.027584	-0.037953	0.005185
848.142092	-0.027589	-0.034251	0.003331
848.441002	-0.031722	-0.038069	0.003174
848.739854	-0.029573	-0.036882	0.003654
849.038650	-0.027842	-0.032551	0.002354
849.337390	-0.029423	-0.038428	0.004502
849.636072	-0.027348	-0.035476	0.004064
849.934697	-0.032043	-0.036577	0.002267
850.233266	-0.028971	-0.039875	0.005452
850.531778	-0.030428	-0.035815	0.002693
850.830233	-0.035365	-0.040909	0.002772
851.128631	-0.029356	-0.040472	0.005558
851.426972	-0.034057	-0.037865	0.001904
851.725257	-0.028915	-0.037976	0.004530
852.023484	-0.038045	-0.038197	0.000076
852.321655	-0.031358	-0.042621	0.005632
852.619768	-0.029656	-0.040679	0.005512
852.917825	-0.037092	-0.039363	0.001136
853.215825	-0.032959	-0.041796	0.004419
853.513768	-0.033710	-0.040126	0.003208
853.811654	-0.031190	-0.042355	0.005583
854.109483	-0.036287	-0.037294	0.000504
854.407255	-0.033895	-0.042583	0.004344
854.704970	-0.031687	-0.040956	0.004634
855.002628	-0.040141	-0.047695	0.003777
855.300229	-0.036212	-0.042072	0.002930
855.597773	-0.038566	-0.045465	0.003450
855.895260	-0.038152	-0.047038	0.004443
856.192690	-0.033798	-0.041451	0.003826
856.490063	-0.039813	-0.049448	0.004818
856.787378	-0.041302	-0.048935	0.003816
857.084637	-0.038666	-0.048663	0.004999
857.381839	-0.038842	-0.045755	0.003457
857.678984	-0.036361	-0.045896	0.004768
857.976071	-0.038224	-0.048384	0.005080
858.273101	-0.039824	-0.045198	0.002687
858.570075	-0.043244	-0.047276	0.002016
858.866991	-0.041153	-0.051502	0.005174
859.163850	-0.040666	-0.045335	0.002335
859.460652	-0.040072	-0.043012	0.001470
859.757397	-0.040783	-0.044750	0.001984
860.054084	-0.043970	-0.049249	0.002639
860.350715	-0.043522	-0.049791	0.003135
860.647288	-0.042226	-0.049904	0.003839
860.943804	-0.042949	-0.050405	0.003728
861.240263	-0.043519	-0.047785	0.002133
861.536665	-0.043229	-0.051437	0.004104
861.833009	-0.045963	-0.049217	0.001627
862.129296	-0.045919	-0.049994	0.002037
862.425526	-0.046391	-0.056666	0.005138
862.721699	-0.044921	-0.054389	0.004734
863.017814	-0.043528	-0.052531	0.004502
863.313872	-0.041450	-0.051052	0.004801
863.609873	-0.046832	-0.053576	0.003372
863.905817	-0.043024	-0.052643	0.004809
864.201703	-0.054199	-0.052670	-0.000764
864.497532	-0.043500	-0.051146	0.003823
864.793304	-0.042638	-0.049949	0.003656
865.089018	-0.045377	-0.055344	0.004984
865.384675	-0.046018	-0.052060	0.003021
865.680274	-0.049966	-0.057931	0.003983
865.975817	-0.047741	-0.059838	0.006049
866.271302	-0.050500	-0.054465	0.001983
866.566729	-0.047922	-0.059028	0.005553
866.862099	-0.049905	-0.061386	0.005741
867.157412	-0.050638	-0.062148	0.005755
867.452667	-0.043953	-0.056794	0.006421
867.747865	-0.052525	-0.059971	0.003723
868.043005	-0.055143	-0.056705	0.000781
868.338088	-0.049713	-0.065133	0.007710
868.633114	-0.048584	-0.057466	0.004441
868.928082	-0.052083	-0.058440	0.003178
869.222993	-0.054720	-0.061266	0.003273
869.517846	-0.047263	-0.057865	0.005301
869.812641	-0.050483	-0.056653	0.003085
870.107379	-0.059506	-0.066682	0.003588
870.402060	-0.054509	-0.062989	0.004240
870.696683	-0.054089	-0.060719	0.003315
870.991248	-0.059429	-0.062518	0.001545
871.285756	-0.051316	-0.067841	0.008263
871.580207	-0.060413	-0.061334	0.000460
871.874600	-0.054797	-0.069898	0.007551
872.168935	-0.059122	-0.058830	-0.000146
872.463213	-0.063328	-0.063103	-0.000112
872.757433	-0.056513	-0.067542	0.005515
873.051595	-0.062563	-0.067673	0.002555
873.345700	-0.065362	-0.062768	-0.001297
873.639748	-0.058379	-0.068254	0.004938
873.933737	-0.064346	-0.065542	0.000598
874.227669	-0.072560	-0.065328	-0.003616
874.521544	-0.061401	-0.071724	0.005162
874.815360	-0.063116	-0.073944	0.005414
875.109119	-0.062469	-0.069403	0.003467
875.402821	-0.064865	-0.071208	0.003171
875.696464	-0.055122	-0.070517	0.007698
875.990050	-0.063022	-0.073482	0.005230
876.283578	-0.064524	-0.078804	0.007140
876.577049	-0.065888	-0.068974	0.001543
876.870462	-0.073241	-0.076386	0.001572
877.163817	-0.069795	-0.078300	0.004253
877.457114	-0.072537	-0.078201	0.002832
877.750353	-0.066944	-0.078576	0.005816
878.043535	-0.070555	-0.077196	0.003320
878.336659	-0.075834	-0.075198	-0.000318
878.629725	-0.068592	-0.085209	0.008309
878.922733	-0.069968	-0.072751	0.001392
879.215684	-0.078499	-0.076741	-0.000879
879.508577	-0.064024	-0.082159	0.009067
879.801411	-0.077713	-0.082712	0.002500
880.094189	-0.070913	-0.079532	0.004310
880.386908	-0.079163	-0.077246	-0.000959
880.679569	-0.074767	-0.080540	0.002887
880.972172	-0.074155	-0.080079	0.002962
881.264718	-0.069135	-0.078024	0.004445
881.557206	-0.077506	-0.083381	0.002938
881.849635	-0.068743	-0.094353	0.012805
882.142007	-0.080802	-0.084143	0.001670
882.434321	-0.078618	-0.081560	0.001471
882.726577	-0.080001	-0.091863	0.005931
883.018775	-0.082925	-0.084861	0.000968
883.310915	-0.070304	-0.079830	0.004763
883.602997	-0.080687	-0.086899	0.003106
883.895021	-0.072587	-0.086111	0.006762
884.186987	-0.074226	-0.079900	0.002837
884.478896	-0.068757	-0.091749	0.011496
884.770746	-0.079096	-0.096000	0.008452
885.062538	-0.088449	-0.087657	-0.000396
885.354272	-0.077588	-0.092791	0.007601
885.645948	-0.090175	-0.091214	0.000520
885.937566	-0.077285	-0.096827	0.009771
886.229126	-0.080831	-0.097292	0.008231
886.520628	-0.089939	-0.089318	-0.000310
886.812072	-0.083792	-0.090375	0.003291
887.103458	-0.078794	-0.091048	0.006127
887.394785	-0.082526	-0.096431	0.006952
887.686055	-0.089146	-0.085487	-0.001830
887.977266	-0.082583	-0.083254	0.000335
888.268420	-0.092596	-0.089037	-0.001780
888.559515	-0.095337	-0.090415	-0.002461
888.850552	-0.094354	-0.097946	0.001796
889.141531	-0.084119	-0.092896	0.004388
889.432451	-0.082432	-0.081709	-0.000361
889.723314	-0.093506	-0.099761	0.003128
890.014118	-0.091236	-0.090759	-0.000238
890.304864	-0.088002	-0.099262	0.005630
890.595552	-0.090180	-0.091952	0.000886
890.886182	-0.097462	-0.099418	0.000978
891.176754	-0.093549	-0.099592	0.003022
891.467267	-0.093004	-0.108211	0.007604
891.757722	-0.091240	-0.095459	0.002109
