189.527725	0.042559	0.042559	0.000000
189.916390	0.003708	0.003708	0.000000
190.305018	-34.400506	-119.873347	42.736420
190.693607	-14.978048	192.531724	-103.754886
191.082159	-14.647176	-11.505527	-1.570825
191.470673	20.152479	-38.470970	29.311724
191.859149	-9.216632	-55.529307	23.156338
192.247587	-7.959908	-44.012114	18.026103
192.635988	11.870460	-56.022984	33.946722
193.024351	-9.197550	65.982100	-37.589825
193.412676	63.289139	-11.737599	37.513369
193.800963	-23.211238	-112.251556	44.520159
194.189212	17.954511	21.104263	-1.574876
194.577423	-224.207671	17.394784	-120.801228
194.965597	18.477931	126.654953	-54.088511
195.353732	-9.529168	49.038760	-29.283964
195.741830	-7.123871	-66.596628	29.736378
196.129890	-18.030583	-77.515323	29.742370
196.517911	53.429563	235.002267	-90.786352
196.905895	12.698524	-18.416622	15.557573
197.293841	17.490563	-15.450741	16.470652
197.681749	-8.754870	118.087832	-63.421351
198.069619	10.738594	-29.921849	20.330221
198.457452	-92.756924	-10.917585	-40.919670
198.845246	-23.316483	-15.706680	-3.804901
199.233002	-5.140175	-4.188773	-0.475701
199.620720	-3.527458	-4.088507	0.280525
200.008400	-6.563453	-8.515346	0.975946
200.396042	-6.009195	-6.768611	0.379708
200.783646	-6.165370	-4.321944	-0.921713
201.171212	-7.919602	-4.832293	-1.543655
201.558740	-6.583713	-3.938799	-1.322457
201.946230	-8.391433	-3.547140	-2.422146
202.333682	-13.424986	-16.292496	1.433755
202.721096	-3.937809	-10.786774	3.424482
203.108472	-15.141556	-4.271309	-5.435124
203.495809	-5.941910	-4.089952	-0.925979
203.883109	-4.026192	-3.580762	-0.222715
204.270370	-3.854602	-5.314802	0.730100
204.657593	-5.192429	-6.125390	0.466480
205.044779	-6.491370	-3.632603	-1.429384
205.431926	-5.046226	-7.397329	1.175551
205.819034	-2.887333	-6.024818	1.568743
206.206105	-5.681971	-3.747244	-0.967364
206.593137	-4.610745	-4.215385	-0.197680
206.980132	-4.044193	-33.292837	14.624322
207.367088	-7.427114	-4.595345	-1.415885
207.754006	-7.381252	-4.274358	-1.553447
208.140885	-6.408503	-5.283801	-0.562351
208.527727	-5.931626	-6.731552	0.399963
208.914530	-10.712367	-7.792926	-1.459721
209.301295	-9.809360	-4.657138	-2.576111
209.688022	-10.594743	-5.042265	-2.776239
210.074710	-6.788133	-4.580832	-1.103650
210.461360	-5.757279	-7.374609	0.808665
210.847972	-7.437514	-4.570707	-1.433404
211.234546	-7.242120	-8.383314	0.570597
211.621081	-4.785369	-7.033433	1.124032
212.007578	-4.207841	-4.320239	0.056199
212.394036	-6.542956	-8.632172	1.044608
212.780457	-7.107989	-3.417960	-1.845014
213.166839	-6.597721	-5.605581	-0.496070
213.553182	-7.029805	-4.388622	-1.320591
213.939487	-5.511972	-4.371466	-0.570253
214.325754	-8.546563	-2.613503	-2.966530
214.711983	-6.022741	-4.583703	-0.719519
215.098173	-6.425608	-5.209856	-0.607876
215.484324	-5.292070	-4.014309	-0.638881
215.870437	-6.481881	-5.475421	-0.503230
216.256512	-7.631841	-8.878990	0.623575
216.642548	-4.450168	-13.205572	4.377702
217.028546	-2.451133	-6.932838	2.240853
217.414506	-5.970209	-4.654967	-0.657621
217.800427	-11.281160	-5.689048	-2.796056
218.186309	-6.919053	-10.888774	1.984860
218.572153	-5.473023	-8.041052	1.284015
218.957959	-4.537025	-3.370493	-0.583266
219.343726	-3.844855	-4.834172	0.494658
219.729454	-4.682332	-7.078385	1.198026
220.115144	-3.619239	-4.446528	0.413644
220.500795	-5.776359	-4.008497	-0.883931
220.886408	-3.866013	-5.956500	1.045243
221.271983	-4.089122	-4.371154	0.141016
221.657518	-3.619296	-3.112994	-0.253151
222.043016	-7.632738	-4.290879	-1.670930
222.428474	-4.579389	-4.366171	-0.106609
222.813894	-2.868071	-2.981674	0.056801
223.199275	-3.142609	-2.813515	-0.164547
223.584618	-3.732892	-2.827731	-0.452581
223.969922	-4.779459	-2.376298	-1.201581
224.355188	-3.432794	-3.428743	-0.002025
224.740414	-2.727137	-4.987736	1.130299
225.125603	-3.508307	-3.186278	-0.161015
225.510752	-2.672299	-2.718361	0.023031
225.895863	-3.748326	-2.691840	-0.528243
226.280935	-3.284859	-3.417315	0.066228
226.665968	-3.611828	-2.776920	-0.417454
227.050963	-2.722204	-3.125497	0.201647
227.435919	-4.031128	-2.730320	-0.650404
227.820836	-2.354104	-3.250393	0.448145
228.205715	-2.542779	-3.273665	0.365443
228.590555	-3.023048	-2.150049	-0.436499
228.975356	-2.284179	-3.527416	0.621619
229.360118	-4.782395	-2.385606	-1.198395
229.744841	-2.211146	-3.250310	0.519582
230.129526	-2.836258	-2.984195	0.073968
230.514172	-2.154362	-2.181588	0.013613
230.898779	-3.208464	-2.508797	-0.349833
231.283347	-2.777165	-2.165393	-0.305886
231.667877	-2.938532	-2.001639	-0.468447
232.052367	-3.144255	-2.320409	-0.411923
232.436819	-3.088001	-2.091516	-0.498242
232.821232	-2.282576	-2.420980	0.069202
233.205606	-2.303209	-2.072234	-0.115488
233.589941	-2.440404	-2.206895	-0.116755
233.974237	-2.475430	-2.486374	0.005472
234.358495	-2.616893	-2.626611	0.004859
234.742713	-2.097140	-2.091860	-0.002640
235.126893	-2.402753	-3.287784	0.442515
235.511033	-1.926840	-3.056661	0.564911
235.895135	-1.999879	-2.993614	0.496867
236.279198	-1.979889	-2.028915	0.024513
236.663221	-2.113669	-1.557614	-0.278027
237.047206	-2.020866	-2.240285	0.109709
237.431152	-2.228306	-1.780545	-0.223881
237.815059	-2.270624	-2.930674	0.330025
238.198926	-2.075852	-2.104871	0.014509
238.582755	-2.537162	-1.826213	-0.355474
238.966545	-1.694021	-1.882908	0.094444
239.350296	-1.830763	-1.842389	0.005813
239.734007	-1.795163	-1.686540	-0.054312
240.117680	-1.596667	-1.969347	0.186340
240.501314	-1.921139	-1.616066	-0.152536
240.884908	-1.768375	-1.698203	-0.035086
241.268464	-1.972470	-1.313876	-0.329297
241.651980	-1.881967	-1.854835	-0.013566
242.035457	-1.634968	-1.698693	0.031862
242.418895	-1.420726	-1.538826	0.059050
242.802294	-1.651795	-1.552177	-0.049809
243.185654	-1.546788	-1.414531	-0.066129
243.568975	-1.578853	-1.554988	-0.011933
243.952257	-1.567413	-1.418541	-0.074436
244.335499	-1.811654	-1.263307	-0.274173
244.718702	-1.434007	-1.437850	0.001922
245.101867	-1.581591	-1.254101	-0.163745
245.484991	-1.507250	-1.372021	-0.067614
245.868077	-1.470853	-1.459383	-0.005735
246.251124	-1.489074	-1.119674	-0.184700
246.634131	-1.370148	-1.368702	-0.000723
247.017099	-1.144312	-1.433644	0.144666
247.400028	-1.300707	-1.239914	-0.030397
247.782917	-1.127389	-1.295583	0.084097
248.165768	-1.349436	-1.217680	-0.065878
248.548579	-1.323476	-1.331361	0.003942
248.931350	-1.109651	-1.205722	0.048036
249.314083	-1.144236	-1.167729	0.011747
249.696776	-1.051533	-1.061391	0.004929
250.079430	-0.974025	-1.050411	0.038193
250.462044	-1.016154	-0.978317	-0.018918
250.844620	-1.023777	-1.230463	0.103343
251.227155	-1.159858	-1.072317	-0.043771
251.609652	-0.974176	-0.970838	-0.001669
251.992109	-1.140514	-1.003913	-0.068300
252.374527	-1.018025	-1.007668	-0.005178
252.756905	-1.009861	-0.938218	-0.035822
253.139244	-1.055849	-1.093362	0.018756
253.521544	-0.898604	-1.019891	0.060644
253.903804	-1.131397	-0.927266	-0.102066
254.286025	-0.913704	-0.915387	0.000841
254.668206	-0.908088	-0.911947	0.001929
255.050348	-0.800249	-0.867496	0.033624
255.432451	-0.839204	-0.796207	-0.021499
255.814514	-0.913592	-0.821931	-0.045830
256.196537	-0.842826	-0.778862	-0.031982
256.578521	-0.903183	-0.767246	-0.067969
256.960466	-0.785478	-0.736080	-0.024699
257.342371	-0.835184	-0.755531	-0.039826
257.724236	-0.721684	-0.695723	-0.012981
258.106062	-0.772671	-0.722402	-0.025135
258.487849	-0.780093	-0.718688	-0.030702
258.869596	-0.731845	-0.703873	-0.013986
259.251303	-0.707798	-0.700382	-0.003708
259.632971	-0.762937	-0.781125	0.009094
260.014599	-0.666717	-0.702687	0.017985
260.396188	-0.700282	-0.649659	-0.025312
260.777737	-0.668880	-0.674357	0.002738
261.159247	-0.666846	-0.658888	-0.003979
261.540717	-0.686785	-0.628345	-0.029220
261.922147	-0.625216	-0.624921	-0.000147
262.303538	-0.642077	-0.595202	-0.023437
262.684889	-0.616586	-0.612981	-0.001803
263.066200	-0.586676	-0.593139	0.003231
263.447472	-0.642693	-0.557913	-0.042390
263.828704	-0.567288	-0.571333	0.002023
264.209896	-0.567779	-0.565113	-0.001333
264.591049	-0.566414	-0.553365	-0.006524
264.972162	-0.544737	-0.528338	-0.008199
265.353235	-0.526161	-0.542486	0.008162
265.734268	-0.484722	-0.502288	0.008783
266.115262	-0.492448	-0.514065	0.010809
266.496216	-0.539189	-0.484353	-0.027418
266.877130	-0.497798	-0.512729	0.007465
267.258005	-0.458622	-0.476649	0.009014
267.638840	-0.469442	-0.463577	-0.002932
268.019635	-0.463029	-0.451493	-0.005768
268.400390	-0.439805	-0.442053	0.001124
268.781105	-0.432206	-0.445711	0.006752
269.161781	-0.426699	-0.430634	0.001968
269.542417	-0.409770	-0.410138	0.000184
269.923013	-0.407382	-0.396657	-0.005363
270.303569	-0.405163	-0.421391	0.008114
270.684085	-0.386042	-0.381691	-0.002175
271.064561	-0.373740	-0.370263	-0.001738
271.444998	-0.371323	-0.363317	-0.004003
271.825394	-0.345070	-0.341521	-0.001774
272.205751	-0.343672	-0.358529	0.007429
272.586068	-0.349512	-0.348858	-0.000327
272.966345	-0.337965	-0.329597	-0.004184
273.346582	-0.327156	-0.310777	-0.008189
273.726779	-0.325650	-0.316798	-0.004426
274.106936	-0.315173	-0.310713	-0.002230
274.487053	-0.305542	-0.291400	-0.007071
274.867130	-0.294207	-0.304734	0.005264
275.247168	-0.287981	-0.300049	0.006034
275.627165	-0.272161	-0.291535	0.009687
276.007122	-0.282596	-0.274908	-0.003844
276.387040	-0.274059	-0.274360	0.000151
276.766917	-0.269637	-0.262723	-0.003457
277.146754	-0.274035	-0.261334	-0.006351
277.526551	-0.274573	-0.273975	-0.000299
277.906308	-0.266279	-0.268306	0.001013
278.286026	-0.271676	-0.266885	-0.002395
278.665703	-0.261090	-0.255920	-0.002585
279.045340	-0.267496	-0.260855	-0.003320
279.424936	-0.261511	-0.260710	-0.000400
279.804493	-0.263909	-0.258299	-0.002805
280.184010	-0.257038	-0.252203	-0.002417
280.563487	-0.251734	-0.247995	-0.001870
280.942923	-0.248355	-0.240957	-0.003699
281.322319	-0.251178	-0.236804	-0.007187
281.701676	-0.235250	-0.243342	0.004046
282.080992	-0.232677	-0.229440	-0.001618
282.460268	-0.231907	-0.227969	-0.001969
282.839503	-0.240566	-0.227958	-0.006304
283.218699	-0.228309	-0.229399	0.000545
283.597854	-0.234111	-0.224728	-0.004691
283.976969	-0.225969	-0.221763	-0.002103
284.356044	-0.220193	-0.215041	-0.002576
284.735079	-0.223405	-0.221123	-0.001141
285.114073	-0.214647	-0.214030	-0.000309
285.493028	-0.215657	-0.212268	-0.001695
285.871942	-0.218365	-0.212982	-0.002691
286.250815	-0.217193	-0.205035	-0.006079
286.629649	-0.208256	-0.209310	0.000527
287.008442	-0.203776	-0.194306	-0.004735
287.387195	-0.199905	-0.194349	-0.002778
287.765907	-0.193133	-0.182252	-0.005440
288.144580	-0.190920	-0.178746	-0.006087
288.523212	-0.182695	-0.172399	-0.005148
288.901803	-0.174483	-0.168287	-0.003098
289.280355	-0.171229	-0.163267	-0.003981
289.658866	-0.161841	-0.155922	-0.002960
290.037336	-0.157678	-0.150474	-0.003602
290.415766	-0.154687	-0.149880	-0.002403
290.794156	-0.149329	-0.140271	-0.004529
291.172505	-0.148126	-0.138739	-0.004694
291.550814	-0.142228	-0.138393	-0.001918
291.929083	-0.138193	-0.133693	-0.002250
292.307311	-0.137062	-0.128275	-0.004393
292.685499	-0.132099	-0.129250	-0.001424
293.063646	-0.133386	-0.126283	-0.003551
293.441753	-0.131927	-0.121024	-0.005452
293.819820	-0.131101	-0.121166	-0.004968
294.197845	-0.126439	-0.117928	-0.004256
294.575831	-0.125823	-0.119163	-0.003330
294.953776	-0.122534	-0.118476	-0.002029
295.331680	-0.126070	-0.118502	-0.003784
295.709544	-0.123912	-0.114924	-0.004494
296.087368	-0.122377	-0.112988	-0.004695
296.465150	-0.124459	-0.114120	-0.005169
296.842893	-0.120624	-0.114896	-0.002864
297.220595	-0.121087	-0.113477	-0.003805
297.598256	-0.119511	-0.110385	-0.004563
297.975876	-0.116877	-0.107716	-0.004581
298.353457	-0.117072	-0.109120	-0.003976
298.730996	-0.118150	-0.107622	-0.005264
299.108495	-0.118096	-0.107252	-0.005422
299.485953	-0.114529	-0.108781	-0.002874
299.863371	-0.119301	-0.106590	-0.006356
300.240748	-0.115989	-0.104853	-0.005568
300.618084	-0.116832	-0.104717	-0.006057
300.995380	-0.116718	-0.104500	-0.006109
301.372635	-0.115839	-0.105504	-0.005167
301.749849	-0.113643	-0.102125	-0.005759
302.127023	-0.112546	-0.103888	-0.004329
302.504156	-0.113509	-0.105133	-0.004188
302.881248	-0.118503	-0.106309	-0.006097
303.258300	-0.118647	-0.105969	-0.006339
303.635311	-0.115165	-0.105056	-0.005055
304.012281	-0.116207	-0.103545	-0.006331
304.389210	-0.114124	-0.103425	-0.005350
304.766099	-0.113920	-0.102771	-0.005575
305.142947	-0.113858	-0.099743	-0.007057
305.519754	-0.113825	-0.098240	-0.007793
305.896520	-0.110447	-0.098413	-0.006017
306.273246	-0.108857	-0.097481	-0.005688
306.649930	-0.105465	-0.093954	-0.005756
307.026574	-0.104057	-0.092249	-0.005904
307.403177	-0.105379	-0.089177	-0.008101
307.779740	-0.104172	-0.089841	-0.007166
308.156261	-0.101331	-0.088662	-0.006334
308.532742	-0.101559	-0.088504	-0.006527
308.909181	-0.100715	-0.088241	-0.006237
309.285580	-0.098427	-0.083819	-0.007304
309.661938	-0.098965	-0.084770	-0.007097
310.038255	-0.098370	-0.084680	-0.006845
310.414531	-0.096682	-0.085848	-0.005417
310.790766	-0.098055	-0.083687	-0.007184
311.166961	-0.098821	-0.086018	-0.006401
311.543114	-0.097712	-0.083897	-0.006908
311.919226	-0.099791	-0.082752	-0.008520
312.295298	-0.097368	-0.083305	-0.007032
312.671328	-0.097148	-0.083909	-0.006619
313.047318	-0.098481	-0.080681	-0.008900
313.423267	-0.097775	-0.080315	-0.008730
313.799174	-0.095147	-0.080336	-0.007406
314.175041	-0.094474	-0.078703	-0.007885
314.550866	-0.091971	-0.077441	-0.007265
314.926651	-0.091459	-0.075459	-0.008000
315.302394	-0.089460	-0.072311	-0.008574
315.678097	-0.088808	-0.070997	-0.008906
316.053758	-0.088743	-0.070869	-0.008937
316.429378	-0.088365	-0.071510	-0.008427
316.804958	-0.088082	-0.070328	-0.008877
317.180496	-0.085669	-0.071487	-0.007091
317.555993	-0.085198	-0.069106	-0.008046
317.931449	-0.086534	-0.068187	-0.009173
318.306864	-0.087678	-0.069030	-0.009324
318.682238	-0.085774	-0.067939	-0.008918
319.057570	-0.087880	-0.067788	-0.010046
319.432862	-0.088039	-0.069428	-0.009305
319.808112	-0.086470	-0.068577	-0.008946
320.183321	-0.088676	-0.069110	-0.009783
320.558489	-0.088738	-0.068865	-0.009937
320.933616	-0.088543	-0.068122	-0.010211
321.308701	-0.087634	-0.067688	-0.009973
321.683746	-0.088656	-0.067635	-0.010511
322.058749	-0.087533	-0.065781	-0.010876
322.433711	-0.088894	-0.067579	-0.010658
322.808632	-0.087421	-0.066792	-0.010315
323.183511	-0.087148	-0.066227	-0.010460
323.558349	-0.085959	-0.064944	-0.010508
323.933146	-0.087158	-0.065280	-0.010939
324.307902	-0.086413	-0.065433	-0.010490
324.682617	-0.087202	-0.062346	-0.012428
325.057290	-0.086468	-0.063049	-0.011710
325.431921	-0.087313	-0.063305	-0.012004
325.806512	-0.085312	-0.064807	-0.010253
326.181061	-0.085799	-0.061707	-0.012046
326.555569	-0.084522	-0.062906	-0.010808
326.930035	-0.084412	-0.061691	-0.011360
327.304461	-0.085566	-0.059525	-0.013020
327.678844	-0.085067	-0.058958	-0.013055
328.053187	-0.083464	-0.059670	-0.011897
328.427488	-0.085010	-0.058871	-0.013069
328.801747	-0.083765	-0.060309	-0.011728
329.175966	-0.083349	-0.058691	-0.012329
329.550142	-0.083068	-0.057789	-0.012639
329.924278	-0.082586	-0.057213	-0.012687
330.298372	-0.081044	-0.055899	-0.012573
330.672424	-0.082697	-0.057440	-0.012629
331.046435	-0.082659	-0.056713	-0.012973
331.420405	-0.083515	-0.056387	-0.013564
331.794333	-0.083115	-0.057269	-0.012923
332.168220	-0.080731	-0.055400	-0.012666
332.542065	-0.082679	-0.056507	-0.013086
332.915869	-0.081817	-0.054276	-0.013770
333.289631	-0.082841	-0.055181	-0.013830
333.663351	-0.082130	-0.055664	-0.013233
334.037030	-0.082111	-0.054139	-0.013986
334.410668	-0.081709	-0.054119	-0.013795
334.784264	-0.082895	-0.054293	-0.014301
335.157818	-0.081906	-0.055313	-0.013297
335.531331	-0.084098	-0.055241	-0.014428
335.904802	-0.083823	-0.054212	-0.014805
336.278232	-0.084073	-0.055643	-0.014215
336.651620	-0.083250	-0.054841	-0.014204
337.024966	-0.085214	-0.055652	-0.014781
337.398271	-0.084389	-0.058372	-0.013009
337.771534	-0.086538	-0.058084	-0.014227
338.144756	-0.086274	-0.058210	-0.014032
338.517936	-0.084815	-0.056962	-0.013926
338.891074	-0.085489	-0.056773	-0.014358
339.264171	-0.084634	-0.055526	-0.014554
339.637225	-0.084196	-0.054932	-0.014632
340.010239	-0.083045	-0.054560	-0.014242
340.383210	-0.082356	-0.054445	-0.013955
340.756140	-0.081951	-0.054351	-0.013800
341.129028	-0.082053	-0.053494	-0.014279
341.501874	-0.081888	-0.054164	-0.013862
341.874679	-0.082597	-0.055097	-0.013750
342.247441	-0.080924	-0.052891	-0.014016
342.620162	-0.082088	-0.052487	-0.014801
342.992842	-0.081544	-0.051939	-0.014802
343.365479	-0.082272	-0.052346	-0.014963
343.738075	-0.080023	-0.051188	-0.014417
344.110629	-0.080914	-0.052308	-0.014303
344.483141	-0.081448	-0.053059	-0.014194
344.855611	-0.081042	-0.051822	-0.014610
345.228039	-0.082025	-0.052273	-0.014876
345.600426	-0.082241	-0.053150	-0.014545
345.972770	-0.082969	-0.051456	-0.015757
346.345073	-0.084495	-0.053575	-0.015460
346.717334	-0.081430	-0.050791	-0.015319
347.089553	-0.082085	-0.051534	-0.015276
347.461730	-0.080597	-0.051434	-0.014582
347.833866	-0.080949	-0.050506	-0.015222
348.205959	-0.079132	-0.050897	-0.014117
348.578010	-0.080094	-0.050154	-0.014970
348.950020	-0.079835	-0.048850	-0.015493
349.321987	-0.080489	-0.049535	-0.015477
349.693913	-0.079137	-0.048932	-0.015103
350.065797	-0.078931	-0.048951	-0.014990
350.437638	-0.079908	-0.048512	-0.015698
350.809438	-0.080811	-0.050172	-0.015320
351.181196	-0.080374	-0.049170	-0.015602
351.552911	-0.081011	-0.050148	-0.015431
351.924585	-0.081936	-0.050396	-0.015770
352.296217	-0.082366	-0.050028	-0.016169
352.667806	-0.082221	-0.050007	-0.016107
353.039354	-0.083014	-0.050505	-0.016255
353.410859	-0.082699	-0.049958	-0.016370
353.782323	-0.084494	-0.051460	-0.016517
354.153744	-0.082780	-0.052769	-0.015006
354.525123	-0.082972	-0.050639	-0.016167
354.896460	-0.083506	-0.049208	-0.017149
355.267756	-0.084258	-0.052814	-0.015722
355.639008	-0.083501	-0.052257	-0.015622
356.010219	-0.081584	-0.052350	-0.014617
356.381388	-0.081931	-0.052743	-0.014594
356.752515	-0.083078	-0.050652	-0.016213
357.123599	-0.080849	-0.050484	-0.015182
357.494641	-0.081826	-0.050310	-0.015758
357.865641	-0.080561	-0.050017	-0.015272
358.236599	-0.079736	-0.049644	-0.015046
358.607515	-0.079903	-0.050116	-0.014893
358.978388	-0.080888	-0.048630	-0.016129
359.349219	-0.080266	-0.048645	-0.015810
359.720008	-0.079167	-0.048112	-0.015527
360.090755	-0.080696	-0.047757	-0.016470
360.461460	-0.080755	-0.048019	-0.016368
360.832122	-0.078612	-0.048178	-0.015217
361.202742	-0.078661	-0.048619	-0.015021
361.573320	-0.080314	-0.049085	-0.015615
361.943855	-0.080869	-0.048460	-0.016204
362.314348	-0.081906	-0.050562	-0.015672
362.684799	-0.081531	-0.050748	-0.015392
363.055208	-0.080924	-0.051965	-0.014480
363.425574	-0.081669	-0.050842	-0.015413
363.795898	-0.082235	-0.052977	-0.014629
364.166180	-0.080836	-0.051229	-0.014803
364.536419	-0.080314	-0.048872	-0.015721
364.906616	-0.079714	-0.048722	-0.015496
365.276770	-0.081301	-0.048819	-0.016241
365.646882	-0.079397	-0.049610	-0.014894
366.016952	-0.077299	-0.048319	-0.014490
366.386979	-0.077240	-0.047877	-0.014682
366.756964	-0.076052	-0.047365	-0.014343
367.126906	-0.076392	-0.047225	-0.014583
367.496806	-0.077222	-0.045402	-0.015910
367.866664	-0.075746	-0.047220	-0.014263
368.236479	-0.077080	-0.046842	-0.015119
368.606251	-0.075397	-0.047566	-0.013916
368.975981	-0.076991	-0.047753	-0.014619
369.345669	-0.076199	-0.048195	-0.014002
369.715314	-0.076694	-0.049253	-0.013721
370.084917	-0.077689	-0.050064	-0.013813
370.454477	-0.078201	-0.051417	-0.013392
370.823995	-0.079803	-0.051170	-0.014316
371.193470	-0.080320	-0.051531	-0.014395
371.562902	-0.081003	-0.052746	-0.014128
371.932292	-0.081561	-0.053885	-0.013838
372.301640	-0.080533	-0.054431	-0.013051
372.670944	-0.080456	-0.053609	-0.013423
373.040207	-0.083433	-0.055441	-0.013996
373.409426	-0.081817	-0.057426	-0.012196
373.778603	-0.082107	-0.055995	-0.013056
374.147738	-0.082839	-0.054871	-0.013984
374.516830	-0.082841	-0.055471	-0.013685
374.885879	-0.080800	-0.054367	-0.013216
375.254885	-0.080690	-0.053119	-0.013785
375.623849	-0.079763	-0.053998	-0.012883
375.992770	-0.079912	-0.053716	-0.013098
376.361649	-0.080394	-0.053084	-0.013655
376.730485	-0.079685	-0.053851	-0.012917
377.099278	-0.077959	-0.053838	-0.012060
377.468028	-0.076924	-0.053163	-0.011880
377.836736	-0.077239	-0.054704	-0.011268
378.205401	-0.079004	-0.053411	-0.012797
378.574023	-0.080315	-0.054893	-0.012711
378.942603	-0.078670	-0.053358	-0.012656
379.311139	-0.079355	-0.055295	-0.012030
379.679633	-0.078207	-0.055901	-0.011153
380.048085	-0.078708	-0.055563	-0.011573
380.416493	-0.079055	-0.056852	-0.011101
380.784859	-0.081221	-0.056831	-0.012195
381.153181	-0.081922	-0.057268	-0.012327
381.521461	-0.081116	-0.057377	-0.011869
381.889699	-0.080894	-0.057996	-0.011449
382.257893	-0.080739	-0.058092	-0.011323
382.626044	-0.079230	-0.054123	-0.012553
382.994153	-0.077436	-0.053867	-0.011785
383.362219	-0.076506	-0.053237	-0.011634
383.730242	-0.076937	-0.054272	-0.011332
384.098222	-0.075426	-0.054731	-0.010347
384.466159	-0.075525	-0.052673	-0.011426
384.834053	-0.076929	-0.052855	-0.012037
385.201904	-0.074593	-0.053663	-0.010465
385.569713	-0.074755	-0.052782	-0.010987
385.937478	-0.073755	-0.052072	-0.010842
386.305201	-0.074985	-0.053092	-0.010947
386.672880	-0.074035	-0.053269	-0.010383
387.040517	-0.075740	-0.053218	-0.011261
387.408110	-0.074345	-0.054327	-0.010009
387.775661	-0.075307	-0.052550	-0.011378
388.143168	-0.073468	-0.051728	-0.010870
388.510633	-0.073736	-0.054900	-0.009418
388.878055	-0.073715	-0.053850	-0.009933
389.245433	-0.075214	-0.054674	-0.010270
389.612769	-0.074542	-0.056155	-0.009193
389.980061	-0.078127	-0.057478	-0.010325
390.347310	-0.077117	-0.056925	-0.010096
390.714517	-0.077002	-0.057873	-0.009564
391.081680	-0.077141	-0.057385	-0.009878
391.448800	-0.075936	-0.057790	-0.009073
391.815877	-0.074385	-0.055577	-0.009404
392.182911	-0.072755	-0.055798	-0.008478
392.549902	-0.072991	-0.055076	-0.008957
392.916850	-0.071680	-0.053283	-0.009198
393.283754	-0.072527	-0.052511	-0.010008
393.650616	-0.072265	-0.054565	-0.008850
394.017434	-0.073752	-0.055513	-0.009119
394.384209	-0.072262	-0.054935	-0.008663
394.750941	-0.074686	-0.056571	-0.009058
395.117630	-0.075027	-0.056834	-0.009096
395.484275	-0.075735	-0.057901	-0.008917
395.850878	-0.076502	-0.057832	-0.009335
396.217437	-0.075197	-0.056924	-0.009137
396.583953	-0.076474	-0.057219	-0.009627
396.950425	-0.075952	-0.057182	-0.009385
397.316855	-0.072328	-0.057195	-0.007567
397.683241	-0.073098	-0.055369	-0.008864
398.049584	-0.070845	-0.054200	-0.008323
398.415884	-0.068596	-0.053091	-0.007753
398.782140	-0.070570	-0.053948	-0.008311
399.148353	-0.068630	-0.052089	-0.008271
399.514523	-0.068892	-0.052689	-0.008102
399.880649	-0.069639	-0.054163	-0.007738
400.246732	-0.068749	-0.051961	-0.008394
400.612772	-0.069025	-0.052910	-0.008057
400.978768	-0.069311	-0.053743	-0.007784
401.344721	-0.070381	-0.053312	-0.008534
401.710631	-0.068733	-0.051829	-0.008452
402.076497	-0.068725	-0.052780	-0.007973
402.442320	-0.067256	-0.052382	-0.007437
402.808100	-0.067915	-0.050978	-0.008469
403.173836	-0.065813	-0.052854	-0.006480
403.539528	-0.066615	-0.051750	-0.007432
403.905178	-0.066528	-0.049722	-0.008403
404.270783	-0.065790	-0.049560	-0.008115
404.636346	-0.065630	-0.048977	-0.008326
405.001865	-0.064177	-0.050052	-0.007062
405.367340	-0.062908	-0.047917	-0.007496
405.732772	-0.061703	-0.048915	-0.006394
406.098161	-0.062932	-0.049952	-0.006490
406.463506	-0.062379	-0.050572	-0.005903
406.828807	-0.065807	-0.049706	-0.008050
407.194065	-0.064742	-0.051329	-0.006707
407.559279	-0.066258	-0.049967	-0.008146
407.924450	-0.064825	-0.051104	-0.006861
408.289578	-0.064020	-0.051572	-0.006224
408.654661	-0.063123	-0.050035	-0.006544
409.019702	-0.063014	-0.050232	-0.006391
409.384698	-0.064321	-0.050268	-0.007026
409.749651	-0.061463	-0.049873	-0.005795
410.114561	-0.064677	-0.049698	-0.007489
410.479427	-0.063516	-0.050348	-0.006584
410.844249	-0.064726	-0.051986	-0.006370
411.209027	-0.066995	-0.053486	-0.006755
411.573762	-0.064895	-0.053348	-0.005773
411.938454	-0.064939	-0.051597	-0.006671
412.303101	-0.066439	-0.053484	-0.006477
412.667705	-0.065825	-0.053936	-0.005944
413.032266	-0.066863	-0.052107	-0.007378
413.396782	-0.066674	-0.054581	-0.006047
413.761255	-0.067263	-0.054174	-0.006544
414.125684	-0.065994	-0.054382	-0.005806
414.490070	-0.067186	-0.055595	-0.005795
414.854412	-0.068450	-0.053023	-0.007713
415.218710	-0.067511	-0.053770	-0.006871
415.582964	-0.067543	-0.054510	-0.006517
415.947175	-0.066896	-0.055626	-0.005635
416.311341	-0.067885	-0.057537	-0.005174
416.675464	-0.068904	-0.054997	-0.006953
417.039543	-0.067593	-0.055107	-0.006243
417.403579	-0.067575	-0.055754	-0.005911
417.767570	-0.066512	-0.055759	-0.005377
418.131518	-0.066661	-0.054903	-0.005879
418.495422	-0.066367	-0.053650	-0.006358
418.859282	-0.067655	-0.054641	-0.006507
419.223098	-0.066588	-0.052639	-0.006975
419.586871	-0.063948	-0.051865	-0.006042
419.950599	-0.065863	-0.054636	-0.005614
420.314284	-0.064890	-0.052102	-0.006394
420.677925	-0.062832	-0.050259	-0.006286
421.041522	-0.060076	-0.047623	-0.006226
421.405075	-0.061074	-0.047503	-0.006785
421.768584	-0.059949	-0.046109	-0.006920
422.132049	-0.058351	-0.046295	-0.006028
422.495470	-0.059106	-0.046072	-0.006517
422.858847	-0.057614	-0.045851	-0.005881
423.222180	-0.059200	-0.047528	-0.005836
423.585470	-0.059209	-0.047901	-0.005654
423.948715	-0.057686	-0.047727	-0.004979
424.311916	-0.058899	-0.046455	-0.006222
424.675074	-0.057989	-0.046862	-0.005564
425.038187	-0.057481	-0.046193	-0.005644
425.401256	-0.056203	-0.044834	-0.005685
425.764281	-0.057186	-0.045519	-0.005833
426.127263	-0.057903	-0.046469	-0.005717
426.490200	-0.056544	-0.045716	-0.005414
426.853093	-0.055813	-0.044885	-0.005464
427.215942	-0.056017	-0.044194	-0.005911
427.578747	-0.053247	-0.042284	-0.005481
427.941508	-0.051230	-0.041867	-0.004682
428.304225	-0.051673	-0.041041	-0.005316
428.666897	-0.050731	-0.038110	-0.006310
429.029526	-0.048983	-0.036403	-0.006290
429.392110	-0.046190	-0.036063	-0.005064
429.754651	-0.044627	-0.032979	-0.005824
430.117147	-0.042427	-0.031404	-0.005511
430.479599	-0.040926	-0.029071	-0.005928
430.842007	-0.040427	-0.028688	-0.005870
431.204370	-0.039045	-0.027319	-0.005863
431.566690	-0.038390	-0.027431	-0.005480
431.928965	-0.037857	-0.026510	-0.005673
432.291196	-0.036808	-0.026093	-0.005357
432.653383	-0.035477	-0.024259	-0.005609
433.015525	-0.033920	-0.022648	-0.005636
433.377624	-0.033083	-0.022434	-0.005325
433.739678	-0.031326	-0.020153	-0.005586
434.101688	-0.029981	-0.019407	-0.005287
434.463653	-0.028412	-0.018950	-0.004731
434.825575	-0.028552	-0.017709	-0.005421
435.187452	-0.027962	-0.016738	-0.005612
435.549284	-0.026663	-0.016343	-0.005160
435.911073	-0.025838	-0.015055	-0.005391
436.272817	-0.025234	-0.014987	-0.005124
436.634516	-0.024254	-0.014289	-0.004983
436.996172	-0.023768	-0.013177	-0.005296
437.357783	-0.022936	-0.013090	-0.004923
437.719350	-0.023135	-0.012937	-0.005099
438.080872	-0.022916	-0.012134	-0.005391
438.442350	-0.022054	-0.011447	-0.005304
438.803783	-0.021931	-0.011086	-0.005422
439.165173	-0.021545	-0.011395	-0.005075
439.526517	-0.021146	-0.010251	-0.005448
439.887818	-0.021055	-0.010693	-0.005181
440.249074	-0.020729	-0.009991	-0.005369
440.610285	-0.020213	-0.010328	-0.004943
440.971452	-0.019944	-0.009678	-0.005133
441.332575	-0.019817	-0.009389	-0.005214
441.693653	-0.019247	-0.009441	-0.004903
442.054686	-0.019111	-0.009119	-0.004996
442.415676	-0.018886	-0.009027	-0.004930
442.776620	-0.018962	-0.008906	-0.005028
443.137520	-0.018774	-0.008730	-0.005022
443.498376	-0.019067	-0.008356	-0.005355
443.859187	-0.017965	-0.008021	-0.004972
444.219953	-0.017988	-0.007813	-0.005087
444.580675	-0.016691	-0.007376	-0.004658
444.941353	-0.016784	-0.006677	-0.005053
445.301986	-0.016356	-0.006140	-0.005108
445.662574	-0.015705	-0.005685	-0.005010
446.023118	-0.015186	-0.005049	-0.005069
446.383617	-0.014782	-0.004414	-0.005184
446.744071	-0.014087	-0.003975	-0.005056
447.104481	-0.013114	-0.003251	-0.004932
447.464846	-0.012349	-0.002819	-0.004765
447.825167	-0.011795	-0.002037	-0.004879
448.185443	-0.011426	-0.001649	-0.004889
448.545674	-0.011257	-0.001313	-0.004972
448.905861	-0.010732	-0.000716	-0.005008
449.266002	-0.010136	-0.000691	-0.004723
449.626100	-0.009924	-0.000221	-0.004851
449.986152	-0.009865	-0.000040	-0.004913
450.346160	-0.009680	0.000175	-0.004927
450.706123	-0.009225	0.000390	-0.004808
451.066041	-0.009189	0.000427	-0.004808
451.425915	-0.009098	0.000490	-0.004794
451.785744	-0.009196	0.000582	-0.004889
452.145528	-0.008915	0.000490	-0.004703
452.505267	-0.009000	0.000326	-0.004663
452.864962	-0.009011	0.000459	-0.004735
453.224612	-0.009098	0.000312	-0.004705
453.584217	-0.009239	0.000194	-0.004717
453.943777	-0.009020	0.000469	-0.004744
454.303292	-0.009037	0.000249	-0.004643
454.662763	-0.009124	0.000234	-0.004679
455.022188	-0.009071	0.000334	-0.004703
455.381569	-0.009107	0.000506	-0.004806
455.740905	-0.008876	0.000625	-0.004751
456.100196	-0.008932	0.000432	-0.004682
456.459443	-0.008884	0.000682	-0.004783
456.818644	-0.008724	0.000661	-0.004692
457.177800	-0.008497	0.000776	-0.004636
457.536912	-0.008157	0.000936	-0.004546
457.895978	-0.008294	0.000818	-0.004556
458.255000	-0.008217	0.001045	-0.004631
458.613977	-0.007922	0.001022	-0.004472
458.972909	-0.007830	0.001307	-0.004568
459.331795	-0.007591	0.001281	-0.004436
459.690637	-0.007583	0.001384	-0.004484
460.049434	-0.007490	0.001635	-0.004563
460.408186	-0.007474	0.001559	-0.004517
460.766893	-0.007002	0.001649	-0.004325
461.125555	-0.007133	0.001559	-0.004346
461.484172	-0.007006	0.001982	-0.004494
461.842743	-0.006617	0.001763	-0.004190
462.201270	-0.006918	0.001796	-0.004357
462.559752	-0.007106	0.001993	-0.004550
462.918188	-0.006975	0.001882	-0.004429
463.276580	-0.006688	0.001767	-0.004228
463.634927	-0.006876	0.001904	-0.004390
463.993228	-0.006658	0.002077	-0.004368
464.351484	-0.006691	0.002047	-0.004369
464.709696	-0.006750	0.001809	-0.004280
465.067862	-0.006555	0.001800	-0.004178
465.425983	-0.006603	0.001873	-0.004238
465.784058	-0.006538	0.001944	-0.004241
466.142089	-0.006497	0.002028	-0.004263
466.500075	-0.006604	0.001849	-0.004226
466.858015	-0.006448	0.002011	-0.004230
467.215910	-0.006283	0.002001	-0.004142
467.573760	-0.006419	0.002055	-0.004237
467.931565	-0.006136	0.002006	-0.004071
468.289324	-0.006260	0.002220	-0.004240
468.647039	-0.005878	0.002181	-0.004029
469.004708	-0.005976	0.002025	-0.004000
469.362332	-0.005876	0.002207	-0.004042
469.719910	-0.005796	0.002099	-0.003948
470.077443	-0.005715	0.002259	-0.003987
470.434932	-0.005660	0.002400	-0.004030
470.792374	-0.005456	0.002392	-0.003924
471.149772	-0.005385	0.002458	-0.003922
471.507124	-0.005303	0.002598	-0.003950
471.864431	-0.005126	0.002665	-0.003896
472.221693	-0.005197	0.002905	-0.004051
472.578909	-0.005073	0.002760	-0.003916
472.936080	-0.004786	0.002880	-0.003833
473.293205	-0.004558	0.003041	-0.003800
473.650285	-0.004545	0.003025	-0.003785
474.007320	-0.004327	0.003286	-0.003806
474.364310	-0.004240	0.003289	-0.003764
474.721254	-0.004052	0.003304	-0.003678
475.078152	-0.003870	0.003495	-0.003683
475.435006	-0.003767	0.003573	-0.003670
475.791813	-0.003784	0.003707	-0.003745
476.148576	-0.003703	0.003726	-0.003715
476.505293	-0.003322	0.003731	-0.003527
476.861964	-0.003264	0.003967	-0.003615
477.218590	-0.003127	0.004001	-0.003564
477.575171	-0.003117	0.003942	-0.003530
477.931706	-0.002875	0.003925	-0.003400
478.288195	-0.002905	0.004138	-0.003521
478.644639	-0.002746	0.004151	-0.003448
479.001038	-0.002707	0.004349	-0.003528
479.357391	-0.002429	0.004236	-0.003332
479.713699	-0.002586	0.004304	-0.003445
480.069960	-0.002535	0.004236	-0.003386
480.426177	-0.002437	0.004260	-0.003348
480.782348	-0.002406	0.004424	-0.003415
481.138473	-0.002144	0.004387	-0.003266
481.494553	-0.002280	0.004325	-0.003302
481.850587	-0.002241	0.004285	-0.003263
482.206575	-0.002370	0.004234	-0.003302
482.562518	-0.002170	0.004281	-0.003226
482.918416	-0.002248	0.004233	-0.003241
483.274267	-0.002113	0.004178	-0.003146
483.630073	-0.002000	0.004027	-0.003013
483.985834	-0.002093	0.004172	-0.003132
484.341548	-0.002161	0.003904	-0.003033
484.697217	-0.002149	0.004096	-0.003123
485.052841	-0.002099	0.003962	-0.003031
485.408418	-0.001996	0.003982	-0.002989
485.763950	-0.002104	0.003806	-0.002955
486.119436	-0.002024	0.003867	-0.002945
486.474877	-0.002099	0.003894	-0.002997
486.830272	-0.002071	0.003788	-0.002929
487.185621	-0.001979	0.003834	-0.002907
487.540924	-0.001887	0.003875	-0.002881
487.896182	-0.001798	0.003853	-0.002825
488.251393	-0.001734	0.003798	-0.002766
488.606559	-0.001767	0.003821	-0.002794
488.961679	-0.001690	0.003731	-0.002710
489.316754	-0.001635	0.003878	-0.002756
489.671782	-0.001767	0.003809	-0.002788
490.026765	-0.001565	0.003669	-0.002617
490.381702	-0.001525	0.003644	-0.002584
490.736593	-0.001630	0.003690	-0.002660
491.091438	-0.001521	0.003697	-0.002609
491.446238	-0.001411	0.003752	-0.002581
491.800991	-0.001461	0.003583	-0.002522
492.155699	-0.001427	0.003603	-0.002515
492.510360	-0.001528	0.003584	-0.002556
492.864976	-0.001599	0.003438	-0.002519
493.219546	-0.001535	0.003287	-0.002411
493.574070	-0.001511	0.003171	-0.002341
493.928548	-0.001598	0.003241	-0.002420
494.282980	-0.001672	0.003158	-0.002415
494.637366	-0.001755	0.002823	-0.002289
494.991707	-0.001724	0.002845	-0.002285
495.346001	-0.001840	0.002574	-0.002207
495.700249	-0.001950	0.002613	-0.002282
496.054451	-0.002195	0.002312	-0.002253
496.408607	-0.002185	0.002096	-0.002141
496.762718	-0.002223	0.002138	-0.002181
497.116782	-0.002304	0.001981	-0.002142
497.470800	-0.002494	0.001619	-0.002056
497.824772	-0.002647	0.001576	-0.002111
498.178698	-0.002786	0.001299	-0.002042
498.532578	-0.002890	0.001240	-0.002065
498.886412	-0.003006	0.001153	-0.002080
499.240200	-0.002843	0.001136	-0.001989
499.593942	-0.003174	0.001005	-0.002089
499.947637	-0.003083	0.000717	-0.001900
500.301287	-0.003089	0.000697	-0.001893
500.654890	-0.003329	0.000442	-0.001886
501.008448	-0.003053	0.000364	-0.001708
501.361959	-0.003294	0.000270	-0.001782
501.715424	-0.003353	0.000406	-0.001879
502.068843	-0.003345	0.000357	-0.001851
502.422215	-0.003400	0.000240	-0.001820
502.775542	-0.003397	0.000142	-0.001770
503.128822	-0.003451	-0.000077	-0.001687
503.482056	-0.003308	-0.000125	-0.001591
503.835244	-0.003596	-0.000318	-0.001639
504.188386	-0.003544	-0.000166	-0.001689
504.541481	-0.003467	-0.000011	-0.001728
504.894530	-0.003403	-0.000391	-0.001506
505.247533	-0.003386	-0.000048	-0.001669
505.600490	-0.003259	-0.000256	-0.001501
505.953400	-0.003370	-0.000231	-0.001570
506.306264	-0.003316	-0.000398	-0.001459
506.659082	-0.003488	-0.000401	-0.001543
507.011854	-0.003351	-0.000592	-0.001380
507.364579	-0.003267	-0.000615	-0.001326
507.717258	-0.003349	-0.000617	-0.001366
508.069890	-0.003273	-0.000626	-0.001323
508.422477	-0.003465	-0.000564	-0.001450
508.775016	-0.003493	-0.000975	-0.001259
509.127510	-0.003501	-0.000800	-0.001350
509.479957	-0.003542	-0.000892	-0.001325
509.832358	-0.003442	-0.000843	-0.001299
510.184712	-0.003525	-0.000915	-0.001305
510.537020	-0.003576	-0.001263	-0.001157
510.889281	-0.003617	-0.001387	-0.001115
511.241497	-0.003608	-0.001526	-0.001041
511.593665	-0.003676	-0.001438	-0.001119
511.945787	-0.003496	-0.001413	-0.001042
512.297863	-0.003875	-0.001761	-0.001057
512.649892	-0.003522	-0.001445	-0.001038
513.001875	-0.003809	-0.001684	-0.001063
513.353812	-0.003797	-0.001777	-0.001010
513.705701	-0.003898	-0.001955	-0.000972
514.057545	-0.003765	-0.001712	-0.001027
514.409342	-0.003956	-0.001938	-0.001009
514.761092	-0.003828	-0.001928	-0.000950
515.112796	-0.003886	-0.001997	-0.000944
515.464453	-0.003831	-0.001963	-0.000934
515.816064	-0.003775	-0.002147	-0.000814
516.167628	-0.003985	-0.002117	-0.000934
516.519145	-0.003905	-0.002260	-0.000823
516.870616	-0.004148	-0.002284	-0.000932
517.222041	-0.003972	-0.002231	-0.000870
517.573418	-0.004015	-0.002221	-0.000897
517.924750	-0.004061	-0.002458	-0.000802
518.276034	-0.004219	-0.002673	-0.000773
518.627272	-0.004349	-0.002488	-0.000930
518.978463	-0.004392	-0.002706	-0.000843
519.329608	-0.004217	-0.002829	-0.000694
519.680706	-0.004324	-0.002771	-0.000776
520.031757	-0.004303	-0.002740	-0.000781
520.382762	-0.004332	-0.002990	-0.000671
520.733719	-0.004407	-0.003103	-0.000652
521.084631	-0.004467	-0.002957	-0.000755
521.435495	-0.004627	-0.003202	-0.000712
521.786313	-0.004527	-0.003333	-0.000597
522.137084	-0.004720	-0.003409	-0.000655
522.487808	-0.004844	-0.003462	-0.000691
522.838486	-0.004822	-0.003455	-0.000683
523.189116	-0.004911	-0.003536	-0.000688
523.539700	-0.004899	-0.003824	-0.000537
523.890237	-0.004884	-0.003779	-0.000553
524.240728	-0.005058	-0.004125	-0.000466
524.591171	-0.005182	-0.003874	-0.000654
524.941568	-0.005617	-0.004448	-0.000584
525.291918	-0.005717	-0.004399	-0.000659
525.642221	-0.005709	-0.004430	-0.000640
525.992478	-0.005664	-0.004641	-0.000512
526.342687	-0.006017	-0.004723	-0.000647
526.692850	-0.006157	-0.004891	-0.000633
527.042965	-0.006213	-0.005104	-0.000555
527.393034	-0.006032	-0.005054	-0.000489
527.743056	-0.006377	-0.005011	-0.000683
528.093031	-0.006287	-0.005498	-0.000395
528.442959	-0.006462	-0.005218	-0.000622
528.792840	-0.006648	-0.005675	-0.000486
529.142674	-0.006570	-0.005537	-0.000517
529.492462	-0.006442	-0.005754	-0.000344
529.842202	-0.006695	-0.005640	-0.000527
530.191895	-0.006516	-0.006039	-0.000238
530.541542	-0.006622	-0.005994	-0.000314
530.891141	-0.006786	-0.005908	-0.000439
531.240694	-0.006886	-0.005971	-0.000457
531.590199	-0.006866	-0.005726	-0.000570
531.939657	-0.006583	-0.005851	-0.000366
532.289069	-0.006944	-0.005950	-0.000497
532.638433	-0.006928	-0.005771	-0.000579
532.987750	-0.006786	-0.005821	-0.000483
533.337021	-0.006857	-0.005625	-0.000616
533.686244	-0.006500	-0.005946	-0.000277
534.035420	-0.006776	-0.005782	-0.000497
534.384549	-0.006537	-0.005682	-0.000428
534.733631	-0.006237	-0.005354	-0.000442
535.082666	-0.006601	-0.005679	-0.000461
535.431653	-0.006622	-0.005554	-0.000534
535.780594	-0.006484	-0.005396	-0.000544
536.129487	-0.006316	-0.005416	-0.000450
536.478334	-0.006307	-0.005784	-0.000261
536.827133	-0.006401	-0.005398	-0.000501
537.175885	-0.006271	-0.005594	-0.000339
537.524590	-0.006455	-0.005620	-0.000418
537.873247	-0.006821	-0.005960	-0.000430
538.221858	-0.006874	-0.005863	-0.000506
538.570421	-0.006930	-0.006179	-0.000375
538.918937	-0.007455	-0.006483	-0.000486
539.267406	-0.007796	-0.006763	-0.000517
539.615827	-0.007727	-0.006859	-0.000434
539.964202	-0.007937	-0.007148	-0.000394
540.312529	-0.008516	-0.007318	-0.000599
540.660808	-0.008489	-0.008158	-0.000165
541.009041	-0.009070	-0.008266	-0.000402
541.357226	-0.009242	-0.008021	-0.000610
541.705364	-0.009575	-0.008644	-0.000466
542.053455	-0.009644	-0.008554	-0.000545
542.401498	-0.010227	-0.008659	-0.000784
542.749494	-0.009818	-0.009171	-0.000323
543.097443	-0.010175	-0.009023	-0.000576
543.445344	-0.010015	-0.009473	-0.000271
543.793198	-0.010120	-0.009227	-0.000446
544.141005	-0.010427	-0.009610	-0.000408
544.488764	-0.010631	-0.009609	-0.000511
544.836476	-0.010554	-0.009493	-0.000530
545.184140	-0.010759	-0.009463	-0.000648
545.531757	-0.010478	-0.009592	-0.000443
545.879327	-0.010872	-0.010096	-0.000388
546.226849	-0.010997	-0.009743	-0.000627
546.574324	-0.010989	-0.009638	-0.000675
546.921751	-0.010775	-0.009685	-0.000545
547.269131	-0.010765	-0.009974	-0.000395
547.616463	-0.011025	-0.009722	-0.000651
547.963748	-0.010883	-0.009788	-0.000548
548.310985	-0.010978	-0.009621	-0.000678
548.658175	-0.010994	-0.009515	-0.000740
549.005318	-0.010602	-0.009677	-0.000462
549.352413	-0.010526	-0.009380	-0.000573
549.699460	-0.010525	-0.009069	-0.000728
550.046460	-0.010096	-0.009136	-0.000480
550.393412	-0.010193	-0.008687	-0.000753
550.740317	-0.009902	-0.008390	-0.000756
551.087174	-0.009560	-0.008067	-0.000746
551.433984	-0.009663	-0.008247	-0.000708
551.780746	-0.009154	-0.008094	-0.000530
552.127460	-0.009357	-0.007694	-0.000831
552.474127	-0.009356	-0.007752	-0.000802
552.820746	-0.009437	-0.007979	-0.000729
553.167318	-0.010069	-0.008515	-0.000777
553.513842	-0.010445	-0.009215	-0.000615
553.860318	-0.010811	-0.009379	-0.000716
554.206747	-0.011626	-0.010164	-0.000731
554.553128	-0.012105	-0.010157	-0.000974
554.899461	-0.012503	-0.011081	-0.000711
555.245747	-0.012852	-0.011035	-0.000909
555.591985	-0.012962	-0.011570	-0.000696
555.938175	-0.013094	-0.011785	-0.000654
556.284317	-0.013075	-0.011526	-0.000774
556.630412	-0.013503	-0.012154	-0.000675
556.976459	-0.013706	-0.011738	-0.000984
557.322459	-0.013464	-0.011827	-0.000818
557.668410	-0.014183	-0.011584	-0.001300
558.014314	-0.014277	-0.011836	-0.001220
558.360170	-0.014021	-0.011878	-0.001071
558.705978	-0.014156	-0.011819	-0.001168
559.051739	-0.013927	-0.011915	-0.001006
559.397451	-0.014213	-0.012158	-0.001028
559.743116	-0.013890	-0.012200	-0.000845
560.088733	-0.014263	-0.012099	-0.001082
560.434302	-0.014327	-0.012403	-0.000962
560.779823	-0.014719	-0.012310	-0.001204
561.125297	-0.014288	-0.011880	-0.001204
561.470722	-0.014212	-0.012049	-0.001082
561.816100	-0.014508	-0.011857	-0.001326
562.161430	-0.014567	-0.011959	-0.001304
562.506712	-0.014410	-0.012212	-0.001099
562.851946	-0.014793	-0.012019	-0.001387
563.197132	-0.014295	-0.012735	-0.000780
563.542270	-0.014949	-0.012487	-0.001231
563.887360	-0.014865	-0.012426	-0.001219
564.232403	-0.015017	-0.012137	-0.001440
564.577397	-0.014740	-0.012226	-0.001257
564.922343	-0.015028	-0.012169	-0.001430
565.267242	-0.015269	-0.012446	-0.001412
565.612092	-0.015010	-0.012424	-0.001293
565.956895	-0.015325	-0.012176	-0.001574
566.301649	-0.015214	-0.012398	-0.001408
566.646355	-0.015111	-0.012644	-0.001233
566.991014	-0.015288	-0.012388	-0.001450
567.335624	-0.015722	-0.012225	-0.001748
567.680186	-0.015776	-0.012335	-0.001721
568.024700	-0.015023	-0.012358	-0.001332
568.369167	-0.015418	-0.012392	-0.001513
568.713585	-0.015889	-0.012622	-0.001633
569.057955	-0.015571	-0.012736	-0.001418
569.402277	-0.015576	-0.012402	-0.001587
569.746550	-0.016350	-0.012781	-0.001785
570.090776	-0.015871	-0.012259	-0.001806
570.434954	-0.015630	-0.012743	-0.001443
570.779083	-0.016018	-0.012288	-0.001865
571.123164	-0.016188	-0.012563	-0.001813
571.467197	-0.015986	-0.012447	-0.001770
571.811182	-0.016037	-0.012352	-0.001842
572.155119	-0.015755	-0.012079	-0.001838
572.499008	-0.015811	-0.012702	-0.001555
572.842848	-0.016715	-0.012415	-0.002150
573.186640	-0.016618	-0.012287	-0.002165
573.530384	-0.015983	-0.012266	-0.001859
573.874080	-0.016238	-0.012490	-0.001874
574.217727	-0.016695	-0.012646	-0.002025
574.561327	-0.016453	-0.012190	-0.002132
574.904878	-0.016303	-0.012691	-0.001806
575.248380	-0.015974	-0.012574	-0.001700
575.591835	-0.016728	-0.012573	-0.002077
575.935241	-0.016739	-0.012503	-0.002118
576.278599	-0.016816	-0.012461	-0.002177
576.621908	-0.016557	-0.013019	-0.001769
576.965170	-0.016647	-0.012603	-0.002022
577.308383	-0.016500	-0.012836	-0.001832
577.651547	-0.016544	-0.012814	-0.001865
577.994663	-0.017112	-0.012693	-0.002209
578.337731	-0.016977	-0.012711	-0.002133
578.680751	-0.017067	-0.012658	-0.002205
579.023722	-0.017357	-0.012542	-0.002408
579.366645	-0.017143	-0.012366	-0.002388
579.709519	-0.017168	-0.012602	-0.002283
580.052345	-0.017224	-0.012525	-0.002350
580.395123	-0.017368	-0.012924	-0.002222
580.737852	-0.017356	-0.012489	-0.002433
581.080532	-0.017337	-0.012912	-0.002212
581.423165	-0.017611	-0.013406	-0.002102
581.765748	-0.017196	-0.012933	-0.002132
582.108284	-0.017665	-0.012962	-0.002352
582.450770	-0.017827	-0.013119	-0.002354
582.793209	-0.017819	-0.012822	-0.002498
583.135599	-0.017727	-0.013015	-0.002356
583.477940	-0.017494	-0.013182	-0.002156
583.820233	-0.018179	-0.012806	-0.002687
584.162477	-0.018325	-0.013451	-0.002437
584.504673	-0.017960	-0.013342	-0.002309
584.846820	-0.018313	-0.013268	-0.002522
585.188919	-0.017853	-0.013583	-0.002135
585.530969	-0.018340	-0.013671	-0.002335
585.872970	-0.017768	-0.013525	-0.002121
586.214923	-0.018158	-0.013329	-0.002415
586.556827	-0.018522	-0.013813	-0.002354
586.898683	-0.018461	-0.013052	-0.002704
587.240490	-0.018425	-0.013074	-0.002676
587.582249	-0.018761	-0.013229	-0.002766
587.923958	-0.018677	-0.013323	-0.002677
588.265620	-0.018387	-0.013484	-0.002452
588.607232	-0.019078	-0.013603	-0.002737
588.948796	-0.019042	-0.013375	-0.002834
589.290311	-0.018815	-0.013250	-0.002782
589.631778	-0.018820	-0.013685	-0.002568
589.973196	-0.019101	-0.013712	-0.002695
590.314565	-0.019148	-0.013919	-0.002615
590.655885	-0.019364	-0.013365	-0.003000
590.997157	-0.019392	-0.014417	-0.002488
591.338379	-0.019173	-0.014058	-0.002557
591.679554	-0.019506	-0.013408	-0.003049
592.020679	-0.019475	-0.013384	-0.003045
592.361756	-0.019350	-0.013311	-0.003019
592.702784	-0.019334	-0.013849	-0.002742
593.043763	-0.019374	-0.014255	-0.002559
593.384693	-0.019233	-0.013664	-0.002784
593.725574	-0.019512	-0.013534	-0.002989
594.066407	-0.019262	-0.013620	-0.002821
594.407191	-0.019676	-0.013707	-0.002985
594.747926	-0.019928	-0.013743	-0.003093
595.088612	-0.019749	-0.013539	-0.003105
595.429249	-0.019604	-0.013576	-0.003014
595.769838	-0.020051	-0.013803	-0.003124
596.110377	-0.019606	-0.014066	-0.002770
596.450868	-0.020087	-0.013858	-0.003114
596.791309	-0.019650	-0.014057	-0.002796
597.131702	-0.019976	-0.014300	-0.002838
597.472046	-0.019913	-0.013584	-0.003165
597.812341	-0.020526	-0.013750	-0.003388
598.152587	-0.021114	-0.013936	-0.003589
598.492784	-0.020274	-0.013786	-0.003244
598.832933	-0.020287	-0.014168	-0.003059
599.173032	-0.020027	-0.013734	-0.003147
599.513082	-0.020594	-0.013820	-0.003387
599.853083	-0.020269	-0.013885	-0.003192
600.193035	-0.020193	-0.013974	-0.003110
600.532939	-0.020610	-0.013823	-0.003394
600.872793	-0.020593	-0.014148	-0.003223
601.212598	-0.020695	-0.013647	-0.003524
601.552354	-0.020553	-0.014148	-0.003202
601.892061	-0.020480	-0.014310	-0.003085
602.231719	-0.020747	-0.014071	-0.003338
602.571328	-0.020811	-0.014013	-0.003399
602.910888	-0.020778	-0.014381	-0.003199
603.250399	-0.021053	-0.014036	-0.003508
603.589860	-0.020441	-0.014053	-0.003194
603.929273	-0.020541	-0.013950	-0.003296
604.268636	-0.020873	-0.014232	-0.003321
604.607951	-0.021515	-0.013909	-0.003803
604.947216	-0.021430	-0.014110	-0.003660
605.286432	-0.021026	-0.013996	-0.003515
605.625599	-0.020644	-0.014325	-0.003160
605.964717	-0.021001	-0.013815	-0.003593
606.303785	-0.021125	-0.014361	-0.003382
606.642805	-0.021317	-0.013754	-0.003782
606.981775	-0.021387	-0.014563	-0.003412
607.320696	-0.020598	-0.014243	-0.003177
607.659567	-0.020478	-0.014026	-0.003226
607.998390	-0.021391	-0.014470	-0.003460
608.337163	-0.021652	-0.014334	-0.003659
608.675887	-0.021348	-0.014554	-0.003397
609.014562	-0.021475	-0.014341	-0.003567
609.353187	-0.021996	-0.014289	-0.003853
609.691764	-0.021732	-0.014439	-0.003647
610.030290	-0.021645	-0.014709	-0.003468
610.368768	-0.021562	-0.014571	-0.003495
610.707196	-0.022351	-0.015100	-0.003626
611.045575	-0.022251	-0.014698	-0.003776
611.383905	-0.022040	-0.014896	-0.003572
611.722185	-0.021562	-0.014969	-0.003296
612.060416	-0.022161	-0.014542	-0.003810
612.398598	-0.022350	-0.015019	-0.003665
612.736730	-0.022854	-0.015438	-0.003708
613.074813	-0.022267	-0.015331	-0.003468
613.412847	-0.022389	-0.015460	-0.003464
613.750831	-0.022936	-0.015265	-0.003836
614.088765	-0.022726	-0.015185	-0.003771
614.426651	-0.022548	-0.015797	-0.003376
614.764486	-0.022854	-0.015082	-0.003886
615.102273	-0.022248	-0.015203	-0.003522
615.440010	-0.022768	-0.015440	-0.003664
615.777697	-0.022613	-0.015091	-0.003761
616.115335	-0.022796	-0.015634	-0.003581
616.452924	-0.022985	-0.015538	-0.003723
616.790463	-0.022874	-0.014911	-0.003982
617.127952	-0.023231	-0.015121	-0.004055
617.465392	-0.022760	-0.015204	-0.003778
617.802783	-0.022885	-0.014951	-0.003967
618.140124	-0.022895	-0.015674	-0.003611
618.477415	-0.023325	-0.015629	-0.003848
618.814657	-0.023048	-0.015136	-0.003956
619.151850	-0.023025	-0.015423	-0.003801
619.488992	-0.022731	-0.015099	-0.003816
619.826086	-0.022909	-0.015308	-0.003800
620.163129	-0.023092	-0.015367	-0.003863
620.500123	-0.023136	-0.015004	-0.004066
620.837068	-0.023231	-0.015055	-0.004088
621.173962	-0.022578	-0.014994	-0.003792
621.510808	-0.022614	-0.015442	-0.003586
621.847603	-0.022569	-0.014989	-0.003790
622.184349	-0.022535	-0.014652	-0.003941
622.521045	-0.022887	-0.014971	-0.003958
622.857692	-0.022504	-0.014682	-0.003911
623.194289	-0.022196	-0.015001	-0.003597
623.530836	-0.021773	-0.014829	-0.003472
623.867333	-0.022282	-0.014233	-0.004025
624.203781	-0.022335	-0.014770	-0.003782
624.540179	-0.022493	-0.014721	-0.003886
624.876527	-0.022076	-0.014538	-0.003769
625.212826	-0.022026	-0.014378	-0.003824
625.549075	-0.021858	-0.014342	-0.003758
625.885274	-0.021907	-0.014270	-0.003819
626.221423	-0.022044	-0.014273	-0.003885
626.557523	-0.022270	-0.014378	-0.003946
626.893572	-0.021990	-0.014037	-0.003976
627.229572	-0.021970	-0.014040	-0.003965
627.565522	-0.021599	-0.014068	-0.003766
627.901423	-0.021652	-0.013995	-0.003829
628.237273	-0.021661	-0.013720	-0.003971
628.573074	-0.021690	-0.013318	-0.004186
628.908825	-0.021132	-0.013694	-0.003719
629.244526	-0.021470	-0.013718	-0.003876
629.580177	-0.021186	-0.013912	-0.003637
629.915778	-0.021824	-0.013697	-0.004064
630.251329	-0.021258	-0.013825	-0.003716
630.586830	-0.021333	-0.013700	-0.003816
630.922282	-0.021642	-0.013785	-0.003928
631.257683	-0.021112	-0.013833	-0.003639
631.593035	-0.021879	-0.013858	-0.004011
631.928337	-0.021873	-0.013497	-0.004188
632.263588	-0.021595	-0.013675	-0.003960
632.598790	-0.021682	-0.013627	-0.004027
632.933942	-0.021971	-0.013957	-0.004007
633.269044	-0.021438	-0.014448	-0.003495
633.604096	-0.021678	-0.013842	-0.003918
633.939098	-0.021923	-0.014287	-0.003818
634.274049	-0.021863	-0.014114	-0.003875
634.608951	-0.021747	-0.014346	-0.003701
634.943803	-0.021730	-0.014087	-0.003822
635.278605	-0.022275	-0.014592	-0.003842
635.613356	-0.021483	-0.014396	-0.003543
635.948058	-0.021844	-0.013846	-0.003999
636.282710	-0.021870	-0.014230	-0.003820
636.617311	-0.021824	-0.014700	-0.003562
636.951862	-0.022202	-0.014279	-0.003962
637.286364	-0.022449	-0.014023	-0.004213
637.620815	-0.021819	-0.014354	-0.003733
637.955216	-0.021966	-0.014148	-0.003909
638.289567	-0.021985	-0.014524	-0.003730
638.623868	-0.021944	-0.014501	-0.003722
638.958118	-0.022099	-0.014146	-0.003976
639.292319	-0.022637	-0.014472	-0.004082
639.626469	-0.022151	-0.015490	-0.003331
639.960569	-0.022348	-0.014927	-0.003711
640.294619	-0.022840	-0.014552	-0.004144
640.628619	-0.022309	-0.014942	-0.003683
640.962568	-0.022279	-0.014662	-0.003809
641.296468	-0.022834	-0.014506	-0.004164
641.630317	-0.022615	-0.015015	-0.003800
641.964116	-0.022550	-0.014527	-0.004011
642.297864	-0.022817	-0.014870	-0.003974
642.631563	-0.022348	-0.014569	-0.003889
642.965211	-0.022867	-0.014834	-0.004017
643.298808	-0.022440	-0.014969	-0.003735
643.632356	-0.022629	-0.014785	-0.003922
643.965853	-0.022748	-0.015363	-0.003693
644.299300	-0.022510	-0.015042	-0.003734
644.632697	-0.022564	-0.015068	-0.003748
644.966043	-0.022450	-0.014912	-0.003769
645.299339	-0.023131	-0.015267	-0.003932
645.632584	-0.022613	-0.015216	-0.003699
645.965779	-0.022735	-0.014562	-0.004087
646.298924	-0.022968	-0.015239	-0.003865
646.632019	-0.022691	-0.015331	-0.003680
646.965063	-0.022640	-0.015341	-0.003650
647.298056	-0.022721	-0.015417	-0.003652
647.630999	-0.023359	-0.015749	-0.003805
647.963892	-0.022868	-0.015786	-0.003541
648.296735	-0.022668	-0.015318	-0.003675
648.629527	-0.023063	-0.015823	-0.003620
648.962268	-0.022632	-0.015560	-0.003536
649.294959	-0.022799	-0.015484	-0.003657
649.627600	-0.022895	-0.015680	-0.003608
649.960190	-0.023165	-0.015574	-0.003795
650.292729	-0.023164	-0.015667	-0.003748
650.625218	-0.022611	-0.016017	-0.003297
650.957657	-0.022902	-0.015662	-0.003620
651.290045	-0.023147	-0.015314	-0.003916
651.622383	-0.022695	-0.015584	-0.003555
651.954669	-0.022746	-0.015933	-0.003407
652.286906	-0.023082	-0.016342	-0.003370
652.619092	-0.023158	-0.015254	-0.003952
652.951227	-0.022473	-0.015648	-0.003413
653.283312	-0.023541	-0.016386	-0.003578
653.615346	-0.023257	-0.016139	-0.003559
653.947329	-0.023195	-0.016132	-0.003531
654.279262	-0.023154	-0.016326	-0.003414
654.611145	-0.023463	-0.015727	-0.003868
654.942976	-0.023523	-0.015836	-0.003843
655.274757	-0.022726	-0.016469	-0.003128
655.606488	-0.022476	-0.016351	-0.003062
655.938167	-0.022929	-0.015729	-0.003600
656.269796	-0.023490	-0.015574	-0.003958
656.601375	-0.023214	-0.016682	-0.003266
656.932902	-0.023216	-0.016149	-0.003533
657.264379	-0.022691	-0.015830	-0.003430
657.595806	-0.022685	-0.015591	-0.003547
657.927181	-0.023404	-0.016190	-0.003607
658.258506	-0.023193	-0.016128	-0.003533
658.589780	-0.022651	-0.016202	-0.003225
658.921003	-0.022621	-0.016335	-0.003143
659.252176	-0.022968	-0.016160	-0.003404
659.583298	-0.022993	-0.016500	-0.003246
659.914369	-0.022451	-0.016158	-0.003147
660.245389	-0.022963	-0.016294	-0.003334
660.576358	-0.023179	-0.016413	-0.003383
660.907277	-0.023016	-0.016462	-0.003277
661.238145	-0.023144	-0.016913	-0.003116
661.568962	-0.023135	-0.016408	-0.003364
661.899728	-0.023075	-0.016620	-0.003228
662.230443	-0.023249	-0.016616	-0.003317
662.561107	-0.023383	-0.016205	-0.003589
662.891721	-0.023010	-0.016658	-0.003176
663.222283	-0.023320	-0.016397	-0.003462
663.552795	-0.022895	-0.016550	-0.003173
663.883256	-0.023043	-0.016528	-0.003258
664.213666	-0.022921	-0.016643	-0.003139
664.544025	-0.023078	-0.016553	-0.003263
664.874333	-0.023340	-0.017583	-0.002878
665.204590	-0.023538	-0.016825	-0.003356
665.534796	-0.022727	-0.016314	-0.003206
665.864952	-0.022689	-0.016992	-0.002849
666.195056	-0.023678	-0.016763	-0.003457
666.525109	-0.022562	-0.017335	-0.002614
666.855111	-0.022770	-0.016731	-0.003020
667.185063	-0.022893	-0.016602	-0.003145
667.514963	-0.023098	-0.016707	-0.003196
667.844812	-0.022979	-0.016808	-0.003085
668.174610	-0.022670	-0.016610	-0.003030
668.504357	-0.023120	-0.016697	-0.003212
668.834054	-0.022762	-0.016761	-0.003000
669.163699	-0.023226	-0.016598	-0.003314
669.493293	-0.022952	-0.016920	-0.003016
669.822836	-0.023026	-0.016699	-0.003163
670.152327	-0.023033	-0.016779	-0.003127
670.481768	-0.022709	-0.016915	-0.002897
670.811158	-0.022771	-0.017274	-0.002748
671.140496	-0.022924	-0.017283	-0.002821
671.469783	-0.022853	-0.017302	-0.002776
671.799020	-0.022914	-0.017145	-0.002884
672.128205	-0.022801	-0.016914	-0.002944
672.457339	-0.023224	-0.017819	-0.002702
672.786421	-0.023395	-0.017588	-0.002903
673.115453	-0.022777	-0.017539	-0.002619
673.444433	-0.023524	-0.017683	-0.002921
673.773362	-0.022911	-0.017300	-0.002806
674.102240	-0.022792	-0.017427	-0.002683
674.431067	-0.022783	-0.017781	-0.002501
674.759842	-0.023512	-0.017755	-0.002878
675.088567	-0.022714	-0.017576	-0.002569
675.417240	-0.022838	-0.017761	-0.002539
675.745861	-0.023305	-0.017437	-0.002934
676.074432	-0.022940	-0.017673	-0.002633
676.402951	-0.023417	-0.017777	-0.002820
676.731419	-0.022780	-0.017798	-0.002491
677.059835	-0.022929	-0.018066	-0.002432
677.388201	-0.023007	-0.018216	-0.002395
677.716515	-0.023467	-0.018314	-0.002576
678.044777	-0.023125	-0.018353	-0.002386
678.372988	-0.023339	-0.017952	-0.002694
678.701148	-0.023625	-0.018649	-0.002488
679.029257	-0.023052	-0.018406	-0.002323
679.357314	-0.023189	-0.018620	-0.002285
679.685320	-0.022614	-0.017988	-0.002313
680.013274	-0.022735	-0.018886	-0.001925
680.341177	-0.022970	-0.018644	-0.002163
680.669029	-0.022439	-0.017596	-0.002422
680.996829	-0.022981	-0.018037	-0.002472
681.324578	-0.023027	-0.018495	-0.002266
681.652275	-0.022682	-0.018576	-0.002053
681.979921	-0.022986	-0.018620	-0.002183
682.307515	-0.023345	-0.018359	-0.002493
682.635058	-0.023341	-0.018375	-0.002483
682.962550	-0.022446	-0.018192	-0.002127
683.289989	-0.023398	-0.018551	-0.002424
683.617378	-0.022723	-0.018152	-0.002286
683.944715	-0.023034	-0.018559	-0.002238
684.272000	-0.022993	-0.018809	-0.002092
684.599234	-0.022625	-0.019154	-0.001735
684.926416	-0.022596	-0.018092	-0.002252
685.253547	-0.022815	-0.018715	-0.002050
685.580626	-0.023010	-0.018704	-0.002153
685.907654	-0.022543	-0.018948	-0.001797
686.234630	-0.022955	-0.018243	-0.002356
686.561554	-0.023053	-0.018696	-0.002179
686.888427	-0.023281	-0.018431	-0.002425
687.215248	-0.023297	-0.018859	-0.002219
687.542018	-0.023357	-0.019145	-0.002106
687.868736	-0.022943	-0.019373	-0.001785
688.195402	-0.023132	-0.019101	-0.002016
688.522017	-0.022601	-0.019569	-0.001516
688.848580	-0.022705	-0.019147	-0.001779
689.175091	-0.023001	-0.019119	-0.001941
689.501551	-0.023225	-0.019639	-0.001793
689.827959	-0.023561	-0.019277	-0.002142
690.154315	-0.023213	-0.019048	-0.002083
690.480620	-0.022345	-0.018676	-0.001835
690.806873	-0.023048	-0.019292	-0.001878
691.133074	-0.023332	-0.019560	-0.001886
691.459223	-0.022986	-0.020134	-0.001426
691.785321	-0.023206	-0.020190	-0.001508
692.111367	-0.022816	-0.019665	-0.001576
692.437361	-0.022904	-0.019637	-0.001634
692.763303	-0.022556	-0.019967	-0.001294
693.089193	-0.023536	-0.019863	-0.001836
693.415032	-0.023723	-0.019981	-0.001871
693.740819	-0.023282	-0.020042	-0.001620
694.066554	-0.023787	-0.020196	-0.001796
694.392237	-0.022912	-0.019735	-0.001588
694.717869	-0.022922	-0.019778	-0.001572
695.043448	-0.023101	-0.019757	-0.001672
695.368976	-0.022766	-0.019921	-0.001422
695.694452	-0.022615	-0.020273	-0.001171
696.019876	-0.023117	-0.020428	-0.001345
696.345248	-0.022966	-0.020194	-0.001386
696.670568	-0.022744	-0.020298	-0.001223
696.995836	-0.022395	-0.020611	-0.000892
697.321052	-0.022518	-0.020731	-0.000894
697.646216	-0.023097	-0.020610	-0.001244
697.971329	-0.022897	-0.020524	-0.001187
698.296389	-0.022884	-0.020584	-0.001150
698.621398	-0.023216	-0.020502	-0.001357
698.946354	-0.022815	-0.020426	-0.001195
699.271259	-0.022823	-0.020877	-0.000973
699.596111	-0.022471	-0.020466	-0.001002
699.920912	-0.022415	-0.020992	-0.000711
700.245660	-0.022210	-0.020538	-0.000836
700.570357	-0.022761	-0.020477	-0.001142
700.895001	-0.022831	-0.020037	-0.001397
701.219594	-0.022438	-0.020085	-0.001176
701.544134	-0.022742	-0.020902	-0.000920
701.868622	-0.022544	-0.020806	-0.000869
702.193059	-0.023017	-0.020509	-0.001254
702.517443	-0.023134	-0.020397	-0.001369
702.841775	-0.022645	-0.021155	-0.000745
703.166055	-0.023113	-0.020270	-0.001421
703.490283	-0.022693	-0.020887	-0.000903
703.814458	-0.022767	-0.021685	-0.000541
704.138582	-0.022683	-0.021278	-0.000703
704.462653	-0.022542	-0.020759	-0.000891
704.786673	-0.022292	-0.020834	-0.000729
705.110640	-0.022920	-0.020927	-0.000996
705.434555	-0.023061	-0.020906	-0.001078
705.758417	-0.023151	-0.021160	-0.000995
706.082228	-0.022704	-0.020873	-0.000916
706.405986	-0.022760	-0.022195	-0.000282
706.729692	-0.022561	-0.020657	-0.000952
707.053346	-0.022282	-0.021156	-0.000563
707.376948	-0.022189	-0.021288	-0.000450
707.700497	-0.023137	-0.020463	-0.001337
708.023995	-0.022117	-0.020769	-0.000674
708.347439	-0.022318	-0.021438	-0.000440
708.670832	-0.022343	-0.021698	-0.000322
708.994173	-0.022490	-0.021390	-0.000550
709.317461	-0.022815	-0.021548	-0.000633
709.640696	-0.021878	-0.020850	-0.000514
709.963880	-0.021924	-0.021342	-0.000291
710.287011	-0.021341	-0.021089	-0.000126
710.610090	-0.022553	-0.021632	-0.000460
710.933116	-0.022298	-0.021508	-0.000395
711.256090	-0.021942	-0.021753	-0.000094
711.579012	-0.022446	-0.021532	-0.000457
711.901881	-0.021725	-0.021500	-0.000113
712.224698	-0.022141	-0.021833	-0.000154
712.547463	-0.021908	-0.021980	0.000036
712.870175	-0.021948	-0.021427	-0.000261
713.192835	-0.022152	-0.021674	-0.000239
713.515442	-0.022224	-0.021430	-0.000397
713.837997	-0.021533	-0.021926	0.000196
714.160499	-0.021721	-0.022168	0.000224
714.482949	-0.022559	-0.021688	-0.000435
714.805347	-0.022313	-0.022060	-0.000127
715.127692	-0.022498	-0.022128	-0.000185
715.449985	-0.021706	-0.021713	0.000004
715.772225	-0.022266	-0.021418	-0.000424
716.094412	-0.022059	-0.021993	-0.000033
716.416547	-0.021702	-0.022052	0.000175
716.738630	-0.021977	-0.021978	0.000001
717.060660	-0.022413	-0.022213	-0.000100
717.382637	-0.021861	-0.022629	0.000384
717.704562	-0.022334	-0.021897	-0.000218
718.026435	-0.021849	-0.022684	0.000417
718.348254	-0.021902	-0.021847	-0.000027
718.670022	-0.021884	-0.022340	0.000228
718.991736	-0.022499	-0.022276	-0.000111
719.313398	-0.022577	-0.022306	-0.000135
719.635008	-0.022199	-0.022769	0.000285
719.956564	-0.022130	-0.022986	0.000428
720.278068	-0.022521	-0.023074	0.000276
720.599520	-0.022820	-0.023085	0.000133
720.920919	-0.023024	-0.023407	0.000192
721.242265	-0.023001	-0.023369	0.000184
721.563558	-0.022774	-0.022732	-0.000021
721.884799	-0.023254	-0.022688	-0.000283
722.205987	-0.023289	-0.022749	-0.000270
722.527123	-0.023470	-0.023270	-0.000100
722.848205	-0.022950	-0.023164	0.000107
723.169235	-0.023108	-0.023749	0.000321
723.490212	-0.023451	-0.024476	0.000512
723.811137	-0.023482	-0.023823	0.000171
724.132009	-0.022681	-0.024059	0.000689
724.452828	-0.023294	-0.024616	0.000661
724.773594	-0.022572	-0.023462	0.000445
725.094307	-0.023268	-0.023966	0.000349
725.414968	-0.023073	-0.024068	0.000497
725.735576	-0.022798	-0.023762	0.000482
726.056131	-0.022624	-0.023622	0.000499
726.376633	-0.023441	-0.024311	0.000435
726.697082	-0.022461	-0.024073	0.000806
727.017478	-0.022608	-0.023570	0.000481
727.337822	-0.022643	-0.023314	0.000335
727.658113	-0.022741	-0.023908	0.000584
727.978351	-0.022565	-0.023110	0.000272
728.298536	-0.022633	-0.024106	0.000737
728.618668	-0.022144	-0.023551	0.000703
728.938747	-0.022482	-0.023786	0.000652
729.258773	-0.022140	-0.024111	0.000986
729.578747	-0.023059	-0.024577	0.000759
729.898667	-0.022917	-0.023850	0.000467
730.218534	-0.022621	-0.024128	0.000754
730.538349	-0.022068	-0.024607	0.001269
730.858111	-0.022312	-0.024540	0.001114
731.177819	-0.022374	-0.023819	0.000723
731.497475	-0.023040	-0.023760	0.000360
731.817077	-0.023039	-0.024515	0.000738
732.136627	-0.022706	-0.024105	0.000700
732.456123	-0.022818	-0.024304	0.000743
732.775567	-0.022037	-0.024204	0.001083
733.094958	-0.022281	-0.024006	0.000862
733.414295	-0.022514	-0.024385	0.000935
733.733579	-0.022433	-0.023970	0.000768
734.052811	-0.021488	-0.024032	0.001272
734.371989	-0.021731	-0.023916	0.001093
734.691114	-0.022741	-0.023645	0.000452
735.010186	-0.022813	-0.024545	0.000866
735.329205	-0.022992	-0.024816	0.000912
735.648171	-0.022095	-0.024518	0.001212
735.967084	-0.022034	-0.024767	0.001367
736.285944	-0.022422	-0.024461	0.001019
736.604750	-0.021810	-0.024766	0.001478
736.923503	-0.022426	-0.024617	0.001096
737.242203	-0.022566	-0.024463	0.000948
737.560850	-0.022869	-0.024421	0.000776
737.879444	-0.022550	-0.024498	0.000974
738.197985	-0.022689	-0.024638	0.000975
738.516472	-0.022878	-0.024787	0.000955
738.834906	-0.022227	-0.026008	0.001890
739.153287	-0.022090	-0.025287	0.001598
739.471615	-0.022206	-0.024923	0.001359
739.789889	-0.022508	-0.024094	0.000793
740.108111	-0.022517	-0.025311	0.001397
740.426279	-0.022400	-0.024619	0.001110
740.744393	-0.022272	-0.024979	0.001353
741.062455	-0.022640	-0.025142	0.001251
741.380463	-0.022762	-0.024710	0.000974
741.698417	-0.022644	-0.025295	0.001326
742.016319	-0.022841	-0.025900	0.001530
742.334167	-0.022807	-0.025725	0.001459
742.651962	-0.022764	-0.025513	0.001375
742.969703	-0.022770	-0.025047	0.001139
743.287391	-0.023080	-0.025537	0.001228
743.605026	-0.023369	-0.025888	0.001260
743.922607	-0.023462	-0.025647	0.001092
744.240135	-0.023339	-0.025593	0.001127
744.557610	-0.023116	-0.025217	0.001051
744.875031	-0.023016	-0.025481	0.001233
745.192399	-0.022922	-0.025257	0.001167
745.509713	-0.022558	-0.025821	0.001631
745.826974	-0.022431	-0.025625	0.001597
746.144182	-0.022422	-0.025739	0.001658
746.461336	-0.021884	-0.025415	0.001766
746.778436	-0.022066	-0.025125	0.001529
747.095483	-0.022418	-0.024599	0.001090
747.412477	-0.022255	-0.024335	0.001040
747.729417	-0.021740	-0.024604	0.001432
748.046303	-0.022245	-0.024435	0.001095
748.363136	-0.021311	-0.024463	0.001576
748.679916	-0.020623	-0.023640	0.001509
748.996642	-0.020551	-0.023197	0.001323
749.313314	-0.020247	-0.024014	0.001884
749.629933	-0.020580	-0.023620	0.001520
749.946498	-0.020275	-0.023264	0.001494
750.263010	-0.020256	-0.023510	0.001627
750.579468	-0.019087	-0.023382	0.002148
750.895873	-0.019408	-0.023522	0.002057
751.212224	-0.019397	-0.023057	0.001830
751.528521	-0.019181	-0.022966	0.001892
751.844765	-0.018975	-0.023071	0.002048
752.160955	-0.018683	-0.023185	0.002251
752.477091	-0.018971	-0.022859	0.001944
752.793174	-0.018474	-0.021994	0.001760
753.109203	-0.017953	-0.022468	0.002257
753.425178	-0.018244	-0.021364	0.001560
753.741100	-0.018364	-0.021810	0.001723
754.056968	-0.018230	-0.021333	0.001551
754.372783	-0.017364	-0.021576	0.002106
754.688543	-0.017462	-0.021017	0.001778
755.004250	-0.017359	-0.020767	0.001704
755.319903	-0.016704	-0.020769	0.002032
755.635503	-0.017117	-0.021261	0.002072
755.951048	-0.016863	-0.020436	0.001787
756.266540	-0.016242	-0.020796	0.002277
756.581978	-0.017369	-0.021032	0.001832
756.897363	-0.017157	-0.020787	0.001815
757.212693	-0.017986	-0.021026	0.001520
757.527970	-0.016893	-0.020541	0.001824
757.843193	-0.016823	-0.021245	0.002211
758.158362	-0.017150	-0.021048	0.001949
758.473477	-0.017251	-0.021194	0.001972
758.788538	-0.017443	-0.021630	0.002093
759.103546	-0.017349	-0.021717	0.002184
759.418499	-0.017619	-0.021210	0.001796
759.733399	-0.018153	-0.021859	0.001853
760.048245	-0.017607	-0.021893	0.002143
760.363037	-0.018388	-0.022087	0.001849
760.677775	-0.017892	-0.022241	0.002175
760.992459	-0.018251	-0.022065	0.001907
761.307090	-0.017706	-0.021931	0.002113
761.621666	-0.018097	-0.022222	0.002062
761.936188	-0.017724	-0.022447	0.002361
762.250657	-0.018558	-0.022866	0.002154
762.565071	-0.018796	-0.023170	0.002187
762.879432	-0.019133	-0.022349	0.001608
763.193738	-0.019609	-0.022756	0.001573
763.507991	-0.019667	-0.023508	0.001920
763.822189	-0.019074	-0.023340	0.002133
764.136333	-0.019484	-0.023476	0.001996
764.450424	-0.019633	-0.024463	0.002415
764.764460	-0.019958	-0.023834	0.001938
765.078443	-0.020157	-0.024464	0.002154
765.392371	-0.020587	-0.024828	0.002120
765.706245	-0.020678	-0.025575	0.002449
766.020065	-0.020658	-0.025819	0.002581
766.333831	-0.020536	-0.025833	0.002648
766.647543	-0.021062	-0.025472	0.002205
766.961201	-0.020451	-0.026217	0.002883
767.274805	-0.021667	-0.026320	0.002327
767.588354	-0.021879	-0.026586	0.002353
767.901850	-0.022513	-0.026996	0.002241
768.215291	-0.021951	-0.026377	0.002213
768.528678	-0.022358	-0.027147	0.002394
768.842011	-0.022556	-0.027090	0.002267
769.155290	-0.022635	-0.027035	0.002200
769.468515	-0.023641	-0.027226	0.001792
769.781685	-0.023059	-0.027724	0.002333
770.094801	-0.022952	-0.027855	0.002452
770.407864	-0.022980	-0.028193	0.002606
770.720871	-0.023171	-0.028804	0.002816
771.033825	-0.023206	-0.028390	0.002592
771.346724	-0.024899	-0.029150	0.002125
771.659569	-0.024305	-0.029216	0.002456
771.972360	-0.024340	-0.029355	0.002508
772.285096	-0.024645	-0.029285	0.002320
772.597779	-0.025273	-0.030325	0.002526
772.910407	-0.025077	-0.030447	0.002685
773.222980	-0.025829	-0.030873	0.002522
773.535499	-0.025295	-0.029893	0.002299
773.847964	-0.025238	-0.030572	0.002667
774.160375	-0.025955	-0.030858	0.002451
774.472731	-0.026147	-0.031081	0.002467
774.785033	-0.027187	-0.030843	0.001828
775.097281	-0.027066	-0.031878	0.002406
775.409474	-0.026849	-0.031450	0.002300
775.721613	-0.026292	-0.032250	0.002979
776.033697	-0.028180	-0.032178	0.001999
776.345727	-0.027872	-0.031928	0.002028
776.657702	-0.028070	-0.032693	0.002311
776.969624	-0.026782	-0.032897	0.003058
777.281490	-0.027685	-0.032787	0.002551
777.593303	-0.027644	-0.033458	0.002907
777.905060	-0.028099	-0.033103	0.002502
778.216764	-0.028724	-0.033298	0.002287
778.528412	-0.028090	-0.034228	0.003069
778.840007	-0.028432	-0.033589	0.002578
779.151547	-0.028755	-0.034102	0.002674
779.463032	-0.029537	-0.033740	0.002101
779.774463	-0.028959	-0.034857	0.002949
780.085839	-0.028906	-0.033714	0.002404
780.397161	-0.030833	-0.035322	0.002244
780.708428	-0.030268	-0.034959	0.002346
781.019641	-0.030994	-0.034981	0.001993
781.330799	-0.031472	-0.035886	0.002207
781.641902	-0.029912	-0.035141	0.002614
781.952951	-0.030180	-0.035659	0.002739
782.263946	-0.030349	-0.036072	0.002862
782.574885	-0.031506	-0.037048	0.002771
782.885770	-0.031180	-0.036544	0.002682
783.196601	-0.031806	-0.036118	0.002156
783.507377	-0.031743	-0.037203	0.002730
783.818098	-0.032039	-0.037267	0.002614
784.128764	-0.032559	-0.036899	0.002170
784.439376	-0.032882	-0.038707	0.002912
784.749933	-0.032703	-0.038600	0.002948
785.060436	-0.032570	-0.037751	0.002591
785.370884	-0.033410	-0.038411	0.002501
785.681277	-0.032709	-0.038928	0.003109
785.991615	-0.033072	-0.038908	0.002918
786.301899	-0.033562	-0.039006	0.002722
786.612128	-0.034645	-0.038545	0.001950
786.922302	-0.032681	-0.039615	0.003467
787.232421	-0.033873	-0.039369	0.002748
787.542486	-0.034028	-0.041255	0.003613
787.852496	-0.033597	-0.039941	0.003172
788.162451	-0.034943	-0.038928	0.001992
788.472351	-0.035065	-0.041238	0.003086
788.782196	-0.035606	-0.039664	0.002029
789.091987	-0.034608	-0.040033	0.002713
789.401723	-0.035376	-0.040448	0.002536
789.711404	-0.034604	-0.039743	0.002570
790.021030	-0.035553	-0.042481	0.003464
790.330601	-0.035542	-0.042134	0.003296
790.640117	-0.034911	-0.042184	0.003637
790.949579	-0.035821	-0.042843	0.003511
791.258985	-0.037310	-0.042251	0.002470
791.568337	-0.036803	-0.042532	0.002865
791.877634	-0.037577	-0.042799	0.002611
792.186876	-0.036919	-0.042095	0.002588
792.496063	-0.036806	-0.043813	0.003504
792.805195	-0.037989	-0.043201	0.002606
793.114272	-0.037352	-0.043580	0.003114
793.423294	-0.037409	-0.043404	0.002998
793.732261	-0.038462	-0.044179	0.002858
794.041173	-0.037266	-0.044068	0.003401
794.350030	-0.037743	-0.044234	0.003246
794.658833	-0.040188	-0.044708	0.002260
794.967580	-0.039170	-0.043437	0.002133
795.276272	-0.038761	-0.044865	0.003052
795.584909	-0.039431	-0.045833	0.003201
795.893491	-0.039416	-0.045673	0.003129
796.202018	-0.039938	-0.044855	0.002458
796.510490	-0.039679	-0.045632	0.002976
796.818907	-0.041429	-0.045676	0.002124
797.127269	-0.039130	-0.045611	0.003240
797.435576	-0.039753	-0.047128	0.003688
797.743827	-0.040583	-0.046690	0.003053
798.052024	-0.040114	-0.046597	0.003241
798.360165	-0.039334	-0.047806	0.004236
798.668251	-0.041856	-0.048679	0.003412
798.976283	-0.041330	-0.046754	0.002712
799.284259	-0.041621	-0.047179	0.002779
799.592179	-0.041737	-0.048660	0.003461
799.900045	-0.043814	-0.047395	0.001791
800.207855	-0.042023	-0.047617	0.002797
800.515611	-0.043263	-0.048427	0.002582
800.823311	-0.043036	-0.048478	0.002721
801.130956	-0.043833	-0.049283	0.002725
801.438545	-0.043329	-0.049398	0.003035
801.746080	-0.045426	-0.048968	0.001771
802.053559	-0.044193	-0.049595	0.002701
802.360983	-0.044840	-0.051795	0.003477
802.668352	-0.043320	-0.050547	0.003614
802.975665	-0.044495	-0.051084	0.003295
803.282923	-0.044140	-0.051679	0.003769
803.590126	-0.045398	-0.051505	0.003053
803.897274	-0.045189	-0.050171	0.002491
804.204366	-0.045129	-0.052255	0.003563
804.511403	-0.046272	-0.051679	0.002703
804.818384	-0.046021	-0.052772	0.003376
805.125311	-0.046088	-0.051964	0.002938
805.432181	-0.046168	-0.051721	0.002776
805.738997	-0.046488	-0.052599	0.003055
806.045757	-0.047037	-0.053407	0.003185
806.352462	-0.048550	-0.052627	0.002039
806.659111	-0.046736	-0.053750	0.003507
806.965705	-0.046443	-0.052413	0.002985
807.272244	-0.048504	-0.052441	0.001968
807.578727	-0.046951	-0.054582	0.003816
807.885155	-0.047632	-0.053944	0.003156
808.191527	-0.048368	-0.054523	0.003078
808.497844	-0.046944	-0.054176	0.003616
808.804105	-0.048994	-0.054437	0.002721
809.110311	-0.048258	-0.055659	0.003701
809.416462	-0.049285	-0.054822	0.002768
809.722557	-0.048346	-0.054713	0.003184
810.028596	-0.049165	-0.056687	0.003761
810.334580	-0.049342	-0.055321	0.002990
810.640508	-0.049402	-0.056934	0.003766
810.946381	-0.052343	-0.056902	0.002279
811.252199	-0.051539	-0.056766	0.002614
811.557961	-0.050492	-0.057607	0.003557
811.863667	-0.051786	-0.057990	0.003102
812.169317	-0.050239	-0.056138	0.002949
812.474913	-0.052186	-0.057560	0.002687
812.780452	-0.049701	-0.058630	0.004465
813.085936	-0.053102	-0.059791	0.003344
813.391364	-0.053036	-0.058809	0.002886
813.696737	-0.053808	-0.059494	0.002843
814.002054	-0.054778	-0.059543	0.002383
814.307315	-0.053216	-0.061109	0.003946
814.612521	-0.054369	-0.061694	0.003662
814.917671	-0.055980	-0.061703	0.002862
815.222766	-0.054922	-0.062522	0.003800
815.527804	-0.055843	-0.061673	0.002915
815.832787	-0.056398	-0.061703	0.002652
816.137715	-0.054905	-0.062278	0.003687
816.442586	-0.054410	-0.061382	0.003486
816.747402	-0.057361	-0.061789	0.002214
817.052162	-0.057050	-0.062730	0.002840
817.356867	-0.057243	-0.065197	0.003977
817.661516	-0.058168	-0.063906	0.002869
817.966109	-0.057739	-0.065831	0.004046
818.270646	-0.058913	-0.064022	0.002555
818.575127	-0.058910	-0.065835	0.003462
818.879553	-0.058545	-0.065240	0.003348
819.183922	-0.059648	-0.066337	0.003344
819.488236	-0.060126	-0.065311	0.002593
819.792495	-0.060213	-0.067193	0.003490
820.096697	-0.060760	-0.067679	0.003459
820.400843	-0.061517	-0.068974	0.003729
820.704934	-0.060086	-0.068071	0.003993
821.008969	-0.060951	-0.069127	0.004088
821.312948	-0.062732	-0.070644	0.003956
821.616871	-0.061365	-0.068723	0.003679
821.920738	-0.063980	-0.068997	0.002509
822.224549	-0.062926	-0.070192	0.003633
822.528305	-0.063797	-0.069052	0.002628
822.832004	-0.063597	-0.070191	0.003297
823.135647	-0.065333	-0.071518	0.003092
823.439235	-0.065442	-0.071565	0.003061
823.742767	-0.063917	-0.071888	0.003986
824.046242	-0.065578	-0.070551	0.002486
824.349662	-0.066038	-0.070936	0.002449
824.653026	-0.065333	-0.072212	0.003439
824.956333	-0.066538	-0.072203	0.002833
825.259585	-0.066538	-0.072549	0.003005
825.562781	-0.065556	-0.074089	0.004267
825.865920	-0.065919	-0.073067	0.003574
826.169004	-0.065460	-0.073561	0.004051
826.472031	-0.067223	-0.073953	0.003365
826.775003	-0.066744	-0.074260	0.003758
827.077918	-0.067906	-0.074355	0.003224
827.380778	-0.068178	-0.076098	0.003960
827.683581	-0.070572	-0.077084	0.003256
827.986328	-0.069090	-0.075330	0.003120
828.289019	-0.067986	-0.076921	0.004467
828.591654	-0.070579	-0.078864	0.004143
828.894233	-0.070078	-0.074331	0.002126
829.196756	-0.071203	-0.076709	0.002753
829.499223	-0.072201	-0.078189	0.002994
829.801633	-0.072071	-0.079578	0.003754
830.103988	-0.073872	-0.079304	0.002716
830.406286	-0.073703	-0.078972	0.002635
830.708528	-0.073643	-0.080639	0.003498
831.010713	-0.074644	-0.081216	0.003286
831.312843	-0.075428	-0.081409	0.002990
831.614916	-0.075150	-0.082023	0.003436
831.916933	-0.076224	-0.082492	0.003134
832.218894	-0.074908	-0.081369	0.003230
832.520799	-0.077294	-0.084132	0.003419
832.822647	-0.076951	-0.084341	0.003695
833.124440	-0.078695	-0.085355	0.003330
833.426175	-0.078054	-0.084740	0.003343
833.727855	-0.079817	-0.086658	0.003420
834.029478	-0.077070	-0.084547	0.003738
834.331045	-0.078282	-0.084799	0.003259
834.632556	-0.077969	-0.086653	0.004342
834.934010	-0.079911	-0.087545	0.003817
835.235408	-0.079855	-0.086237	0.003191
835.536750	-0.082353	-0.087799	0.002723
835.838035	-0.079524	-0.086123	0.003299
836.139264	-0.080234	-0.087934	0.003850
836.440437	-0.083551	-0.086886	0.001667
836.741553	-0.081345	-0.088956	0.003806
837.042613	-0.080659	-0.090399	0.004870
837.343616	-0.082276	-0.089350	0.003537
837.644563	-0.081978	-0.092619	0.005320
837.945454	-0.084385	-0.091869	0.003742
838.246288	-0.084331	-0.089759	0.002714
838.547066	-0.083718	-0.090189	0.003235
838.847787	-0.086302	-0.091415	0.002557
839.148452	-0.086878	-0.092688	0.002905
839.449060	-0.085993	-0.094322	0.004164
839.749612	-0.086623	-0.093192	0.003285
840.050108	-0.088920	-0.095429	0.003254
840.350547	-0.088845	-0.096530	0.003842
840.650929	-0.086603	-0.097784	0.005591
840.951255	-0.090846	-0.097309	0.003232
841.251524	-0.090212	-0.096805	0.003296
841.551737	-0.091986	-0.095799	0.001906
841.851893	-0.093135	-0.098879	0.002872
842.151993	-0.088123	-0.097582	0.004730
842.452036	-0.091921	-0.097461	0.002770
842.752022	-0.090515	-0.098772	0.004128
843.051952	-0.090620	-0.099518	0.004449
843.351825	-0.093715	-0.100972	0.003628
843.651642	-0.092408	-0.101251	0.004421
843.951402	-0.097510	-0.099837	0.001164
844.251106	-0.096463	-0.103382	0.003460
844.550752	-0.094125	-0.106223	0.006049
844.850343	-0.097611	-0.103355	0.002872
845.149876	-0.098934	-0.102825	0.001946
845.449353	-0.101125	-0.106276	0.002576
845.748773	-0.100662	-0.102129	0.000733
846.048136	-0.097730	-0.108384	0.005327
846.347443	-0.099855	-0.108140	0.004143
846.646693	-0.099473	-0.110600	0.005564
846.945886	-0.100113	-0.108627	0.004257
847.245023	-0.101967	-0.107173	0.002603
847.544103	-0.101403	-0.109564	0.004081
847.843126	-0.102328	-0.109560	0.003616
848.142092	-0.103471	-0.110521	0.003525
848.441002	-0.101977	-0.109456	0.003739
848.739854	-0.106383	-0.113992	0.003805
849.038650	-0.106606	-0.111841	0.002618
849.337390	-0.107586	-0.117091	0.004753
849.636072	-0.108032	-0.113831	0.002900
849.934697	-0.109185	-0.111585	0.001200
850.233266	-0.105276	-0.114468	0.004596
850.531778	-0.105296	-0.116723	0.005714
850.830233	-0.107370	-0.118274	0.005452
851.128631	-0.107267	-0.117852	0.005293
851.426972	-0.110481	-0.118128	0.003823
851.725257	-0.108162	-0.118001	0.004919
852.023484	-0.113523	-0.117720	0.002099
852.321655	-0.115772	-0.120615	0.002422
852.619768	-0.115654	-0.121533	0.002939
852.917825	-0.114089	-0.115516	0.000713
853.215825	-0.115379	-0.123277	0.003949
853.513768	-0.115102	-0.122659	0.003778
853.811654	-0.114834	-0.122065	0.003615
854.109483	-0.118040	-0.124077	0.003018
854.407255	-0.119213	-0.126224	0.003505
854.704970	-0.118432	-0.126329	0.003949
855.002628	-0.117748	-0.129166	0.005709
855.300229	-0.124891	-0.125041	0.000075
855.597773	-0.122604	-0.125921	0.001659
855.895260	-0.120159	-0.131133	0.005487
856.192690	-0.121769	-0.129627	0.003929
856.490063	-0.124562	-0.131943	0.003691
856.787378	-0.124061	-0.133083	0.004511
857.084637	-0.123088	-0.131239	0.004076
857.381839	-0.125375	-0.134241	0.004433
857.678984	-0.129022	-0.132861	0.001920
857.976071	-0.125452	-0.134813	0.004680
858.273101	-0.129177	-0.135179	0.003001
858.570075	-0.130127	-0.135417	0.002645
858.866991	-0.131207	-0.136048	0.002421
859.163850	-0.131478	-0.135100	0.001811
859.460652	-0.131081	-0.139519	0.004219
859.757397	-0.131784	-0.141198	0.004707
860.054084	-0.131823	-0.136497	0.002337
860.350715	-0.133468	-0.135538	0.001035
860.647288	-0.134481	-0.141222	0.003370
860.943804	-0.134102	-0.139851	0.002874
861.240263	-0.132659	-0.142507	0.004924
861.536665	-0.136830	-0.139221	0.001195
861.833009	-0.133293	-0.144111	0.005409
862.129296	-0.138454	-0.146804	0.004175
862.425526	-0.141480	-0.147427	0.002973
862.721699	-0.143082	-0.145552	0.001235
863.017814	-0.140895	-0.145254	0.002180
863.313872	-0.139913	-0.147321	0.003704
863.609873	-0.143530	-0.153020	0.004745
863.905817	-0.142503	-0.146328	0.001913
864.201703	-0.147598	-0.151247	0.001824
864.497532	-0.150613	-0.150600	-0.000007
864.793304	-0.145755	-0.153380	0.003812
865.089018	-0.145806	-0.154806	0.004500
865.384675	-0.146640	-0.154334	0.003847
865.680274	-0.149723	-0.157267	0.003772
865.975817	-0.151146	-0.155793	0.002324
866.271302	-0.147056	-0.154688	0.003816
866.566729	-0.148381	-0.159060	0.005340
866.862099	-0.145741	-0.155898	0.005079
867.157412	-0.151009	-0.158121	0.003556
867.452667	-0.152467	-0.160616	0.004075
867.747865	-0.151451	-0.163391	0.005970
868.043005	-0.154557	-0.161638	0.003540
868.338088	-0.157824	-0.164040	0.003108
868.633114	-0.153819	-0.160769	0.003475
868.928082	-0.159648	-0.165033	0.002693
869.222993	-0.159744	-0.168220	0.004238
869.517846	-0.161114	-0.169930	0.004408
869.812641	-0.158861	-0.172878	0.007008
870.107379	-0.158053	-0.169071	0.005509
870.402060	-0.171416	-0.175791	0.002187
870.696683	-0.171846	-0.171141	-0.000353
870.991248	-0.169351	-0.170906	0.000777
871.285756	-0.168223	-0.174802	0.003290
871.580207	-0.176583	-0.178883	0.001150
871.874600	-0.168648	-0.184431	0.007892
872.168935	-0.173110	-0.177488	0.002189
872.463213	-0.175781	-0.181816	0.003017
872.757433	-0.173805	-0.176081	0.001138
873.051595	-0.177461	-0.183640	0.003090
873.345700	-0.180013	-0.186430	0.003208
873.639748	-0.179507	-0.184031	0.002262
873.933737	-0.179747	-0.182465	0.001359
874.227669	-0.181104	-0.193114	0.006005
874.521544	-0.190773	-0.192809	0.001018
874.815360	-0.182359	-0.190344	0.003993
875.109119	-0.178298	-0.188494	0.005098
875.402821	-0.182731	-0.191517	0.004393
875.696464	-0.189900	-0.187535	-0.001182
875.990050	-0.190122	-0.193747	0.001812
876.283578	-0.192942	-0.197458	0.002258
876.577049	-0.190843	-0.197725	0.003441
876.870462	-0.190294	-0.196390	0.003048
877.163817	-0.196355	-0.198445	0.001045
877.457114	-0.195356	-0.200801	0.002722
877.750353	-0.195837	-0.207056	0.005609
878.043535	-0.206296	-0.209630	0.001667
878.336659	-0.205330	-0.213983	0.004327
878.629725	-0.201937	-0.210762	0.004413
878.922733	-0.211369	-0.207475	-0.001947
879.215684	-0.195844	-0.212513	0.008335
879.508577	-0.198955	-0.208466	0.004755
879.801411	-0.206230	-0.217930	0.005850
880.094189	-0.214643	-0.217783	0.001570
880.386908	-0.215222	-0.222851	0.003815
880.679569	-0.207255	-0.215845	0.004295
880.972172	-0.205110	-0.218138	0.006514
881.264718	-0.216767	-0.219785	0.001509
881.557206	-0.217058	-0.213152	-0.001953
881.849635	-0.218929	-0.211219	-0.003855
882.142007	-0.211381	-0.220303	0.004461
882.434321	-0.213271	-0.231510	0.009119
882.726577	-0.220681	-0.226644	0.002982
883.018775	-0.212413	-0.220262	0.003924
883.310915	-0.222746	-0.224042	0.000648
883.602997	-0.222737	-0.225165	0.001214
883.895021	-0.221666	-0.224367	0.001351
884.186987	-0.218470	-0.230692	0.006111
884.478896	-0.219714	-0.232343	0.006314
884.770746	-0.222970	-0.232832	0.004931
885.062538	-0.222413	-0.237738	0.007663
885.354272	-0.229600	-0.235892	0.003146
885.645948	-0.231267	-0.236850	0.002792
885.937566	-0.234930	-0.234690	-0.000120
886.229126	-0.231133	-0.235230	0.002049
886.520628	-0.234836	-0.240609	0.002887
886.812072	-0.234118	-0.240872	0.003377
887.103458	-0.241585	-0.235037	-0.003274
887.394785	-0.228717	-0.236442	0.003863
887.686055	-0.237836	-0.237441	-0.000198
887.977266	-0.237926	-0.248667	0.005370
888.268420	-0.240701	-0.248253	0.003776
888.559515	-0.234529	-0.246940	0.006205
888.850552	-0.230896	-0.251252	0.010178
889.141531	-0.231140	-0.244714	0.006787
889.432451	-0.246048	-0.235247	-0.005401
889.723314	-0.248834	-0.243340	-0.002747
890.014118	-0.249222	-0.242068	-0.003577
890.304864	-0.244923	-0.241688	-0.001617
890.595552	-0.248502	-0.253491	0.002494
890.886182	-0.251600	-0.254079	0.001239
891.176754	-0.252841	-0.253359	0.000259
891.467267	-0.252017	-0.254456	0.001219
891.757722	-0.254324	-0.261120	0.003398
