189.527725	-0.000003	-0.000003	0.000000
189.916390	0.000035	0.000035	0.000000
190.305018	-0.001236	-0.001235	-0.000001
190.693607	-0.001236	-0.001225	-0.000005
191.082159	-0.001195	-0.001247	0.000026
191.470673	-0.001232	-0.001232	-0.000000
191.859149	-0.001262	-0.001250	-0.000006
192.247587	-0.001225	-0.001223	-0.000001
192.635988	-0.001214	-0.001239	0.000012
193.024351	-0.001245	-0.001226	-0.000009
193.412676	-0.001259	-0.001251	-0.000004
193.800963	-0.001256	-0.001283	0.000014
194.189212	-0.001258	-0.001238	-0.000010
194.577423	-0.001258	-0.001264	0.000003
194.965597	-0.001249	-0.001246	-0.000001
195.353732	-0.001262	-0.001266	0.000002
195.741830	-0.001245	-0.001233	-0.000006
196.129890	-0.001202	-0.001247	0.000022
196.517911	-0.001264	-0.001245	-0.000010
196.905895	-0.001238	-0.001244	0.000003
197.293841	-0.001236	-0.001240	0.000002
197.681749	-0.001243	-0.001245	0.000001
198.069619	-0.001246	-0.001214	-0.000016
198.457452	-0.001222	-0.001215	-0.000004
198.845246	-0.001246	-0.001246	-0.000000
199.233002	-0.001226	-0.001237	0.000005
199.620720	-0.001223	-0.001250	0.000013
200.008400	-0.001219	-0.001218	-0.000000
200.396042	-0.001222	-0.001221	-0.000000
200.783646	-0.001247	-0.001216	-0.000015
201.171212	-0.001228	-0.001227	-0.000001
201.558740	-0.001214	-0.001218	0.000002
201.946230	-0.001207	-0.001208	0.000000
202.333682	-0.001223	-0.001241	0.000009
202.721096	-0.001237	-0.001204	-0.000016
203.108472	-0.001236	-0.001226	-0.000005
203.495809	-0.001219	-0.001216	-0.000002
203.883109	-0.001227	-0.001229	0.000001
204.270370	-0.001208	-0.001213	0.000003
204.657593	-0.001207	-0.001234	0.000013
205.044779	-0.001228	-0.001222	-0.000003
205.431926	-0.001242	-0.001233	-0.000004
205.819034	-0.001202	-0.001234	0.000016
206.206105	-0.001199	-0.001198	-0.000001
206.593137	-0.001266	-0.001240	-0.000013
206.980132	-0.001208	-0.001215	0.000004
207.367088	-0.001206	-0.001216	0.000005
207.754006	-0.001206	-0.001202	-0.000002
208.140885	-0.001239	-0.001265	0.000013
208.527727	-0.001242	-0.001238	-0.000002
208.914530	-0.001221	-0.001222	0.000000
209.301295	-0.001227	-0.001221	-0.000003
209.688022	-0.001199	-0.001229	0.000015
210.074710	-0.001228	-0.001234	0.000003
210.461360	-0.001226	-0.001219	-0.000003
210.847972	-0.001207	-0.001201	-0.000003
211.234546	-0.001239	-0.001222	-0.000009
211.621081	-0.001230	-0.001198	-0.000016
212.007578	-0.001201	-0.001227	0.000013
212.394036	-0.001205	-0.001227	0.000011
212.780457	-0.001205	-0.001250	0.000022
213.166839	-0.001228	-0.001243	0.000007
213.553182	-0.001188	-0.001226	0.000019
213.939487	-0.001229	-0.001212	-0.000008
214.325754	-0.001220	-0.001219	-0.000001
214.711983	-0.001230	-0.001231	0.000001
215.098173	-0.001228	-0.001233	0.000002
215.484324	-0.001234	-0.001212	-0.000011
215.870437	-0.001235	-0.001223	-0.000006
216.256512	-0.001254	-0.001237	-0.000008
216.642548	-0.001239	-0.001233	-0.000003
217.028546	-0.001237	-0.001257	0.000010
217.414506	-0.001223	-0.001225	0.000001
217.800427	-0.001243	-0.001245	0.000001
218.186309	-0.001212	-0.001241	0.000014
218.572153	-0.001232	-0.001240	0.000004
218.957959	-0.001223	-0.001212	-0.000006
219.343726	-0.001251	-0.001224	-0.000014
219.729454	-0.001225	-0.001213	-0.000006
220.115144	-0.001223	-0.001226	0.000002
220.500795	-0.001228	-0.001219	-0.000004
220.886408	-0.001213	-0.001216	0.000002
221.271983	-0.001234	-0.001228	-0.000003
221.657518	-0.001245	-0.001241	-0.000002
222.043016	-0.001241	-0.001226	-0.000007
222.428474	-0.001252	-0.001235	-0.000009
222.813894	-0.001239	-0.001227	-0.000006
223.199275	-0.001223	-0.001236	0.000006
223.584618	-0.001259	-0.001224	-0.000017
223.969922	-0.001219	-0.001212	-0.000004
224.355188	-0.001234	-0.001239	0.000002
224.740414	-0.001223	-0.001247	0.000012
225.125603	-0.001212	-0.001228	0.000008
225.510752	-0.001233	-0.001234	0.000000
225.895863	-0.001236	-0.001211	-0.000012
226.280935	-0.001228	-0.001228	-0.000000
226.665968	-0.001206	-0.001226	0.000010
227.050963	-0.001215	-0.001265	0.000025
227.435919	-0.001232	-0.001208	-0.000012
227.820836	-0.001238	-0.001225	-0.000007
228.205715	-0.001244	-0.001210	-0.000017
228.590555	-0.001263	-0.001229	-0.000017
228.975356	-0.001238	-0.001210	-0.000014
229.360118	-0.001226	-0.001247	0.000011
229.744841	-0.001221	-0.001230	0.000004
230.129526	-0.001230	-0.001206	-0.000012
230.514172	-0.001235	-0.001233	-0.000001
230.898779	-0.001244	-0.001243	-0.000000
231.283347	-0.001236	-0.001249	0.000007
231.667877	-0.001224	-0.001223	-0.000000
232.052367	-0.001233	-0.001215	-0.000009
232.436819	-0.001240	-0.001243	0.000002
232.821232	-0.001242	-0.001238	-0.000002
233.205606	-0.001248	-0.001251	0.000001
233.589941	-0.001246	-0.001227	-0.000010
233.974237	-0.001238	-0.001252	0.000007
234.358495	-0.001236	-0.001252	0.000008
234.742713	-0.001227	-0.001236	0.000004
235.126893	-0.001246	-0.001256	0.000005
235.511033	-0.001217	-0.001254	0.000019
235.895135	-0.001226	-0.001228	0.000001
236.279198	-0.001211	-0.001257	0.000023
236.663221	-0.001236	-0.001228	-0.000004
237.047206	-0.001252	-0.001244	-0.000004
237.431152	-0.001231	-0.001224	-0.000004
237.815059	-0.001237	-0.001219	-0.000009
238.198926	-0.001213	-0.001244	0.000015
238.582755	-0.001232	-0.001234	0.000001
238.966545	-0.001246	-0.001249	0.000002
239.350296	-0.001255	-0.001235	-0.000010
239.734007	-0.001231	-0.001225	-0.000003
240.117680	-0.001230	-0.001232	0.000001
240.501314	-0.001236	-0.001248	0.000006
240.884908	-0.001245	-0.001235	-0.000005
241.268464	-0.001225	-0.001242	0.000008
241.651980	-0.001232	-0.001218	-0.000007
242.035457	-0.001241	-0.001246	0.000002
242.418895	-0.001224	-0.001263	0.000020
242.802294	-0.001221	-0.001236	0.000007
243.185654	-0.001249	-0.001247	-0.000001
243.568975	-0.001232	-0.001250	0.000009
243.952257	-0.001243	-0.001252	0.000005
244.335499	-0.001213	-0.001253	0.000020
244.718702	-0.001251	-0.001252	0.000000
245.101867	-0.001233	-0.001228	-0.000002
245.484991	-0.001253	-0.001223	-0.000015
245.868077	-0.001219	-0.001253	0.000017
246.251124	-0.001227	-0.001236	0.000005
246.634131	-0.001247	-0.001229	-0.000009
247.017099	-0.001249	-0.001239	-0.000005
247.400028	-0.001241	-0.001226	-0.000008
247.782917	-0.001249	-0.001266	0.000009
248.165768	-0.001246	-0.001224	-0.000011
248.548579	-0.001256	-0.001235	-0.000011
248.931350	-0.001246	-0.001249	0.000001
249.314083	-0.001224	-0.001224	-0.000000
249.696776	-0.001262	-0.001222	-0.000020
250.079430	-0.001241	-0.001226	-0.000008
250.462044	-0.001248	-0.001267	0.000010
250.844620	-0.001233	-0.001239	0.000003
251.227155	-0.001231	-0.001249	0.000009
251.609652	-0.001211	-0.001224	0.000006
251.992109	-0.001268	-0.001230	-0.000019
252.374527	-0.001242	-0.001276	0.000017
252.756905	-0.001250	-0.001251	0.000001
253.139244	-0.001264	-0.001243	-0.000011
253.521544	-0.001234	-0.001249	0.000007
253.903804	-0.001247	-0.001262	0.000007
254.286025	-0.001250	-0.001246	-0.000002
254.668206	-0.001271	-0.001258	-0.000006
255.050348	-0.001256	-0.001227	-0.000015
255.432451	-0.001249	-0.001264	0.000007
255.814514	-0.001246	-0.001251	0.000002
256.196537	-0.001251	-0.001265	0.000007
256.578521	-0.001249	-0.001235	-0.000007
256.960466	-0.001252	-0.001233	-0.000010
257.342371	-0.001252	-0.001240	-0.000006
257.724236	-0.001245	-0.001247	0.000001
258.106062	-0.001248	-0.001268	0.000010
258.487849	-0.001256	-0.001232	-0.000012
258.869596	-0.001246	-0.001238	-0.000004
259.251303	-0.001237	-0.001255	0.000009
259.632971	-0.001220	-0.001257	0.000019
260.014599	-0.001260	-0.001259	-0.000001
260.396188	-0.001254	-0.001270	0.000008
260.777737	-0.001264	-0.001279	0.000007
261.159247	-0.001242	-0.001264	0.000011
261.540717	-0.001253	-0.001264	0.000006
261.922147	-0.001245	-0.001231	-0.000007
262.303538	-0.001270	-0.001267	-0.000002
262.684889	-0.001265	-0.001280	0.000008
263.066200	-0.001274	-0.001282	0.000004
263.447472	-0.001272	-0.001271	-0.000001
263.828704	-0.001253	-0.001266	0.000006
264.209896	-0.001259	-0.001263	0.000002
264.591049	-0.001253	-0.001244	-0.000005
264.972162	-0.001256	-0.001229	-0.000014
265.353235	-0.001270	-0.001276	0.000003
265.734268	-0.001234	-0.001268	0.000017
266.115262	-0.001234	-0.001249	0.000008
266.496216	-0.001290	-0.001257	-0.000016
266.877130	-0.001264	-0.001295	0.000016
267.258005	-0.001265	-0.001281	0.000008
267.638840	-0.001250	-0.001262	0.000006
268.019635	-0.001242	-0.001266	0.000012
268.400390	-0.001271	-0.001275	0.000002
268.781105	-0.001272	-0.001256	-0.000008
269.161781	-0.001272	-0.001257	-0.000008
269.542417	-0.001281	-0.001264	-0.000008
269.923013	-0.001276	-0.001288	0.000006
270.303569	-0.001270	-0.001296	0.000013
270.684085	-0.001290	-0.001279	-0.000006
271.064561	-0.001293	-0.001279	-0.000007
271.444998	-0.001301	-0.001285	-0.000008
271.825394	-0.001295	-0.001278	-0.000009
272.205751	-0.001299	-0.001281	-0.000009
272.586068	-0.001282	-0.001262	-0.000010
272.966345	-0.001304	-0.001276	-0.000014
273.346582	-0.001289	-0.001262	-0.000013
273.726779	-0.001299	-0.001279	-0.000010
274.106936	-0.001300	-0.001285	-0.000007
274.487053	-0.001317	-0.001262	-0.000027
274.867130	-0.001287	-0.001281	-0.000003
275.247168	-0.001287	-0.001295	0.000004
275.627165	-0.001270	-0.001282	0.000006
276.007122	-0.001288	-0.001278	-0.000005
276.387040	-0.001296	-0.001288	-0.000004
276.766917	-0.001280	-0.001264	-0.000008
277.146754	-0.001283	-0.001261	-0.000011
277.526551	-0.001320	-0.001272	-0.000024
277.906308	-0.001305	-0.001292	-0.000006
278.286026	-0.001329	-0.001275	-0.000027
278.665703	-0.001305	-0.001255	-0.000025
279.045340	-0.001316	-0.001301	-0.000008
279.424936	-0.001299	-0.001297	-0.000001
279.804493	-0.001314	-0.001268	-0.000023
280.184010	-0.001314	-0.001267	-0.000023
280.563487	-0.001314	-0.001268	-0.000023
280.942923	-0.001296	-0.001266	-0.000015
281.322319	-0.001333	-0.001272	-0.000031
281.701676	-0.001304	-0.001269	-0.000017
282.080992	-0.001306	-0.001270	-0.000018
282.460268	-0.001291	-0.001276	-0.000007
282.839503	-0.001300	-0.001265	-0.000018
283.218699	-0.001310	-0.001292	-0.000009
283.597854	-0.001289	-0.001275	-0.000007
283.976969	-0.001316	-0.001282	-0.000017
284.356044	-0.001302	-0.001257	-0.000022
284.735079	-0.001297	-0.001276	-0.000010
285.114073	-0.001290	-0.001268	-0.000011
285.493028	-0.001307	-0.001277	-0.000015
285.871942	-0.001316	-0.001286	-0.000015
286.250815	-0.001317	-0.001270	-0.000024
286.629649	-0.001318	-0.001286	-0.000016
287.008442	-0.001329	-0.001262	-0.000033
287.387195	-0.001321	-0.001288	-0.000017
287.765907	-0.001314	-0.001272	-0.000021
288.144580	-0.001337	-0.001262	-0.000037
288.523212	-0.001332	-0.001274	-0.000029
288.901803	-0.001325	-0.001252	-0.000037
289.280355	-0.001327	-0.001280	-0.000024
289.658866	-0.001332	-0.001281	-0.000026
290.037336	-0.001330	-0.001284	-0.000023
290.415766	-0.001341	-0.001296	-0.000022
290.794156	-0.001351	-0.001279	-0.000036
291.172505	-0.001354	-0.001285	-0.000034
291.550814	-0.001360	-0.001306	-0.000027
291.929083	-0.001335	-0.001299	-0.000018
292.307311	-0.001351	-0.001256	-0.000047
292.685499	-0.001348	-0.001294	-0.000027
293.063646	-0.001364	-0.001289	-0.000037
293.441753	-0.001354	-0.001270	-0.000042
293.819820	-0.001371	-0.001283	-0.000044
294.197845	-0.001357	-0.001263	-0.000047
294.575831	-0.001359	-0.001277	-0.000041
294.953776	-0.001339	-0.001288	-0.000025
295.331680	-0.001373	-0.001279	-0.000047
295.709544	-0.001380	-0.001281	-0.000049
296.087368	-0.001380	-0.001265	-0.000057
296.465150	-0.001391	-0.001282	-0.000054
296.842893	-0.001369	-0.001294	-0.000038
297.220595	-0.001379	-0.001294	-0.000043
297.598256	-0.001384	-0.001282	-0.000051
297.975876	-0.001372	-0.001256	-0.000058
298.353457	-0.001384	-0.001277	-0.000053
298.730996	-0.001382	-0.001254	-0.000064
299.108495	-0.001401	-0.001270	-0.000065
299.485953	-0.001371	-0.001282	-0.000044
299.863371	-0.001412	-0.001251	-0.000081
300.240748	-0.001374	-0.001247	-0.000063
300.618084	-0.001378	-0.001269	-0.000054
300.995380	-0.001382	-0.001246	-0.000068
301.372635	-0.001384	-0.001263	-0.000060
301.749849	-0.001354	-0.001229	-0.000063
302.127023	-0.001374	-0.001244	-0.000065
302.504156	-0.001350	-0.001247	-0.000052
302.881248	-0.001401	-0.001253	-0.000074
303.258300	-0.001406	-0.001244	-0.000081
303.635311	-0.001401	-0.001260	-0.000070
304.012281	-0.001396	-0.001246	-0.000075
304.389210	-0.001377	-0.001252	-0.000063
304.766099	-0.001395	-0.001271	-0.000062
305.142947	-0.001392	-0.001218	-0.000087
305.519754	-0.001415	-0.001220	-0.000097
305.896520	-0.001395	-0.001248	-0.000073
306.273246	-0.001387	-0.001231	-0.000078
306.649930	-0.001376	-0.001228	-0.000074
307.026574	-0.001394	-0.001232	-0.000081
307.403177	-0.001436	-0.001220	-0.000108
307.779740	-0.001417	-0.001227	-0.000095
308.156261	-0.001391	-0.001221	-0.000085
308.532742	-0.001412	-0.001228	-0.000092
308.909181	-0.001415	-0.001231	-0.000092
309.285580	-0.001411	-0.001200	-0.000106
309.661938	-0.001416	-0.001219	-0.000098
310.038255	-0.001402	-0.001221	-0.000091
310.414531	-0.001419	-0.001233	-0.000093
310.790766	-0.001405	-0.001197	-0.000104
311.166961	-0.001412	-0.001228	-0.000092
311.543114	-0.001393	-0.001185	-0.000104
311.919226	-0.001435	-0.001196	-0.000119
312.295298	-0.001401	-0.001206	-0.000098
312.671328	-0.001413	-0.001195	-0.000109
313.047318	-0.001433	-0.001173	-0.000130
313.423267	-0.001435	-0.001191	-0.000122
313.799174	-0.001419	-0.001203	-0.000108
314.175041	-0.001432	-0.001192	-0.000120
314.550866	-0.001426	-0.001198	-0.000114
314.926651	-0.001431	-0.001194	-0.000119
315.302394	-0.001431	-0.001162	-0.000134
315.678097	-0.001444	-0.001153	-0.000145
316.053758	-0.001442	-0.001156	-0.000143
316.429378	-0.001452	-0.001177	-0.000138
316.804958	-0.001450	-0.001153	-0.000149
317.180496	-0.001423	-0.001175	-0.000124
317.555993	-0.001427	-0.001151	-0.000138
317.931449	-0.001454	-0.001149	-0.000153
318.306864	-0.001450	-0.001141	-0.000154
318.682238	-0.001444	-0.001139	-0.000152
319.057570	-0.001466	-0.001129	-0.000168
319.432862	-0.001476	-0.001161	-0.000157
319.808112	-0.001445	-0.001140	-0.000152
320.183321	-0.001481	-0.001147	-0.000167
320.558489	-0.001468	-0.001137	-0.000165
320.933616	-0.001472	-0.001132	-0.000170
321.308701	-0.001470	-0.001134	-0.000168
321.683746	-0.001471	-0.001126	-0.000172
322.058749	-0.001476	-0.001104	-0.000186
322.433711	-0.001496	-0.001120	-0.000188
322.808632	-0.001478	-0.001113	-0.000182
323.183511	-0.001470	-0.001121	-0.000175
323.558349	-0.001473	-0.001101	-0.000186
323.933146	-0.001476	-0.001107	-0.000184
324.307902	-0.001482	-0.001118	-0.000182
324.682617	-0.001511	-0.001071	-0.000220
325.057290	-0.001488	-0.001092	-0.000198
325.431921	-0.001513	-0.001099	-0.000207
325.806512	-0.001478	-0.001125	-0.000177
326.181061	-0.001495	-0.001074	-0.000210
326.555569	-0.001463	-0.001093	-0.000185
326.930035	-0.001483	-0.001074	-0.000205
327.304461	-0.001524	-0.001057	-0.000234
327.678844	-0.001517	-0.001045	-0.000236
328.053187	-0.001496	-0.001065	-0.000216
328.427488	-0.001516	-0.001057	-0.000229
328.801747	-0.001517	-0.001076	-0.000221
329.175966	-0.001511	-0.001064	-0.000224
329.550142	-0.001526	-0.001050	-0.000238
329.924278	-0.001532	-0.001057	-0.000238
330.298372	-0.001498	-0.001031	-0.000234
330.672424	-0.001526	-0.001052	-0.000237
331.046435	-0.001522	-0.001052	-0.000235
331.420405	-0.001564	-0.001046	-0.000259
331.794333	-0.001558	-0.001065	-0.000246
332.168220	-0.001528	-0.001044	-0.000242
332.542065	-0.001552	-0.001060	-0.000246
332.915869	-0.001545	-0.001034	-0.000256
333.289631	-0.001560	-0.001035	-0.000262
333.663351	-0.001545	-0.001049	-0.000248
334.037030	-0.001537	-0.001020	-0.000259
334.410668	-0.001552	-0.001013	-0.000270
334.784264	-0.001561	-0.001024	-0.000268
335.157818	-0.001523	-0.001032	-0.000246
335.531331	-0.001550	-0.001025	-0.000263
335.904802	-0.001550	-0.001000	-0.000275
336.278232	-0.001548	-0.001021	-0.000264
336.651620	-0.001529	-0.001002	-0.000264
337.024966	-0.001556	-0.001011	-0.000272
337.398271	-0.001516	-0.001042	-0.000237
337.771534	-0.001528	-0.001025	-0.000251
338.144756	-0.001525	-0.001012	-0.000256
338.517936	-0.001512	-0.001020	-0.000246
338.891074	-0.001521	-0.001028	-0.000247
339.264171	-0.001529	-0.000998	-0.000266
339.637225	-0.001533	-0.001004	-0.000265
340.010239	-0.001521	-0.001002	-0.000259
340.383210	-0.001524	-0.000997	-0.000263
340.756140	-0.001533	-0.001003	-0.000265
341.129028	-0.001545	-0.000985	-0.000280
341.501874	-0.001533	-0.001007	-0.000263
341.874679	-0.001559	-0.001036	-0.000262
342.247441	-0.001534	-0.000997	-0.000268
342.620162	-0.001562	-0.000995	-0.000284
342.992842	-0.001547	-0.000985	-0.000281
343.365479	-0.001569	-0.000998	-0.000286
343.738075	-0.001535	-0.000983	-0.000276
344.110629	-0.001547	-0.000990	-0.000278
344.483141	-0.001551	-0.001004	-0.000273
344.855611	-0.001540	-0.000981	-0.000280
345.228039	-0.001562	-0.000988	-0.000287
345.600426	-0.001551	-0.001003	-0.000274
345.972770	-0.001571	-0.000975	-0.000298
346.345073	-0.001580	-0.000996	-0.000292
346.717334	-0.001558	-0.000961	-0.000298
347.089553	-0.001556	-0.000980	-0.000288
347.461730	-0.001565	-0.000996	-0.000284
347.833866	-0.001565	-0.000970	-0.000298
348.205959	-0.001545	-0.000985	-0.000280
348.578010	-0.001574	-0.000986	-0.000294
348.950020	-0.001566	-0.000949	-0.000308
349.321987	-0.001564	-0.000969	-0.000297
349.693913	-0.001563	-0.000959	-0.000302
350.065797	-0.001557	-0.000966	-0.000296
350.437638	-0.001560	-0.000945	-0.000308
350.809438	-0.001582	-0.000977	-0.000303
351.181196	-0.001572	-0.000966	-0.000303
351.552911	-0.001580	-0.000972	-0.000304
351.924585	-0.001583	-0.000975	-0.000304
352.296217	-0.001585	-0.000958	-0.000313
352.667806	-0.001580	-0.000962	-0.000309
353.039354	-0.001576	-0.000968	-0.000304
353.410859	-0.001571	-0.000948	-0.000311
353.782323	-0.001585	-0.000969	-0.000308
354.153744	-0.001566	-0.000986	-0.000290
354.525123	-0.001556	-0.000950	-0.000303
354.896460	-0.001569	-0.000927	-0.000321
355.267756	-0.001584	-0.000984	-0.000300
355.639008	-0.001558	-0.000983	-0.000287
356.010219	-0.001535	-0.000977	-0.000279
356.381388	-0.001563	-0.000991	-0.000286
356.752515	-0.001582	-0.000965	-0.000309
357.123599	-0.001542	-0.000957	-0.000293
357.494641	-0.001568	-0.000957	-0.000305
357.865641	-0.001567	-0.000972	-0.000298
358.236599	-0.001561	-0.000963	-0.000299
358.607515	-0.001550	-0.000964	-0.000293
358.978388	-0.001567	-0.000946	-0.000310
359.349219	-0.001583	-0.000958	-0.000313
359.720008	-0.001567	-0.000945	-0.000311
360.090755	-0.001582	-0.000928	-0.000327
360.461460	-0.001594	-0.000941	-0.000326
360.832122	-0.001553	-0.000945	-0.000304
361.202742	-0.001553	-0.000955	-0.000299
361.573320	-0.001550	-0.000949	-0.000301
361.943855	-0.001571	-0.000938	-0.000316
362.314348	-0.001577	-0.000978	-0.000299
362.684799	-0.001549	-0.000962	-0.000293
363.055208	-0.001556	-0.000992	-0.000282
363.425574	-0.001546	-0.000955	-0.000296
363.795898	-0.001568	-0.001005	-0.000281
364.166180	-0.001563	-0.000974	-0.000294
364.536419	-0.001540	-0.000938	-0.000301
364.906616	-0.001547	-0.000936	-0.000305
365.276770	-0.001581	-0.000955	-0.000313
365.646882	-0.001566	-0.000975	-0.000295
366.016952	-0.001544	-0.000954	-0.000295
366.386979	-0.001547	-0.000957	-0.000295
366.756964	-0.001554	-0.000958	-0.000298
367.126906	-0.001569	-0.000969	-0.000300
367.496806	-0.001575	-0.000927	-0.000324
367.866664	-0.001544	-0.000967	-0.000289
368.236479	-0.001560	-0.000952	-0.000304
368.606251	-0.001547	-0.000976	-0.000285
368.975981	-0.001561	-0.000958	-0.000301
369.345669	-0.001530	-0.000962	-0.000284
369.715314	-0.001533	-0.000978	-0.000277
370.084917	-0.001533	-0.000969	-0.000282
370.454477	-0.001523	-0.000998	-0.000262
370.823995	-0.001522	-0.000978	-0.000272
371.193470	-0.001518	-0.000969	-0.000275
371.562902	-0.001509	-0.000990	-0.000260
371.932292	-0.001523	-0.000996	-0.000263
372.301640	-0.001479	-0.000999	-0.000240
372.670944	-0.001469	-0.000979	-0.000245
373.040207	-0.001515	-0.001000	-0.000257
373.409426	-0.001482	-0.001033	-0.000225
373.778603	-0.001482	-0.001009	-0.000237
374.147738	-0.001499	-0.000995	-0.000252
374.516830	-0.001508	-0.001009	-0.000249
374.885879	-0.001495	-0.001006	-0.000244
375.254885	-0.001504	-0.000992	-0.000256
375.623849	-0.001485	-0.000998	-0.000243
375.992770	-0.001489	-0.001007	-0.000241
376.361649	-0.001506	-0.000995	-0.000256
376.730485	-0.001491	-0.001009	-0.000241
377.099278	-0.001464	-0.001005	-0.000229
377.468028	-0.001450	-0.001003	-0.000224
377.836736	-0.001453	-0.001023	-0.000215
378.205401	-0.001470	-0.000993	-0.000238
378.574023	-0.001488	-0.001023	-0.000232
378.942603	-0.001450	-0.000997	-0.000227
379.311139	-0.001472	-0.001024	-0.000224
379.679633	-0.001440	-0.001023	-0.000209
380.048085	-0.001430	-0.001007	-0.000211
380.416493	-0.001428	-0.001019	-0.000204
380.784859	-0.001453	-0.001012	-0.000220
381.153181	-0.001464	-0.001025	-0.000220
381.521461	-0.001451	-0.001023	-0.000214
381.889699	-0.001460	-0.001039	-0.000211
382.257893	-0.001467	-0.001052	-0.000208
382.626044	-0.001460	-0.001002	-0.000229
382.994153	-0.001429	-0.000995	-0.000217
383.362219	-0.001429	-0.001001	-0.000214
383.730242	-0.001451	-0.001024	-0.000214
384.098222	-0.001439	-0.001044	-0.000197
384.466159	-0.001442	-0.001001	-0.000220
384.834053	-0.001463	-0.001009	-0.000227
385.201904	-0.001442	-0.001032	-0.000205
385.569713	-0.001438	-0.001019	-0.000210
385.937478	-0.001424	-0.001010	-0.000207
386.305201	-0.001452	-0.001026	-0.000213
386.672880	-0.001429	-0.001030	-0.000199
387.040517	-0.001445	-0.001022	-0.000211
387.408110	-0.001439	-0.001049	-0.000195
387.775661	-0.001447	-0.001009	-0.000219
388.143168	-0.001420	-0.001005	-0.000207
388.510633	-0.001417	-0.001059	-0.000179
388.878055	-0.001409	-0.001033	-0.000188
389.245433	-0.001420	-0.001029	-0.000196
389.612769	-0.001384	-0.001045	-0.000170
389.980061	-0.001419	-0.001048	-0.000186
390.347310	-0.001404	-0.001040	-0.000182
390.714517	-0.001397	-0.001063	-0.000167
391.081680	-0.001402	-0.001052	-0.000175
391.448800	-0.001391	-0.001057	-0.000167
391.815877	-0.001379	-0.001027	-0.000176
392.182911	-0.001373	-0.001052	-0.000161
392.549902	-0.001395	-0.001050	-0.000172
392.916850	-0.001386	-0.001024	-0.000181
393.283754	-0.001415	-0.001033	-0.000191
393.650616	-0.001394	-0.001058	-0.000168
394.017434	-0.001411	-0.001049	-0.000181
394.384209	-0.001373	-0.001040	-0.000166
394.750941	-0.001382	-0.001054	-0.000164
395.117630	-0.001403	-0.001053	-0.000175
395.484275	-0.001404	-0.001067	-0.000169
395.850878	-0.001405	-0.001055	-0.000175
396.217437	-0.001372	-0.001041	-0.000166
396.583953	-0.001405	-0.001056	-0.000174
396.950425	-0.001384	-0.001049	-0.000168
397.316855	-0.001346	-0.001063	-0.000141
397.683241	-0.001383	-0.001054	-0.000165
398.049584	-0.001376	-0.001054	-0.000161
398.415884	-0.001371	-0.001049	-0.000161
398.782140	-0.001391	-0.001065	-0.000163
399.148353	-0.001367	-0.001043	-0.000162
399.514523	-0.001367	-0.001048	-0.000160
399.880649	-0.001376	-0.001070	-0.000153
400.246732	-0.001358	-0.001027	-0.000165
400.612772	-0.001361	-0.001050	-0.000155
400.978768	-0.001371	-0.001061	-0.000155
401.344721	-0.001389	-0.001054	-0.000168
401.710631	-0.001371	-0.001030	-0.000171
402.076497	-0.001374	-0.001051	-0.000161
402.442320	-0.001355	-0.001051	-0.000152
402.808100	-0.001372	-0.001029	-0.000172
403.173836	-0.001323	-0.001073	-0.000125
403.539528	-0.001355	-0.001051	-0.000152
403.905178	-0.001365	-0.001029	-0.000168
404.270783	-0.001376	-0.001037	-0.000169
404.636346	-0.001363	-0.001027	-0.000168
405.001865	-0.001352	-0.001050	-0.000151
405.367340	-0.001359	-0.001035	-0.000162
405.732772	-0.001332	-0.001053	-0.000140
406.098161	-0.001344	-0.001063	-0.000141
406.463506	-0.001313	-0.001058	-0.000128
406.828807	-0.001380	-0.001036	-0.000172
407.194065	-0.001335	-0.001061	-0.000137
407.559279	-0.001365	-0.001027	-0.000169
407.924450	-0.001321	-0.001054	-0.000134
408.289578	-0.001322	-0.001079	-0.000121
408.654661	-0.001328	-0.001057	-0.000135
409.019702	-0.001334	-0.001067	-0.000134
409.384698	-0.001355	-0.001060	-0.000148
409.749651	-0.001301	-0.001056	-0.000122
410.114561	-0.001355	-0.001047	-0.000154
410.479427	-0.001320	-0.001039	-0.000140
410.844249	-0.001314	-0.001048	-0.000133
411.209027	-0.001347	-0.001067	-0.000140
411.573762	-0.001297	-0.001065	-0.000116
411.938454	-0.001297	-0.001039	-0.000129
412.303101	-0.001323	-0.001062	-0.000131
412.667705	-0.001311	-0.001072	-0.000120
413.032266	-0.001327	-0.001038	-0.000144
413.396782	-0.001325	-0.001087	-0.000119
413.761255	-0.001323	-0.001068	-0.000128
414.125684	-0.001304	-0.001070	-0.000117
414.490070	-0.001306	-0.001083	-0.000111
414.854412	-0.001331	-0.001035	-0.000148
415.218710	-0.001302	-0.001040	-0.000131
415.582964	-0.001307	-0.001048	-0.000129
415.947175	-0.001295	-0.001067	-0.000114
416.311341	-0.001294	-0.001088	-0.000103
416.675464	-0.001323	-0.001057	-0.000133
417.039543	-0.001306	-0.001066	-0.000120
417.403579	-0.001292	-0.001059	-0.000117
417.767570	-0.001282	-0.001067	-0.000108
418.131518	-0.001280	-0.001063	-0.000109
418.495422	-0.001295	-0.001041	-0.000127
418.859282	-0.001302	-0.001066	-0.000118
419.223098	-0.001291	-0.001044	-0.000124
419.586871	-0.001285	-0.001036	-0.000124
419.950599	-0.001316	-0.001095	-0.000111
420.314284	-0.001323	-0.001056	-0.000133
420.677925	-0.001303	-0.001057	-0.000123
421.041522	-0.001286	-0.001028	-0.000129
421.405075	-0.001324	-0.001035	-0.000145
421.768584	-0.001339	-0.001035	-0.000152
422.132049	-0.001310	-0.001045	-0.000132
422.495470	-0.001321	-0.001027	-0.000147
422.858847	-0.001280	-0.001023	-0.000128
423.222180	-0.001309	-0.001048	-0.000131
423.585470	-0.001320	-0.001068	-0.000126
423.948715	-0.001283	-0.001055	-0.000114
424.311916	-0.001306	-0.001026	-0.000140
424.675074	-0.001286	-0.001038	-0.000124
425.038187	-0.001285	-0.001033	-0.000126
425.401256	-0.001280	-0.001028	-0.000126
425.764281	-0.001296	-0.001030	-0.000133
426.127263	-0.001313	-0.001058	-0.000128
426.490200	-0.001273	-0.001028	-0.000123
426.853093	-0.001285	-0.001028	-0.000128
427.215942	-0.001306	-0.001031	-0.000137
427.578747	-0.001283	-0.001018	-0.000133
427.941508	-0.001252	-0.001027	-0.000112
428.304225	-0.001296	-0.001032	-0.000132
428.666897	-0.001309	-0.000988	-0.000161
429.029526	-0.001313	-0.000981	-0.000166
429.392110	-0.001298	-0.001016	-0.000141
429.754651	-0.001311	-0.000971	-0.000170
430.117147	-0.001312	-0.000972	-0.000170
430.479599	-0.001298	-0.000923	-0.000187
430.842007	-0.001323	-0.000938	-0.000192
431.204370	-0.001314	-0.000917	-0.000198
431.566690	-0.001307	-0.000935	-0.000186
431.928965	-0.001319	-0.000925	-0.000197
432.291196	-0.001305	-0.000929	-0.000188
432.653383	-0.001306	-0.000897	-0.000205
433.015525	-0.001311	-0.000877	-0.000217
433.377624	-0.001323	-0.000899	-0.000212
433.739678	-0.001325	-0.000851	-0.000237
434.101688	-0.001314	-0.000851	-0.000232
434.463653	-0.001290	-0.000860	-0.000215
434.825575	-0.001330	-0.000825	-0.000252
435.187452	-0.001344	-0.000807	-0.000269
435.549284	-0.001317	-0.000811	-0.000253
435.911073	-0.001311	-0.000767	-0.000272
436.272817	-0.001315	-0.000781	-0.000267
436.634516	-0.001305	-0.000769	-0.000268
436.996172	-0.001303	-0.000725	-0.000289
437.357783	-0.001289	-0.000733	-0.000278
437.719350	-0.001311	-0.000736	-0.000288
438.080872	-0.001332	-0.000706	-0.000313
438.442350	-0.001315	-0.000682	-0.000316
438.803783	-0.001323	-0.000671	-0.000326
439.165173	-0.001314	-0.000696	-0.000309
439.526517	-0.001307	-0.000637	-0.000335
439.887818	-0.001319	-0.000672	-0.000324
440.249074	-0.001313	-0.000634	-0.000339
440.610285	-0.001302	-0.000667	-0.000318
440.971452	-0.001295	-0.000630	-0.000333
441.332575	-0.001312	-0.000623	-0.000345
441.693653	-0.001293	-0.000634	-0.000329
442.054686	-0.001300	-0.000622	-0.000339
442.415676	-0.001285	-0.000614	-0.000336
442.776620	-0.001300	-0.000611	-0.000344
443.137520	-0.001306	-0.000606	-0.000350
443.498376	-0.001343	-0.000590	-0.000376
443.859187	-0.001295	-0.000580	-0.000357
444.219953	-0.001337	-0.000582	-0.000378
444.580675	-0.001262	-0.000558	-0.000352
444.941353	-0.001312	-0.000523	-0.000395
445.301986	-0.001327	-0.000499	-0.000414
445.662574	-0.001323	-0.000481	-0.000421
446.023118	-0.001342	-0.000447	-0.000448
446.383617	-0.001371	-0.000411	-0.000480
446.744071	-0.001357	-0.000384	-0.000486
447.104481	-0.001339	-0.000333	-0.000503
447.464846	-0.001326	-0.000304	-0.000511
447.825167	-0.001335	-0.000232	-0.000551
448.185443	-0.001349	-0.000196	-0.000576
448.545674	-0.001378	-0.000162	-0.000608
448.905861	-0.001374	-0.000093	-0.000640
449.266002	-0.001341	-0.000093	-0.000624
449.626100	-0.001338	-0.000032	-0.000653
449.986152	-0.001363	-0.000007	-0.000678
450.346160	-0.001358	0.000023	-0.000690
450.706123	-0.001336	0.000054	-0.000695
451.066041	-0.001330	0.000060	-0.000695
451.425915	-0.001323	0.000069	-0.000696
451.785744	-0.001339	0.000083	-0.000711
452.145528	-0.001296	0.000069	-0.000683
452.505267	-0.001301	0.000045	-0.000673
452.864962	-0.001306	0.000065	-0.000685
453.224612	-0.001319	0.000043	-0.000681
453.584217	-0.001325	0.000026	-0.000676
453.943777	-0.001295	0.000065	-0.000680
454.303292	-0.001281	0.000034	-0.000657
454.662763	-0.001304	0.000032	-0.000668
455.022188	-0.001299	0.000046	-0.000673
455.381569	-0.001303	0.000071	-0.000687
455.740905	-0.001295	0.000089	-0.000692
456.100196	-0.001298	0.000061	-0.000680
456.459443	-0.001304	0.000098	-0.000701
456.818644	-0.001291	0.000096	-0.000693
457.177800	-0.001283	0.000115	-0.000699
457.536912	-0.001244	0.000141	-0.000692
457.895978	-0.001282	0.000124	-0.000703
458.255000	-0.001290	0.000162	-0.000726
458.613977	-0.001251	0.000160	-0.000705
458.972909	-0.001267	0.000210	-0.000738
459.331795	-0.001238	0.000207	-0.000722
459.690637	-0.001261	0.000228	-0.000744
460.049434	-0.001257	0.000273	-0.000765
460.408186	-0.001277	0.000264	-0.000771
460.766893	-0.001208	0.000282	-0.000745
461.125555	-0.001225	0.000266	-0.000745
461.484172	-0.001219	0.000343	-0.000781
461.842743	-0.001166	0.000308	-0.000737
462.201270	-0.001212	0.000313	-0.000762
462.559752	-0.001247	0.000348	-0.000797
462.918188	-0.001225	0.000328	-0.000777
463.276580	-0.001175	0.000308	-0.000742
463.634927	-0.001216	0.000334	-0.000775
463.993228	-0.001175	0.000365	-0.000770
464.351484	-0.001188	0.000361	-0.000774
464.709696	-0.001189	0.000317	-0.000753
465.067862	-0.001156	0.000316	-0.000736
465.425983	-0.001180	0.000332	-0.000756
465.784058	-0.001156	0.000342	-0.000749
466.142089	-0.001164	0.000361	-0.000762
466.500075	-0.001177	0.000328	-0.000753
466.858015	-0.001162	0.000360	-0.000761
467.215910	-0.001141	0.000361	-0.000751
467.573760	-0.001164	0.000371	-0.000767
467.931565	-0.001113	0.000362	-0.000737
468.289324	-0.001150	0.000405	-0.000778
468.647039	-0.001090	0.000402	-0.000746
469.004708	-0.001121	0.000378	-0.000749
469.362332	-0.001110	0.000415	-0.000762
469.719910	-0.001114	0.000401	-0.000758
470.077443	-0.001106	0.000435	-0.000771
470.434932	-0.001115	0.000470	-0.000793
470.792374	-0.001098	0.000479	-0.000788
471.149772	-0.001094	0.000497	-0.000796
471.507124	-0.001106	0.000540	-0.000823
471.864431	-0.001083	0.000560	-0.000821
472.221693	-0.001107	0.000617	-0.000862
472.578909	-0.001106	0.000599	-0.000853
472.936080	-0.001059	0.000634	-0.000846
473.293205	-0.001035	0.000688	-0.000861
473.650285	-0.001049	0.000695	-0.000872
474.007320	-0.001023	0.000773	-0.000898
474.364310	-0.001015	0.000785	-0.000900
474.721254	-0.001173	0.000956	-0.001064
475.078152	-0.001291	0.001166	-0.001229
475.435006	-0.001274	0.001209	-0.001242
475.791813	-0.001315	0.001289	-0.001302
476.148576	-0.001316	0.001323	-0.001320
476.505293	-0.001207	0.001357	-0.001282
476.861964	-0.001043	0.001267	-0.001155
477.218590	-0.001024	0.001310	-0.001167
477.575171	-0.001814	0.002294	-0.002054
477.931706	-0.001713	0.002339	-0.002026
478.288195	-0.001753	0.002497	-0.002125
478.644639	-0.001681	0.002539	-0.002110
479.001038	-0.001685	0.002706	-0.002196
479.357391	-0.001226	0.002136	-0.001681
479.713699	-0.001652	0.002750	-0.002201
480.069960	-0.001637	0.002733	-0.002185
480.426177	-0.001578	0.002758	-0.002168
480.782348	-0.001563	0.002874	-0.002219
481.138473	-0.001409	0.002884	-0.002146
481.494553	-0.001493	0.002835	-0.002164
481.850587	-0.001457	0.002785	-0.002121
482.206575	-0.001552	0.002772	-0.002162
482.562518	-0.001414	0.002791	-0.002103
482.918416	-0.001464	0.002754	-0.002109
483.274267	-0.001361	0.002692	-0.002027
483.630073	-0.001282	0.002577	-0.001930
483.985834	-0.001352	0.002695	-0.002023
484.341548	-0.001380	0.002493	-0.001937
484.697217	-0.001370	0.002609	-0.001990
485.052841	-0.001337	0.002521	-0.001929
485.408418	-0.001010	0.002015	-0.001512
485.763950	-0.001320	0.002386	-0.001853
486.119436	-0.001025	0.001958	-0.001491
486.474877	-0.001331	0.001975	-0.001653
486.830272	-0.001047	0.001916	-0.001482
487.185621	-0.001261	0.002442	-0.001852
487.540924	-0.001207	0.002479	-0.001843
487.896182	-0.001153	0.002471	-0.001812
488.251393	-0.001120	0.002451	-0.001786
488.606559	-0.001147	0.002481	-0.001814
488.961679	-0.001105	0.002440	-0.001772
489.316754	-0.001073	0.002544	-0.001808
489.671782	-0.001168	0.002517	-0.001842
490.026765	-0.001040	0.002439	-0.001739
490.381702	-0.001016	0.002428	-0.001722
490.736593	-0.001087	0.002462	-0.001775
491.091438	-0.001012	0.002463	-0.001738
491.446238	-0.000938	0.002494	-0.001716
491.800991	-0.000966	0.002369	-0.001667
492.155699	-0.000942	0.002380	-0.001661
492.510360	-0.000996	0.002339	-0.001668
492.864976	-0.001031	0.002217	-0.001624
493.219546	-0.000975	0.002087	-0.001531
493.574070	-0.000947	0.001986	-0.001467
493.928548	-0.000976	0.001980	-0.001478
494.282980	-0.001001	0.001891	-0.001446
494.637366	-0.001029	0.001655	-0.001342
494.991707	-0.000563	0.000931	-0.000747
495.346001	-0.000589	0.000822	-0.000706
495.700249	-0.000709	0.000950	-0.000830
496.054451	-0.000782	0.000823	-0.000802
496.408607	-0.000755	0.000724	-0.000740
496.762718	-0.000750	0.000722	-0.000736
497.116782	-0.000761	0.000655	-0.000708
497.470800	-0.000741	0.000481	-0.000611
497.824772	-0.000625	0.000370	-0.000497
498.178698	-0.000646	0.000299	-0.000472
498.532578	-0.000657	0.000280	-0.000468
498.886412	-0.000669	0.000254	-0.000462
499.240200	-0.000626	0.000248	-0.000437
499.593942	-0.000684	0.000215	-0.000450
499.947637	-0.000659	0.000151	-0.000405
500.301287	-0.000652	0.000145	-0.000398
500.654890	-0.000693	0.000090	-0.000392
501.008448	-0.000630	0.000073	-0.000352
501.361959	-0.000672	0.000053	-0.000363
501.715424	-0.000680	0.000081	-0.000380
502.068843	-0.000676	0.000071	-0.000373
502.422215	-0.000682	0.000046	-0.000364
502.775542	-0.000683	0.000027	-0.000355
503.128822	-0.000685	-0.000017	-0.000334
503.482056	-0.000659	-0.000026	-0.000316
503.835244	-0.000710	-0.000064	-0.000323
504.188386	-0.000701	-0.000034	-0.000333
504.541481	-0.000687	-0.000004	-0.000342
504.894530	-0.000670	-0.000078	-0.000296
505.247533	-0.000665	-0.000011	-0.000327
505.600490	-0.000642	-0.000052	-0.000295
505.953400	-0.000660	-0.000047	-0.000307
506.306264	-0.000647	-0.000079	-0.000284
506.659082	-0.000678	-0.000079	-0.000299
507.011854	-0.000649	-0.000116	-0.000267
507.364579	-0.000635	-0.000121	-0.000257
507.717258	-0.000645	-0.000120	-0.000262
508.069890	-0.000627	-0.000121	-0.000253
508.422477	-0.000659	-0.000109	-0.000275
508.775016	-0.000664	-0.000186	-0.000239
509.127510	-0.000660	-0.000152	-0.000254
509.479957	-0.000664	-0.000168	-0.000248
509.832358	-0.000644	-0.000159	-0.000243
510.184712	-0.000654	-0.000171	-0.000241
510.537020	-0.000659	-0.000234	-0.000213
510.889281	-0.000661	-0.000255	-0.000203
511.241497	-0.000657	-0.000279	-0.000189
511.593665	-0.000665	-0.000261	-0.000202
511.945787	-0.000629	-0.000255	-0.000187
512.297863	-0.000690	-0.000314	-0.000188
512.649892	-0.000625	-0.000258	-0.000184
513.001875	-0.000670	-0.000297	-0.000186
513.353812	-0.000666	-0.000313	-0.000177
513.705701	-0.000684	-0.000344	-0.000170
514.057545	-0.000658	-0.000300	-0.000179
514.409342	-0.000685	-0.000337	-0.000174
514.761092	-0.000663	-0.000334	-0.000164
515.112796	-0.000669	-0.000345	-0.000162
515.464453	-0.000656	-0.000337	-0.000159
515.816064	-0.000643	-0.000366	-0.000138
516.167628	-0.000679	-0.000361	-0.000159
516.519145	-0.000662	-0.000384	-0.000139
516.870616	-0.000701	-0.000387	-0.000157
517.222041	-0.000668	-0.000376	-0.000146
517.573418	-0.000674	-0.000373	-0.000150
517.924750	-0.000680	-0.000412	-0.000134
518.276034	-0.000702	-0.000445	-0.000128
518.627272	-0.000720	-0.000413	-0.000154
518.978463	-0.000723	-0.000446	-0.000138
519.329608	-0.000689	-0.000463	-0.000113
519.680706	-0.000703	-0.000452	-0.000126
520.031757	-0.000698	-0.000445	-0.000127
520.382762	-0.000695	-0.000480	-0.000107
520.733719	-0.000701	-0.000494	-0.000103
521.084631	-0.000706	-0.000468	-0.000119
521.435495	-0.000724	-0.000501	-0.000111
521.786313	-0.000700	-0.000517	-0.000092
522.137084	-0.000724	-0.000523	-0.000101
522.487808	-0.000735	-0.000527	-0.000104
522.838486	-0.000725	-0.000520	-0.000103
523.189116	-0.000729	-0.000525	-0.000102
523.539700	-0.000720	-0.000563	-0.000078
523.890237	-0.000707	-0.000547	-0.000080
524.240728	-0.000725	-0.000592	-0.000066
524.591171	-0.000731	-0.000547	-0.000092
524.941568	-0.000786	-0.000624	-0.000081
525.291918	-0.000788	-0.000607	-0.000091
525.642221	-0.000779	-0.000605	-0.000087
525.992478	-0.000766	-0.000629	-0.000069
526.342687	-0.000804	-0.000632	-0.000086
526.692850	-0.000815	-0.000648	-0.000084
527.042965	-0.000814	-0.000671	-0.000071
527.393034	-0.000784	-0.000657	-0.000063
527.743056	-0.000821	-0.000646	-0.000088
528.093031	-0.000804	-0.000704	-0.000050
528.442959	-0.000818	-0.000660	-0.000079
528.792840	-0.000839	-0.000716	-0.000061
529.142674	-0.000826	-0.000696	-0.000065
529.492462	-0.000805	-0.000718	-0.000043
529.842202	-0.000835	-0.000704	-0.000065
530.191895	-0.000812	-0.000753	-0.000030
530.541542	-0.000821	-0.000743	-0.000039
530.891141	-0.000840	-0.000732	-0.000054
531.240694	-0.000854	-0.000741	-0.000057
531.590199	-0.000851	-0.000710	-0.000070
531.939657	-0.000820	-0.000730	-0.000045
532.289069	-0.000868	-0.000743	-0.000063
532.638433	-0.000869	-0.000724	-0.000073
532.987750	-0.000856	-0.000735	-0.000061
533.337021	-0.000866	-0.000711	-0.000078
533.686244	-0.000827	-0.000756	-0.000035
534.035420	-0.000868	-0.000741	-0.000063
534.384549	-0.000845	-0.000734	-0.000055
534.733631	-0.000807	-0.000693	-0.000057
535.082666	-0.000860	-0.000739	-0.000060
535.431653	-0.000863	-0.000725	-0.000069
535.780594	-0.000849	-0.000707	-0.000071
536.129487	-0.000830	-0.000713	-0.000058
536.478334	-0.000827	-0.000758	-0.000035
536.827133	-0.000834	-0.000705	-0.000065
537.175885	-0.000808	-0.000721	-0.000043
537.524590	-0.000825	-0.000719	-0.000053
537.873247	-0.000857	-0.000750	-0.000053
538.221858	-0.000853	-0.000728	-0.000062
538.570421	-0.000841	-0.000750	-0.000046
538.918937	-0.000887	-0.000772	-0.000058
539.267406	-0.000907	-0.000787	-0.000060
539.615827	-0.000881	-0.000783	-0.000049
539.964202	-0.000885	-0.000798	-0.000043
540.312529	-0.000926	-0.000797	-0.000065
540.660808	-0.000905	-0.000871	-0.000017
541.009041	-0.000948	-0.000866	-0.000041
541.357226	-0.000949	-0.000825	-0.000062
541.705364	-0.000961	-0.000867	-0.000047
542.053455	-0.000955	-0.000848	-0.000053
542.401498	-0.001000	-0.000847	-0.000076
542.749494	-0.000950	-0.000887	-0.000031
543.097443	-0.000968	-0.000860	-0.000054
543.445344	-0.000949	-0.000897	-0.000026
543.793198	-0.000951	-0.000869	-0.000041
544.141005	-0.000969	-0.000892	-0.000038
544.488764	-0.000982	-0.000888	-0.000047
544.836476	-0.000974	-0.000875	-0.000049
545.184140	-0.000985	-0.000869	-0.000058
545.531757	-0.000957	-0.000878	-0.000040
545.879327	-0.000989	-0.000918	-0.000035
546.226849	-0.001000	-0.000887	-0.000057
546.574324	-0.001001	-0.000881	-0.000060
546.921751	-0.000982	-0.000883	-0.000049
547.269131	-0.000983	-0.000911	-0.000036
547.616463	-0.001005	-0.000886	-0.000059
547.963748	-0.001004	-0.000902	-0.000051
548.310985	-0.001014	-0.000892	-0.000061
548.658175	-0.001023	-0.000885	-0.000069
549.005318	-0.000993	-0.000909	-0.000042
549.352413	-0.001001	-0.000895	-0.000053
549.699460	-0.001019	-0.000878	-0.000070
550.046460	-0.000991	-0.000898	-0.000047
550.393412	-0.001020	-0.000869	-0.000075
550.740317	-0.001019	-0.000862	-0.000079
551.087174	-0.001009	-0.000852	-0.000079
551.433984	-0.001039	-0.000886	-0.000076
551.780746	-0.000992	-0.000878	-0.000057
552.127460	-0.001013	-0.000833	-0.000090
552.474127	-0.000997	-0.000827	-0.000085
552.820746	-0.000980	-0.000830	-0.000075
553.167318	-0.001008	-0.000854	-0.000077
553.513842	-0.001007	-0.000887	-0.000060
553.860318	-0.001007	-0.000874	-0.000066
554.206747	-0.001044	-0.000914	-0.000065
554.553128	-0.001064	-0.000892	-0.000086
554.899461	-0.001072	-0.000950	-0.000061
555.245747	-0.001079	-0.000927	-0.000076
555.591985	-0.001073	-0.000960	-0.000057
555.938175	-0.001074	-0.000966	-0.000054
556.284317	-0.001058	-0.000933	-0.000062
556.630412	-0.001093	-0.000983	-0.000055
556.976459	-0.001095	-0.000940	-0.000078
557.322459	-0.001075	-0.000945	-0.000065
557.668410	-0.001127	-0.000921	-0.000103
558.014314	-0.001127	-0.000937	-0.000095
558.360170	-0.001106	-0.000937	-0.000085
558.705978	-0.001115	-0.000929	-0.000093
559.051739	-0.001096	-0.000940	-0.000078
559.397451	-0.001117	-0.000956	-0.000081
559.743116	-0.001085	-0.000953	-0.000066
560.088733	-0.001113	-0.000946	-0.000084
560.434302	-0.001120	-0.000967	-0.000076
560.779823	-0.001143	-0.000957	-0.000093
561.125297	-0.001114	-0.000926	-0.000094
561.470722	-0.001101	-0.000934	-0.000083
561.816100	-0.001127	-0.000918	-0.000104
562.161430	-0.001129	-0.000929	-0.000100
562.506712	-0.001113	-0.000944	-0.000084
562.851946	-0.001142	-0.000927	-0.000108
563.197132	-0.001099	-0.000981	-0.000059
563.542270	-0.001150	-0.000960	-0.000095
563.887360	-0.001144	-0.000956	-0.000094
564.232403	-0.001153	-0.000930	-0.000112
564.577397	-0.001127	-0.000934	-0.000097
564.922343	-0.001148	-0.000929	-0.000110
565.267242	-0.001165	-0.000951	-0.000107
565.612092	-0.001146	-0.000948	-0.000099
565.956895	-0.001166	-0.000927	-0.000120
566.301649	-0.001158	-0.000946	-0.000106
566.646355	-0.001154	-0.000965	-0.000095
566.991014	-0.001159	-0.000940	-0.000109
567.335624	-0.001194	-0.000929	-0.000133
567.680186	-0.001194	-0.000935	-0.000130
568.024700	-0.001136	-0.000937	-0.000100
568.369167	-0.001162	-0.000937	-0.000113
568.713585	-0.001199	-0.000956	-0.000122
569.057955	-0.001173	-0.000961	-0.000106
569.402277	-0.001172	-0.000933	-0.000119
569.746550	-0.001230	-0.000963	-0.000134
570.090776	-0.001190	-0.000920	-0.000135
570.434954	-0.001174	-0.000955	-0.000109
570.779083	-0.001199	-0.000922	-0.000139
571.123164	-0.001210	-0.000941	-0.000134
571.467197	-0.001193	-0.000930	-0.000132
571.811182	-0.001194	-0.000921	-0.000136
572.155119	-0.001177	-0.000904	-0.000136
572.499008	-0.001180	-0.000947	-0.000116
572.842848	-0.001245	-0.000925	-0.000160
573.186640	-0.001237	-0.000915	-0.000161
573.530384	-0.001184	-0.000911	-0.000136
573.874080	-0.001206	-0.000927	-0.000140
574.217727	-0.001237	-0.000940	-0.000149
574.561327	-0.001221	-0.000906	-0.000157
574.904878	-0.001202	-0.000934	-0.000134
575.248380	-0.001176	-0.000928	-0.000124
575.591835	-0.001235	-0.000928	-0.000153
575.935241	-0.001232	-0.000920	-0.000156
576.278599	-0.001235	-0.000917	-0.000159
576.621908	-0.001214	-0.000955	-0.000129
576.965170	-0.001220	-0.000927	-0.000146
577.308383	-0.001208	-0.000943	-0.000132
577.651547	-0.001209	-0.000937	-0.000136
577.994663	-0.001247	-0.000924	-0.000161
578.337731	-0.001240	-0.000930	-0.000155
578.680751	-0.001241	-0.000922	-0.000159
579.023722	-0.001261	-0.000914	-0.000173
579.366645	-0.001240	-0.000895	-0.000172
579.709519	-0.001247	-0.000917	-0.000165
580.052345	-0.001249	-0.000909	-0.000170
580.395123	-0.001252	-0.000934	-0.000159
580.737852	-0.001250	-0.000904	-0.000173
581.080532	-0.001252	-0.000935	-0.000159
581.423165	-0.001265	-0.000967	-0.000149
581.765748	-0.001236	-0.000930	-0.000153
582.108284	-0.001266	-0.000931	-0.000168
582.450770	-0.001279	-0.000939	-0.000170
582.793209	-0.001277	-0.000919	-0.000179
583.135599	-0.001266	-0.000930	-0.000168
583.477940	-0.001250	-0.000940	-0.000155
583.820233	-0.001288	-0.000907	-0.000191
584.162477	-0.001297	-0.000956	-0.000170
584.504673	-0.001273	-0.000945	-0.000164
584.846820	-0.001298	-0.000941	-0.000178
585.188919	-0.001254	-0.000957	-0.000149
585.530969	-0.001293	-0.000967	-0.000163
585.872970	-0.001250	-0.000951	-0.000150
586.214923	-0.001273	-0.000937	-0.000168
586.556827	-0.001302	-0.000970	-0.000166
586.898683	-0.001290	-0.000915	-0.000188
587.240490	-0.001291	-0.000914	-0.000189
587.582249	-0.001308	-0.000922	-0.000193
587.923958	-0.001300	-0.000930	-0.000185
588.265620	-0.001275	-0.000939	-0.000168
588.607232	-0.001318	-0.000942	-0.000188
588.948796	-0.001319	-0.000926	-0.000196
589.290311	-0.001298	-0.000914	-0.000192
589.631778	-0.001298	-0.000943	-0.000178
589.973196	-0.001319	-0.000945	-0.000187
590.314565	-0.001310	-0.000953	-0.000179
590.655885	-0.001324	-0.000914	-0.000205
590.997157	-0.001321	-0.000985	-0.000168
591.338379	-0.001315	-0.000961	-0.000177
591.679554	-0.001329	-0.000914	-0.000207
592.020679	-0.001321	-0.000908	-0.000206
592.361756	-0.001315	-0.000904	-0.000206
592.702784	-0.001312	-0.000942	-0.000185
593.043763	-0.001313	-0.000965	-0.000174
593.384693	-0.001304	-0.000929	-0.000188
593.725574	-0.001318	-0.000913	-0.000203
594.066407	-0.001301	-0.000920	-0.000190
594.407191	-0.001329	-0.000926	-0.000201
594.747926	-0.001342	-0.000928	-0.000207
595.088612	-0.001329	-0.000910	-0.000210
595.429249	-0.001315	-0.000913	-0.000201
595.769838	-0.001342	-0.000925	-0.000208
596.110377	-0.001313	-0.000941	-0.000186
596.450868	-0.001342	-0.000925	-0.000209
596.791309	-0.001311	-0.000939	-0.000186
597.131702	-0.001334	-0.000952	-0.000191
597.472046	-0.001327	-0.000908	-0.000210
597.812341	-0.001370	-0.000917	-0.000226
598.152587	-0.001407	-0.000927	-0.000240
598.492784	-0.001346	-0.000916	-0.000215
598.832933	-0.001341	-0.000939	-0.000201
599.173032	-0.001326	-0.000910	-0.000208
599.513082	-0.001364	-0.000914	-0.000225
599.853083	-0.001336	-0.000914	-0.000211
600.193035	-0.001340	-0.000925	-0.000208
600.532939	-0.001357	-0.000908	-0.000224
600.872793	-0.001351	-0.000930	-0.000211
601.212598	-0.001361	-0.000896	-0.000233
601.552354	-0.001349	-0.000930	-0.000210
601.892061	-0.001340	-0.000937	-0.000202
602.231719	-0.001357	-0.000921	-0.000218
602.571328	-0.001360	-0.000916	-0.000222
602.910888	-0.001347	-0.000938	-0.000205
603.250399	-0.001374	-0.000918	-0.000228
603.589860	-0.001328	-0.000914	-0.000207
603.929273	-0.001335	-0.000908	-0.000213
604.268636	-0.001353	-0.000920	-0.000216
604.607951	-0.001391	-0.000899	-0.000246
604.947216	-0.001382	-0.000910	-0.000236
605.286432	-0.001356	-0.000904	-0.000226
605.625599	-0.001331	-0.000923	-0.000204
605.964717	-0.001353	-0.000891	-0.000231
606.303785	-0.001361	-0.000923	-0.000219
606.642805	-0.001366	-0.000884	-0.000241
606.981775	-0.001364	-0.000929	-0.000218
607.320696	-0.001320	-0.000913	-0.000204
607.659567	-0.001307	-0.000897	-0.000205
607.998390	-0.001361	-0.000923	-0.000219
608.337163	-0.001376	-0.000910	-0.000233
608.675887	-0.001359	-0.000924	-0.000217
609.014562	-0.001357	-0.000907	-0.000225
609.353187	-0.001390	-0.000902	-0.000244
609.691764	-0.001371	-0.000912	-0.000229
610.030290	-0.001357	-0.000925	-0.000216
610.368768	-0.001354	-0.000914	-0.000220
610.707196	-0.001394	-0.000943	-0.000226
611.045575	-0.001391	-0.000917	-0.000237
611.383905	-0.001370	-0.000930	-0.000220
611.722185	-0.001346	-0.000932	-0.000207
612.060416	-0.001369	-0.000902	-0.000234
612.398598	-0.001381	-0.000926	-0.000228
612.736730	-0.001409	-0.000956	-0.000227
613.074813	-0.001369	-0.000945	-0.000212
613.412847	-0.001370	-0.000949	-0.000210
613.750831	-0.001396	-0.000933	-0.000232
614.088765	-0.001382	-0.000923	-0.000230
614.426651	-0.001367	-0.000960	-0.000204
614.764486	-0.001384	-0.000913	-0.000235
615.102273	-0.001343	-0.000918	-0.000213
615.440010	-0.001368	-0.000930	-0.000219
615.777697	-0.001364	-0.000908	-0.000228
616.115335	-0.001364	-0.000937	-0.000214
616.452924	-0.001377	-0.000932	-0.000223
616.790463	-0.001367	-0.000895	-0.000236
617.127952	-0.001386	-0.000905	-0.000241
617.465392	-0.001359	-0.000908	-0.000226
617.802783	-0.001367	-0.000894	-0.000236
618.140124	-0.001368	-0.000938	-0.000215
618.477415	-0.001389	-0.000933	-0.000228
618.814657	-0.001378	-0.000904	-0.000237
619.151850	-0.001376	-0.000923	-0.000227
619.488992	-0.001355	-0.000904	-0.000225
619.826086	-0.001369	-0.000918	-0.000226
620.163129	-0.001381	-0.000921	-0.000230
620.500123	-0.001391	-0.000905	-0.000243
620.837068	-0.001396	-0.000909	-0.000244
621.173962	-0.001364	-0.000906	-0.000229
621.510808	-0.001369	-0.000935	-0.000217
621.847603	-0.001379	-0.000916	-0.000231
622.184349	-0.001376	-0.000897	-0.000239
622.521045	-0.001403	-0.000916	-0.000244
622.857692	-0.001391	-0.000905	-0.000243
623.194289	-0.001372	-0.000929	-0.000222
623.530836	-0.001354	-0.000925	-0.000214
623.867333	-0.001386	-0.000886	-0.000250
624.203781	-0.001397	-0.000925	-0.000236
624.540179	-0.001407	-0.000923	-0.000242
624.876527	-0.001385	-0.000913	-0.000236
625.212826	-0.001390	-0.000906	-0.000242
625.549075	-0.001386	-0.000910	-0.000238
625.885274	-0.001394	-0.000909	-0.000243
626.221423	-0.001405	-0.000911	-0.000247
626.557523	-0.001419	-0.000920	-0.000250
626.893572	-0.001413	-0.000903	-0.000255
627.229572	-0.001406	-0.000899	-0.000254
627.565522	-0.001388	-0.000906	-0.000241
627.901423	-0.001394	-0.000902	-0.000246
628.237273	-0.001399	-0.000889	-0.000255
628.573074	-0.001400	-0.000861	-0.000269
628.908825	-0.001365	-0.000885	-0.000240
629.244526	-0.001387	-0.000889	-0.000249
629.580177	-0.001368	-0.000899	-0.000234
629.915778	-0.001411	-0.000887	-0.000262
630.251329	-0.001373	-0.000893	-0.000240
630.586830	-0.001375	-0.000883	-0.000246
630.922282	-0.001396	-0.000892	-0.000252
631.257683	-0.001363	-0.000894	-0.000234
631.593035	-0.001408	-0.000895	-0.000257
631.928337	-0.001399	-0.000866	-0.000267
632.263588	-0.001382	-0.000878	-0.000252
632.598790	-0.001392	-0.000875	-0.000258
632.933942	-0.001402	-0.000889	-0.000257
633.269044	-0.001364	-0.000923	-0.000221
633.604096	-0.001382	-0.000883	-0.000249
633.939098	-0.001390	-0.000908	-0.000241
634.274049	-0.001390	-0.000900	-0.000245
634.608951	-0.001375	-0.000910	-0.000232
634.943803	-0.001372	-0.000890	-0.000241
635.278605	-0.001407	-0.000922	-0.000243
635.613356	-0.001346	-0.000904	-0.000221
635.948058	-0.001372	-0.000872	-0.000250
636.282710	-0.001365	-0.000894	-0.000236
636.617311	-0.001362	-0.000919	-0.000222
636.951862	-0.001397	-0.000893	-0.000252
637.286364	-0.001392	-0.000870	-0.000261
637.620815	-0.001353	-0.000895	-0.000229
637.955216	-0.001361	-0.000878	-0.000242
638.289567	-0.001360	-0.000898	-0.000231
638.623868	-0.001354	-0.000898	-0.000228
638.958118	-0.001356	-0.000873	-0.000242
639.292319	-0.001397	-0.000892	-0.000252
639.626469	-0.001353	-0.000949	-0.000202
639.960569	-0.001366	-0.000913	-0.000226
640.294619	-0.001388	-0.000887	-0.000250
640.628619	-0.001359	-0.000909	-0.000225
640.962568	-0.001353	-0.000892	-0.000230
641.296468	-0.001377	-0.000877	-0.000250
641.630317	-0.001368	-0.000910	-0.000229
641.964116	-0.001363	-0.000876	-0.000243
642.297864	-0.001371	-0.000894	-0.000238
642.631563	-0.001348	-0.000880	-0.000234
642.965211	-0.001370	-0.000890	-0.000240
643.298808	-0.001341	-0.000896	-0.000223
643.632356	-0.001357	-0.000889	-0.000234
643.965853	-0.001362	-0.000920	-0.000221
644.299300	-0.001343	-0.000900	-0.000222
644.632697	-0.001342	-0.000898	-0.000222
644.966043	-0.001334	-0.000891	-0.000222
645.299339	-0.001366	-0.000903	-0.000231
645.632584	-0.001338	-0.000900	-0.000219
645.965779	-0.001338	-0.000861	-0.000238
646.298924	-0.001349	-0.000898	-0.000226
646.632019	-0.001330	-0.000904	-0.000213
646.965063	-0.001335	-0.000906	-0.000214
647.298056	-0.001328	-0.000901	-0.000214
647.630999	-0.001364	-0.000921	-0.000221
647.963892	-0.001336	-0.000921	-0.000207
648.296735	-0.001325	-0.000896	-0.000214
648.629527	-0.001343	-0.000922	-0.000210
648.962268	-0.001321	-0.000908	-0.000207
649.294959	-0.001322	-0.000901	-0.000210
649.627600	-0.001330	-0.000908	-0.000211
649.960190	-0.001334	-0.000900	-0.000217
650.292729	-0.001334	-0.000902	-0.000216
650.625218	-0.001307	-0.000925	-0.000191
650.957657	-0.001318	-0.000904	-0.000207
651.290045	-0.001331	-0.000882	-0.000224
651.622383	-0.001301	-0.000896	-0.000203
651.954669	-0.001304	-0.000916	-0.000194
652.286906	-0.001322	-0.000938	-0.000192
652.619092	-0.001326	-0.000875	-0.000226
652.951227	-0.001286	-0.000897	-0.000195
653.283312	-0.001344	-0.000935	-0.000204
653.615346	-0.001322	-0.000919	-0.000201
653.947329	-0.001319	-0.000920	-0.000200
654.279262	-0.001313	-0.000928	-0.000192
654.611145	-0.001326	-0.000892	-0.000217
654.942976	-0.001331	-0.000898	-0.000217
655.274757	-0.001283	-0.000932	-0.000176
655.606488	-0.001273	-0.000927	-0.000173
655.938167	-0.001291	-0.000886	-0.000203
656.269796	-0.001325	-0.000879	-0.000223
656.601375	-0.001309	-0.000943	-0.000183
656.932902	-0.001305	-0.000907	-0.000199
657.264379	-0.001272	-0.000892	-0.000190
657.595806	-0.001275	-0.000878	-0.000198
657.927181	-0.001306	-0.000909	-0.000199
658.258506	-0.001295	-0.000900	-0.000198
658.589780	-0.001266	-0.000905	-0.000181
658.921003	-0.001260	-0.000909	-0.000176
659.252176	-0.001282	-0.000904	-0.000189
659.583298	-0.001273	-0.000916	-0.000179
659.914369	-0.001258	-0.000901	-0.000179
660.245389	-0.001271	-0.000906	-0.000182
660.576358	-0.001287	-0.000908	-0.000189
660.907277	-0.001278	-0.000915	-0.000182
661.238145	-0.001270	-0.000930	-0.000170
661.568962	-0.001276	-0.000906	-0.000185
661.899728	-0.001272	-0.000918	-0.000177
662.230443	-0.001279	-0.000912	-0.000183
662.561107	-0.001287	-0.000895	-0.000196
662.891721	-0.001264	-0.000916	-0.000174
663.222283	-0.001280	-0.000899	-0.000191
663.552795	-0.001252	-0.000906	-0.000173
663.883256	-0.001257	-0.000900	-0.000178
664.213666	-0.001254	-0.000910	-0.000172
664.544025	-0.001263	-0.000906	-0.000178
664.874333	-0.001276	-0.000961	-0.000157
665.204590	-0.001282	-0.000915	-0.000184
665.534796	-0.001234	-0.000888	-0.000173
665.864952	-0.001232	-0.000922	-0.000155
666.195056	-0.001286	-0.000912	-0.000187
666.525109	-0.001222	-0.000939	-0.000141
666.855111	-0.001233	-0.000907	-0.000163
667.185063	-0.001236	-0.000895	-0.000170
667.514963	-0.001250	-0.000904	-0.000173
667.844812	-0.001238	-0.000907	-0.000166
668.174610	-0.001226	-0.000900	-0.000163
668.504357	-0.001242	-0.000899	-0.000171
668.834054	-0.001227	-0.000902	-0.000163
669.163699	-0.001242	-0.000890	-0.000176
669.493293	-0.001229	-0.000909	-0.000160
669.822836	-0.001226	-0.000894	-0.000166
670.152327	-0.001230	-0.000898	-0.000166
670.481768	-0.001207	-0.000899	-0.000154
670.811158	-0.001211	-0.000921	-0.000145
671.140496	-0.001214	-0.000919	-0.000148
671.469783	-0.001216	-0.000922	-0.000147
671.799020	-0.001212	-0.000904	-0.000154
672.128205	-0.001206	-0.000897	-0.000155
672.457339	-0.001222	-0.000941	-0.000141
672.786421	-0.001234	-0.000928	-0.000153
673.115453	-0.001202	-0.000924	-0.000139
673.444433	-0.001241	-0.000933	-0.000154
673.773362	-0.001208	-0.000911	-0.000148
674.102240	-0.001192	-0.000916	-0.000138
674.431067	-0.001202	-0.000936	-0.000133
674.759842	-0.001221	-0.000926	-0.000148
675.088567	-0.001191	-0.000923	-0.000134
675.417240	-0.001196	-0.000933	-0.000131
675.745861	-0.001219	-0.000911	-0.000154
676.074432	-0.001195	-0.000918	-0.000138
676.402951	-0.001216	-0.000923	-0.000147
676.731419	-0.001178	-0.000922	-0.000128
677.059835	-0.001179	-0.000930	-0.000124
677.388201	-0.001187	-0.000938	-0.000125
677.716515	-0.001199	-0.000936	-0.000132
678.044777	-0.001179	-0.000935	-0.000122
678.372988	-0.001190	-0.000917	-0.000137
678.701148	-0.001197	-0.000947	-0.000125
679.029257	-0.001170	-0.000938	-0.000116
679.357314	-0.001177	-0.000944	-0.000117
679.685320	-0.001148	-0.000916	-0.000116
680.013274	-0.001150	-0.000965	-0.000093
680.341177	-0.001168	-0.000947	-0.000110
680.669029	-0.001144	-0.000899	-0.000122
680.996829	-0.001170	-0.000920	-0.000125
681.324578	-0.001174	-0.000943	-0.000116
681.652275	-0.001151	-0.000946	-0.000102
681.979921	-0.001170	-0.000945	-0.000112
682.307515	-0.001188	-0.000934	-0.000127
682.635058	-0.001182	-0.000931	-0.000126
682.962550	-0.001136	-0.000922	-0.000107
683.289989	-0.001186	-0.000941	-0.000123
683.617378	-0.001148	-0.000916	-0.000116
683.944715	-0.001160	-0.000937	-0.000112
684.272000	-0.001152	-0.000947	-0.000103
684.599234	-0.001136	-0.000959	-0.000088
684.926416	-0.001132	-0.000909	-0.000112
685.253547	-0.001139	-0.000934	-0.000102
685.580626	-0.001143	-0.000932	-0.000105
685.907654	-0.001116	-0.000941	-0.000088
686.234630	-0.001141	-0.000908	-0.000117
686.561554	-0.001146	-0.000930	-0.000108
686.888427	-0.001149	-0.000912	-0.000118
687.215248	-0.001152	-0.000935	-0.000109
687.542018	-0.001151	-0.000944	-0.000104
687.868736	-0.001123	-0.000951	-0.000086
688.195402	-0.001137	-0.000942	-0.000098
688.522017	-0.001106	-0.000956	-0.000075
688.848580	-0.001110	-0.000938	-0.000086
689.175091	-0.001126	-0.000933	-0.000097
689.501551	-0.001131	-0.000956	-0.000087
689.827959	-0.001143	-0.000941	-0.000101
690.154315	-0.001120	-0.000921	-0.000100
690.480620	-0.001081	-0.000907	-0.000087
690.806873	-0.001113	-0.000936	-0.000089
691.133074	-0.001132	-0.000948	-0.000092
691.459223	-0.001110	-0.000970	-0.000070
691.785321	-0.001119	-0.000975	-0.000072
692.111367	-0.001098	-0.000950	-0.000074
692.437361	-0.001097	-0.000940	-0.000079
692.763303	-0.001079	-0.000953	-0.000063
693.089193	-0.001123	-0.000947	-0.000088
693.415032	-0.001129	-0.000953	-0.000088
693.740819	-0.001102	-0.000949	-0.000077
694.066554	-0.001126	-0.000953	-0.000087
694.392237	-0.001087	-0.000936	-0.000075
694.717869	-0.001082	-0.000936	-0.000073
695.043448	-0.001097	-0.000940	-0.000078
695.368976	-0.001072	-0.000938	-0.000067
695.694452	-0.001065	-0.000955	-0.000055
696.019876	-0.001092	-0.000964	-0.000064
696.345248	-0.001082	-0.000959	-0.000061
696.670568	-0.001074	-0.000959	-0.000057
696.995836	-0.001055	-0.000973	-0.000041
697.321052	-0.001065	-0.000978	-0.000043
697.646216	-0.001083	-0.000971	-0.000056
697.971329	-0.001079	-0.000966	-0.000056
698.296389	-0.001074	-0.000967	-0.000054
698.621398	-0.001087	-0.000962	-0.000062
698.946354	-0.001064	-0.000955	-0.000055
699.271259	-0.001066	-0.000978	-0.000044
699.596111	-0.001048	-0.000956	-0.000046
699.920912	-0.001047	-0.000977	-0.000035
700.245660	-0.001037	-0.000959	-0.000039
700.570357	-0.001058	-0.000953	-0.000052
700.895001	-0.001060	-0.000930	-0.000065
701.219594	-0.001042	-0.000930	-0.000056
701.544134	-0.001055	-0.000967	-0.000044
701.868622	-0.001044	-0.000963	-0.000040
702.193059	-0.001063	-0.000945	-0.000059
702.517443	-0.001069	-0.000942	-0.000064
702.841775	-0.001042	-0.000979	-0.000032
703.166055	-0.001067	-0.000934	-0.000067
703.490283	-0.001039	-0.000960	-0.000040
703.814458	-0.001048	-0.000996	-0.000026
704.138582	-0.001045	-0.000980	-0.000032
704.462653	-0.001035	-0.000953	-0.000041
704.786673	-0.001020	-0.000954	-0.000033
705.110640	-0.001044	-0.000957	-0.000043
705.434555	-0.001054	-0.000959	-0.000047
705.758417	-0.001057	-0.000962	-0.000047
706.082228	-0.001042	-0.000956	-0.000043
706.405986	-0.001037	-0.001012	-0.000013
706.729692	-0.001031	-0.000945	-0.000043
707.053346	-0.001020	-0.000968	-0.000026
707.376948	-0.001012	-0.000968	-0.000022
707.700497	-0.001052	-0.000935	-0.000058
708.023995	-0.001010	-0.000945	-0.000033
708.347439	-0.001014	-0.000975	-0.000020
708.670832	-0.001011	-0.000981	-0.000015
708.994173	-0.001021	-0.000977	-0.000022
709.317461	-0.001032	-0.000978	-0.000027
709.640696	-0.000989	-0.000948	-0.000021
709.963880	-0.000993	-0.000965	-0.000014
710.287011	-0.000969	-0.000958	-0.000005
710.610090	-0.001017	-0.000977	-0.000020
710.933116	-0.001010	-0.000973	-0.000018
711.256090	-0.000990	-0.000985	-0.000002
711.579012	-0.001012	-0.000970	-0.000021
711.901881	-0.000978	-0.000968	-0.000005
712.224698	-0.000998	-0.000985	-0.000007
712.547463	-0.000988	-0.000989	0.000000
712.870175	-0.000986	-0.000962	-0.000012
713.192835	-0.000994	-0.000971	-0.000011
713.515442	-0.000992	-0.000960	-0.000016
713.837997	-0.000970	-0.000985	0.000008
714.160499	-0.000972	-0.000989	0.000009
714.482949	-0.001012	-0.000967	-0.000023
714.805347	-0.000994	-0.000982	-0.000006
715.127692	-0.001000	-0.000981	-0.000010
715.449985	-0.000966	-0.000970	0.000002
715.772225	-0.000987	-0.000954	-0.000016
716.094412	-0.000979	-0.000978	-0.000000
716.416547	-0.000964	-0.000977	0.000006
716.738630	-0.000976	-0.000973	-0.000002
717.060660	-0.000984	-0.000978	-0.000003
717.382637	-0.000961	-0.000993	0.000016
717.704562	-0.000983	-0.000966	-0.000008
718.026435	-0.000957	-0.000994	0.000019
718.348254	-0.000958	-0.000956	-0.000001
718.670022	-0.000952	-0.000970	0.000009
718.991736	-0.000979	-0.000969	-0.000005
719.313398	-0.000976	-0.000967	-0.000005
719.635008	-0.000957	-0.000979	0.000011
719.956564	-0.000946	-0.000984	0.000019
720.278068	-0.000961	-0.000986	0.000012
720.599520	-0.000971	-0.000983	0.000006
720.920919	-0.000976	-0.000991	0.000007
721.242265	-0.000972	-0.000989	0.000009
721.563558	-0.000962	-0.000961	-0.000000
721.884799	-0.000974	-0.000955	-0.000009
722.205987	-0.000978	-0.000954	-0.000012
722.527123	-0.000979	-0.000973	-0.000003
722.848205	-0.000958	-0.000970	0.000006
723.169235	-0.000967	-0.000994	0.000013
723.490212	-0.000978	-0.001020	0.000021
723.811137	-0.000977	-0.000993	0.000008
724.132009	-0.000944	-0.001002	0.000029
724.452828	-0.000968	-0.001019	0.000025
724.773594	-0.000941	-0.000975	0.000017
725.094307	-0.000966	-0.000994	0.000014
725.414968	-0.000960	-0.000997	0.000018
725.735576	-0.000946	-0.000982	0.000018
726.056131	-0.000941	-0.000980	0.000019
726.376633	-0.000968	-0.001005	0.000019
726.697082	-0.000933	-0.001000	0.000033
727.017478	-0.000941	-0.000977	0.000018
727.337822	-0.000937	-0.000963	0.000013
727.658113	-0.000941	-0.000988	0.000023
727.978351	-0.000931	-0.000952	0.000010
728.298536	-0.000935	-0.000993	0.000029
728.618668	-0.000916	-0.000970	0.000027
728.938747	-0.000925	-0.000980	0.000027
729.258773	-0.000917	-0.000996	0.000040
729.578747	-0.000947	-0.001013	0.000033
729.898667	-0.000946	-0.000989	0.000021
730.218534	-0.000938	-0.001003	0.000032
730.538349	-0.000909	-0.001013	0.000052
730.858111	-0.000924	-0.001011	0.000044
731.177819	-0.000921	-0.000978	0.000029
731.497475	-0.000947	-0.000977	0.000015
731.817077	-0.000943	-0.001005	0.000031
732.136627	-0.000931	-0.000991	0.000030
732.456123	-0.000934	-0.000996	0.000031
732.775567	-0.000906	-0.000997	0.000046
733.094958	-0.000912	-0.000985	0.000037
733.414295	-0.000925	-0.001001	0.000038
733.733579	-0.000914	-0.000981	0.000033
734.052811	-0.000877	-0.000983	0.000053
734.371989	-0.000893	-0.000976	0.000042
734.691114	-0.000922	-0.000963	0.000020
735.010186	-0.000928	-0.000998	0.000035
735.329205	-0.000934	-0.001010	0.000038
735.648171	-0.000893	-0.000991	0.000049
735.967084	-0.000892	-0.001003	0.000055
736.285944	-0.000903	-0.000988	0.000042
736.604750	-0.000878	-0.001002	0.000062
736.923503	-0.000902	-0.000991	0.000045
737.242203	-0.000908	-0.000985	0.000039
737.560850	-0.000914	-0.000977	0.000031
737.879444	-0.000908	-0.000984	0.000038
738.197985	-0.000904	-0.000987	0.000042
738.516472	-0.000921	-0.000994	0.000037
738.834906	-0.000884	-0.001037	0.000076
739.153287	-0.000882	-0.001007	0.000063
739.471615	-0.000887	-0.000994	0.000053
739.789889	-0.000900	-0.000960	0.000030
740.108111	-0.000895	-0.001007	0.000056
740.426279	-0.000882	-0.000973	0.000045
740.744393	-0.000878	-0.000982	0.000052
741.062455	-0.000891	-0.000990	0.000050
741.380463	-0.000888	-0.000974	0.000043
741.698417	-0.000889	-0.000991	0.000051
742.016319	-0.000896	-0.001009	0.000056
742.334167	-0.000889	-0.001006	0.000058
742.651962	-0.000888	-0.000996	0.000054
742.969703	-0.000892	-0.000981	0.000045
743.287391	-0.000894	-0.000991	0.000048
743.605026	-0.000913	-0.001010	0.000049
743.922607	-0.000909	-0.001001	0.000046
744.240135	-0.000903	-0.000994	0.000046
744.557610	-0.000900	-0.000982	0.000041
744.875031	-0.000895	-0.000993	0.000049
745.192399	-0.000894	-0.000988	0.000047
745.509713	-0.000881	-0.001010	0.000065
745.826974	-0.000877	-0.001005	0.000064
746.144182	-0.000877	-0.001012	0.000068
746.461336	-0.000864	-0.000998	0.000067
746.778436	-0.000876	-0.000994	0.000059
747.095483	-0.000889	-0.000973	0.000042
747.412477	-0.000885	-0.000968	0.000041
747.729417	-0.000871	-0.000986	0.000058
748.046303	-0.000885	-0.000978	0.000047
748.363136	-0.000859	-0.000989	0.000065
748.679916	-0.000837	-0.000957	0.000060
748.996642	-0.000842	-0.000952	0.000055
749.313314	-0.000832	-0.000986	0.000077
749.629933	-0.000854	-0.000981	0.000064
749.946498	-0.000842	-0.000958	0.000058
750.263010	-0.000848	-0.000982	0.000067
750.579468	-0.000804	-0.000983	0.000089
750.895873	-0.000824	-0.000996	0.000086
751.212224	-0.000825	-0.000982	0.000078
751.528521	-0.000822	-0.000980	0.000079
751.844765	-0.000818	-0.000992	0.000087
752.160955	-0.000808	-0.000999	0.000096
752.477091	-0.000825	-0.000996	0.000085
752.793174	-0.000810	-0.000965	0.000077
753.109203	-0.000789	-0.000987	0.000099
753.425178	-0.000808	-0.000947	0.000070
753.741100	-0.000815	-0.000970	0.000078
754.056968	-0.000816	-0.000956	0.000070
754.372783	-0.000777	-0.000967	0.000095
754.688543	-0.000790	-0.000951	0.000081
755.004250	-0.000788	-0.000939	0.000075
755.319903	-0.000755	-0.000936	0.000091
755.635503	-0.000778	-0.000963	0.000093
755.951048	-0.000764	-0.000928	0.000082
756.266540	-0.000738	-0.000943	0.000103
756.581978	-0.000788	-0.000953	0.000082
756.897363	-0.000782	-0.000949	0.000084
757.212693	-0.000816	-0.000954	0.000069
757.527970	-0.000767	-0.000933	0.000083
757.843193	-0.000762	-0.000963	0.000100
758.158362	-0.000773	-0.000943	0.000085
758.473477	-0.000773	-0.000951	0.000089
758.788538	-0.000781	-0.000972	0.000096
759.103546	-0.000773	-0.000966	0.000097
759.418499	-0.000785	-0.000943	0.000079
759.733399	-0.000802	-0.000969	0.000083
760.048245	-0.000779	-0.000969	0.000095
760.363037	-0.000806	-0.000973	0.000083
760.677775	-0.000781	-0.000972	0.000095
760.992459	-0.000791	-0.000958	0.000083
761.307090	-0.000768	-0.000949	0.000091
761.621666	-0.000776	-0.000953	0.000088
761.936188	-0.000758	-0.000964	0.000103
762.250657	-0.000785	-0.000965	0.000090
762.565071	-0.000792	-0.000973	0.000091
762.879432	-0.000801	-0.000941	0.000070
763.193738	-0.000815	-0.000947	0.000066
763.507991	-0.000810	-0.000971	0.000080
763.822189	-0.000783	-0.000959	0.000088
764.136333	-0.000798	-0.000960	0.000081
764.450424	-0.000791	-0.000989	0.000099
764.764460	-0.000805	-0.000964	0.000080
765.078443	-0.000807	-0.000975	0.000084
765.392371	-0.000812	-0.000982	0.000085
765.706245	-0.000814	-0.001008	0.000097
766.020065	-0.000808	-0.001009	0.000100
766.333831	-0.000797	-0.001003	0.000103
766.647543	-0.000809	-0.000978	0.000085
766.961201	-0.000787	-0.001005	0.000109
767.274805	-0.000822	-0.000997	0.000087
767.588354	-0.000829	-0.001007	0.000089
767.901850	-0.000845	-0.001010	0.000082
768.215291	-0.000817	-0.000986	0.000084
768.528678	-0.000831	-0.001007	0.000088
768.842011	-0.000825	-0.000992	0.000084
769.155290	-0.000828	-0.000991	0.000082
769.468515	-0.000854	-0.000985	0.000066
769.781685	-0.000827	-0.000995	0.000084
770.094801	-0.000820	-0.000993	0.000087
770.407864	-0.000812	-0.000996	0.000092
770.720871	-0.000812	-0.001006	0.000097
771.033825	-0.000814	-0.000990	0.000088
771.346724	-0.000863	-0.001010	0.000074
771.659569	-0.000838	-0.001009	0.000085
771.972360	-0.000833	-0.001002	0.000085
772.285096	-0.000844	-0.001003	0.000079
772.597779	-0.000854	-0.001033	0.000089
772.910407	-0.000845	-0.001028	0.000092
773.222980	-0.000862	-0.001036	0.000087
773.535499	-0.000846	-0.001000	0.000077
773.847964	-0.000838	-0.001009	0.000086
774.160375	-0.000854	-0.001011	0.000078
774.472731	-0.000853	-0.001016	0.000081
774.785033	-0.000885	-0.001008	0.000061
775.097281	-0.000873	-0.001027	0.000077
775.409474	-0.000864	-0.001015	0.000076
775.721613	-0.000841	-0.001026	0.000092
776.033697	-0.000891	-0.001024	0.000066
776.345727	-0.000879	-0.001007	0.000064
776.657702	-0.000881	-0.001026	0.000072
776.969624	-0.000836	-0.001034	0.000099
777.281490	-0.000869	-0.001027	0.000079
777.593303	-0.000855	-0.001036	0.000091
777.905060	-0.000867	-0.001016	0.000075
778.216764	-0.000880	-0.001019	0.000069
778.528412	-0.000862	-0.001043	0.000091
778.840007	-0.000866	-0.001017	0.000076
779.151547	-0.000866	-0.001034	0.000084
779.463032	-0.000890	-0.001017	0.000064
779.774463	-0.000870	-0.001044	0.000087
780.085839	-0.000862	-0.001007	0.000072
780.397161	-0.000911	-0.001042	0.000065
780.708428	-0.000887	-0.001026	0.000070
781.019641	-0.000910	-0.001022	0.000056
781.330799	-0.000917	-0.001044	0.000064
781.641902	-0.000868	-0.001023	0.000078
781.952951	-0.000867	-0.001030	0.000082
782.263946	-0.000873	-0.001034	0.000081
782.574885	-0.000897	-0.001059	0.000081
782.885770	-0.000886	-0.001042	0.000078
783.196601	-0.000899	-0.001023	0.000062
783.507377	-0.000890	-0.001045	0.000077
783.818098	-0.000900	-0.001041	0.000070
784.128764	-0.000910	-0.001031	0.000060
784.439376	-0.000911	-0.001067	0.000078
784.749933	-0.000897	-0.001065	0.000084
785.060436	-0.000895	-0.001038	0.000071
785.370884	-0.000915	-0.001053	0.000069
785.681277	-0.000891	-0.001060	0.000085
785.991615	-0.000900	-0.001054	0.000077
786.301899	-0.000904	-0.001051	0.000073
786.612128	-0.000923	-0.001029	0.000053
786.922302	-0.000872	-0.001057	0.000092
787.232421	-0.000902	-0.001050	0.000074
787.542486	-0.000902	-0.001097	0.000097
787.852496	-0.000889	-0.001054	0.000082
788.162451	-0.000918	-0.001023	0.000053
788.472351	-0.000913	-0.001078	0.000082
788.782196	-0.000927	-0.001035	0.000054
789.091987	-0.000897	-0.001038	0.000070
789.401723	-0.000911	-0.001044	0.000066
789.711404	-0.000889	-0.001022	0.000067
790.021030	-0.000912	-0.001079	0.000084
790.330601	-0.000902	-0.001067	0.000083
790.640117	-0.000886	-0.001059	0.000087
790.949579	-0.000902	-0.001075	0.000086
791.258985	-0.000933	-0.001059	0.000063
791.568337	-0.000921	-0.001066	0.000073
791.877634	-0.000934	-0.001064	0.000065
792.186876	-0.000912	-0.001046	0.000067
792.496063	-0.000912	-0.001084	0.000086
792.805195	-0.000929	-0.001062	0.000067
793.114272	-0.000909	-0.001066	0.000078
793.423294	-0.000916	-0.001046	0.000065
793.732261	-0.000932	-0.001066	0.000067
794.041173	-0.000908	-0.001068	0.000080
794.350030	-0.000910	-0.001063	0.000076
794.658833	-0.000956	-0.001070	0.000057
794.967580	-0.000935	-0.001037	0.000051
795.276272	-0.000919	-0.001070	0.000075
795.584909	-0.000929	-0.001083	0.000077
795.893491	-0.000927	-0.001070	0.000072
796.202018	-0.000932	-0.001050	0.000059
796.510490	-0.000919	-0.001064	0.000072
796.818907	-0.000957	-0.001054	0.000048
797.127269	-0.000901	-0.001054	0.000076
797.435576	-0.000912	-0.001087	0.000088
797.743827	-0.000930	-0.001067	0.000068
798.052024	-0.000919	-0.001065	0.000073
798.360165	-0.000891	-0.001080	0.000095
798.668251	-0.000949	-0.001099	0.000075
798.976283	-0.000928	-0.001053	0.000062
799.284259	-0.000933	-0.001068	0.000067
799.592179	-0.000934	-0.001085	0.000075
799.900045	-0.000973	-0.001060	0.000044
800.207855	-0.000936	-0.001057	0.000060
800.515611	-0.000956	-0.001063	0.000054
800.823311	-0.000942	-0.001072	0.000065
801.130956	-0.000957	-0.001074	0.000058
801.438545	-0.000944	-0.001079	0.000067
801.746080	-0.000984	-0.001073	0.000044
802.053559	-0.000960	-0.001069	0.000054
802.360983	-0.000965	-0.001116	0.000076
802.668352	-0.000931	-0.001087	0.000078
802.975665	-0.000946	-0.001085	0.000070
803.282923	-0.000937	-0.001092	0.000077
803.590126	-0.000956	-0.001082	0.000063
803.897274	-0.000949	-0.001057	0.000054
804.204366	-0.000941	-0.001100	0.000079
804.511403	-0.000957	-0.001075	0.000059
804.818384	-0.000946	-0.001085	0.000069
805.125311	-0.000951	-0.001075	0.000062
805.432181	-0.000953	-0.001063	0.000055
805.738997	-0.000948	-0.001070	0.000061
806.045757	-0.000960	-0.001081	0.000060
806.352462	-0.000988	-0.001077	0.000045
806.659111	-0.000944	-0.001084	0.000070
806.965705	-0.000935	-0.001059	0.000062
807.272244	-0.000976	-0.001059	0.000041
807.578727	-0.000938	-0.001088	0.000075
807.885155	-0.000952	-0.001081	0.000064
808.191527	-0.000961	-0.001078	0.000058
808.497844	-0.000928	-0.001070	0.000071
808.804105	-0.000968	-0.001074	0.000053
809.110311	-0.000949	-0.001084	0.000068
809.416462	-0.000956	-0.001077	0.000061
809.722557	-0.000936	-0.001071	0.000068
810.028596	-0.000943	-0.001091	0.000074
810.334580	-0.000954	-0.001074	0.000060
810.640508	-0.000937	-0.001088	0.000075
810.946381	-0.000990	-0.001081	0.000045
811.252199	-0.000979	-0.001080	0.000050
811.557961	-0.000955	-0.001084	0.000064
811.863667	-0.000971	-0.001095	0.000062
812.169317	-0.000944	-0.001052	0.000054
812.474913	-0.000965	-0.001078	0.000056
812.780452	-0.000924	-0.001094	0.000085
813.085936	-0.000981	-0.001103	0.000061
813.391364	-0.000960	-0.001069	0.000054
813.696737	-0.000977	-0.001078	0.000050
814.002054	-0.000985	-0.001073	0.000044
814.307315	-0.000960	-0.001100	0.000070
814.612521	-0.000971	-0.001108	0.000069
814.917671	-0.000994	-0.001101	0.000054
815.222766	-0.000968	-0.001112	0.000072
815.527804	-0.000987	-0.001089	0.000051
815.832787	-0.000993	-0.001091	0.000049
816.137715	-0.000968	-0.001095	0.000063
816.442586	-0.000954	-0.001078	0.000062
816.747402	-0.000998	-0.001089	0.000045
817.052162	-0.000988	-0.001094	0.000053
817.356867	-0.000987	-0.001118	0.000066
817.661516	-0.000998	-0.001103	0.000053
817.966109	-0.000982	-0.001120	0.000069
818.270646	-0.000990	-0.001094	0.000052
818.575127	-0.000993	-0.001116	0.000062
818.879553	-0.000981	-0.001099	0.000059
819.183922	-0.001000	-0.001110	0.000055
819.488236	-0.000994	-0.001077	0.000042
819.792495	-0.000996	-0.001114	0.000059
820.096697	-0.000998	-0.001113	0.000057
820.400843	-0.001005	-0.001121	0.000058
820.704934	-0.000980	-0.001121	0.000070
821.008969	-0.000990	-0.001110	0.000060
821.312948	-0.001008	-0.001134	0.000063
821.616871	-0.000987	-0.001098	0.000055
821.920738	-0.001015	-0.001103	0.000044
822.224549	-0.000995	-0.001115	0.000060
822.528305	-0.001017	-0.001087	0.000035
822.832004	-0.001003	-0.001105	0.000051
823.135647	-0.001021	-0.001122	0.000050
823.439235	-0.001009	-0.001111	0.000051
823.742767	-0.000989	-0.001113	0.000062
824.046242	-0.001008	-0.001092	0.000042
824.349662	-0.001017	-0.001105	0.000044
824.653026	-0.001005	-0.001102	0.000049
824.956333	-0.001024	-0.001118	0.000047
825.259585	-0.001018	-0.001107	0.000045
825.562781	-0.000998	-0.001125	0.000064
825.865920	-0.000996	-0.001103	0.000054
826.169004	-0.000987	-0.001110	0.000061
826.472031	-0.001012	-0.001114	0.000051
826.775003	-0.001002	-0.001098	0.000048
827.077918	-0.001021	-0.001110	0.000044
827.380778	-0.001008	-0.001130	0.000061
827.683581	-0.001031	-0.001128	0.000049
827.986328	-0.001003	-0.001127	0.000062
828.289019	-0.001007	-0.001117	0.000055
828.591654	-0.001016	-0.001128	0.000056
828.894233	-0.001008	-0.001085	0.000038
829.196756	-0.001017	-0.001102	0.000043
829.499223	-0.001030	-0.001131	0.000050
829.801633	-0.001020	-0.001132	0.000056
830.103988	-0.001039	-0.001122	0.000042
830.406286	-0.001027	-0.001104	0.000039
830.708528	-0.001018	-0.001126	0.000054
831.010713	-0.001030	-0.001125	0.000048
831.312843	-0.001039	-0.001121	0.000041
831.614916	-0.001024	-0.001126	0.000051
831.916933	-0.001033	-0.001124	0.000045
832.218894	-0.001018	-0.001110	0.000046
832.520799	-0.001032	-0.001131	0.000050
832.822647	-0.001031	-0.001119	0.000044
833.124440	-0.001052	-0.001132	0.000040
833.426175	-0.001042	-0.001120	0.000039
833.727855	-0.001063	-0.001141	0.000039
834.029478	-0.001019	-0.001118	0.000049
834.331045	-0.001032	-0.001121	0.000045
834.632556	-0.001035	-0.001129	0.000047
834.934010	-0.001033	-0.001126	0.000047
835.235408	-0.001028	-0.001118	0.000045
835.536750	-0.001065	-0.001128	0.000031
835.838035	-0.001014	-0.001115	0.000051
836.139264	-0.001023	-0.001114	0.000046
836.440437	-0.001066	-0.001117	0.000026
836.741553	-0.001023	-0.001128	0.000053
837.042613	-0.001008	-0.001138	0.000065
837.343616	-0.001025	-0.001113	0.000044
837.644563	-0.001027	-0.001141	0.000057
837.945454	-0.001041	-0.001143	0.000051
838.246288	-0.001030	-0.001111	0.000041
838.547066	-0.001030	-0.001110	0.000040
838.847787	-0.001048	-0.001116	0.000034
839.148452	-0.001048	-0.001114	0.000033
839.449060	-0.001041	-0.001135	0.000047
839.749612	-0.001041	-0.001131	0.000045
840.050108	-0.001054	-0.001137	0.000042
840.350547	-0.001053	-0.001159	0.000053
840.650929	-0.001024	-0.001149	0.000062
840.951255	-0.001057	-0.001146	0.000044
841.251524	-0.001048	-0.001125	0.000039
841.551737	-0.001063	-0.001123	0.000030
841.851893	-0.001069	-0.001150	0.000041
842.151993	-0.001025	-0.001132	0.000054
842.452036	-0.001038	-0.001113	0.000037
842.752022	-0.001031	-0.001129	0.000049
843.051952	-0.001039	-0.001126	0.000044
843.351825	-0.001059	-0.001132	0.000036
843.651642	-0.001041	-0.001136	0.000048
843.951402	-0.001088	-0.001116	0.000014
844.251106	-0.001059	-0.001144	0.000042
844.550752	-0.001041	-0.001155	0.000057
844.850343	-0.001059	-0.001132	0.000037
845.149876	-0.001070	-0.001125	0.000027
845.449353	-0.001075	-0.001135	0.000030
845.748773	-0.001079	-0.001113	0.000017
846.048136	-0.001036	-0.001151	0.000057
846.347443	-0.001060	-0.001148	0.000044
846.646693	-0.001050	-0.001160	0.000055
846.945886	-0.001067	-0.001126	0.000030
847.245023	-0.001068	-0.001145	0.000039
847.544103	-0.001064	-0.001138	0.000037
847.843126	-0.001054	-0.001145	0.000045
848.142092	-0.001064	-0.001150	0.000043
848.441002	-0.001054	-0.001134	0.000040
848.739854	-0.001072	-0.001153	0.000040
849.038650	-0.001092	-0.001126	0.000017
849.337390	-0.001081	-0.001166	0.000042
849.636072	-0.001068	-0.001141	0.000036
849.934697	-0.001085	-0.001121	0.000018
850.233266	-0.001040	-0.001147	0.000053
850.531778	-0.001049	-0.001140	0.000045
850.830233	-0.001037	-0.001148	0.000055
851.128631	-0.001041	-0.001144	0.000051
851.426972	-0.001062	-0.001137	0.000037
851.725257	-0.001050	-0.001152	0.000051
852.023484	-0.001078	-0.001124	0.000023
852.321655	-0.001093	-0.001156	0.000032
852.619768	-0.001097	-0.001151	0.000027
852.917825	-0.001078	-0.001120	0.000021
853.215825	-0.001092	-0.001149	0.000028
853.513768	-0.001083	-0.001147	0.000032
853.811654	-0.001061	-0.001126	0.000033
854.109483	-0.001093	-0.001160	0.000033
854.407255	-0.001097	-0.001180	0.000041
854.704970	-0.001072	-0.001165	0.000046
855.002628	-0.001064	-0.001149	0.000043
855.300229	-0.001114	-0.001123	0.000005
855.597773	-0.001098	-0.001126	0.000014
855.895260	-0.001063	-0.001150	0.000044
856.192690	-0.001085	-0.001136	0.000026
856.490063	-0.001096	-0.001163	0.000034
856.787378	-0.001080	-0.001161	0.000040
857.084637	-0.001061	-0.001145	0.000042
857.381839	-0.001091	-0.001157	0.000033
857.678984	-0.001096	-0.001138	0.000021
857.976071	-0.001071	-0.001160	0.000044
858.273101	-0.001098	-0.001142	0.000022
858.570075	-0.001088	-0.001149	0.000031
858.866991	-0.001098	-0.001148	0.000025
859.163850	-0.001103	-0.001136	0.000016
859.460652	-0.001080	-0.001172	0.000046
859.757397	-0.001101	-0.001167	0.000033
860.054084	-0.001087	-0.001145	0.000029
860.350715	-0.001089	-0.001138	0.000025
860.647288	-0.001103	-0.001158	0.000027
860.943804	-0.001096	-0.001140	0.000022
861.240263	-0.001080	-0.001152	0.000036
861.536665	-0.001104	-0.001136	0.000016
861.833009	-0.001078	-0.001152	0.000037
862.129296	-0.001119	-0.001178	0.000029
862.425526	-0.001110	-0.001159	0.000025
862.721699	-0.001109	-0.001139	0.000015
863.017814	-0.001096	-0.001137	0.000021
863.313872	-0.001107	-0.001145	0.000019
863.609873	-0.001100	-0.001158	0.000029
863.905817	-0.001102	-0.001142	0.000020
864.201703	-0.001124	-0.001141	0.000008
864.497532	-0.001128	-0.001159	0.000016
864.793304	-0.001096	-0.001175	0.000039
865.089018	-0.001093	-0.001159	0.000033
865.384675	-0.001090	-0.001154	0.000032
865.680274	-0.001127	-0.001156	0.000014
865.975817	-0.001135	-0.001150	0.000008
866.271302	-0.001080	-0.001144	0.000032
866.566729	-0.001087	-0.001167	0.000040
866.862099	-0.001077	-0.001136	0.000030
867.157412	-0.001098	-0.001152	0.000027
867.452667	-0.001102	-0.001171	0.000034
867.747865	-0.001102	-0.001165	0.000032
868.043005	-0.001108	-0.001164	0.000028
868.338088	-0.001122	-0.001168	0.000023
868.633114	-0.001127	-0.001141	0.000007
868.928082	-0.001108	-0.001149	0.000021
869.222993	-0.001093	-0.001184	0.000046
869.517846	-0.001114	-0.001174	0.000030
869.812641	-0.001104	-0.001197	0.000046
870.107379	-0.001088	-0.001157	0.000035
870.402060	-0.001144	-0.001180	0.000018
870.696683	-0.001145	-0.001165	0.000010
870.991248	-0.001117	-0.001162	0.000023
871.285756	-0.001131	-0.001155	0.000012
871.580207	-0.001132	-0.001166	0.000017
871.874600	-0.001111	-0.001191	0.000040
872.168935	-0.001123	-0.001168	0.000022
872.463213	-0.001128	-0.001171	0.000021
872.757433	-0.001110	-0.001152	0.000021
873.051595	-0.001117	-0.001176	0.000029
873.345700	-0.001120	-0.001177	0.000028
873.639748	-0.001122	-0.001154	0.000016
873.933737	-0.001132	-0.001152	0.000010
874.227669	-0.001123	-0.001193	0.000035
874.521544	-0.001150	-0.001190	0.000020
874.815360	-0.001115	-0.001167	0.000026
875.109119	-0.001091	-0.001145	0.000027
875.402821	-0.001117	-0.001151	0.000017
875.696464	-0.001137	-0.001150	0.000006
875.990050	-0.001117	-0.001159	0.000021
876.283578	-0.001134	-0.001161	0.000013
876.577049	-0.001113	-0.001164	0.000025
876.870462	-0.001100	-0.001165	0.000033
877.163817	-0.001135	-0.001163	0.000014
877.457114	-0.001131	-0.001169	0.000019
877.750353	-0.001126	-0.001180	0.000027
878.043535	-0.001161	-0.001171	0.000005
878.336659	-0.001146	-0.001191	0.000023
878.629725	-0.001143	-0.001195	0.000026
878.922733	-0.001153	-0.001162	0.000005
879.215684	-0.001121	-0.001185	0.000032
879.508577	-0.001113	-0.001176	0.000032
879.801411	-0.001129	-0.001187	0.000029
880.094189	-0.001154	-0.001175	0.000011
880.386908	-0.001144	-0.001178	0.000017
880.679569	-0.001138	-0.001158	0.000010
880.972172	-0.001141	-0.001174	0.000017
881.264718	-0.001139	-0.001170	0.000015
881.557206	-0.001149	-0.001174	0.000013
881.849635	-0.001145	-0.001140	-0.000002
882.142007	-0.001116	-0.001172	0.000028
882.434321	-0.001143	-0.001175	0.000016
882.726577	-0.001145	-0.001197	0.000026
883.018775	-0.001149	-0.001170	0.000011
883.310915	-0.001125	-0.001159	0.000017
883.602997	-0.001149	-0.001181	0.000016
883.895021	-0.001144	-0.001170	0.000013
884.186987	-0.001113	-0.001155	0.000021
884.478896	-0.001124	-0.001169	0.000023
884.770746	-0.001136	-0.001195	0.000030
885.062538	-0.001151	-0.001169	0.000009
885.354272	-0.001150	-0.001186	0.000018
885.645948	-0.001175	-0.001170	-0.000002
885.937566	-0.001154	-0.001176	0.000011
886.229126	-0.001131	-0.001162	0.000016
886.520628	-0.001157	-0.001177	0.000010
886.812072	-0.001143	-0.001190	0.000023
887.103458	-0.001133	-0.001177	0.000022
887.394785	-0.001148	-0.001186	0.000019
887.686055	-0.001162	-0.001185	0.000012
887.977266	-0.001147	-0.001191	0.000022
888.268420	-0.001145	-0.001201	0.000028
888.559515	-0.001113	-0.001188	0.000038
888.850552	-0.001118	-0.001187	0.000034
889.141531	-0.001135	-0.001177	0.000021
889.432451	-0.001153	-0.001159	0.000003
889.723314	-0.001166	-0.001170	0.000002
890.014118	-0.001150	-0.001189	0.000019
890.304864	-0.001128	-0.001144	0.000008
890.595552	-0.001147	-0.001167	0.000010
890.886182	-0.001166	-0.001175	0.000005
891.176754	-0.001139	-0.001173	0.000017
891.467267	-0.001174	-0.001178	0.000002
891.757722	-0.001131	-0.001170	0.000019
