6.542578	4558518618868151.000000	4558518618868151.000000	0.000000
6.529189	0.005270	0.005270	0.000000
6.515856	0.214466	-0.292422	14.521278
6.502578	0.399654	0.211083	5.402163
6.489355	0.649787	18.369873	-507.643072
6.476188	0.207725	0.017462	5.450641
6.463075	0.777454	0.749009	0.814888
6.450016	-0.000103	1.806156	-51.745505
6.437011	0.039051	0.250629	-6.061249
6.424060	-0.606930	-0.390501	-6.200218
6.411162	-0.111788	0.674049	-22.512561
6.398317	-0.135211	0.630073	-21.923752
6.385525	-1.054870	0.195568	-35.822404
6.372785	1.987212	-0.115490	60.237989
6.360096	0.562402	0.101517	13.203381
6.347460	2.254427	-0.622854	82.428014
6.334875	0.363324	-12.072320	356.254957
6.322341	0.642240	-0.095284	21.128516
6.309857	0.158429	0.310281	-4.350222
6.297424	8.637194	-0.601464	264.668032
6.285042	0.188459	0.275056	-2.480816
6.272709	0.050916	-1.502704	44.507928
6.260425	1.014308	2.133454	-32.061188
6.248191	0.001788	2.482859	-71.077454
6.236005	0.342589	-0.461729	23.042024
6.223868	0.061781	0.207374	-4.170930
6.211780	0.086005	-0.017323	2.960115
6.199740	0.094610	0.175930	-2.329648
6.187747	0.122454	0.129734	-0.208552
6.175802	0.198437	0.079925	3.395125
6.163904	0.070423	-0.030765	2.898809
6.152053	0.117196	0.188278	-2.036345
6.140248	0.133228	0.062032	2.039607
6.128490	0.124133	0.334570	-6.028586
6.116778	0.118948	0.282084	-4.673501
6.105112	0.284803	0.026766	7.392207
6.093492	0.289767	0.069445	6.311761
6.081916	0.165176	0.137047	0.805811
6.070386	0.077678	0.104555	-0.769959
6.058901	0.219139	0.137359	2.342844
6.047460	0.007441	0.131867	-3.564552
6.036063	0.144717	0.243903	-2.841455
6.024710	0.127070	0.070643	1.616518
6.013401	0.110470	0.061739	1.396024
6.002135	-0.007084	0.274273	-8.060274
5.990913	0.045227	0.134975	-2.571082
5.979734	0.064067	0.056147	0.226893
5.968597	0.141319	0.141344	-0.000694
5.957503	0.277266	0.019862	7.374085
5.946451	0.210728	0.323376	-3.227120
5.935442	0.202839	0.212657	-0.281254
5.924474	0.088678	0.131416	-1.224342
5.913547	0.147236	0.089233	1.661658
5.902662	0.069150	0.172729	-2.967306
5.891818	0.105682	0.154667	-1.403316
5.881015	0.130174	0.053320	2.201719
5.870252	0.177247	-0.031609	5.983275
5.859530	0.112467	0.049582	1.801529
5.848848	0.105248	0.345587	-6.885218
5.838205	0.146672	0.181046	-0.984734
5.827603	0.117809	0.162267	-1.273640
5.817040	0.081983	0.165939	-2.405157
5.806516	0.202321	0.245144	-1.226783
5.796031	0.243211	0.134700	3.108617
5.785586	0.299214	0.085033	6.135843
5.775178	0.228083	0.064896	4.674963
5.764810	0.175323	-0.025847	5.763109
5.754479	0.037535	0.067278	-0.852079
5.744186	0.241432	0.147149	2.701006
5.733931	0.172869	0.179586	-0.192434
5.723714	0.189860	0.142363	1.360669
5.713534	0.011907	0.009775	0.061099
5.703391	0.130899	0.039465	2.619413
5.693285	0.181093	-0.016063	5.648132
5.683216	0.207481	0.094676	3.231631
5.673184	0.236717	0.211752	0.715183
5.663188	0.106293	0.135398	-0.833800
5.653228	0.110279	0.077661	0.934429
5.643304	0.108202	0.277852	-4.860095
5.633415	0.243249	0.089084	4.416499
5.623562	0.085682	0.144580	-1.687314
5.613745	0.109366	0.216169	-3.059692
5.603963	0.066077	0.133456	-1.930270
5.594216	0.097730	0.052963	1.282454
5.584504	0.103227	0.066070	1.064465
5.574826	0.035430	0.120343	-2.432587
5.565183	0.075926	0.076784	-0.024578
5.555574	0.117359	0.073271	1.263029
5.545999	0.090595	0.102867	-0.351567
5.536458	0.064861	0.135525	-2.024386
5.526950	0.021708	0.043675	-0.629292
5.517477	0.079900	0.140270	-1.729472
5.508036	0.020173	0.067715	-1.361996
5.498629	0.050307	0.069298	-0.544042
5.489255	0.033880	0.016824	0.488626
5.479914	0.030464	0.033757	-0.094333
5.470605	-0.004113	-0.005133	0.029212
5.461329	0.091289	0.084745	0.187459
5.452085	0.071076	0.022421	1.393861
5.442874	0.007980	0.072290	-1.842363
5.433694	0.060756	0.012063	1.394971
5.424546	-0.027367	0.042362	-1.997597
5.415430	0.032770	0.026572	0.177548
5.406345	0.056400	0.009909	1.331891
5.397292	0.002234	0.025659	-0.671097
5.388270	0.040972	0.025140	0.453556
5.379279	0.041980	-0.016049	1.662428
5.370319	0.029483	0.001206	0.810054
5.361389	0.029230	-0.016293	1.304126
5.352490	-0.021875	0.008228	-0.862389
5.343621	0.029076	-0.015160	1.267258
5.334783	0.056957	-0.027259	2.412613
5.325975	0.025669	0.070803	-1.293017
5.317196	0.049531	0.044460	0.145273
5.308448	0.024782	0.000648	0.691397
5.299729	0.032638	-0.010611	1.238975
5.291039	0.012530	0.074559	-1.777001
5.282379	-0.027440	0.049159	-2.194394
5.273748	0.042653	0.072188	-0.846109
5.265146	-0.003595	-0.021615	0.516232
5.256573	0.036852	0.002472	0.984912
5.248029	0.003111	0.003835	-0.020760
5.239513	0.073127	0.010967	1.780769
5.231026	0.060173	-0.036122	2.758647
5.222567	0.006823	-0.008906	0.450594
5.214136	-0.012541	0.024644	-1.065252
5.205733	0.033228	0.015805	0.499154
5.197358	0.030761	0.008391	0.640867
5.189011	-0.012780	0.027057	-1.141239
5.180691	-0.025904	-0.014885	-0.315670
5.172399	0.014025	-0.015215	0.837675
5.164135	-0.021649	-0.000478	-0.606500
5.155897	0.019413	0.006874	0.359229
5.147687	-0.006731	-0.023188	0.471463
5.139503	0.000294	0.014579	-0.409229
5.131346	-0.001005	0.000748	-0.050209
5.123216	0.000435	0.014984	-0.416821
5.115113	-0.017277	0.039114	-1.615473
5.107036	0.019544	0.002033	0.501650
5.098985	0.007629	0.003164	0.127925
5.090960	0.019311	-0.014597	0.971399
5.082962	0.007568	-0.001226	0.251935
5.074989	0.006988	0.005100	0.054092
5.067042	-0.001136	0.001148	-0.065433
5.059121	0.008755	-0.008025	0.480732
5.051225	0.012030	-0.003992	0.459011
5.043355	0.010597	-0.015710	0.753653
5.035510	0.002536	0.000326	0.063325
5.027690	0.014882	-0.005540	0.585053
5.019895	-0.008191	-0.012557	0.125084
5.012126	-0.010563	-0.022501	0.342000
5.004381	-0.021703	0.000504	-0.636193
4.996660	0.001542	-0.006790	0.238709
4.988964	0.008161	0.025676	-0.501755
4.981293	-0.017185	-0.007945	-0.264706
4.973646	-0.002046	-0.008193	0.176108
4.966023	-0.010484	-0.005472	-0.143587
4.958425	0.002991	-0.017445	0.585457
4.950850	0.002838	-0.004710	0.216236
4.943299	0.007636	-0.019339	0.772782
4.935772	0.009206	-0.004928	0.404897
4.928269	-0.010174	-0.017502	0.209940
4.920789	-0.012612	-0.015137	0.072351
4.913333	-0.008216	-0.016657	0.241834
4.905900	-0.008432	-0.004867	-0.102139
4.898490	0.001453	-0.018246	0.564342
4.891103	0.008510	-0.000806	0.266861
4.883739	-0.000024	-0.014463	0.413641
4.876399	0.012202	-0.005692	0.512617
4.869081	0.011632	-0.009346	0.600972
4.861785	0.001465	-0.015889	0.497160
4.854512	0.018424	-0.004061	0.644140
4.847262	0.000868	-0.005532	0.183321
4.840034	0.002745	0.011941	-0.263437
4.832829	-0.000289	-0.002716	0.069516
4.825645	0.001302	-0.007745	0.259176
4.818484	-0.007289	0.003911	-0.320843
4.811344	-0.007590	-0.011472	0.111219
4.804227	-0.011622	0.000033	-0.333909
4.797131	-0.003730	0.006698	-0.298735
4.790057	0.000271	-0.013306	0.388942
4.783004	-0.012026	-0.016533	0.129126
4.775973	-0.000411	-0.011046	0.304683
4.768963	-0.008314	-0.029845	0.616814
4.761974	0.006715	-0.008746	0.442922
4.755007	-0.003808	-0.001111	-0.077254
4.748061	-0.001879	-0.018215	0.467989
4.741136	-0.005563	-0.018153	0.360670
4.734231	0.000097	-0.019310	0.555972
4.727348	-0.007177	-0.013636	0.185041
4.720485	-0.013314	-0.002953	-0.296812
4.713642	-0.020306	-0.016122	-0.119870
4.706821	-0.011950	-0.012969	0.029181
4.700019	-0.006280	-0.009762	0.099750
4.693238	-0.012514	-0.001894	-0.304236
4.686478	0.000789	-0.019532	0.582144
4.679737	-0.010045	-0.016420	0.182654
4.673016	-0.003914	-0.003492	-0.012091
4.666316	-0.010275	-0.018166	0.226059
4.659635	-0.006554	0.000314	-0.196739
4.652974	0.003934	0.006759	-0.080937
4.646333	-0.003137	-0.003776	0.018294
4.639711	0.001748	-0.003044	0.137285
4.633109	-0.013892	-0.003227	-0.305530
4.626527	-0.009851	0.005199	-0.431150
4.619963	0.008034	-0.005241	0.380288
4.613420	0.001238	-0.002596	0.109831
4.606895	0.008587	-0.012663	0.608764
4.600389	0.001113	-0.010038	0.319441
4.593902	-0.008002	-0.015051	0.201937
4.587435	-0.007924	-0.007347	-0.016532
4.580986	0.002790	0.005547	-0.078989
4.574556	0.000688	-0.003036	0.106683
4.568145	-0.000634	-0.008034	0.211994
4.561752	-0.008756	-0.010110	0.038806
4.555378	-0.006482	-0.005256	-0.035123
4.549022	-0.005294	-0.005550	0.007320
4.542685	-0.009552	-0.016054	0.186291
4.536365	-0.008559	-0.009852	0.037050
4.530065	-0.008473	-0.012267	0.108679
4.523782	-0.010596	-0.007288	-0.094753
4.517517	-0.005196	-0.008474	0.093897
4.511271	-0.002699	-0.012039	0.267566
4.505042	-0.010453	-0.012185	0.049613
4.498831	-0.009381	-0.017209	0.224275
4.492638	-0.004129	-0.005315	0.034000
4.486462	-0.001351	-0.009250	0.226290
4.480304	-0.005750	-0.008302	0.073112
4.474164	0.004613	-0.004026	0.247499
4.468041	-0.010425	-0.000418	-0.286660
4.461935	-0.002778	-0.001663	-0.031947
4.455847	-0.000316	0.000512	-0.023741
4.449776	-0.007118	0.001302	-0.241221
4.443722	0.000345	-0.005147	0.157330
4.437686	0.002621	-0.009705	0.353111
4.431666	-0.001042	0.004278	-0.152399
4.425663	0.001183	-0.007633	0.252572
4.419677	-0.000088	-0.001302	0.034780
4.413708	0.002621	0.006854	-0.121263
4.407755	0.004739	-0.000089	0.138290
4.401820	0.005453	-0.002602	0.230757
4.395901	0.008305	0.004498	0.109067
4.389998	-0.000234	0.000201	-0.012461
4.384112	0.017731	0.004926	0.366842
4.378242	0.000945	-0.005961	0.197829
4.372389	0.005881	0.002102	0.108267
4.366551	0.003513	-0.006691	0.292338
4.360730	0.004316	0.004258	0.001661
4.354925	0.000318	-0.005121	0.155811
4.349136	0.005026	0.002874	0.061648
4.343364	-0.004765	-0.010773	0.172117
4.337607	-0.001627	-0.005789	0.119235
4.331865	0.002297	-0.003069	0.153708
4.326140	-0.003099	-0.005042	0.055659
4.320430	-0.007183	-0.012418	0.149994
4.314736	0.002518	-0.001356	0.110985
4.309058	-0.000372	-0.005928	0.159153
4.303395	-0.012557	0.001079	-0.390637
4.297748	-0.006061	-0.010060	0.114564
4.292116	-0.007149	-0.001337	-0.166511
4.286499	-0.003177	-0.006013	0.081249
4.280898	-0.007110	-0.010381	0.093693
4.275312	-0.005606	-0.002583	-0.086588
4.269741	-0.000362	-0.012860	0.358060
4.264185	-0.007473	-0.008569	0.031387
4.258644	-0.000773	-0.001572	0.022891
4.253118	-0.003522	-0.009113	0.160162
4.247607	-0.001368	-0.004085	0.077848
4.242111	-0.002930	-0.003564	0.018141
4.236629	0.000775	0.000041	0.021001
4.231163	-0.002285	0.001100	-0.096969
4.225711	0.001230	-0.001742	0.085164
4.220274	-0.000083	-0.004974	0.140112
4.214851	0.003327	0.002233	0.031354
4.209442	-0.000428	0.000135	-0.016149
4.204049	0.003958	0.004286	-0.009395
4.198669	0.002933	0.004668	-0.049703
4.193304	0.004774	0.002991	0.051082
4.187953	-0.001371	0.004075	-0.156016
4.182616	0.001862	-0.000150	0.057641
4.177294	0.006947	0.007761	-0.023325
4.171985	0.005315	0.005544	-0.006548
4.166691	0.007452	0.005527	0.055151
4.161411	0.002842	0.006465	-0.103809
4.156144	0.003422	0.007187	-0.107848
4.150892	0.001030	0.005777	-0.135979
4.145653	0.007878	0.005925	0.055953
4.140428	0.007027	0.005090	0.055476
4.135217	0.005676	0.002672	0.086039
4.130019	0.006631	0.002434	0.120236
4.124835	0.006392	0.005567	0.023629
4.119665	0.008077	0.007485	0.016948
4.114508	0.003194	-0.000944	0.118560
4.109364	0.006468	0.000947	0.158168
4.104234	0.000180	-0.000093	0.007827
4.099117	0.000140	-0.001946	0.059776
4.094014	0.001900	-0.000240	0.061320
4.088924	-0.000861	-0.000144	-0.020517
4.083846	-0.003882	-0.002962	-0.026375
4.078783	-0.001332	-0.005751	0.126594
4.073732	0.001764	-0.005661	0.212683
4.068694	-0.001029	-0.000367	-0.018975
4.063669	-0.000717	-0.003419	0.077410
4.058657	-0.003904	-0.004971	0.030550
4.053658	-0.001462	-0.003283	0.052192
4.048672	-0.003705	-0.006350	0.075765
4.043699	0.000071	-0.003758	0.109709
4.038738	-0.003072	-0.002150	-0.026421
4.033790	-0.004063	-0.007169	0.089001
4.028855	-0.003197	-0.000012	-0.091222
4.023933	-0.002555	-0.000587	-0.056376
4.019022	0.001891	-0.005311	0.206319
4.014125	0.001518	0.001011	0.014531
4.009240	-0.004551	-0.002150	-0.068781
4.004367	0.000799	0.000067	0.020965
3.999506	-0.004076	-0.002129	-0.055783
3.994658	0.001546	-0.006683	0.235749
3.989823	-0.000594	-0.001457	0.024726
3.984999	-0.003554	0.000382	-0.112756
3.980187	0.000284	0.000402	-0.003372
3.975388	0.001656	-0.001925	0.102565
3.970601	0.001162	0.001361	-0.005689
3.965826	-0.001258	0.000755	-0.057673
3.961063	0.002119	0.003668	-0.044364
3.956311	0.004320	0.003568	0.021527
3.951572	0.005913	0.008493	-0.073901
3.946844	0.009497	0.005496	0.114613
3.942129	0.006561	0.005870	0.019793
3.937425	0.009398	0.006498	0.083087
3.932733	0.007478	0.010156	-0.076734
3.928052	0.008604	0.011369	-0.079230
3.923383	0.010864	0.007037	0.109650
3.918726	0.008161	0.006040	0.060753
3.914080	0.009253	0.006059	0.091514
3.909446	0.008334	0.006343	0.057038
3.904823	0.012235	0.005850	0.182916
3.900212	0.011550	0.007556	0.114420
3.895612	0.010323	0.011170	-0.024267
3.891023	0.009223	0.005734	0.099944
3.886446	0.009032	0.010690	-0.047494
3.881880	0.004851	0.010729	-0.168409
3.877325	0.007497	0.007465	0.000911
3.872781	0.007472	0.010153	-0.076818
3.868249	0.008198	0.005425	0.079456
3.863727	0.004130	0.005939	-0.051826
3.859217	0.004898	0.005597	-0.020043
3.854718	0.002919	0.007151	-0.121232
3.850229	0.005287	0.005934	-0.018542
3.845752	0.004640	0.007813	-0.090894
3.841285	0.004437	0.002988	0.041510
3.836829	0.002612	0.005790	-0.091032
3.832384	0.005249	-0.000153	0.154763
3.827950	0.001393	0.005281	-0.111384
3.823527	0.003792	0.003947	-0.004421
3.819114	0.002257	0.003865	-0.046048
3.814712	0.004610	0.001535	0.088094
3.810321	0.000716	-0.002499	0.092094
3.805940	0.001953	0.000392	0.044737
3.801570	-0.001941	0.004783	-0.192637
3.797210	-0.001907	0.000663	-0.073611
3.792860	-0.003675	0.001039	-0.135042
3.788522	-0.001926	-0.001507	-0.012005
3.784193	-0.001550	0.001222	-0.079426
3.779875	-0.000583	-0.001465	0.025273
3.775567	-0.001315	-0.001456	0.004029
3.771269	-0.001850	-0.000739	-0.031811
3.766982	-0.001195	0.002789	-0.114135
3.762705	-0.002040	-0.000814	-0.035131
3.758438	-0.000759	-0.004524	0.107854
3.754181	-0.002757	-0.002693	-0.001840
3.749935	-0.003446	-0.002054	-0.039875
3.745698	-0.003889	0.001618	-0.157751
3.741472	-0.000742	-0.000753	0.000322
3.737255	-0.003020	0.001536	-0.130517
3.733048	0.003327	0.002841	0.013917
3.728852	0.001356	0.001893	-0.015388
3.724665	0.000225	0.000318	-0.002664
3.720488	0.002328	0.006117	-0.108529
3.716321	0.001437	0.001676	-0.006870
3.712163	0.004172	0.000210	0.113503
3.708016	0.007377	0.003371	0.114755
3.703878	0.006659	0.006941	-0.008084
3.699750	0.001922	0.007679	-0.164907
3.695631	0.004483	0.006480	-0.057206
3.691522	0.007010	0.005151	0.053272
3.687423	0.008126	0.004174	0.113204
3.683333	0.004225	0.005078	-0.024446
3.679253	0.006001	0.007704	-0.048771
3.675182	0.006585	0.008797	-0.063380
3.671120	0.010238	0.006207	0.115474
3.667069	0.011922	0.009215	0.077543
3.663026	0.009831	0.010249	-0.011976
3.658993	0.007298	0.012518	-0.149545
3.654969	0.010918	0.011427	-0.014584
3.650954	0.008843	0.009411	-0.016261
3.646949	0.008822	0.008667	0.004446
3.642953	0.009322	0.006982	0.067035
3.638966	0.008338	0.011846	-0.100478
3.634988	0.009279	0.010427	-0.032893
3.631020	0.007394	0.009425	-0.058167
3.627060	0.009853	0.006958	0.082941
3.623110	0.006424	0.008232	-0.051789
3.619168	0.006756	0.008611	-0.053146
3.615236	0.007273	0.008495	-0.034989
3.611312	0.008353	0.009472	-0.032060
3.607398	0.010587	0.010527	0.001707
3.603492	0.010084	0.011921	-0.052614
3.599596	0.009348	0.008286	0.030416
3.595708	0.005353	0.009986	-0.132718
3.591829	0.009679	0.007753	0.055179
3.587959	0.008671	0.011926	-0.093247
3.584097	0.002572	0.009238	-0.190969
3.580244	0.006605	0.009212	-0.074690
3.576400	0.005331	0.007986	-0.076081
3.572565	0.003063	0.008713	-0.161855
3.568738	0.003166	0.005296	-0.061005
3.564920	0.004154	0.008000	-0.110190
3.561111	0.004633	0.004543	0.002583
3.557310	0.003250	0.006563	-0.094912
3.553517	0.003341	0.007707	-0.125055
3.549734	0.001570	0.004725	-0.090388
3.545958	0.005304	0.007614	-0.066189
3.542191	0.002987	0.002932	0.001575
3.538433	-0.001277	0.004210	-0.157194
3.534683	0.002395	0.003041	-0.018504
3.530941	0.003169	0.003306	-0.003911
3.527207	-0.002073	0.004411	-0.185765
3.523482	0.002784	0.001022	0.050470
3.519765	0.004568	0.002423	0.061458
3.516057	-0.000746	0.002480	-0.092420
3.512356	-0.002059	0.004584	-0.190307
3.508664	0.001297	0.003022	-0.049441
3.504980	0.001038	0.000976	0.001788
3.501304	0.001537	0.001744	-0.005919
3.497636	-0.001580	0.002303	-0.111253
3.493977	-0.001837	0.003505	-0.153036
3.490325	0.002435	0.004637	-0.063058
3.486682	-0.000263	0.001114	-0.039430
3.483046	-0.000562	0.000473	-0.029649
3.479419	0.000707	0.002049	-0.038452
3.475799	0.000813	0.002458	-0.047139
3.472187	0.002402	0.005642	-0.092813
3.468583	0.001912	0.000984	0.026591
3.464988	0.003251	0.004842	-0.045560
3.461400	-0.000537	0.004061	-0.131724
3.457819	0.005931	0.003559	0.067947
3.454247	0.006370	0.005925	0.012759
3.450682	0.005656	0.005616	0.001130
3.447125	0.004593	0.006058	-0.041955
3.443576	0.005572	0.007311	-0.049837
3.440035	0.005432	0.008171	-0.078465
3.436501	0.004699	0.005062	-0.010396
3.432975	0.008976	0.006160	0.080667
3.429457	0.005819	0.007325	-0.043129
3.425946	0.009229	0.008905	0.009274
3.422442	0.007821	0.008695	-0.025044
3.418947	0.005953	0.008148	-0.062864
3.415459	0.012022	0.010619	0.040190
3.411978	0.009555	0.011356	-0.051606
3.408505	0.014113	0.011237	0.082396
3.405039	0.010169	0.010680	-0.014638
3.401581	0.012809	0.012475	0.009568
3.398130	0.011016	0.013758	-0.078563
3.394686	0.010159	0.014247	-0.117126
3.391250	0.013454	0.013330	0.003545
3.387821	0.015231	0.014861	0.010609
3.384400	0.016155	0.016774	-0.017732
3.380986	0.015194	0.012966	0.063824
3.377579	0.015351	0.017401	-0.058744
3.374179	0.015839	0.016125	-0.008191
3.370787	0.015877	0.017429	-0.044462
3.367401	0.017054	0.017643	-0.016849
3.364023	0.017189	0.017216	-0.000798
3.360652	0.015255	0.017641	-0.068332
3.357289	0.017241	0.017771	-0.015174
3.353932	0.017847	0.020705	-0.081879
3.350582	0.016336	0.020062	-0.106742
3.347240	0.018965	0.017926	0.029751
3.343904	0.015912	0.019900	-0.114259
3.340576	0.015014	0.019257	-0.121562
3.337255	0.018172	0.020893	-0.077956
3.333940	0.019373	0.018681	0.019820
3.330633	0.018035	0.016761	0.036499
3.327332	0.015965	0.018232	-0.064962
3.324038	0.014931	0.017960	-0.086777
3.320752	0.017610	0.019356	-0.050020
3.317472	0.016383	0.021256	-0.139597
3.314199	0.021026	0.019178	0.052943
3.310933	0.017532	0.016198	0.038213
3.307673	0.019888	0.018345	0.044216
3.304421	0.018637	0.017898	0.021191
3.301175	0.019595	0.017827	0.050647
3.297936	0.020628	0.016073	0.130502
3.294703	0.016923	0.017851	-0.026595
3.291478	0.017251	0.019524	-0.065119
3.288259	0.020579	0.018399	0.062437
3.285046	0.018946	0.018417	0.015159
3.281841	0.016928	0.016936	-0.000246
3.278642	0.014754	0.018161	-0.097610
3.275449	0.012258	0.017992	-0.164285
3.272263	0.017018	0.015917	0.031548
3.269084	0.016096	0.014412	0.048221
3.265911	0.014888	0.017623	-0.078361
3.262745	0.014496	0.014505	-0.000246
3.259585	0.013286	0.020114	-0.195609
3.256432	0.016090	0.014114	0.056618
3.253285	0.012085	0.014887	-0.080273
3.250145	0.012694	0.013940	-0.035694
3.247011	0.014837	0.016607	-0.050707
3.243883	0.013666	0.015752	-0.059757
3.240762	0.013468	0.017536	-0.116533
3.237647	0.014128	0.019450	-0.152459
3.234539	0.016264	0.015817	0.012805
3.231437	0.016197	0.015567	0.018035
3.228341	0.015391	0.017804	-0.069130
3.225251	0.013619	0.017256	-0.104197
3.222168	0.013811	0.014961	-0.032920
3.219091	0.014639	0.017528	-0.082763
3.216020	0.016823	0.017649	-0.023684
3.212956	0.013054	0.014619	-0.044827
3.209897	0.014414	0.014743	-0.009426
3.206845	0.015081	0.015648	-0.016242
3.203799	0.014493	0.020645	-0.176239
3.200759	0.016991	0.016894	0.002777
3.197725	0.015661	0.015863	-0.005802
3.194697	0.014754	0.016295	-0.044163
3.191676	0.014795	0.017413	-0.074991
3.188660	0.017267	0.016881	0.011069
3.185651	0.017231	0.017162	0.001952
3.182647	0.016034	0.016692	-0.018857
3.179650	0.016025	0.019099	-0.088075
3.176658	0.019596	0.017335	0.064755
3.173673	0.020282	0.018876	0.040286
3.170693	0.019032	0.022228	-0.091584
3.167720	0.018858	0.021212	-0.067447
3.164752	0.020404	0.021140	-0.021099
3.161790	0.023215	0.021862	0.038744
3.158834	0.021192	0.024947	-0.107584
3.155884	0.023718	0.023956	-0.006808
3.152940	0.020434	0.023062	-0.075282
3.150001	0.021851	0.021722	0.003701
3.147069	0.020719	0.023668	-0.084506
3.144142	0.027080	0.024439	0.075631
3.141221	0.022411	0.023700	-0.036933
3.138306	0.024644	0.024274	0.010602
3.135396	0.023715	0.027559	-0.110124
3.132493	0.023626	0.024820	-0.034226
3.129595	0.028692	0.025849	0.081457
3.126702	0.026093	0.028994	-0.083116
3.123816	0.027696	0.028019	-0.009256
3.120935	0.028894	0.028509	0.011007
3.118059	0.028178	0.030134	-0.056021
3.115190	0.031214	0.029639	0.045116
3.112326	0.029452	0.031851	-0.068732
3.109467	0.031675	0.031010	0.019037
3.106614	0.030756	0.033559	-0.080309
3.103767	0.031451	0.031688	-0.006804
3.100925	0.034251	0.033229	0.029267
3.098089	0.031172	0.034667	-0.100130
3.095258	0.032991	0.034728	-0.049759
3.092433	0.034299	0.034015	0.008157
3.089613	0.035224	0.035521	-0.008519
3.086799	0.033726	0.035646	-0.055006
3.083990	0.033912	0.036324	-0.069108
3.081187	0.037993	0.035234	0.079030
3.078389	0.036718	0.035270	0.041494
3.075596	0.037140	0.036026	0.031922
3.072809	0.037637	0.033356	0.122653
3.070027	0.035002	0.037485	-0.071111
3.067251	0.035485	0.036202	-0.020535
3.064480	0.035462	0.035308	0.004406
3.061714	0.037913	0.039023	-0.031777
3.058954	0.034771	0.038003	-0.092588
3.056199	0.038505	0.036823	0.048182
3.053449	0.036293	0.036774	-0.013782
3.050704	0.037582	0.040481	-0.083067
3.047965	0.036436	0.038392	-0.056026
3.045231	0.037048	0.037515	-0.013368
3.042502	0.038852	0.037990	0.024676
3.039779	0.038984	0.037592	0.039884
3.037060	0.037259	0.035888	0.039264
3.034347	0.037533	0.039003	-0.042116
3.031639	0.038039	0.037954	0.002422
3.028936	0.036837	0.041065	-0.121124
3.026238	0.037988	0.038035	-0.001323
3.023545	0.037574	0.039775	-0.063078
3.020858	0.037107	0.038560	-0.041637
3.018175	0.039022	0.038606	0.011916
3.015498	0.040841	0.040165	0.019355
3.012826	0.039295	0.040939	-0.047074
3.010158	0.037792	0.038503	-0.020379
3.007496	0.037273	0.039356	-0.059692
3.004839	0.037539	0.037392	0.004235
3.002187	0.039601	0.037878	0.049341
2.999540	0.034961	0.039579	-0.132316
2.996897	0.039994	0.039559	0.012479
2.994260	0.039218	0.039054	0.004700
2.991628	0.036808	0.035950	0.024595
2.989000	0.037529	0.036024	0.043136
2.986378	0.037302	0.038406	-0.031610
2.983760	0.036877	0.037534	-0.018830
2.981148	0.036484	0.038235	-0.050159
2.978540	0.037579	0.037888	-0.008841
2.975937	0.038113	0.037930	0.005228
2.973339	0.035935	0.037262	-0.038014
2.970746	0.036784	0.035485	0.037218
2.968158	0.037416	0.039199	-0.051059
2.965574	0.037554	0.040048	-0.071463
2.962995	0.036205	0.039281	-0.088119
2.960421	0.036854	0.036285	0.016298
2.957852	0.034945	0.039012	-0.116500
2.955288	0.036719	0.037933	-0.034801
2.952728	0.036295	0.037322	-0.029415
2.950173	0.037641	0.038383	-0.021252
2.947623	0.040004	0.038638	0.039131
2.945078	0.036675	0.037919	-0.035628
2.942537	0.037315	0.036539	0.022244
2.940001	0.037625	0.038708	-0.031034
2.937469	0.036459	0.036687	-0.006528
2.934943	0.036005	0.036007	-0.000036
2.932421	0.038688	0.037116	0.045034
2.929903	0.034897	0.037829	-0.083974
2.927390	0.034004	0.039601	-0.160331
2.924882	0.039716	0.036218	0.100238
2.922378	0.036306	0.037009	-0.020125
2.919879	0.032823	0.038457	-0.161401
2.917385	0.034897	0.035316	-0.011999
2.914895	0.036020	0.037874	-0.053107
2.912410	0.036236	0.036124	0.003212
2.909929	0.037955	0.032284	0.162463
2.907453	0.037205	0.035834	0.039269
2.904981	0.034584	0.035120	-0.015362
2.902513	0.036466	0.033186	0.093976
2.900051	0.034180	0.037044	-0.082049
2.897592	0.035067	0.034630	0.012502
2.895138	0.037405	0.034902	0.071702
2.892689	0.035805	0.035793	0.000341
2.890244	0.034998	0.035861	-0.024730
2.887803	0.035297	0.036425	-0.032332
2.885367	0.033444	0.034600	-0.033123
2.882936	0.035928	0.033932	0.057177
2.880508	0.037052	0.036019	0.029577
2.878085	0.032546	0.033520	-0.027908
2.875667	0.034408	0.033926	0.013815
2.873252	0.032359	0.034783	-0.069460
2.870842	0.031143	0.033699	-0.073235
2.868437	0.032009	0.032236	-0.006496
2.866036	0.031553	0.033451	-0.054369
2.863639	0.034393	0.033994	0.011437
2.861246	0.034812	0.032659	0.061677
2.858858	0.033555	0.034934	-0.039501
2.856474	0.032877	0.034128	-0.035826
2.854094	0.033098	0.035122	-0.057993
2.851718	0.032921	0.034180	-0.036075
2.849347	0.033000	0.035575	-0.073760
2.846980	0.033133	0.036872	-0.107121
2.844617	0.034659	0.035959	-0.037246
2.842258	0.033920	0.036321	-0.068770
2.839904	0.034345	0.037171	-0.080961
2.837553	0.035082	0.037080	-0.057256
2.835207	0.036425	0.036906	-0.013781
2.832865	0.037311	0.039187	-0.053754
2.830528	0.036849	0.040236	-0.097009
2.828194	0.036763	0.040268	-0.100402
2.825864	0.038098	0.040202	-0.060262
2.823539	0.038661	0.040191	-0.043835
2.821218	0.039686	0.041067	-0.039581
2.818901	0.039504	0.042198	-0.077175
2.816587	0.040762	0.042134	-0.039301
2.814278	0.040834	0.043503	-0.076469
2.811973	0.041191	0.043230	-0.058422
2.809673	0.041707	0.043678	-0.056466
2.807376	0.042515	0.045474	-0.084753
2.805083	0.043345	0.044253	-0.026017
2.802794	0.043055	0.044560	-0.043091
2.800509	0.043840	0.044301	-0.013193
2.798228	0.043554	0.045920	-0.067776
2.795952	0.044134	0.045725	-0.045582
2.793679	0.044641	0.045685	-0.029901
2.791410	0.043894	0.046146	-0.064531
2.789145	0.044736	0.045327	-0.016936
2.786884	0.045024	0.046261	-0.035435
2.784627	0.045118	0.047089	-0.056465
2.782374	0.045198	0.047883	-0.076910
2.780125	0.046770	0.047984	-0.034777
2.777880	0.045703	0.047276	-0.045077
2.775638	0.044911	0.048673	-0.107757
2.773401	0.046691	0.049767	-0.088120
2.771167	0.047804	0.050379	-0.073769
2.768938	0.048583	0.049854	-0.036413
2.766712	0.048760	0.050370	-0.046123
2.764490	0.049299	0.051957	-0.076161
2.762272	0.050129	0.052290	-0.061915
2.760058	0.050917	0.052302	-0.039696
2.757847	0.051172	0.053144	-0.056473
2.755640	0.051581	0.053497	-0.054898
2.753437	0.051369	0.054229	-0.081947
2.751238	0.052961	0.054849	-0.054081
2.749043	0.052733	0.055039	-0.066060
2.746852	0.053064	0.055089	-0.058014
2.744664	0.054039	0.055846	-0.051764
2.742480	0.053128	0.055822	-0.077173
2.740300	0.054422	0.055847	-0.040829
2.738123	0.053763	0.056040	-0.065229
2.735950	0.054700	0.056968	-0.064967
2.733781	0.054027	0.056709	-0.076834
2.731616	0.054101	0.055977	-0.053728
2.729454	0.054344	0.056136	-0.051337
2.727296	0.054527	0.057201	-0.076602
2.725142	0.054494	0.056464	-0.056417
2.722991	0.054634	0.057066	-0.069657
2.720844	0.054665	0.056984	-0.066429
2.718701	0.054421	0.056455	-0.058258
2.716561	0.055262	0.056716	-0.041657
2.714425	0.054758	0.056973	-0.063441
2.712293	0.054868	0.056883	-0.057725
2.710164	0.054741	0.057268	-0.072400
2.708039	0.054219	0.057568	-0.095961
2.705917	0.054695	0.057492	-0.080132
2.703799	0.055062	0.057177	-0.060599
2.701685	0.055293	0.057767	-0.070854
2.699574	0.054597	0.057069	-0.070809
2.697466	0.055074	0.057060	-0.056902
2.695363	0.055641	0.057289	-0.047201
2.693262	0.055506	0.057470	-0.056263
2.691166	0.055086	0.057740	-0.076019
2.689072	0.055212	0.057281	-0.059251
2.686983	0.055407	0.057760	-0.067398
2.684897	0.055318	0.057455	-0.061212
2.682814	0.055335	0.057441	-0.060323
2.680735	0.056043	0.057863	-0.052132
2.678659	0.055576	0.058001	-0.069465
2.676587	0.055582	0.057649	-0.059237
2.674518	0.055785	0.057584	-0.051533
2.672453	0.055098	0.058170	-0.088002
2.670391	0.055312	0.057489	-0.062361
2.668333	0.054952	0.057208	-0.064635
2.666278	0.055623	0.057211	-0.045492
2.664226	0.055317	0.057501	-0.062563
2.662178	0.055259	0.057086	-0.052336
2.660133	0.055421	0.057325	-0.054542
2.658092	0.055110	0.057281	-0.062195
2.656054	0.055032	0.056729	-0.048612
2.654019	0.054676	0.057400	-0.078032
2.651988	0.054784	0.057511	-0.078120
2.649960	0.055013	0.057292	-0.065292
2.647936	0.054314	0.057262	-0.084458
2.645915	0.054944	0.057483	-0.072723
2.643897	0.054453	0.056609	-0.061753
2.641882	0.055143	0.056746	-0.045926
2.639871	0.055404	0.057071	-0.047763
2.637863	0.054453	0.056976	-0.072284
2.635859	0.054538	0.056124	-0.045432
2.633857	0.054943	0.056405	-0.041905
2.631859	0.054405	0.056229	-0.052251
2.629865	0.054236	0.056359	-0.060822
2.627873	0.054014	0.056448	-0.069737
2.625885	0.054403	0.056476	-0.059382
2.623900	0.054058	0.056068	-0.057574
2.621919	0.054516	0.056150	-0.046805
2.619940	0.054192	0.056071	-0.053852
2.617965	0.054074	0.055857	-0.051073
2.615993	0.054089	0.055329	-0.035540
2.614025	0.054239	0.056085	-0.052883
2.612059	0.054196	0.056124	-0.055244
2.610097	0.054493	0.056471	-0.056659
2.608138	0.054395	0.056622	-0.063806
2.606182	0.054640	0.055738	-0.031478
2.604229	0.054694	0.056777	-0.059674
2.602280	0.054944	0.056276	-0.038163
2.600333	0.054963	0.056559	-0.045737
2.598390	0.054431	0.056336	-0.054570
2.596450	0.054860	0.056515	-0.047411
2.594513	0.054797	0.056932	-0.061180
2.592579	0.055513	0.057328	-0.051990
2.590648	0.055761	0.056783	-0.029284
2.588721	0.055486	0.057384	-0.054387
2.586796	0.055486	0.057569	-0.059682
2.584875	0.055444	0.057198	-0.050250
2.582957	0.056119	0.057649	-0.043814
2.581042	0.056377	0.057678	-0.037289
2.579130	0.056388	0.057876	-0.042618
2.577221	0.056523	0.058070	-0.044317
2.575315	0.056498	0.058223	-0.049403
2.573412	0.056861	0.058185	-0.037923
2.571512	0.056578	0.058237	-0.047528
2.569615	0.056877	0.058388	-0.043289
2.567722	0.057023	0.058862	-0.052694
2.565831	0.057168	0.058621	-0.041632
2.563943	0.057544	0.059103	-0.044638
2.562058	0.057657	0.059556	-0.054417
2.560177	0.058073	0.059336	-0.036181
2.558298	0.058268	0.059592	-0.037914
2.556423	0.058454	0.059823	-0.039226
2.554550	0.058757	0.060130	-0.039323
2.552680	0.058717	0.060277	-0.044687
2.550813	0.059052	0.060519	-0.042032
2.548950	0.059267	0.060479	-0.034745
2.547089	0.059543	0.060630	-0.031146
2.545231	0.059963	0.061000	-0.029699
2.543376	0.060335	0.061680	-0.038534
2.541524	0.060659	0.061532	-0.025007
2.539675	0.060659	0.061864	-0.034531
2.537829	0.060805	0.062602	-0.051496
2.535986	0.061314	0.062714	-0.040115
2.534146	0.061357	0.062723	-0.039138
2.532308	0.061676	0.063156	-0.042403
2.530474	0.062186	0.063235	-0.030044
2.528642	0.062624	0.063537	-0.026163
2.526814	0.062757	0.063614	-0.024572
2.524988	0.063067	0.064320	-0.035875
2.523165	0.062996	0.064411	-0.040532
2.521345	0.063860	0.064450	-0.016906
2.519528	0.063756	0.064902	-0.032836
2.517714	0.064305	0.065450	-0.032822
2.515902	0.064502	0.065691	-0.034069
2.514093	0.064756	0.065925	-0.033495
2.512288	0.064795	0.065912	-0.032014
2.510485	0.065095	0.065799	-0.020175
2.508684	0.065272	0.066456	-0.033939
2.506887	0.065849	0.066917	-0.030581
2.505092	0.065836	0.067100	-0.036216
2.503301	0.066278	0.066660	-0.010939
2.501512	0.066558	0.067613	-0.030229
2.499726	0.066429	0.067955	-0.043702
2.497942	0.066756	0.068053	-0.037153
2.496162	0.067229	0.068241	-0.028994
2.494384	0.067746	0.068646	-0.025783
2.492609	0.067787	0.069039	-0.035867
2.490836	0.067678	0.069130	-0.041599
2.489067	0.068123	0.069181	-0.030329
2.487300	0.068638	0.069599	-0.027548
2.485536	0.069345	0.070246	-0.025795
2.483774	0.069645	0.070507	-0.024717
2.482016	0.069696	0.070735	-0.029759
2.480260	0.070195	0.071219	-0.029340
2.478507	0.070503	0.071004	-0.014369
2.476756	0.070655	0.071291	-0.018194
2.475008	0.070971	0.072205	-0.035350
2.473263	0.071095	0.072113	-0.029163
2.471521	0.071359	0.072575	-0.034824
2.469781	0.071496	0.072798	-0.037309
2.468044	0.071763	0.072895	-0.032445
2.466309	0.072678	0.073224	-0.015647
2.464578	0.072287	0.073636	-0.038650
2.462848	0.073376	0.073584	-0.005970
2.461122	0.073645	0.074410	-0.021916
2.459398	0.073738	0.074518	-0.022352
2.457677	0.073476	0.074500	-0.029331
2.455958	0.073913	0.074546	-0.018151
2.454243	0.074135	0.074974	-0.024016
2.452529	0.074514	0.075096	-0.016666
2.450819	0.074805	0.075216	-0.011769
2.449111	0.074998	0.075991	-0.028436
2.447405	0.075536	0.075757	-0.006354
2.445702	0.075314	0.075850	-0.015334
2.444002	0.075708	0.075870	-0.004650
2.442304	0.076039	0.076252	-0.006103
2.440609	0.076093	0.076824	-0.020951
2.438917	0.075957	0.076903	-0.027109
2.437227	0.076810	0.076738	0.002050
2.435539	0.076565	0.077223	-0.018847
2.433854	0.076779	0.077593	-0.023321
2.432172	0.077493	0.077536	-0.001251
2.430492	0.077541	0.077774	-0.006649
2.428815	0.077697	0.077725	-0.000807
2.427140	0.077631	0.078320	-0.019728
2.425468	0.077870	0.078292	-0.012086
2.423799	0.077942	0.078406	-0.013305
2.422131	0.077564	0.078409	-0.024214
2.420467	0.078061	0.078398	-0.009677
2.418805	0.077925	0.079007	-0.030977
2.417145	0.077783	0.078490	-0.020246
2.415488	0.078311	0.078610	-0.008565
2.413833	0.078610	0.078864	-0.007278
2.412181	0.079110	0.079038	0.002070
2.410532	0.078841	0.078583	0.007393
2.408884	0.079156	0.079265	-0.003132
2.407240	0.078763	0.079087	-0.009281
2.405598	0.079092	0.078921	0.004914
2.403958	0.079329	0.078967	0.010392
2.402320	0.079389	0.079163	0.006474
2.400685	0.079789	0.079248	0.015502
2.399053	0.079358	0.078761	0.017112
2.397423	0.079039	0.079381	-0.009794
2.395795	0.079152	0.079672	-0.014901
2.394170	0.079181	0.079996	-0.023359
2.392547	0.079270	0.079643	-0.010694
2.390927	0.079138	0.079701	-0.016116
2.389309	0.079529	0.079654	-0.003572
2.387694	0.079887	0.080180	-0.008387
2.386081	0.080228	0.079659	0.016296
2.384470	0.079787	0.079336	0.012923
2.382861	0.079509	0.079490	0.000543
2.381255	0.079587	0.079585	0.000074
2.379652	0.080037	0.079644	0.011265
2.378051	0.079958	0.079584	0.010711
2.376452	0.079598	0.079457	0.004040
2.374855	0.079584	0.079366	0.006253
2.373261	0.079319	0.080038	-0.020616
2.371669	0.079043	0.079340	-0.008493
2.370080	0.079482	0.079118	0.010420
2.368493	0.079761	0.079146	0.017636
2.366908	0.079718	0.079275	0.012687
2.365326	0.079768	0.079968	-0.005722
2.363745	0.079954	0.079135	0.023462
2.362168	0.079441	0.079082	0.010283
2.360592	0.079160	0.079023	0.003913
2.359019	0.079200	0.078901	0.008562
2.357448	0.079120	0.078937	0.005252
2.355880	0.079245	0.078739	0.014497
2.354313	0.079219	0.078787	0.012392
2.352749	0.079271	0.078826	0.012767
2.351188	0.079280	0.079112	0.004815
2.349628	0.078684	0.078840	-0.004472
2.348071	0.078829	0.078016	0.023294
2.346516	0.079113	0.078590	0.014965
2.344964	0.078652	0.078374	0.007966
2.343413	0.078755	0.078743	0.000349
2.341865	0.078504	0.078549	-0.001290
2.340319	0.078514	0.078232	0.008063
2.338776	0.077744	0.078285	-0.015495
2.337235	0.078410	0.077734	0.019347
2.335695	0.078471	0.078297	0.004976
2.334159	0.078658	0.077852	0.023101
2.332624	0.078422	0.078085	0.009673
2.331091	0.078691	0.077978	0.020448
2.329561	0.078393	0.078390	0.000075
2.328033	0.078696	0.077940	0.021655
2.326508	0.078133	0.078300	-0.004792
2.324984	0.078327	0.078161	0.004762
2.323463	0.078568	0.078188	0.010866
2.321943	0.077948	0.077621	0.009353
2.320426	0.078068	0.077644	0.012132
2.318912	0.078085	0.077834	0.007182
2.317399	0.077625	0.077624	0.000004
2.315888	0.077868	0.077138	0.020939
2.314380	0.077676	0.077245	0.012367
2.312874	0.076981	0.077026	-0.001307
2.311370	0.077289	0.076622	0.019106
2.309868	0.077591	0.076565	0.029402
2.308369	0.077313	0.077275	0.001107
2.306871	0.077640	0.077043	0.017119
2.305376	0.077305	0.076533	0.022115
2.303883	0.077462	0.076788	0.019300
2.302392	0.076853	0.076631	0.006368
2.300903	0.077226	0.076111	0.031960
2.299416	0.076818	0.076310	0.014572
2.297931	0.076331	0.076202	0.003702
2.296449	0.077139	0.076036	0.031586
2.294968	0.076422	0.076438	-0.000486
2.293490	0.076618	0.076245	0.010699
2.292013	0.076583	0.076363	0.006301
2.290539	0.075861	0.076286	-0.012172
2.289067	0.076563	0.076119	0.012703
2.287597	0.076701	0.076119	0.016688
2.286129	0.075945	0.076503	-0.015994
2.284664	0.076253	0.075953	0.008614
2.283200	0.076392	0.076386	0.000188
2.281738	0.076362	0.076211	0.004317
2.280279	0.076537	0.076120	0.011941
2.278821	0.076322	0.075895	0.012214
2.277366	0.076316	0.075599	0.020526
2.275912	0.076205	0.075783	0.012113
2.274461	0.076744	0.076006	0.021145
2.273012	0.076092	0.075785	0.008814
2.271564	0.075634	0.075835	-0.005752
2.270119	0.075797	0.075793	0.000103
2.268676	0.075603	0.075445	0.004511
2.267235	0.076113	0.075418	0.019918
2.265796	0.075981	0.075523	0.013139
2.264359	0.075534	0.075710	-0.005020
2.262923	0.075579	0.075759	-0.005152
2.261490	0.075801	0.075635	0.004771
2.260059	0.075861	0.076013	-0.004330
2.258630	0.075815	0.075410	0.011595
2.257203	0.076246	0.076122	0.003568
2.255778	0.075820	0.076200	-0.010872
2.254355	0.076195	0.075899	0.008470
2.252934	0.076194	0.075946	0.007119
2.251515	0.076677	0.076845	-0.004814
2.250098	0.076696	0.076216	0.013760
2.248683	0.076819	0.076263	0.015935
2.247269	0.077111	0.076573	0.015417
2.245858	0.076671	0.076554	0.003354
2.244449	0.076806	0.076119	0.019691
2.243042	0.076345	0.076093	0.007213
2.241636	0.076034	0.075342	0.019826
2.240233	0.076099	0.076556	-0.013107
2.238832	0.076534	0.076040	0.014160
2.237432	0.076689	0.076323	0.010471
2.236035	0.076785	0.076846	-0.001738
2.234639	0.076129	0.076259	-0.003713
2.233245	0.076423	0.076338	0.002446
2.231854	0.076449	0.076457	-0.000230
2.230464	0.076475	0.076740	-0.007600
2.229076	0.077498	0.077133	0.010480
2.227690	0.077187	0.076987	0.005729
2.226306	0.076866	0.077158	-0.008375
2.224924	0.077481	0.077371	0.003164
2.223544	0.077467	0.077385	0.002365
2.222165	0.077749	0.076795	0.027342
2.220789	0.077155	0.077494	-0.009702
2.219414	0.077798	0.077505	0.008409
2.218042	0.077854	0.078151	-0.008482
2.216671	0.078293	0.078022	0.007766
2.215302	0.078455	0.078329	0.003605
2.213935	0.078684	0.078292	0.011221
2.212570	0.078613	0.078708	-0.002696
2.211207	0.078969	0.078603	0.010492
2.209845	0.078157	0.078214	-0.001622
2.208486	0.078603	0.078353	0.007188
2.207128	0.078510	0.079205	-0.019905
2.205772	0.078860	0.078592	0.007671
2.204418	0.078739	0.079046	-0.008791
2.203066	0.079305	0.079045	0.007456
2.201716	0.079560	0.079360	0.005733
2.200367	0.079375	0.079571	-0.005604
2.199021	0.079745	0.079759	-0.000398
2.197676	0.079372	0.080015	-0.018426
2.196333	0.079749	0.079750	-0.000006
2.194992	0.080407	0.079852	0.015894
2.193653	0.080320	0.080165	0.004434
2.192315	0.079879	0.080493	-0.017579
2.190980	0.080638	0.079961	0.019390
2.189646	0.081223	0.080679	0.015593
2.188314	0.080928	0.081036	-0.003104
2.186984	0.081236	0.081007	0.006551
2.185655	0.081099	0.081270	-0.004896
2.184328	0.081409	0.081735	-0.009336
2.183004	0.081384	0.081480	-0.002731
2.181681	0.081587	0.081707	-0.003455
2.180359	0.081939	0.082108	-0.004831
2.179040	0.082031	0.082425	-0.011286
2.177722	0.082103	0.082492	-0.011152
2.176406	0.082341	0.082666	-0.009314
2.175092	0.082560	0.083151	-0.016948
2.173780	0.082617	0.083109	-0.014078
2.172469	0.082822	0.083539	-0.020520
2.171160	0.083157	0.083217	-0.001716
2.169853	0.082859	0.083387	-0.015122
2.168548	0.082461	0.083339	-0.025160
2.167244	0.083249	0.084493	-0.035627
2.165943	0.083656	0.084171	-0.014742
2.164643	0.083612	0.084400	-0.022563
2.163344	0.084135	0.084422	-0.008223
2.162048	0.083508	0.085115	-0.046038
2.160753	0.084393	0.085095	-0.020108
2.159460	0.084523	0.085648	-0.032218
2.158168	0.084334	0.085775	-0.041258
2.156879	0.084440	0.086007	-0.044898
2.155591	0.084719	0.085841	-0.032122
2.154304	0.085367	0.086242	-0.025059
2.153020	0.085270	0.086339	-0.030640
2.151737	0.085878	0.086818	-0.026919
2.150456	0.085856	0.086312	-0.013048
2.149177	0.086509	0.087144	-0.018183
2.147899	0.086350	0.087066	-0.020492
2.146623	0.086444	0.087393	-0.027198
2.145349	0.086388	0.087168	-0.022351
2.144076	0.086446	0.087482	-0.029683
2.142805	0.086960	0.087890	-0.026619
2.141536	0.087000	0.087751	-0.021514
2.140268	0.086725	0.088163	-0.041185
2.139002	0.087108	0.088613	-0.043113
2.137738	0.087616	0.088497	-0.025235
2.136476	0.088437	0.088427	0.000300
2.135215	0.087575	0.089004	-0.040923
2.133956	0.088144	0.089340	-0.034277
2.132698	0.088203	0.089405	-0.034422
2.131442	0.088403	0.089785	-0.039593
2.130188	0.088602	0.089295	-0.019830
2.128935	0.088462	0.090031	-0.044936
2.127684	0.089412	0.090240	-0.023726
2.126435	0.088997	0.089902	-0.025942
2.125187	0.089324	0.090290	-0.027672
2.123941	0.089062	0.090419	-0.038867
2.122697	0.089131	0.090543	-0.040439
2.121454	0.090051	0.090808	-0.021689
2.120213	0.089474	0.090599	-0.032229
2.118974	0.089609	0.091101	-0.042736
2.117736	0.089701	0.091356	-0.047408
2.116500	0.090440	0.091569	-0.032341
2.115265	0.090399	0.091887	-0.042616
2.114032	0.090806	0.091864	-0.030293
2.112801	0.090813	0.092149	-0.038278
2.111571	0.090642	0.091916	-0.036501
2.110343	0.090834	0.092724	-0.054158
2.109116	0.091220	0.093176	-0.056018
2.107891	0.091588	0.092900	-0.037606
2.106668	0.091598	0.093128	-0.043840
2.105446	0.091843	0.093160	-0.037729
2.104226	0.091654	0.093165	-0.043280
2.103007	0.092305	0.093774	-0.042095
2.101790	0.092348	0.093675	-0.038036
2.100575	0.092458	0.093582	-0.032213
2.099361	0.092390	0.093854	-0.041954
2.098149	0.092838	0.093747	-0.026040
2.096938	0.092975	0.094064	-0.031215
2.095729	0.092641	0.094062	-0.040695
2.094521	0.093161	0.093968	-0.023126
2.093315	0.092957	0.093990	-0.029614
2.092111	0.093502	0.094547	-0.029940
2.090908	0.093798	0.095080	-0.036736
2.089707	0.093875	0.095316	-0.041302
2.088507	0.093799	0.094850	-0.030106
2.087309	0.093774	0.095428	-0.047396
2.086112	0.093051	0.095289	-0.064125
2.084917	0.093498	0.095639	-0.061321
2.083723	0.093691	0.095721	-0.058139
2.082531	0.094325	0.095474	-0.032903
2.081341	0.093695	0.095623	-0.055233
2.080152	0.094088	0.095955	-0.053469
2.078964	0.093893	0.095466	-0.045057
2.077778	0.093884	0.095522	-0.046911
2.076594	0.094252	0.095837	-0.045396
2.075411	0.094129	0.095578	-0.041508
2.074230	0.094232	0.095800	-0.044910
2.073050	0.094061	0.095432	-0.039278
2.071871	0.094201	0.096266	-0.059159
2.070694	0.093447	0.095690	-0.064253
2.069519	0.093894	0.096653	-0.079029
2.068345	0.094510	0.096513	-0.057372
2.067173	0.094660	0.096583	-0.055074
2.066002	0.094868	0.096673	-0.051694
2.064833	0.095006	0.096668	-0.047619
2.063665	0.094313	0.096360	-0.058662
2.062498	0.095544	0.096586	-0.029869
2.061333	0.094855	0.096199	-0.038492
2.060170	0.094954	0.095913	-0.027494
2.059008	0.095103	0.096785	-0.048211
2.057848	0.095520	0.097126	-0.046005
2.056689	0.095035	0.096722	-0.048345
2.055531	0.094530	0.096636	-0.060321
2.054375	0.094880	0.096418	-0.044074
2.053221	0.094671	0.097085	-0.069163
2.052067	0.094071	0.096329	-0.064703
2.050916	0.094374	0.097536	-0.090579
2.049766	0.095124	0.097302	-0.062410
2.048617	0.094606	0.096668	-0.059056
2.047470	0.095007	0.096985	-0.056684
2.046324	0.094671	0.096672	-0.057315
2.045179	0.094948	0.096937	-0.056964
2.044036	0.095184	0.097308	-0.060833
2.042895	0.094947	0.096993	-0.058633
2.041755	0.094281	0.096448	-0.062084
2.040616	0.094918	0.096651	-0.049650
2.039479	0.094651	0.096942	-0.065625
2.038343	0.094765	0.096672	-0.054632
2.037209	0.094829	0.096974	-0.061450
2.036076	0.095072	0.096993	-0.055024
2.034945	0.095031	0.097016	-0.056859
2.033815	0.095112	0.096620	-0.043208
2.032686	0.094852	0.097030	-0.062373
2.031559	0.094190	0.097424	-0.092641
2.030433	0.094707	0.096591	-0.053990
2.029309	0.094726	0.096684	-0.056090
2.028186	0.094283	0.096290	-0.057500
2.027064	0.094318	0.096684	-0.067798
2.025944	0.094124	0.096666	-0.072816
2.024825	0.094311	0.096415	-0.060277
2.023708	0.094500	0.097020	-0.072214
2.022592	0.094241	0.096645	-0.068856
2.021477	0.094031	0.096751	-0.077912
2.020364	0.094145	0.097100	-0.084643
2.019252	0.094909	0.097017	-0.060370
2.018142	0.094623	0.097139	-0.072074
2.017033	0.094778	0.097362	-0.074022
2.015925	0.094885	0.097170	-0.065459
2.014819	0.095048	0.096323	-0.036527
2.013714	0.094542	0.097098	-0.073221
2.012610	0.094152	0.096261	-0.060427
2.011508	0.094547	0.096561	-0.057697
2.010407	0.094215	0.096819	-0.074582
2.009308	0.094433	0.096463	-0.058160
2.008210	0.093497	0.096597	-0.088828
2.007113	0.093921	0.096592	-0.076517
2.006018	0.094447	0.096508	-0.059040
2.004924	0.093880	0.096391	-0.071940
2.003831	0.093874	0.096519	-0.075751
2.002740	0.093909	0.096219	-0.066181
2.001650	0.094107	0.096991	-0.082646
2.000561	0.093569	0.095905	-0.066924
1.999474	0.093146	0.096601	-0.098984
1.998388	0.093551	0.096742	-0.091400
1.997303	0.093571	0.096459	-0.082749
1.996220	0.093730	0.096203	-0.070847
1.995138	0.094351	0.096618	-0.064946
1.994058	0.093596	0.096194	-0.074406
1.992978	0.093173	0.096199	-0.086704
1.991901	0.093496	0.095759	-0.064812
1.990824	0.093536	0.095862	-0.066634
1.989749	0.092933	0.096378	-0.098695
1.988675	0.093255	0.096672	-0.097875
1.987602	0.092880	0.095886	-0.086103
1.986531	0.093080	0.096320	-0.092800
1.985461	0.093081	0.096302	-0.092287
1.984392	0.093167	0.095912	-0.078622
1.983325	0.093252	0.095941	-0.077036
1.982259	0.092628	0.095767	-0.089919
1.981194	0.093144	0.095438	-0.065693
1.980130	0.092578	0.096359	-0.108324
1.979068	0.092572	0.095644	-0.088021
1.978007	0.092877	0.095933	-0.087554
1.976948	0.092409	0.095686	-0.093874
1.975889	0.093091	0.095983	-0.082838
1.974832	0.092358	0.095869	-0.100590
1.973777	0.093002	0.096050	-0.087315
1.972722	0.092786	0.096134	-0.095903
1.971669	0.092577	0.095999	-0.098022
1.970617	0.092686	0.095625	-0.084199
1.969566	0.092291	0.095313	-0.086572
1.968517	0.092061	0.095764	-0.106080
1.967469	0.091643	0.095509	-0.110759
1.966422	0.091716	0.095797	-0.116903
1.965377	0.091904	0.095818	-0.112139
1.964333	0.091551	0.095266	-0.106414
1.963290	0.091685	0.095216	-0.101169
1.962248	0.091943	0.095262	-0.095079
1.961207	0.092011	0.095432	-0.098010
1.960168	0.092139	0.095303	-0.090645
1.959130	0.091684	0.095422	-0.107085
1.958094	0.092029	0.096290	-0.122063
1.957058	0.091741	0.095651	-0.112005
1.956024	0.091960	0.095374	-0.097810
1.954991	0.090941	0.096319	-0.154075
1.953959	0.091651	0.095178	-0.101037
1.952929	0.091202	0.095489	-0.122821
1.951900	0.091733	0.095761	-0.115390
1.950872	0.091465	0.095729	-0.122157
1.949845	0.090686	0.094864	-0.119699
1.948819	0.091720	0.095466	-0.107311
1.947795	0.091533	0.095381	-0.110248
1.946772	0.091553	0.096244	-0.134395
1.945750	0.091213	0.095563	-0.124608
1.944729	0.091514	0.095595	-0.116906
1.943710	0.090732	0.095101	-0.125172
1.942692	0.091061	0.095216	-0.119033
1.941675	0.090766	0.095402	-0.132806
1.940659	0.090597	0.095449	-0.139001
1.939645	0.090635	0.095031	-0.125931
1.938631	0.090275	0.095263	-0.142892
1.937619	0.090189	0.094701	-0.129254
1.936608	0.090858	0.095109	-0.121775
1.935599	0.089938	0.095159	-0.149569
1.934590	0.090294	0.095067	-0.136723
1.933583	0.090117	0.095077	-0.142109
1.932577	0.090510	0.095523	-0.143628
1.931572	0.090668	0.095099	-0.126941
1.930568	0.090158	0.095506	-0.153196
1.929566	0.090399	0.095567	-0.148057
1.928565	0.090752	0.095483	-0.135525
1.927565	0.090269	0.095229	-0.142106
1.926566	0.090356	0.095557	-0.148999
1.925568	0.090230	0.095523	-0.151630
1.924571	0.090423	0.095094	-0.133812
1.923576	0.089946	0.094915	-0.142342
1.922582	0.090247	0.094755	-0.129149
1.921589	0.090389	0.095613	-0.149672
1.920597	0.090460	0.095482	-0.143879
1.919606	0.089694	0.095547	-0.167672
1.918617	0.089692	0.095396	-0.163419
1.917629	0.090121	0.095509	-0.154328
1.916641	0.089751	0.095318	-0.159484
1.915655	0.089889	0.095804	-0.169476
1.914671	0.090152	0.095715	-0.159366
1.913687	0.089948	0.095809	-0.167914
1.912704	0.090001	0.095524	-0.158242
1.911723	0.090663	0.095593	-0.141222
1.910743	0.089918	0.095464	-0.158863
1.909764	0.089884	0.095681	-0.166071
1.908786	0.089771	0.095373	-0.160487
1.907809	0.089751	0.095744	-0.171683
1.906834	0.089812	0.095577	-0.165154
1.905859	0.090333	0.095547	-0.149358
1.904886	0.090139	0.095542	-0.154798
1.903914	0.090147	0.095695	-0.158924
1.902943	0.090015	0.095790	-0.165465
1.901973	0.089551	0.096169	-0.189572
1.901004	0.090232	0.096246	-0.172306
1.900036	0.090509	0.096809	-0.180483
1.899070	0.089996	0.096597	-0.189117
1.898105	0.090621	0.096586	-0.170883
1.897140	0.090368	0.096703	-0.181477
1.896177	0.090554	0.097202	-0.190453
1.895215	0.090149	0.096801	-0.190577
1.894254	0.090810	0.097211	-0.183376
1.893295	0.090392	0.097349	-0.199307
1.892336	0.091028	0.096525	-0.157486
1.891378	0.090481	0.096947	-0.185221
1.890422	0.091042	0.096981	-0.170139
1.889467	0.091170	0.096923	-0.164807
1.888513	0.091719	0.097172	-0.156231
1.887560	0.091502	0.097801	-0.180470
1.886608	0.091406	0.097049	-0.161669
1.885657	0.091685	0.098192	-0.186412
1.884707	0.091353	0.097443	-0.174465
1.883758	0.091331	0.097578	-0.178957
1.882811	0.091876	0.098467	-0.188808
1.881864	0.091759	0.098244	-0.185787
1.880919	0.091525	0.098085	-0.187934
1.879975	0.091793	0.098343	-0.187638
1.879032	0.091759	0.098332	-0.188305
1.878090	0.091829	0.098372	-0.187428
1.877149	0.091310	0.098768	-0.213634
1.876209	0.090880	0.098559	-0.219976
1.875270	0.091493	0.098468	-0.199806
1.874332	0.091392	0.098435	-0.201772
1.873396	0.091939	0.098558	-0.189634
1.872460	0.092027	0.099044	-0.201018
1.871525	0.091569	0.099152	-0.217244
1.870592	0.091965	0.099099	-0.204378
1.869660	0.091950	0.099077	-0.204171
1.868728	0.091803	0.099389	-0.217344
1.867798	0.092492	0.099461	-0.199644
1.866869	0.092308	0.099620	-0.209481
1.865941	0.093052	0.099763	-0.192269
1.865014	0.092367	0.099455	-0.203050
1.864088	0.092882	0.099608	-0.192684
1.863163	0.092293	0.100065	-0.222646
1.862239	0.091929	0.099673	-0.221863
1.861317	0.092806	0.099839	-0.201482
1.860395	0.092662	0.100126	-0.213840
1.859474	0.092906	0.100055	-0.204787
1.858555	0.092971	0.100223	-0.207735
1.857636	0.093296	0.100694	-0.211954
1.856719	0.093770	0.100361	-0.188814
1.855802	0.092895	0.101007	-0.232407
1.854887	0.093068	0.100609	-0.216039
1.853973	0.092982	0.100407	-0.212685
1.853059	0.093651	0.101297	-0.219021
1.852147	0.093713	0.101164	-0.213478
1.851236	0.093233	0.101494	-0.236665
1.850326	0.093702	0.101793	-0.231789
1.849416	0.093539	0.101451	-0.226684
1.848508	0.093946	0.101480	-0.215843
1.847601	0.093855	0.102503	-0.247757
1.846695	0.094210	0.101564	-0.210665
1.845790	0.094476	0.102190	-0.220998
1.844886	0.094463	0.102272	-0.223723
1.843983	0.094133	0.102206	-0.231290
1.843081	0.094579	0.102954	-0.239942
1.842180	0.094483	0.102206	-0.221261
1.841280	0.094236	0.103273	-0.258910
1.840381	0.094312	0.103010	-0.249177
1.839484	0.094891	0.102407	-0.215332
1.838587	0.094619	0.103164	-0.244777
1.837691	0.094418	0.103021	-0.246456
1.836796	0.095070	0.103664	-0.246200
1.835902	0.095090	0.103316	-0.235667
1.835009	0.095008	0.103078	-0.231191
1.834118	0.094974	0.103009	-0.230189
1.833227	0.094643	0.103895	-0.265031
1.832337	0.095661	0.103796	-0.233054
1.831448	0.095805	0.104589	-0.251630
1.830560	0.095683	0.103933	-0.236346
1.829674	0.096394	0.104589	-0.234771
1.828788	0.096000	0.105215	-0.263996
1.827903	0.096810	0.104923	-0.232437
1.827019	0.096597	0.104588	-0.228924
1.826136	0.096789	0.105598	-0.252358
1.825255	0.096575	0.105041	-0.242511
1.824374	0.096400	0.105163	-0.251046
1.823494	0.096878	0.106023	-0.261985
1.822615	0.096975	0.106024	-0.259237
1.821737	0.097519	0.105424	-0.226471
1.820860	0.097543	0.106022	-0.242904
1.819984	0.097866	0.106510	-0.247637
1.819109	0.097625	0.106351	-0.249964
1.818235	0.097374	0.106162	-0.251763
1.817362	0.097144	0.106721	-0.274350
1.816490	0.097384	0.106949	-0.273997
1.815619	0.098131	0.107577	-0.270601
1.814749	0.097706	0.107636	-0.284458
1.813880	0.098444	0.107411	-0.256885
1.813012	0.098116	0.107321	-0.263696
1.812145	0.098381	0.107546	-0.262555
1.811279	0.098982	0.108466	-0.271692
1.810413	0.098546	0.108002	-0.270901
1.809549	0.098099	0.108163	-0.288286
1.808686	0.098700	0.108245	-0.273447
1.807824	0.098728	0.108019	-0.266154
1.806962	0.099585	0.107855	-0.236925
1.806102	0.098347	0.109603	-0.322479
1.805242	0.098731	0.108512	-0.280195
1.804384	0.099159	0.108467	-0.266643
1.803526	0.099016	0.109519	-0.300871
1.802670	0.099690	0.109521	-0.281645
1.801814	0.099716	0.109459	-0.279131
1.800959	0.099493	0.110388	-0.312110
1.800105	0.099644	0.109422	-0.280121
1.799252	0.099835	0.109690	-0.282343
1.798401	0.099635	0.109712	-0.288669
1.797550	0.099699	0.109876	-0.291553
1.796700	0.099645	0.109797	-0.290830
1.795851	0.100298	0.109787	-0.271852
1.795002	0.099269	0.110432	-0.319778
1.794155	0.100377	0.110624	-0.293565
1.793309	0.100119	0.110716	-0.303566
1.792464	0.100099	0.110453	-0.296629
1.791619	0.100321	0.110788	-0.299869
1.790776	0.100911	0.111419	-0.301020
1.789933	0.100751	0.111963	-0.321206
1.789092	0.101155	0.111648	-0.300592
1.788251	0.100008	0.111281	-0.322949
1.787411	0.101227	0.111940	-0.306889
1.786572	0.101160	0.111765	-0.303816
1.785734	0.101491	0.111703	-0.292569
1.784897	0.101547	0.112057	-0.301087
1.784061	0.101901	0.112179	-0.294452
1.783226	0.101960	0.112367	-0.298162
1.782392	0.101685	0.112473	-0.309079
1.781558	0.101909	0.112457	-0.302190
1.780726	0.101582	0.112419	-0.310473
1.779894	0.102086	0.112262	-0.291516
1.779064	0.102017	0.113420	-0.326685
1.778234	0.101896	0.113156	-0.322572
1.777405	0.101830	0.113109	-0.323139
1.776577	0.101279	0.113161	-0.340389
1.775750	0.102072	0.112929	-0.311021
1.774924	0.102448	0.113186	-0.307614
1.774099	0.102622	0.113309	-0.306147
1.773275	0.103804	0.113649	-0.282052
1.772451	0.103105	0.114093	-0.314771
1.771629	0.102100	0.114042	-0.342115
1.770807	0.102799	0.113997	-0.320810
1.769986	0.103144	0.113953	-0.309650
1.769167	0.102684	0.114396	-0.335504
1.768348	0.103113	0.115736	-0.361621
1.767530	0.102580	0.114127	-0.330774
1.766712	0.103187	0.114392	-0.320984
1.765896	0.103600	0.114515	-0.312694
1.765081	0.104255	0.114653	-0.297892
1.764266	0.103602	0.115206	-0.332431
1.763453	0.104227	0.115385	-0.319650
1.762640	0.103740	0.115798	-0.345444
1.761828	0.103166	0.115729	-0.359889
1.761017	0.104536	0.115022	-0.300415
1.760207	0.103599	0.115004	-0.326731
1.759398	0.104666	0.115973	-0.323926
1.758589	0.104564	0.115570	-0.315303
1.757782	0.104983	0.115918	-0.313265
1.756975	0.104831	0.116284	-0.328117
1.756169	0.104784	0.115930	-0.319322
1.755365	0.104108	0.116711	-0.361064
1.754560	0.104452	0.116309	-0.339668
1.753757	0.104606	0.115996	-0.326283
1.752955	0.105032	0.116311	-0.323129
1.752154	0.104527	0.115717	-0.320578
1.751353	0.104890	0.116378	-0.329116
1.750553	0.104677	0.116214	-0.330509
1.749755	0.105057	0.116510	-0.328091
1.748957	0.104763	0.116131	-0.325673
1.748159	0.104402	0.117226	-0.367396
1.747363	0.105047	0.117079	-0.344688
1.746568	0.105493	0.115542	-0.287885
1.745773	0.105242	0.116874	-0.333207
1.744979	0.105425	0.117035	-0.332588
1.744187	0.105885	0.117926	-0.344976
1.743395	0.105909	0.117528	-0.332862
1.742603	0.104993	0.117479	-0.357711
1.741813	0.104908	0.117746	-0.367807
1.741024	0.106649	0.117427	-0.308765
1.740235	0.105621	0.118039	-0.355753
1.739447	0.105582	0.118213	-0.361833
1.738660	0.105303	0.117732	-0.356056
1.737874	0.106715	0.118321	-0.332487
1.737089	0.106305	0.118098	-0.337843
1.736304	0.106225	0.117798	-0.331554
1.735521	0.105471	0.118089	-0.361478
1.734738	0.105017	0.117734	-0.364319
1.733956	0.105580	0.118216	-0.362011
1.733175	0.106089	0.118242	-0.348151
1.732395	0.106457	0.117447	-0.314839
1.731615	0.106493	0.118371	-0.340267
1.730837	0.106230	0.117608	-0.325981
1.730059	0.105845	0.118437	-0.360736
1.729282	0.107125	0.118613	-0.329105
1.728506	0.106928	0.118521	-0.332130
1.727730	0.105841	0.118808	-0.371489
1.726956	0.107327	0.118039	-0.306875
1.726182	0.106597	0.118735	-0.347721
1.725409	0.107103	0.118379	-0.323026
1.724637	0.106825	0.118268	-0.327837
1.723866	0.105758	0.118633	-0.368863
1.723096	0.106872	0.117130	-0.293886
1.722326	0.105786	0.117485	-0.335141
1.721557	0.106509	0.117839	-0.324574
1.720789	0.106554	0.117809	-0.322444
1.720022	0.106533	0.118281	-0.336540
1.719256	0.106833	0.117392	-0.302503
1.718490	0.106840	0.117913	-0.317202
1.717726	0.106563	0.118680	-0.347118
1.716962	0.106646	0.119157	-0.358405
1.716199	0.106822	0.117854	-0.316054
1.715436	0.106795	0.118871	-0.345966
1.714675	0.106407	0.117425	-0.315647
1.713914	0.105722	0.118106	-0.354787
1.713154	0.106718	0.117722	-0.315252
1.712395	0.107854	0.117432	-0.274391
1.711637	0.106960	0.117569	-0.303939
1.710879	0.105829	0.117169	-0.324848
1.710122	0.107376	0.117156	-0.280170
1.709366	0.107069	0.117352	-0.294599
1.708611	0.106831	0.118002	-0.320016
1.707857	0.105896	0.118283	-0.354873
1.707103	0.106149	0.117932	-0.337563
1.706351	0.106798	0.117883	-0.317536
1.705599	0.106577	0.117935	-0.325393
1.704847	0.106929	0.117833	-0.312361
1.704097	0.106388	0.117524	-0.319039
1.703347	0.106623	0.116945	-0.295710
1.702599	0.106107	0.118730	-0.361623
1.701850	0.106267	0.116957	-0.306259
1.701103	0.105917	0.118341	-0.355927
1.700357	0.107622	0.117898	-0.294383
1.699611	0.107404	0.118154	-0.307967
1.698866	0.106333	0.118512	-0.348896
1.698122	0.106557	0.117297	-0.307688
1.697378	0.106055	0.117921	-0.339945
1.696636	0.106694	0.117996	-0.323764
1.695894	0.106517	0.117364	-0.310745
1.695153	0.105932	0.117143	-0.321175
1.694412	0.107357	0.116943	-0.274599
1.693673	0.106552	0.117135	-0.303188
1.692934	0.105507	0.116614	-0.318219
1.692196	0.106159	0.115631	-0.271350
1.691459	0.106315	0.116968	-0.305188
1.690722	0.106765	0.116875	-0.289638
1.689987	0.106529	0.116140	-0.275325
1.689252	0.105914	0.117183	-0.322826
1.688518	0.107450	0.116897	-0.270636
1.687784	0.105649	0.117730	-0.346082
1.687051	0.106593	0.115873	-0.265843
1.686320	0.106147	0.116092	-0.284909
1.685588	0.107078	0.116600	-0.272774
1.684858	0.105379	0.116130	-0.307993
1.684128	0.105508	0.115989	-0.300262
1.683399	0.106674	0.116958	-0.294619
1.682671	0.107029	0.116544	-0.272576
1.681944	0.105421	0.116263	-0.310593
1.681217	0.105983	0.116618	-0.304667
1.680491	0.106543	0.116305	-0.279646
1.679766	0.105660	0.115914	-0.293736
1.679042	0.105871	0.115453	-0.274515
1.678318	0.105854	0.115416	-0.273923
1.677595	0.105526	0.116207	-0.306001
1.676873	0.106308	0.115386	-0.260052
1.676152	0.106351	0.115033	-0.248726
1.675431	0.105746	0.115539	-0.280565
1.674711	0.105724	0.115042	-0.266921
1.673992	0.105815	0.115029	-0.263947
1.673273	0.105489	0.114810	-0.267007
1.672556	0.105581	0.114784	-0.263666
1.671839	0.105005	0.114720	-0.278324
1.671122	0.104604	0.113529	-0.255663
1.670407	0.104468	0.113962	-0.271981
1.669692	0.104795	0.114480	-0.277437
1.668978	0.104915	0.114227	-0.266746
1.668265	0.106242	0.115279	-0.258896
1.667552	0.106350	0.114833	-0.243019
1.666840	0.105923	0.114344	-0.241226
1.666129	0.106562	0.113630	-0.202473
1.665418	0.105456	0.113862	-0.240802
1.664709	0.105207	0.114145	-0.256032
1.664000	0.106955	0.114391	-0.213039
1.663292	0.105991	0.113743	-0.222084
1.662584	0.105857	0.112703	-0.196110
1.661877	0.105827	0.113491	-0.219550
1.661171	0.106047	0.112792	-0.193240
1.660466	0.106444	0.114214	-0.222610
1.659761	0.107219	0.114867	-0.219111
1.659057	0.106062	0.113172	-0.203704
1.658354	0.106547	0.114933	-0.240248
1.657651	0.105826	0.114768	-0.256161
1.656950	0.105261	0.113921	-0.248104
1.656249	0.104845	0.112714	-0.225429
1.655548	0.105053	0.113628	-0.245678
1.654848	0.105391	0.112946	-0.216431
1.654150	0.104690	0.113504	-0.252489
1.653451	0.104542	0.112578	-0.230216
1.652754	0.104811	0.112213	-0.212043
1.652057	0.105696	0.112021	-0.181204
1.651361	0.104975	0.112471	-0.214728
1.650665	0.104319	0.112882	-0.245288
1.649971	0.104157	0.112947	-0.251803
1.649277	0.104313	0.111597	-0.208688
1.648583	0.105043	0.112236	-0.206068
1.647891	0.105220	0.111273	-0.173421
1.647199	0.105189	0.111255	-0.173778
1.646508	0.104557	0.111827	-0.208282
1.645817	0.104815	0.110370	-0.159166
1.645127	0.105054	0.111577	-0.186858
1.644438	0.104512	0.110532	-0.172469
1.643750	0.103789	0.110871	-0.202869
1.643062	0.103365	0.109704	-0.181623
1.642375	0.104077	0.111349	-0.208335
1.641689	0.103503	0.111168	-0.219591
1.641003	0.103608	0.111236	-0.218542
1.640318	0.104909	0.109524	-0.132218
1.639634	0.102859	0.108991	-0.175675
1.638950	0.102554	0.109753	-0.206230
1.638267	0.104323	0.108998	-0.133942
1.637585	0.102954	0.109859	-0.197821
1.636903	0.101786	0.109706	-0.226891
1.636222	0.102580	0.108984	-0.183479
1.635542	0.101575	0.108932	-0.210772
1.634863	0.102505	0.109859	-0.210688
1.634184	0.102584	0.109085	-0.186219
1.633506	0.102990	0.107646	-0.133379
1.632828	0.101414	0.108300	-0.197277
1.632151	0.101717	0.110208	-0.243238
1.631475	0.101208	0.107747	-0.187318
1.630800	0.101925	0.107551	-0.161178
1.630125	0.102076	0.107005	-0.141213
1.629451	0.102629	0.107935	-0.152023
1.628778	0.101667	0.108340	-0.191161
1.628105	0.101639	0.106980	-0.153006
1.627433	0.101490	0.107003	-0.157945
1.626761	0.101434	0.107356	-0.169627
1.626091	0.100874	0.108250	-0.211300
1.625421	0.099194	0.106674	-0.214270
1.624751	0.100840	0.106299	-0.156405
1.624083	0.100283	0.105511	-0.149771
1.623414	0.101320	0.106644	-0.152538
1.622747	0.100768	0.105481	-0.134991
1.622080	0.101182	0.107108	-0.169776
1.621414	0.100889	0.105573	-0.134190
1.620749	0.100794	0.105073	-0.122595
1.620084	0.101015	0.106198	-0.148474
1.619420	0.100206	0.104607	-0.126068
1.618757	0.099868	0.105426	-0.159242
1.618094	0.100180	0.103660	-0.099678
1.617432	0.099436	0.105647	-0.177940
1.616770	0.100008	0.104097	-0.117120
1.616109	0.099950	0.103831	-0.111194
1.615449	0.099354	0.104465	-0.146414
1.614790	0.100663	0.104103	-0.098544
1.614131	0.099558	0.103278	-0.106562
1.613473	0.099399	0.104481	-0.145588
1.612815	0.098990	0.101211	-0.063632
1.612158	0.098987	0.102249	-0.093470
1.611502	0.099038	0.103239	-0.120343
1.610846	0.097831	0.103908	-0.174086
1.610191	0.099995	0.102844	-0.081614
1.609537	0.098223	0.103360	-0.147161
1.608883	0.099028	0.103495	-0.127972
1.608230	0.098352	0.101675	-0.095183
1.607578	0.098336	0.101415	-0.088219
1.606926	0.097995	0.101668	-0.105221
1.606275	0.097320	0.101173	-0.110387
1.605625	0.098894	0.100721	-0.052315
1.604975	0.096923	0.102258	-0.152848
1.604326	0.097089	0.102058	-0.142334
1.603677	0.095821	0.100781	-0.142100
1.603029	0.097220	0.100458	-0.092775
1.602382	0.096577	0.100442	-0.110727
1.601735	0.096679	0.099126	-0.070115
1.601089	0.096171	0.099263	-0.088576
1.600444	0.097167	0.101272	-0.117615
1.599799	0.095404	0.099397	-0.114387
1.599155	0.093638	0.098748	-0.146410
1.598512	0.096635	0.099287	-0.075985
1.597869	0.096751	0.097903	-0.033022
1.597227	0.095833	0.099657	-0.109541
1.596585	0.096300	0.098405	-0.060304
1.595944	0.095074	0.098379	-0.094697
1.595304	0.097055	0.097632	-0.016517
1.594664	0.094545	0.098884	-0.124281
1.594025	0.094523	0.097662	-0.089937
1.593386	0.093828	0.098825	-0.143156
1.592749	0.095001	0.098352	-0.096012
1.592111	0.095418	0.096253	-0.023918
1.591475	0.094128	0.097559	-0.098291
1.590839	0.094034	0.097798	-0.107851
1.590203	0.092075	0.097153	-0.145483
1.589569	0.094672	0.097154	-0.071100
1.588935	0.092915	0.097393	-0.128293
1.588301	0.096488	0.095732	0.021660
1.587668	0.093873	0.097101	-0.092494
1.587036	0.093511	0.095662	-0.061633
1.586404	0.093481	0.095228	-0.050060
1.585773	0.092900	0.097194	-0.123034
1.585143	0.095305	0.096394	-0.031210
1.584513	0.094880	0.095775	-0.025632
1.583884	0.091895	0.093891	-0.057175
1.583255	0.094376	0.098809	-0.126997
1.582627	0.090805	0.092516	-0.049023
1.582000	0.092154	0.093903	-0.050100
1.581373	0.092259	0.094488	-0.063879
1.580747	0.092681	0.094126	-0.041417
1.580121	0.092099	0.096436	-0.124227
1.579496	0.092664	0.093397	-0.020995
1.578872	0.090803	0.095758	-0.141951
1.578248	0.092531	0.093513	-0.028142
1.577625	0.094812	0.094140	0.019260
1.577002	0.092501	0.093253	-0.021562
1.576380	0.090922	0.092152	-0.035241
1.575759	0.092051	0.091548	0.014403
1.575138	0.093110	0.091307	0.051651
1.574518	0.091443	0.090536	0.026004
1.573899	0.092267	0.089441	0.080967
1.573280	0.090787	0.091134	-0.009949
1.572661	0.088753	0.090891	-0.061250
1.572044	0.090858	0.091520	-0.018957
1.571426	0.091317	0.091300	0.000492
1.570810	0.093202	0.092490	0.020382
1.570194	0.088985	0.093183	-0.120287
1.569578	0.091036	0.091479	-0.012695
1.568964	0.089852	0.091956	-0.060262
1.568349	0.089219	0.092307	-0.088471
1.567736	0.088116	0.089625	-0.043229
1.567123	0.087995	0.090307	-0.066224
1.566510	0.090835	0.090645	0.005448
1.565899	0.090628	0.089704	0.026455
1.565287	0.090250	0.088804	0.041439
1.564677	0.089173	0.090216	-0.029876
1.564066	0.089011	0.090506	-0.042825
1.563457	0.089530	0.090112	-0.016692
1.562848	0.087879	0.089093	-0.034781
1.562240	0.087926	0.089784	-0.053229
1.561632	0.089099	0.089182	-0.002383
1.561025	0.090158	0.088755	0.040173
1.560418	0.089743	0.088667	0.030852
1.559812	0.087707	0.089080	-0.039328
1.559207	0.089286	0.088843	0.012696
1.558602	0.089818	0.089311	0.014530
1.557997	0.089698	0.087886	0.051899
1.557394	0.088780	0.087137	0.047085
1.556791	0.089739	0.087465	0.065140
1.556188	0.087634	0.088406	-0.022129
1.555586	0.086574	0.087067	-0.014124
1.554985	0.089340	0.087354	0.056893
1.554384	0.087724	0.087070	0.018753
1.553783	0.088507	0.087128	0.039523
1.553184	0.086946	0.088392	-0.041436
1.552585	0.087590	0.086537	0.030180
1.551986	0.089277	0.086089	0.091344
1.551388	0.088714	0.086948	0.050579
1.550791	0.084316	0.086496	-0.062442
1.550194	0.086152	0.085422	0.020908
1.549597	0.084403	0.083070	0.038198
1.549002	0.089033	0.087513	0.043566
1.548406	0.087792	0.085895	0.054340
1.547812	0.087189	0.087282	-0.002664
1.547218	0.085413	0.086630	-0.034871
1.546624	0.085480	0.086004	-0.015017
1.546031	0.085834	0.084433	0.040117
1.545439	0.084441	0.085022	-0.016627
1.544847	0.084463	0.084633	-0.004862
1.544256	0.082824	0.084560	-0.049736
1.543665	0.086236	0.084932	0.037364
1.543075	0.087588	0.086442	0.032842
1.542486	0.087654	0.086318	0.038268
1.541897	0.083438	0.085311	-0.053684
1.541308	0.086789	0.084448	0.067052
1.540720	0.084125	0.085960	-0.052564
1.540133	0.087989	0.084414	0.102411
1.539546	0.086050	0.084128	0.055044
1.538960	0.081804	0.084658	-0.081784
1.538374	0.087454	0.085760	0.048539
1.537789	0.087904	0.085439	0.070626
1.537204	0.087700	0.086044	0.047427
1.536620	0.087273	0.084899	0.067997
1.536037	0.086150	0.082681	0.099381
1.535454	0.085741	0.084849	0.025556
1.534872	0.085633	0.080920	0.135009
1.534290	0.087722	0.084063	0.104836
1.533708	0.084051	0.086135	-0.059681
1.533128	0.085136	0.082908	0.063848
1.532548	0.081725	0.082803	-0.030880
1.531968	0.085651	0.084791	0.024629
1.531389	0.087091	0.083967	0.089506
1.530810	0.084657	0.083330	0.038020
1.530232	0.083251	0.084734	-0.042505
1.529655	0.086262	0.081769	0.128706
1.529078	0.087153	0.082557	0.131673
1.528501	0.084834	0.083413	0.040719
1.527925	0.082549	0.081475	0.030758
1.527350	0.082375	0.079677	0.077308
1.526775	0.086475	0.082256	0.120888
1.526201	0.085254	0.080296	0.142039
1.525627	0.085325	0.081238	0.117091
1.525054	0.082555	0.082735	-0.005145
1.524481	0.084040	0.085922	-0.053919
1.523909	0.085038	0.084703	0.009619
1.523338	0.084988	0.082026	0.084881
1.522767	0.087050	0.083235	0.109291
1.522196	0.084405	0.084896	-0.014066
1.521626	0.083472	0.082428	0.029920
1.521057	0.082800	0.085015	-0.063457
1.520488	0.083292	0.084086	-0.022744
1.519919	0.084151	0.082515	0.046873
1.519351	0.084381	0.080624	0.107618
1.518784	0.085448	0.081960	0.099919
1.518217	0.087559	0.078285	0.265678
1.517651	0.084051	0.083702	0.009982
1.517085	0.084201	0.082652	0.044354
1.516520	0.085054	0.081890	0.090641
1.515955	0.082945	0.082405	0.015481
1.515391	0.083670	0.081834	0.052614
1.514827	0.083327	0.080881	0.070090
1.514264	0.082737	0.084761	-0.057970
1.513702	0.083057	0.080229	0.081003
1.513139	0.082985	0.084863	-0.053807
1.512578	0.084981	0.081943	0.087048
1.512017	0.080794	0.082935	-0.061327
1.511456	0.082498	0.082483	0.000429
1.510896	0.084478	0.081441	0.086991
1.510337	0.086826	0.081113	0.163661
1.509778	0.084434	0.078499	0.170026
1.509219	0.086530	0.081630	0.140376
1.508661	0.081051	0.082214	-0.033331
1.508104	0.079982	0.081752	-0.050710
1.507547	0.081720	0.079476	0.064312
1.506990	0.085268	0.079192	0.174072
1.506435	0.079883	0.080801	-0.026309
1.505879	0.086507	0.083817	0.077040
1.505324	0.084782	0.080989	0.108678
1.504770	0.083579	0.082294	0.036805
1.504216	0.082436	0.079816	0.075067
1.503663	0.081483	0.081092	0.011203
1.503110	0.081843	0.080510	0.038184
1.502558	0.082122	0.082573	-0.012913
1.502006	0.083787	0.080284	0.100357
1.501454	0.082132	0.081784	0.009963
1.500904	0.079829	0.076442	0.097025
1.500353	0.085792	0.077078	0.249648
1.499803	0.081794	0.079841	0.055966
1.499254	0.078895	0.078601	0.008424
1.498705	0.080036	0.080999	-0.027604
1.498157	0.082497	0.081410	0.031145
1.497609	0.085102	0.081667	0.098412
1.497062	0.080194	0.079149	0.029924
1.496515	0.082243	0.085767	-0.100965
1.495969	0.084503	0.080111	0.125837
1.495423	0.080542	0.079007	0.043977
1.494878	0.080125	0.080997	-0.024960
1.494333	0.081440	0.080187	0.035877
1.493789	0.083272	0.078285	0.142858
1.493245	0.082672	0.075718	0.199195
1.492702	0.081449	0.077554	0.111572
1.492159	0.078092	0.080913	-0.080828
1.491617	0.075821	0.078561	-0.078501
1.491075	0.084471	0.082623	0.052949
1.490533	0.082497	0.078904	0.102941
1.489993	0.085090	0.077989	0.203422
1.489452	0.086851	0.080572	0.179893
1.488912	0.083199	0.077635	0.159398
1.488373	0.085305	0.082509	0.080103
1.487834	0.085286	0.081389	0.111640
1.487296	0.081897	0.081598	0.008570
1.486758	0.084544	0.077103	0.213169
1.486221	0.087694	0.083989	0.106137
1.485684	0.078538	0.078450	0.002527
1.485147	0.085340	0.084301	0.029777
1.484611	0.081723	0.081997	-0.007844
1.484076	0.081002	0.078946	0.058896
1.483541	0.084416	0.084282	0.003830
1.483007	0.082363	0.077968	0.125899
1.482473	0.083176	0.076613	0.188028
1.481939	0.077833	0.084359	-0.186955
1.481406	0.082906	0.078590	0.123646
1.480874	0.080341	0.079872	0.013432
1.480341	0.085712	0.079863	0.167545
1.479810	0.078983	0.081251	-0.064980
1.479279	0.083988	0.081594	0.068591
1.478748	0.080827	0.079343	0.042531
1.478218	0.081831	0.081761	0.002010
1.477688	0.080254	0.080702	-0.012818
1.477159	0.079346	0.081914	-0.073581
1.476631	0.079949	0.081987	-0.058395
1.476102	0.082095	0.076438	0.162073
1.475575	0.078309	0.074694	0.103562
1.475047	0.079480	0.078998	0.013811
1.474521	0.077413	0.081386	-0.113815
1.473994	0.084320	0.078283	0.172966
1.473469	0.079681	0.079536	0.004161
1.472943	0.077445	0.075058	0.068367
1.472418	0.088663	0.081199	0.213846
1.471894	0.082106	0.081035	0.030666
1.471370	0.078674	0.086259	-0.217297
1.470846	0.089078	0.077368	0.335468
1.470323	0.089135	0.078779	0.296664
1.469801	0.081873	0.081642	0.006614
1.469279	0.081112	0.082628	-0.043435
1.468757	0.083316	0.081494	0.052205
1.468236	0.081003	0.077751	0.093169
1.467716	0.082413	0.083591	-0.033735
1.467195	0.083058	0.084685	-0.046591
1.466676	0.081027	0.075319	0.163537
1.466156	0.082530	0.082084	0.012769
1.465638	0.083433	0.073919	0.272556
1.465119	0.085597	0.076737	0.253847
1.464601	0.085684	0.081575	0.117709
1.464084	0.081558	0.080121	0.041166
1.463567	0.083108	0.077551	0.159182
1.463051	0.080531	0.081149	-0.017697
1.462535	0.082336	0.085010	-0.076611
1.462019	0.082141	0.084155	-0.057700
1.461504	0.088931	0.083813	0.146610
1.460989	0.080978	0.082589	-0.046145
1.460475	0.087347	0.075398	0.342309
1.459962	0.076656	0.081736	-0.145536
1.459448	0.077880	0.080020	-0.061310
1.458936	0.079163	0.080401	-0.035457
1.458423	0.080669	0.079230	0.041225
1.457911	0.087704	0.081539	0.176628
1.457400	0.077664	0.080841	-0.091011
1.456889	0.081373	0.081317	0.001617
1.456379	0.079575	0.078597	0.028027
1.455869	0.080549	0.081024	-0.013604
1.455359	0.077004	0.076037	0.027698
1.454850	0.083328	0.081076	0.064508
1.454341	0.083933	0.077002	0.198550
1.453833	0.077287	0.079267	-0.056733
1.453325	0.081859	0.077533	0.123918
1.452818	0.087516	0.080412	0.203493
1.452311	0.081813	0.083948	-0.061182
1.451805	0.084037	0.080328	0.106259
1.451299	0.082552	0.081559	0.028438
1.450793	0.089388	0.087113	0.065190
1.450288	0.081937	0.082241	-0.008706
1.449783	0.079299	0.076521	0.079563
1.449279	0.079289	0.080597	-0.037467
1.448775	0.085505	0.080994	0.129224
1.448272	0.078172	0.078000	0.004917
1.447769	0.087746	0.082326	0.155275
1.447267	0.086692	0.079895	0.194733
1.446765	0.078523	0.076871	0.047333
1.446263	0.075057	0.074168	0.025449
1.445762	0.086948	0.085605	0.038454
1.445262	0.086437	0.083542	0.082943
1.444762	0.084168	0.084327	-0.004557
1.444262	0.091026	0.078570	0.356857
1.443763	0.079745	0.073870	0.168291
1.443264	0.083269	0.077323	0.170345
1.442765	0.086873	0.083982	0.082816
1.442267	0.083457	0.081214	0.064260
1.441770	0.079703	0.080678	-0.027946
1.441273	0.083603	0.079864	0.107102
1.440776	0.084524	0.085150	-0.017927
1.440280	0.081200	0.079569	0.046737
1.439784	0.081899	0.084173	-0.065154
1.439289	0.081959	0.079459	0.071610
1.438794	0.079365	0.082127	-0.079151
1.438299	0.094177	0.085416	0.250983
1.437805	0.088468	0.075924	0.359346
1.437312	0.084846	0.079593	0.150483
1.436819	0.081348	0.080558	0.022630
1.436326	0.076890	0.080116	-0.092426
1.435834	0.084606	0.080351	0.121882
1.435342	0.085411	0.079995	0.155164
1.434850	0.089442	0.084356	0.145704
1.434359	0.081250	0.079109	0.061329
1.433869	0.076343	0.087391	-0.316526
1.433379	0.082114	0.080295	0.052112
1.432889	0.087049	0.084870	0.062431
1.432400	0.081504	0.078890	0.074886
1.431911	0.079784	0.081975	-0.062770
1.431422	0.087590	0.079257	0.238722
1.430934	0.084924	0.080864	0.116329
1.430447	0.089765	0.080270	0.272007
1.429960	0.080197	0.078154	0.058532
1.429473	0.084316	0.076777	0.215990
1.428987	0.082787	0.085215	-0.069536
1.428501	0.083642	0.078029	0.160778
1.428015	0.081326	0.081066	0.007464
1.427530	0.081933	0.083558	-0.046551
1.427046	0.088214	0.082156	0.173552
1.426561	0.080079	0.074693	0.154313
1.426078	0.084939	0.088296	-0.096167
1.425594	0.084673	0.078364	0.180743
1.425111	0.084900	0.082317	0.073972
1.424629	0.085755	0.075598	0.290985
1.424147	0.071603	0.078139	-0.187262
1.423665	0.084590	0.087618	-0.086754
1.423184	0.083901	0.084559	-0.018845
1.422703	0.082929	0.082674	0.007304
1.422223	0.089300	0.085145	0.119033
1.421743	0.081468	0.083114	-0.047164
1.421263	0.088163	0.072501	0.448698
1.420784	0.081135	0.080738	0.011362
1.420306	0.082131	0.084745	-0.074883
1.419827	0.081758	0.084034	-0.065210
1.419349	0.085800	0.073707	0.346449
1.418872	0.081302	0.079445	0.053194
1.418395	0.084091	0.073786	0.295203
1.417918	0.083583	0.077220	0.182281
1.417442	0.081581	0.074999	0.188543
1.416966	0.089576	0.081448	0.232833
1.416491	0.086054	0.077618	0.241657
1.416016	0.084963	0.081588	0.096701
1.415541	0.079682	0.072883	0.194779
1.415067	0.089097	0.085129	0.113665
1.414593	0.081901	0.075936	0.170868
1.414120	0.086282	0.085302	0.028080
1.413647	0.087427	0.085153	0.065152
1.413174	0.091874	0.076794	0.432013
1.412702	0.084737	0.077953	0.194356
1.412231	0.091104	0.074269	0.482308
1.411759	0.082425	0.076701	0.163998
1.411288	0.079463	0.077987	0.042283
1.410818	0.088111	0.090596	-0.071188
1.410348	0.082515	0.084367	-0.053054
1.409878	0.093134	0.086719	0.183782
1.409409	0.088087	0.078835	0.265031
1.408940	0.088185	0.076896	0.323398
1.408472	0.081232	0.088934	-0.220634
1.408004	0.076828	0.079661	-0.081167
1.407536	0.081419	0.081254	0.004723
1.407069	0.077866	0.087838	-0.285689
1.406602	0.089071	0.081684	0.211642
1.406135	0.085347	0.080239	0.146332
1.405669	0.082004	0.082766	-0.021822
1.405204	0.087643	0.085399	0.064282
1.404738	0.086509	0.079329	0.205690
1.404274	0.088006	0.093026	-0.143810
1.403809	0.082514	0.074568	0.227647
1.403345	0.079283	0.085615	-0.181394
1.402882	0.076180	0.082282	-0.174827
1.402418	0.091864	0.099228	-0.210977
1.401955	0.076101	0.089289	-0.377809
1.401493	0.084494	0.079886	0.132016
1.401031	0.082543	0.090205	-0.219497
1.400569	0.085879	0.078844	0.201535
1.400108	0.087294	0.081475	0.166714
1.399647	0.084028	0.075066	0.256748
1.399187	0.083484	0.072029	0.328146
1.398727	0.068829	0.077193	-0.239601
1.398267	0.082981	0.081136	0.052852
1.397808	0.078745	0.078402	0.009830
1.397349	0.094528	0.078461	0.460307
1.396890	0.089145	0.082829	0.180944
1.396432	0.080158	0.087146	-0.200205
1.395974	0.086447	0.071454	0.429541
1.395517	0.089262	0.081930	0.210045
1.395060	0.091325	0.088213	0.089172
1.394604	0.085007	0.074827	0.291638
1.394147	0.085936	0.087961	-0.058008
1.393692	0.079681	0.085398	-0.163786
1.393236	0.088241	0.081604	0.190136
1.392781	0.081063	0.077510	0.101808
1.392327	0.079417	0.086185	-0.193882
1.391873	0.086780	0.084792	0.056942
1.391419	0.086274	0.085113	0.033280
1.390965	0.089310	0.082716	0.188914
1.390512	0.083468	0.077560	0.169240
