6.542578	-0.171728	-0.171728	0.000000
6.529189	-0.171728	-0.171728	0.000000
6.515856	-1.341055	-1.248519	-2.650973
6.502578	-1.586773	-1.292991	-8.416206
6.489355	-1.107783	-1.511557	11.567293
6.476188	-1.206120	-1.057732	-4.250995
6.463075	-1.247872	-1.179084	-1.970634
6.450016	-1.206228	-1.214221	0.229006
6.437011	-0.975285	-1.295452	9.172101
6.424060	-1.179843	-1.161184	-0.534542
6.411162	-1.226883	-1.326360	2.849790
6.398317	-1.339107	-1.128485	-6.033878
6.385525	-0.900732	-1.140296	6.863015
6.372785	-1.327594	-1.146576	-5.185777
6.360096	-1.117754	-1.643019	15.047734
6.347460	-1.346249	-0.923544	-12.109626
6.334875	-1.230580	-1.070535	-4.584972
6.322341	-1.111153	-1.075848	-1.011417
6.309857	-1.069197	-1.212660	4.109930
6.297424	-0.956417	-1.114201	4.520195
6.285042	-1.029594	-1.018575	-0.315694
6.272709	-1.183542	-1.115569	-1.947263
6.260425	-1.122772	-1.208767	2.463574
6.248191	-1.167210	-1.077866	-2.559509
6.236005	-0.484940	-0.590372	3.020411
6.223868	-0.187250	-0.193642	0.183138
6.211780	-0.194456	-0.158996	-1.015847
6.199740	-0.188401	-0.184497	-0.111839
6.187747	-0.188240	-0.175250	-0.372141
6.175802	-0.179981	-0.183817	0.109878
6.163904	-0.181676	-0.171976	-0.277905
6.152053	-0.182791	-0.164047	-0.536967
6.140248	-0.176981	-0.182375	0.154510
6.128490	-0.186353	-0.180312	-0.173078
6.116778	-0.184880	-0.168305	-0.474846
6.105112	-0.179215	-0.177071	-0.061432
6.093492	-0.176075	-0.170878	-0.148883
6.081916	-0.169157	-0.185039	0.454991
6.070386	-0.185576	-0.187632	0.058877
6.058901	-0.154615	-0.185974	0.898389
6.047460	-0.171435	-0.162648	-0.251746
6.036063	-0.157601	-0.171951	0.411083
6.024710	-0.155878	-0.165114	0.264582
6.013401	-0.178564	-0.164213	-0.411131
6.002135	-0.164172	-0.165763	0.045572
5.990913	-0.180868	-0.164261	-0.475772
5.979734	-0.171058	-0.164200	-0.196465
5.968597	-0.179058	-0.158520	-0.588361
5.957503	-0.170192	-0.167190	-0.086004
5.946451	-0.166598	-0.169652	0.087496
5.935442	-0.172490	-0.176475	0.114175
5.924474	-0.170592	-0.160429	-0.291140
5.913547	-0.170741	-0.171980	0.035499
5.902662	-0.176577	-0.172678	-0.111712
5.891818	-0.161060	-0.177939	0.483549
5.881015	-0.165231	-0.174884	0.276520
5.870252	-0.161106	-0.153287	-0.223997
5.859530	-0.179952	-0.175326	-0.132513
5.848848	-0.172292	-0.156976	-0.438760
5.838205	-0.160933	-0.154266	-0.190997
5.827603	-0.161001	-0.160489	-0.014669
5.817040	-0.166302	-0.166842	0.015457
5.806516	-0.171648	-0.163382	-0.236804
5.796031	-0.153516	-0.169612	0.461122
5.785586	-0.165541	-0.158126	-0.212442
5.775178	-0.164392	-0.169258	0.139400
5.764810	-0.145847	-0.165964	0.576311
5.754479	-0.172175	-0.182716	0.301953
5.744186	-0.162559	-0.175213	0.362505
5.733931	-0.159002	-0.170323	0.324331
5.723714	-0.167176	-0.153107	-0.403035
5.713534	-0.163437	-0.173056	0.275574
5.703391	-0.160053	-0.169575	0.272786
5.693285	-0.171077	-0.167808	-0.093666
5.683216	-0.172120	-0.156568	-0.445534
5.673184	-0.161408	-0.158305	-0.088878
5.663188	-0.166870	-0.173138	0.179558
5.653228	-0.166857	-0.160528	-0.181308
5.643304	-0.157421	-0.160041	0.075056
5.633415	-0.167616	-0.144664	-0.657528
5.623562	-0.150698	-0.134757	-0.456697
5.613745	-0.145619	-0.136193	-0.270015
5.603963	-0.144788	-0.137776	-0.200872
5.594216	-0.145322	-0.138878	-0.184607
5.584504	-0.139281	-0.135783	-0.100233
5.574826	-0.135280	-0.127334	-0.227620
5.565183	-0.128689	-0.114383	-0.409841
5.555574	-0.120220	-0.120094	-0.003618
5.545999	-0.111315	-0.119721	0.240812
5.536458	-0.105258	-0.104909	-0.009986
5.526950	-0.113749	-0.098352	-0.441071
5.517477	-0.100001	-0.108672	0.248392
5.508036	-0.101677	-0.096429	-0.150339
5.498629	-0.095189	-0.103955	0.251112
5.489255	-0.088195	-0.095989	0.223275
5.479914	-0.089628	-0.090722	0.031325
5.470605	-0.087034	-0.086915	-0.003395
5.461329	-0.080859	-0.085307	0.127444
5.452085	-0.085108	-0.081555	-0.101785
5.442874	-0.076436	-0.082357	0.169650
5.433694	-0.071472	-0.078711	0.207379
5.424546	-0.071825	-0.070054	-0.050739
5.415430	-0.071288	-0.067002	-0.122778
5.406345	-0.063399	-0.066880	0.099747
5.397292	-0.059178	-0.060125	0.027117
5.388270	-0.058593	-0.066832	0.236034
5.379279	-0.061036	-0.056292	-0.135928
5.370319	-0.056074	-0.053158	-0.083536
5.361389	-0.056737	-0.058014	0.036587
5.352490	-0.059385	-0.043350	-0.459376
5.343621	-0.049568	-0.047668	-0.054411
5.334783	-0.049372	-0.046733	-0.075588
5.325975	-0.052032	-0.042259	-0.279988
5.317196	-0.044123	-0.043320	-0.022989
5.308448	-0.044032	-0.039162	-0.139521
5.299729	-0.044284	-0.037619	-0.190939
5.291039	-0.037508	-0.035929	-0.045246
5.282379	-0.038417	-0.035150	-0.093594
5.273748	-0.032643	-0.031546	-0.031409
5.265146	-0.030661	-0.030953	0.008366
5.256573	-0.030153	-0.032878	0.078055
5.248029	-0.024907	-0.027905	0.085907
5.239513	-0.027878	-0.027850	-0.000794
5.231026	-0.023892	-0.027947	0.116170
5.222567	-0.024766	-0.024828	0.001776
5.214136	-0.019265	-0.021584	0.066444
5.205733	-0.023565	-0.020809	-0.078956
5.197358	-0.017496	-0.024400	0.197786
5.189011	-0.019881	-0.017005	-0.082377
5.180691	-0.014481	-0.014692	0.006062
5.172399	-0.016166	-0.014385	-0.051012
5.164135	-0.013004	-0.013258	0.007271
5.155897	-0.012585	-0.012731	0.004199
5.147687	-0.013168	-0.010450	-0.077885
5.139503	-0.013169	-0.007889	-0.151257
5.131346	-0.011532	-0.006373	-0.147805
5.123216	-0.009562	-0.011027	0.041972
5.115113	-0.006494	-0.009563	0.087938
5.107036	-0.006358	-0.005200	-0.033195
5.098985	-0.009360	-0.007915	-0.041373
5.090960	-0.007787	-0.004982	-0.080361
5.082962	-0.003545	-0.003733	0.005378
5.074989	-0.002391	-0.003298	0.025988
5.067042	-0.002960	-0.000841	-0.060707
5.059121	-0.001740	-0.002531	0.022666
5.051225	-0.001114	-0.000699	-0.011896
5.043355	0.001217	0.000271	0.027110
5.035510	0.001422	0.001200	0.006345
5.027690	0.001569	0.000322	0.035724
5.019895	0.001478	0.000082	0.040008
5.012126	0.001563	0.001263	0.008579
5.004381	0.003264	0.002741	0.014993
4.996660	0.003952	0.005036	-0.031065
4.988964	0.004164	0.004283	-0.003419
4.981293	0.004435	0.004401	0.001000
4.973646	0.005755	0.006177	-0.012088
4.966023	0.006601	0.006648	-0.001355
4.958425	0.008619	0.007460	0.033195
4.950850	0.007035	0.005651	0.039645
4.943299	0.006638	0.007834	-0.034267
4.935772	0.006800	0.005514	0.036841
4.928269	0.006512	0.008197	-0.048267
4.920789	0.006592	0.007819	-0.035150
4.913333	0.009410	0.010318	-0.026040
4.905900	0.010164	0.009723	0.012628
4.898490	0.010071	0.011039	-0.027725
4.891103	0.010093	0.011452	-0.038928
4.883739	0.009083	0.011396	-0.066240
4.876399	0.009271	0.012032	-0.079102
4.869081	0.011848	0.010867	0.028113
4.861785	0.010922	0.011424	-0.014381
4.854512	0.010668	0.011692	-0.029320
4.847262	0.012514	0.012237	0.007929
4.840034	0.012915	0.013417	-0.014370
4.832829	0.012775	0.013350	-0.016459
4.825645	0.012810	0.012406	0.011570
4.818484	0.013124	0.012869	0.007300
4.811344	0.012448	0.013666	-0.034888
4.804227	0.011479	0.012405	-0.026523
4.797131	0.012273	0.013547	-0.036517
4.790057	0.013362	0.013784	-0.012087
4.783004	0.012987	0.012697	0.008301
4.775973	0.012002	0.013708	-0.048885
4.768963	0.013563	0.015162	-0.045823
4.761974	0.013001	0.015527	-0.072386
4.755007	0.014484	0.014705	-0.006326
4.748061	0.013366	0.014968	-0.045900
4.741136	0.014661	0.015739	-0.030882
4.734231	0.014257	0.014853	-0.017078
4.727348	0.015114	0.015927	-0.023275
4.720485	0.015335	0.014665	0.019187
4.713642	0.014318	0.015883	-0.044831
4.706821	0.015630	0.015976	-0.009929
4.700019	0.015698	0.015745	-0.001362
4.693238	0.015475	0.016579	-0.031622
4.686478	0.015533	0.017027	-0.042795
4.679737	0.015135	0.017746	-0.074817
4.673016	0.016769	0.015834	0.026786
4.666316	0.016734	0.017720	-0.028243
4.659635	0.016444	0.016862	-0.011983
4.652974	0.016579	0.016967	-0.011115
4.646333	0.017398	0.017168	0.006582
4.639711	0.017367	0.017620	-0.007253
4.633109	0.017027	0.018189	-0.033275
4.626527	0.016808	0.018334	-0.043719
4.619963	0.018393	0.018320	0.002101
4.613420	0.017926	0.018222	-0.008483
4.606895	0.017362	0.019535	-0.062250
4.600389	0.018734	0.019917	-0.033895
4.593902	0.016916	0.019004	-0.059815
4.587435	0.018125	0.020138	-0.057662
4.580986	0.018237	0.019367	-0.032358
4.574556	0.019373	0.019831	-0.013124
4.568145	0.018925	0.019727	-0.022966
4.561752	0.019893	0.019990	-0.002778
4.555378	0.019318	0.020402	-0.031053
4.549022	0.019613	0.020914	-0.037272
4.542685	0.019740	0.021140	-0.040120
4.536365	0.021145	0.021608	-0.013264
4.530065	0.019650	0.022124	-0.070869
4.523782	0.019722	0.022003	-0.065338
4.517517	0.020617	0.022322	-0.048843
4.511271	0.021134	0.022788	-0.047380
4.505042	0.021432	0.022377	-0.027073
4.498831	0.020819	0.023064	-0.064314
4.492638	0.021119	0.022321	-0.034431
4.486462	0.020669	0.022140	-0.042133
4.480304	0.021038	0.023729	-0.077088
4.474164	0.020958	0.023613	-0.076069
4.468041	0.020914	0.022646	-0.049636
4.461935	0.020992	0.023074	-0.059649
4.455847	0.020369	0.022335	-0.056304
4.449776	0.020083	0.022616	-0.072578
4.443722	0.019875	0.022121	-0.064353
4.437686	0.018473	0.022247	-0.108127
4.431666	0.020638	0.022493	-0.053129
4.425663	0.019764	0.023138	-0.096664
4.419677	0.020294	0.022461	-0.062082
4.413708	0.020414	0.022020	-0.046009
4.407755	0.019605	0.021938	-0.066838
4.401820	0.020705	0.023127	-0.069392
4.395901	0.020801	0.022711	-0.054717
4.389998	0.020911	0.022431	-0.043563
4.384112	0.021019	0.023076	-0.058937
4.378242	0.021859	0.022447	-0.016850
4.372389	0.022287	0.023138	-0.024391
4.366551	0.020843	0.023562	-0.077894
4.360730	0.021424	0.023993	-0.073591
4.354925	0.021350	0.023516	-0.062058
4.349136	0.020492	0.023953	-0.099146
4.343364	0.020696	0.023380	-0.076893
4.337607	0.020535	0.023395	-0.081941
4.331865	0.020280	0.023945	-0.105005
4.326140	0.020113	0.023638	-0.101006
4.320430	0.021423	0.023847	-0.069435
4.314736	0.021560	0.024035	-0.070916
4.309058	0.021721	0.025317	-0.103010
4.303395	0.022009	0.025328	-0.095085
4.297748	0.023398	0.024649	-0.035835
4.292116	0.023515	0.025265	-0.050154
4.286499	0.023429	0.026002	-0.073723
4.280898	0.023424	0.026860	-0.098432
4.275312	0.024649	0.027574	-0.083801
4.269741	0.024802	0.026747	-0.055698
4.264185	0.024844	0.027646	-0.080275
4.258644	0.024067	0.027698	-0.104015
4.253118	0.024413	0.027646	-0.092627
4.247607	0.025369	0.028397	-0.086767
4.242111	0.025222	0.028586	-0.096369
4.236629	0.024862	0.028627	-0.107875
4.231163	0.025632	0.028221	-0.074153
4.225711	0.025951	0.028526	-0.073769
4.220274	0.025630	0.028081	-0.070216
4.214851	0.025868	0.028549	-0.076808
4.209442	0.025414	0.028649	-0.092676
4.204049	0.026159	0.028054	-0.054312
4.198669	0.026120	0.028791	-0.076508
4.193304	0.025605	0.029068	-0.099191
4.187953	0.025992	0.028915	-0.083740
4.182616	0.025683	0.029024	-0.095727
4.177294	0.025759	0.029063	-0.094647
4.171985	0.026566	0.028783	-0.063505
4.166691	0.025871	0.029521	-0.104574
4.161411	0.026074	0.029354	-0.093968
4.156144	0.026582	0.029550	-0.085008
4.150892	0.026311	0.029325	-0.086333
4.145653	0.026537	0.029891	-0.096089
4.140428	0.026541	0.029588	-0.087304
4.135217	0.027161	0.029814	-0.076000
4.130019	0.026763	0.029671	-0.083304
4.124835	0.025935	0.030025	-0.117193
4.119665	0.026184	0.029803	-0.103661
4.114508	0.026855	0.029384	-0.072440
4.109364	0.026260	0.029168	-0.083311
4.104234	0.026104	0.029203	-0.088767
4.099117	0.026800	0.029478	-0.076719
4.094014	0.025361	0.028783	-0.098009
4.088924	0.025702	0.029243	-0.101446
4.083846	0.025482	0.028276	-0.080036
4.078783	0.025373	0.029236	-0.110661
4.073732	0.025336	0.028978	-0.104311
4.068694	0.025390	0.028206	-0.080694
4.063669	0.024916	0.028795	-0.111120
4.058657	0.025018	0.028484	-0.099308
4.053658	0.026094	0.029015	-0.083668
4.048672	0.025254	0.029054	-0.108865
4.043699	0.025495	0.029191	-0.105895
4.038738	0.026154	0.029749	-0.102980
4.033790	0.026599	0.029927	-0.095359
4.028855	0.027255	0.029927	-0.076541
4.023933	0.027284	0.030257	-0.085162
4.019022	0.026653	0.030592	-0.112829
4.014125	0.027127	0.030590	-0.099199
4.009240	0.027363	0.030821	-0.099071
4.004367	0.027570	0.030728	-0.090465
3.999506	0.027253	0.030584	-0.095412
3.994658	0.026940	0.030895	-0.113303
3.989823	0.026757	0.029776	-0.086516
3.984999	0.026673	0.030170	-0.100187
3.980187	0.026529	0.029654	-0.089516
3.975388	0.026751	0.030150	-0.097367
3.970601	0.025494	0.029414	-0.112311
3.965826	0.026744	0.029337	-0.074271
3.961063	0.026546	0.029725	-0.091075
3.956311	0.025950	0.029954	-0.114711
3.951572	0.027008	0.029872	-0.082049
3.946844	0.026777	0.030171	-0.097213
3.942129	0.027728	0.030274	-0.072930
3.937425	0.027356	0.031146	-0.108568
3.932733	0.027589	0.031513	-0.112413
3.928052	0.027809	0.030851	-0.087149
3.923383	0.027601	0.030931	-0.095397
3.918726	0.027802	0.031178	-0.096717
3.914080	0.027346	0.031048	-0.106045
3.909446	0.028007	0.030921	-0.083478
3.904823	0.028135	0.031123	-0.085581
3.900212	0.027329	0.031491	-0.119227
3.895612	0.027477	0.030948	-0.099434
3.891023	0.027453	0.031014	-0.102032
3.886446	0.027211	0.030720	-0.100528
3.881880	0.027657	0.031134	-0.099600
3.877325	0.027778	0.031006	-0.092469
3.872781	0.027555	0.030263	-0.077578
3.868249	0.026643	0.030288	-0.104411
3.863727	0.027185	0.031009	-0.109562
3.859217	0.027107	0.030477	-0.096563
3.854718	0.027231	0.030964	-0.106943
3.850229	0.027072	0.030744	-0.105196
3.845752	0.027023	0.030930	-0.111952
3.841285	0.027252	0.030149	-0.082998
3.836829	0.027114	0.030219	-0.088959
3.832384	0.027185	0.030864	-0.105397
3.827950	0.026942	0.030399	-0.099040
3.823527	0.026747	0.030919	-0.119509
3.819114	0.027304	0.030150	-0.081536
3.814712	0.026891	0.030052	-0.090537
3.810321	0.026920	0.030596	-0.105304
3.805940	0.026410	0.030759	-0.124611
3.801570	0.026972	0.030205	-0.092604
3.797210	0.026769	0.030413	-0.104414
3.792860	0.026767	0.030232	-0.099271
3.788522	0.026713	0.030206	-0.100078
3.784193	0.026527	0.030517	-0.114328
3.779875	0.026892	0.030152	-0.093391
3.775567	0.026784	0.030046	-0.093440
3.771269	0.026871	0.030371	-0.100263
3.766982	0.026705	0.029851	-0.090125
3.762705	0.026775	0.030225	-0.098819
3.758438	0.026695	0.030280	-0.102702
3.754181	0.026566	0.030492	-0.112478
3.749935	0.026905	0.030404	-0.100263
3.745698	0.026316	0.030625	-0.123437
3.741472	0.027086	0.030264	-0.091039
3.737255	0.026695	0.030580	-0.111292
3.733048	0.026656	0.030129	-0.099490
3.728852	0.027092	0.030402	-0.094814
3.724665	0.026803	0.030593	-0.108580
3.720488	0.026560	0.029715	-0.090366
3.716321	0.026999	0.030224	-0.092403
3.712163	0.026924	0.030266	-0.095729
3.708016	0.026636	0.030346	-0.106286
3.703878	0.026371	0.029821	-0.098827
3.699750	0.026349	0.029696	-0.095881
3.695631	0.026180	0.029749	-0.102241
3.691522	0.026388	0.029975	-0.102769
3.687423	0.026349	0.029734	-0.096950
3.683333	0.026066	0.029518	-0.098911
3.679253	0.025991	0.029651	-0.104870
3.675182	0.026250	0.029600	-0.095969
3.671120	0.026451	0.029671	-0.092246
3.667069	0.026810	0.030073	-0.093452
3.663026	0.026609	0.030434	-0.109589
3.658993	0.027134	0.030670	-0.101274
3.654969	0.027465	0.030639	-0.090911
3.650954	0.027049	0.030480	-0.098269
3.646949	0.026852	0.029988	-0.089828
3.642953	0.026042	0.029695	-0.104634
3.638966	0.025314	0.028936	-0.103764
3.634988	0.024767	0.028016	-0.093074
3.631020	0.024445	0.028091	-0.104444
3.627060	0.024207	0.027931	-0.106678
3.623110	0.024657	0.027406	-0.078760
3.619168	0.025068	0.027873	-0.080353
3.615236	0.024812	0.028562	-0.107447
3.611312	0.025124	0.028333	-0.091944
3.607398	0.025949	0.029356	-0.097610
3.603492	0.026478	0.029611	-0.089771
3.599596	0.026505	0.029713	-0.091894
3.595708	0.026224	0.029606	-0.096894
3.591829	0.025887	0.029957	-0.116613
3.587959	0.025895	0.029568	-0.105234
3.584097	0.025762	0.029203	-0.098574
3.580244	0.025392	0.028737	-0.095833
3.576400	0.025494	0.028989	-0.100147
3.572565	0.025552	0.029241	-0.105700
3.568738	0.025830	0.028910	-0.088244
3.564920	0.025557	0.029251	-0.105804
3.561111	0.025374	0.029358	-0.114136
3.557310	0.026123	0.029500	-0.096737
3.553517	0.025826	0.029020	-0.091491
3.549734	0.025791	0.029610	-0.109397
3.545958	0.025864	0.029172	-0.094763
3.542191	0.025577	0.029405	-0.109665
3.538433	0.025871	0.028914	-0.087170
3.534683	0.025746	0.029155	-0.097669
3.530941	0.025655	0.029163	-0.100525
3.527207	0.025711	0.029234	-0.100920
3.523482	0.025775	0.028987	-0.092022
3.519765	0.025623	0.028504	-0.082543
3.516057	0.025435	0.028649	-0.092076
3.512356	0.025432	0.028647	-0.092098
3.508664	0.024993	0.028156	-0.090627
3.504980	0.024756	0.028441	-0.105559
3.501304	0.024949	0.028012	-0.087767
3.497636	0.025034	0.028295	-0.093421
3.493977	0.024808	0.028385	-0.102459
3.490325	0.024778	0.028521	-0.107235
3.486682	0.024938	0.027776	-0.081314
3.483046	0.024345	0.028002	-0.104767
3.479419	0.024946	0.028354	-0.097635
3.475799	0.024901	0.028501	-0.103142
3.472187	0.025512	0.028466	-0.084626
3.468583	0.025591	0.028554	-0.084877
3.464988	0.025952	0.028650	-0.077306
3.461400	0.026060	0.029016	-0.084705
3.457819	0.026350	0.029603	-0.093188
3.454247	0.026270	0.029608	-0.095623
3.450682	0.026233	0.028983	-0.078785
3.447125	0.026722	0.029678	-0.084682
3.443576	0.026709	0.029408	-0.077329
3.440035	0.026877	0.030015	-0.089878
3.436501	0.026397	0.029750	-0.096072
3.432975	0.026464	0.029307	-0.081442
3.429457	0.026680	0.029151	-0.070785
3.425946	0.026364	0.029148	-0.079759
3.422442	0.026202	0.029365	-0.090621
3.418947	0.025880	0.028885	-0.086062
3.415459	0.025776	0.029110	-0.095489
3.411978	0.025716	0.029108	-0.097189
3.408505	0.026025	0.028932	-0.083270
3.405039	0.026412	0.029243	-0.081093
3.401581	0.026362	0.029537	-0.090959
3.398130	0.026612	0.029419	-0.080411
3.394686	0.027204	0.029929	-0.078058
3.391250	0.027557	0.030295	-0.078452
3.387821	0.027549	0.030681	-0.089731
3.384400	0.028083	0.030607	-0.072298
3.380986	0.028082	0.030999	-0.083568
3.377579	0.028172	0.030975	-0.080279
3.374179	0.028082	0.031245	-0.090614
3.370787	0.028433	0.031277	-0.081485
3.367401	0.028287	0.031158	-0.082264
3.364023	0.028355	0.031054	-0.077321
3.360652	0.028363	0.030746	-0.068246
3.357289	0.028493	0.031125	-0.075405
3.353932	0.028433	0.031131	-0.077291
3.350582	0.028001	0.030796	-0.080066
3.347240	0.027790	0.030737	-0.084441
3.343904	0.027981	0.030446	-0.070632
3.340576	0.027665	0.030593	-0.083897
3.337255	0.027766	0.030634	-0.082183
3.333940	0.027940	0.030455	-0.072064
3.330633	0.027817	0.030350	-0.072573
3.327332	0.028025	0.030556	-0.072506
3.324038	0.027700	0.030449	-0.078766
3.320752	0.027866	0.031086	-0.092239
3.317472	0.028235	0.030775	-0.072775
3.314199	0.028365	0.031310	-0.084377
3.310933	0.029113	0.031386	-0.065122
3.307673	0.029073	0.031745	-0.076559
3.304421	0.029440	0.031797	-0.067521
3.301175	0.029890	0.032523	-0.075421
3.297936	0.030021	0.032574	-0.073112
3.294703	0.030353	0.032802	-0.070165
3.291478	0.030375	0.033149	-0.079453
3.288259	0.030526	0.033720	-0.091483
3.285046	0.030703	0.033387	-0.076881
3.281841	0.031092	0.033458	-0.067777
3.278642	0.030835	0.033331	-0.071478
3.275449	0.030779	0.033531	-0.078856
3.272263	0.030824	0.033463	-0.075600
3.269084	0.030999	0.033153	-0.061723
3.265911	0.030379	0.032773	-0.068574
3.262745	0.030296	0.032545	-0.064412
3.259585	0.030356	0.032892	-0.072667
3.256432	0.030517	0.032884	-0.067807
3.253285	0.030293	0.033207	-0.083460
3.250145	0.030889	0.033251	-0.067679
3.247011	0.031305	0.033888	-0.073996
3.243883	0.031678	0.033818	-0.061294
3.240762	0.032148	0.034430	-0.065385
3.237647	0.032499	0.034851	-0.067366
3.234539	0.032865	0.035166	-0.065918
3.231437	0.032936	0.035185	-0.064425
3.228341	0.033095	0.035584	-0.071306
3.225251	0.033182	0.035684	-0.071683
3.222168	0.033233	0.035735	-0.071659
3.219091	0.033523	0.035660	-0.061219
3.216020	0.033390	0.035875	-0.071168
3.212956	0.033660	0.035905	-0.064331
3.209897	0.033736	0.035681	-0.055721
3.206845	0.033403	0.036061	-0.076131
3.203799	0.033498	0.035898	-0.068743
3.200759	0.033718	0.036135	-0.069232
3.197725	0.033648	0.036574	-0.083806
3.194697	0.034126	0.036292	-0.062057
3.191676	0.034429	0.036316	-0.054043
3.188660	0.034039	0.036388	-0.067307
3.185651	0.034025	0.036419	-0.068597
3.182647	0.034165	0.036155	-0.056991
3.179650	0.034158	0.036631	-0.070841
3.176658	0.034692	0.036727	-0.058299
3.173673	0.034492	0.036793	-0.065946
3.170693	0.035038	0.037124	-0.059758
3.167720	0.035047	0.037348	-0.065921
3.164752	0.035374	0.037627	-0.064531
3.161790	0.035816	0.037999	-0.062533
3.158834	0.036250	0.038000	-0.050148
3.155884	0.036447	0.038942	-0.071482
3.152940	0.036750	0.038558	-0.051821
3.150001	0.036169	0.038574	-0.068897
3.147069	0.035889	0.038177	-0.065537
3.144142	0.036263	0.038484	-0.063624
3.141221	0.036491	0.038517	-0.058046
3.138306	0.036488	0.039156	-0.076437
3.135396	0.036834	0.039044	-0.063326
3.132493	0.036869	0.038967	-0.060111
3.129595	0.036738	0.038891	-0.061669
3.126702	0.037415	0.039442	-0.058087
3.123816	0.037400	0.039064	-0.047659
3.120935	0.037263	0.039229	-0.056320
3.118059	0.037896	0.039894	-0.057223
3.115190	0.038172	0.040349	-0.062393
3.112326	0.038691	0.040662	-0.056448
3.109467	0.038500	0.040554	-0.058847
3.106614	0.038771	0.041074	-0.065982
3.103767	0.038837	0.040634	-0.051478
3.100925	0.039122	0.041253	-0.061047
3.098089	0.039293	0.041609	-0.066364
3.095258	0.039435	0.041903	-0.070701
3.092433	0.039800	0.042113	-0.066268
3.089613	0.040039	0.042107	-0.059240
3.086799	0.039989	0.041852	-0.053360
3.083990	0.040092	0.042253	-0.061903
3.081187	0.040289	0.042430	-0.061320
3.078389	0.040916	0.042487	-0.044989
3.075596	0.040503	0.042775	-0.065076
3.072809	0.040356	0.042802	-0.070087
3.070027	0.040217	0.042625	-0.068984
3.067251	0.040707	0.043072	-0.067746
3.064480	0.040777	0.043052	-0.065173
3.061714	0.041256	0.043199	-0.055671
3.058954	0.041487	0.043416	-0.055246
3.056199	0.040929	0.043492	-0.073419
3.053449	0.041019	0.043159	-0.061304
3.050704	0.041082	0.042800	-0.049214
3.047965	0.040655	0.043270	-0.074906
3.045231	0.040841	0.043091	-0.064445
3.042502	0.040640	0.043013	-0.067985
3.039779	0.040978	0.043198	-0.063580
3.037060	0.041567	0.043449	-0.053930
3.034347	0.041379	0.043220	-0.052746
3.031639	0.041650	0.043614	-0.056256
3.028936	0.041361	0.043568	-0.063211
3.026238	0.041427	0.043698	-0.065060
3.023545	0.041506	0.044146	-0.075639
3.020858	0.041601	0.043879	-0.065269
3.018175	0.041668	0.044027	-0.067559
3.015498	0.042093	0.044116	-0.057957
3.012826	0.042040	0.044357	-0.066379
3.010158	0.042208	0.044383	-0.062312
3.007496	0.042569	0.044875	-0.066063
3.004839	0.042436	0.044903	-0.070679
3.002187	0.043123	0.045098	-0.056560
2.999540	0.043748	0.045614	-0.053451
2.996897	0.043135	0.045316	-0.062486
2.994260	0.043047	0.045816	-0.079320
2.991628	0.043020	0.045463	-0.070013
2.989000	0.043100	0.045460	-0.067609
2.986378	0.043052	0.045547	-0.071466
2.983760	0.043256	0.045788	-0.072521
2.981148	0.043457	0.045756	-0.065836
2.978540	0.043617	0.046000	-0.068268
2.975937	0.044154	0.046182	-0.058116
2.973339	0.043679	0.046408	-0.078190
2.970746	0.044032	0.046580	-0.072973
2.968158	0.044366	0.047168	-0.080271
2.965574	0.044626	0.046944	-0.066410
2.962995	0.044987	0.047300	-0.066242
2.960421	0.045235	0.047727	-0.071367
2.957852	0.045427	0.047728	-0.065909
2.955288	0.045570	0.047825	-0.064601
2.952728	0.045866	0.048147	-0.065347
2.950173	0.046099	0.048570	-0.070790
2.947623	0.046439	0.049171	-0.078269
2.945078	0.046472	0.049496	-0.086634
2.942537	0.046861	0.049810	-0.084481
2.940001	0.046998	0.049757	-0.079054
2.937469	0.046896	0.049620	-0.078026
2.934943	0.046796	0.049519	-0.078021
2.932421	0.047006	0.049653	-0.075841
2.929903	0.047111	0.049641	-0.072491
2.927390	0.047027	0.049580	-0.073142
2.924882	0.047371	0.049549	-0.062386
2.922378	0.046942	0.049411	-0.070733
2.919879	0.046872	0.049390	-0.072144
2.917385	0.046719	0.049421	-0.077392
2.914895	0.046656	0.049051	-0.068604
2.912410	0.046540	0.049051	-0.071920
2.909929	0.046213	0.048824	-0.074792
2.907453	0.046649	0.049336	-0.076973
2.904981	0.046159	0.049040	-0.082545
2.902513	0.046317	0.049100	-0.079730
2.900051	0.046241	0.049027	-0.079816
2.897592	0.045897	0.048699	-0.080265
2.895138	0.045825	0.048642	-0.080724
2.892689	0.046096	0.049014	-0.083600
2.890244	0.046256	0.048903	-0.075838
2.887803	0.046547	0.049109	-0.073389
2.885367	0.046498	0.049125	-0.075249
2.882936	0.046396	0.049202	-0.080374
2.880508	0.046240	0.049001	-0.079092
2.878085	0.045849	0.048702	-0.081727
2.875667	0.045780	0.048130	-0.067342
2.873252	0.045006	0.047692	-0.076944
2.870842	0.044677	0.047430	-0.078870
2.868437	0.044135	0.047272	-0.089867
2.866036	0.044230	0.047120	-0.082790
2.863639	0.044273	0.047296	-0.086612
2.861246	0.044718	0.047569	-0.081655
2.858858	0.044918	0.048138	-0.092252
2.856474	0.044917	0.047712	-0.080070
2.854094	0.044774	0.047588	-0.080601
2.851718	0.044630	0.047690	-0.087662
2.849347	0.044986	0.047889	-0.083170
2.846980	0.045342	0.048257	-0.083498
2.844617	0.045197	0.048265	-0.087888
2.842258	0.045609	0.048573	-0.084930
2.839904	0.045931	0.048799	-0.082172
2.837553	0.045971	0.048877	-0.083261
2.835207	0.046225	0.049039	-0.080621
2.832865	0.046294	0.049308	-0.086358
2.830528	0.046686	0.049482	-0.080097
2.828194	0.046974	0.049970	-0.085828
2.825864	0.047209	0.050223	-0.086342
2.823539	0.047466	0.050333	-0.082112
2.821218	0.047471	0.050411	-0.084236
2.818901	0.047481	0.050421	-0.084236
2.816587	0.047953	0.050648	-0.077220
2.814278	0.048180	0.051158	-0.085312
2.811973	0.048324	0.051088	-0.079180
2.809673	0.048339	0.051421	-0.088291
2.807376	0.048629	0.051474	-0.081511
2.805083	0.048566	0.051505	-0.084199
2.802794	0.048676	0.051686	-0.086254
2.800509	0.048875	0.051586	-0.077665
2.798228	0.049243	0.052033	-0.079914
2.795952	0.049024	0.052075	-0.087420
2.793679	0.049061	0.052011	-0.084524
2.791410	0.048912	0.051879	-0.085003
2.789145	0.048918	0.051986	-0.087879
2.786884	0.049221	0.052139	-0.083605
2.784627	0.049231	0.052177	-0.084409
2.782374	0.049441	0.052427	-0.085542
2.780125	0.049805	0.052576	-0.079382
2.777880	0.049657	0.052563	-0.083255
2.775638	0.049908	0.052876	-0.085041
2.773401	0.050372	0.053291	-0.083625
2.771167	0.050837	0.053750	-0.083441
2.768938	0.051312	0.054263	-0.084547
2.766712	0.051535	0.054508	-0.085167
2.764490	0.051947	0.054901	-0.084631
2.762272	0.052489	0.055439	-0.084500
2.760058	0.052853	0.055753	-0.083059
2.757847	0.053162	0.055964	-0.080267
2.755640	0.053675	0.056604	-0.083903
2.753437	0.054077	0.057003	-0.083809
2.751238	0.054474	0.057311	-0.081260
2.749043	0.054800	0.057639	-0.081317
2.746852	0.054787	0.057645	-0.081889
2.744664	0.055041	0.057936	-0.082929
2.742480	0.055257	0.058051	-0.080032
2.740300	0.055201	0.058061	-0.081942
2.738123	0.055327	0.058166	-0.081316
2.735950	0.055566	0.058370	-0.080327
2.733781	0.055554	0.058435	-0.082532
2.731616	0.055589	0.058426	-0.081294
2.729454	0.055593	0.058426	-0.081148
2.727296	0.055759	0.058665	-0.083245
2.725142	0.055693	0.058513	-0.080783
2.722991	0.055914	0.058701	-0.079844
2.720844	0.056131	0.058975	-0.081486
2.718701	0.056075	0.058907	-0.081144
2.716561	0.056333	0.059095	-0.079122
2.714425	0.056329	0.059167	-0.081299
2.712293	0.056712	0.059428	-0.077786
2.710164	0.056814	0.059612	-0.080167
2.708039	0.056880	0.059620	-0.078509
2.705917	0.057132	0.059790	-0.076137
2.703799	0.057327	0.060038	-0.077670
2.701685	0.057614	0.060306	-0.077134
2.699574	0.057453	0.060191	-0.078429
2.697466	0.057512	0.060243	-0.078261
2.695363	0.057706	0.060454	-0.078707
2.693262	0.057908	0.060531	-0.075136
2.691166	0.058258	0.060992	-0.078328
2.689072	0.058342	0.060981	-0.075614
2.686983	0.058566	0.061247	-0.076786
2.684897	0.058766	0.061455	-0.077041
2.682814	0.058852	0.061466	-0.074880
2.680735	0.058911	0.061477	-0.073503
2.678659	0.059067	0.061651	-0.074015
2.676587	0.059186	0.061744	-0.073264
2.674518	0.059421	0.062020	-0.074468
2.672453	0.059651	0.062298	-0.075846
2.670391	0.059689	0.062332	-0.075704
2.668333	0.059942	0.062511	-0.073591
2.666278	0.060226	0.062699	-0.070863
2.664226	0.060307	0.062880	-0.073697
2.662178	0.060433	0.062969	-0.072649
2.660133	0.060660	0.063174	-0.072024
2.658092	0.060702	0.063277	-0.073776
2.656054	0.060760	0.063228	-0.070691
2.654019	0.060699	0.063270	-0.073656
2.651988	0.061156	0.063670	-0.072018
2.649960	0.061243	0.063670	-0.069539
2.647936	0.061250	0.063740	-0.071324
2.645915	0.061298	0.063762	-0.070578
2.643897	0.061349	0.063749	-0.068749
2.641882	0.061567	0.064005	-0.069846
2.639871	0.061685	0.064076	-0.068500
2.637863	0.061702	0.064115	-0.069122
2.635859	0.061881	0.064233	-0.067395
2.633857	0.062193	0.064513	-0.066472
2.631859	0.062236	0.064558	-0.066522
2.629865	0.062308	0.064639	-0.066803
2.627873	0.062369	0.064704	-0.066878
2.625885	0.062680	0.064997	-0.066387
2.623900	0.062444	0.064779	-0.066895
2.621919	0.062715	0.064934	-0.063571
2.619940	0.063049	0.065294	-0.064299
2.617965	0.063397	0.065590	-0.062838
2.615993	0.063335	0.065519	-0.062573
2.614025	0.063521	0.065662	-0.061317
2.612059	0.063591	0.065870	-0.065276
2.610097	0.063841	0.065978	-0.061212
2.608138	0.063839	0.065993	-0.061723
2.606182	0.063896	0.065988	-0.059923
2.604229	0.064281	0.066433	-0.061656
2.602280	0.064469	0.066576	-0.060364
2.600333	0.064545	0.066654	-0.060416
2.598390	0.064853	0.066893	-0.058441
2.596450	0.064986	0.067055	-0.059249
2.594513	0.065119	0.067184	-0.059135
2.592579	0.065286	0.067320	-0.058276
2.590648	0.065380	0.067395	-0.057725
2.588721	0.065675	0.067653	-0.056657
2.586796	0.065657	0.067661	-0.057403
2.584875	0.065819	0.067794	-0.056595
2.582957	0.066043	0.067987	-0.055682
2.581042	0.066341	0.068327	-0.056878
2.579130	0.066356	0.068288	-0.055354
2.577221	0.066538	0.068441	-0.054525
2.575315	0.066521	0.068441	-0.054997
2.573412	0.066672	0.068558	-0.054028
2.571512	0.066818	0.068689	-0.053593
2.569615	0.067003	0.068868	-0.053419
2.567722	0.067140	0.069009	-0.053536
2.565831	0.067103	0.068978	-0.053706
2.563943	0.067345	0.069180	-0.052558
2.562058	0.067513	0.069364	-0.053025
2.560177	0.067425	0.069184	-0.050390
2.558298	0.067518	0.069328	-0.051849
2.556423	0.067770	0.069500	-0.049578
2.554550	0.067815	0.069634	-0.052108
2.552680	0.068066	0.069830	-0.050553
2.550813	0.068213	0.069929	-0.049161
2.548950	0.068296	0.069988	-0.048471
2.547089	0.068417	0.070070	-0.047358
2.545231	0.068526	0.070173	-0.047175
2.543376	0.068649	0.070305	-0.047466
2.541524	0.068673	0.070318	-0.047120
2.539675	0.068836	0.070526	-0.048407
2.537829	0.069023	0.070602	-0.045232
2.535986	0.069078	0.070694	-0.046289
2.534146	0.069219	0.070723	-0.043092
2.532308	0.069312	0.070915	-0.045897
2.530474	0.069404	0.070926	-0.043579
2.528642	0.069493	0.071015	-0.043604
2.526814	0.069470	0.071021	-0.044438
2.524988	0.069498	0.071061	-0.044785
2.523165	0.069628	0.071143	-0.043412
2.521345	0.069927	0.071394	-0.042012
2.519528	0.069765	0.071274	-0.043222
2.517714	0.069909	0.071403	-0.042790
2.515902	0.069979	0.071458	-0.042360
2.514093	0.070118	0.071526	-0.040339
2.512288	0.070346	0.071729	-0.039623
2.510485	0.070309	0.071755	-0.041412
2.508684	0.070315	0.071698	-0.039615
2.506887	0.070320	0.071691	-0.039279
2.505092	0.070346	0.071771	-0.040821
2.503301	0.070388	0.071715	-0.038010
2.501512	0.070433	0.071805	-0.039289
2.499726	0.070566	0.071908	-0.038470
2.497942	0.070700	0.072069	-0.039220
2.496162	0.070934	0.072237	-0.037325
2.494384	0.071006	0.072296	-0.036932
2.492609	0.070969	0.072260	-0.036993
2.490836	0.071160	0.072350	-0.034111
2.489067	0.071226	0.072410	-0.033920
2.487300	0.071179	0.072393	-0.034793
2.485536	0.071218	0.072475	-0.036005
2.483774	0.071333	0.072543	-0.034665
2.482016	0.071399	0.072643	-0.035632
2.480260	0.071536	0.072712	-0.033685
2.478507	0.071701	0.072872	-0.033538
2.476756	0.071865	0.073052	-0.034019
2.475008	0.072066	0.073241	-0.033669
2.473263	0.072075	0.073207	-0.032444
2.471521	0.071962	0.073168	-0.034534
2.469781	0.072003	0.073130	-0.032303
2.468044	0.072168	0.073237	-0.030642
2.466309	0.072222	0.073301	-0.030933
2.464578	0.072183	0.073299	-0.031969
2.462848	0.072344	0.073458	-0.031917
2.461122	0.072569	0.073629	-0.030360
2.459398	0.072715	0.073733	-0.029163
2.457677	0.072720	0.073751	-0.029537
2.455958	0.072805	0.073822	-0.029145
2.454243	0.072929	0.073923	-0.028495
2.452529	0.072893	0.073944	-0.030125
2.450819	0.072893	0.073915	-0.029277
2.449111	0.072892	0.073916	-0.029348
2.447405	0.073209	0.074234	-0.029390
2.445702	0.073306	0.074270	-0.027630
2.444002	0.073460	0.074391	-0.026662
2.442304	0.073543	0.074478	-0.026793
2.440609	0.073608	0.074521	-0.026160
2.438917	0.073674	0.074559	-0.025350
2.437227	0.073753	0.074643	-0.025501
2.435539	0.073686	0.074578	-0.025545
2.433854	0.073677	0.074581	-0.025908
2.432172	0.073759	0.074677	-0.026291
2.430492	0.073766	0.074659	-0.025570
2.428815	0.073798	0.074672	-0.025043
2.427140	0.073953	0.074732	-0.022334
2.425468	0.074004	0.074829	-0.023631
2.423799	0.074024	0.074936	-0.026139
2.422131	0.074210	0.075051	-0.024098
2.420467	0.074325	0.075185	-0.024655
2.418805	0.074471	0.075390	-0.026336
2.417145	0.074492	0.075287	-0.022754
2.415488	0.074485	0.075335	-0.024359
2.413833	0.074587	0.075481	-0.025610
2.412181	0.074587	0.075404	-0.023390
2.410532	0.074598	0.075321	-0.020698
2.408884	0.074610	0.075351	-0.021245
2.407240	0.074671	0.075448	-0.022250
2.405598	0.074594	0.075377	-0.022421
2.403958	0.074714	0.075456	-0.021255
2.402320	0.074864	0.075619	-0.021619
2.400685	0.075009	0.075748	-0.021162
2.399053	0.075105	0.075873	-0.022020
2.397423	0.075144	0.075923	-0.022301
2.395795	0.075199	0.075911	-0.020404
2.394170	0.075163	0.075909	-0.021375
2.392547	0.075191	0.075881	-0.019765
2.390927	0.075247	0.075977	-0.020932
2.389309	0.075314	0.076012	-0.019990
2.387694	0.075220	0.075958	-0.021135
2.386081	0.075329	0.076045	-0.020513
2.384470	0.075427	0.076139	-0.020398
2.382861	0.075245	0.076060	-0.023341
2.381255	0.075221	0.075989	-0.021994
2.379652	0.075234	0.076008	-0.022188
2.378051	0.075355	0.076021	-0.019104
2.376452	0.075271	0.076023	-0.021536
2.374855	0.075388	0.076088	-0.020053
2.373261	0.075470	0.076204	-0.021047
2.371669	0.075512	0.076272	-0.021760
2.370080	0.075543	0.076353	-0.023193
2.368493	0.075624	0.076315	-0.019792
2.366908	0.075513	0.076293	-0.022329
2.365326	0.075585	0.076298	-0.020444
2.363745	0.075627	0.076350	-0.020728
2.362168	0.075784	0.076516	-0.020971
2.360592	0.075947	0.076663	-0.020493
2.359019	0.075936	0.076691	-0.021644
2.357448	0.076060	0.076855	-0.022753
2.355880	0.076148	0.076917	-0.022025
2.354313	0.076394	0.077174	-0.022341
2.352749	0.076239	0.077029	-0.022645
2.351188	0.076262	0.077026	-0.021862
2.349628	0.076317	0.077123	-0.023090
2.348071	0.076337	0.077102	-0.021936
2.346516	0.076364	0.077138	-0.022186
2.344964	0.076553	0.077289	-0.021063
2.343413	0.076565	0.077356	-0.022638
2.341865	0.076596	0.077355	-0.021729
2.340319	0.076663	0.077477	-0.023324
2.338776	0.076689	0.077551	-0.024672
2.337235	0.076837	0.077567	-0.020937
2.335695	0.076807	0.077571	-0.021887
2.334159	0.076840	0.077643	-0.023008
2.332624	0.076883	0.077733	-0.024358
2.331091	0.077028	0.077830	-0.022990
2.329561	0.077088	0.077903	-0.023356
2.328033	0.077026	0.077819	-0.022716
2.326508	0.076993	0.077857	-0.024767
2.324984	0.077049	0.077942	-0.025578
2.323463	0.077162	0.078047	-0.025338
2.321943	0.077223	0.078099	-0.025098
2.320426	0.077373	0.078247	-0.025044
2.318912	0.077368	0.078274	-0.025960
2.317399	0.077378	0.078263	-0.025348
2.315888	0.077403	0.078313	-0.026088
2.314380	0.077440	0.078349	-0.026048
2.312874	0.077575	0.078485	-0.026065
2.311370	0.077684	0.078624	-0.026932
2.309868	0.077640	0.078655	-0.029088
2.308369	0.077747	0.078640	-0.025571
2.306871	0.077732	0.078690	-0.027455
2.305376	0.077821	0.078806	-0.028205
2.303883	0.077839	0.078837	-0.028604
2.302392	0.077759	0.078782	-0.029311
2.300903	0.077802	0.078811	-0.028917
2.299416	0.077861	0.078849	-0.028303
2.297931	0.077881	0.078822	-0.026967
2.296449	0.077929	0.078918	-0.028337
2.294968	0.077924	0.078935	-0.028975
2.293490	0.077934	0.078997	-0.030471
2.292013	0.077894	0.078962	-0.030606
2.290539	0.077855	0.078988	-0.032449
2.289067	0.077787	0.078883	-0.031397
2.287597	0.077896	0.078934	-0.029741
2.286129	0.077945	0.079034	-0.031215
2.284664	0.077933	0.079114	-0.033834
2.283200	0.078112	0.079304	-0.034157
2.281738	0.078220	0.079312	-0.031286
2.280279	0.078260	0.079478	-0.034903
2.278821	0.078362	0.079517	-0.033082
2.277366	0.078366	0.079591	-0.035077
2.275912	0.078412	0.079568	-0.033106
2.274461	0.078439	0.079639	-0.034395
2.273012	0.078324	0.079557	-0.035318
2.271564	0.078396	0.079657	-0.036127
2.270119	0.078465	0.079728	-0.036177
2.268676	0.078619	0.079824	-0.034511
2.267235	0.078484	0.079804	-0.037815
2.265796	0.078614	0.079801	-0.034002
2.264359	0.078593	0.079927	-0.038207
2.262923	0.078675	0.079974	-0.037222
2.261490	0.078769	0.080090	-0.037820
2.260059	0.078815	0.080148	-0.038191
2.258630	0.078839	0.080272	-0.041050
2.257203	0.078998	0.080368	-0.039236
2.255778	0.079108	0.080456	-0.038628
2.254355	0.079005	0.080476	-0.042131
2.252934	0.079011	0.080487	-0.042285
2.251515	0.079110	0.080561	-0.041557
2.250098	0.079170	0.080639	-0.042068
2.248683	0.079277	0.080733	-0.041716
2.247269	0.079257	0.080746	-0.042656
2.245858	0.079337	0.080777	-0.041257
2.244449	0.079101	0.080666	-0.044818
2.243042	0.079055	0.080661	-0.046035
2.241636	0.078946	0.080491	-0.044283
2.240233	0.078880	0.080499	-0.046362
2.238832	0.079138	0.080717	-0.045239
2.237432	0.079097	0.080669	-0.045037
2.236035	0.079144	0.080755	-0.046166
2.234639	0.079116	0.080798	-0.048174
2.233245	0.079187	0.080795	-0.046052
2.231854	0.079085	0.080793	-0.048920
2.230464	0.079196	0.080947	-0.050180
2.229076	0.079396	0.081027	-0.046717
2.227690	0.079397	0.081089	-0.048479
2.226306	0.079500	0.081188	-0.048350
2.224924	0.079542	0.081364	-0.052206
2.223544	0.079652	0.081465	-0.051936
2.222165	0.079613	0.081439	-0.052305
2.220789	0.079635	0.081480	-0.052865
2.219414	0.079625	0.081478	-0.053108
2.218042	0.079567	0.081384	-0.052042
2.216671	0.079637	0.081478	-0.052755
2.215302	0.079578	0.081498	-0.055004
2.213935	0.079554	0.081477	-0.055085
2.212570	0.079725	0.081634	-0.054667
2.211207	0.079638	0.081601	-0.056224
2.209845	0.079738	0.081722	-0.056859
2.208486	0.079756	0.081692	-0.055464
2.207128	0.079701	0.081675	-0.056542
2.205772	0.079848	0.081830	-0.056782
2.204418	0.079892	0.081929	-0.058371
2.203066	0.079929	0.082031	-0.060222
2.201716	0.079942	0.081998	-0.058912
2.200367	0.080073	0.082130	-0.058914
2.199021	0.080140	0.082278	-0.061245
2.197676	0.080082	0.082222	-0.061311
2.196333	0.080086	0.082272	-0.062633
2.194992	0.080066	0.082271	-0.063160
2.193653	0.080012	0.082234	-0.063649
2.192315	0.080021	0.082243	-0.063646
2.190980	0.080084	0.082337	-0.064560
2.189646	0.080139	0.082345	-0.063198
2.188314	0.080124	0.082428	-0.066022
2.186984	0.080157	0.082413	-0.064636
2.185655	0.080075	0.082424	-0.067297
2.184328	0.080062	0.082477	-0.069188
2.183004	0.080200	0.082579	-0.068151
2.181681	0.080246	0.082780	-0.072603
2.180359	0.080527	0.082940	-0.069112
2.179040	0.080451	0.082927	-0.070944
2.177722	0.080546	0.083043	-0.071547
2.176406	0.080516	0.083016	-0.071601
2.175092	0.080617	0.083128	-0.071912
2.173780	0.080783	0.083295	-0.071960
2.172469	0.080806	0.083333	-0.072398
2.171160	0.080768	0.083340	-0.073699
2.169853	0.080718	0.083349	-0.075373
2.168548	0.080692	0.083367	-0.076633
2.167244	0.080850	0.083521	-0.076539
2.165943	0.080834	0.083554	-0.077923
2.164643	0.080830	0.083534	-0.077461
2.163344	0.080884	0.083646	-0.079148
2.162048	0.080893	0.083649	-0.078954
2.160753	0.080707	0.083532	-0.080931
2.159460	0.080806	0.083527	-0.077950
2.158168	0.080891	0.083683	-0.079981
2.156879	0.080899	0.083761	-0.082006
2.155591	0.081026	0.083832	-0.080377
2.154304	0.080938	0.083875	-0.084133
2.153020	0.080938	0.083788	-0.081662
2.151737	0.080859	0.083751	-0.082864
2.150456	0.080876	0.083789	-0.083436
2.149177	0.080920	0.083852	-0.084006
2.147899	0.080942	0.083880	-0.084186
2.146623	0.080941	0.083984	-0.087180
2.145349	0.081066	0.084082	-0.086424
2.144076	0.081184	0.084288	-0.088932
2.142805	0.081311	0.084347	-0.086975
2.141536	0.081266	0.084294	-0.086754
2.140268	0.081229	0.084317	-0.088457
2.139002	0.081416	0.084597	-0.091150
2.137738	0.081460	0.084622	-0.090582
2.136476	0.081504	0.084693	-0.091368
2.135215	0.081476	0.084743	-0.093608
2.133956	0.081504	0.084711	-0.091870
2.132698	0.081551	0.084676	-0.089521
2.131442	0.081431	0.084624	-0.091448
2.130188	0.081416	0.084661	-0.092935
2.128935	0.081418	0.084627	-0.091930
2.127684	0.081401	0.084598	-0.091588
2.126435	0.081332	0.084673	-0.095703
2.125187	0.081510	0.084818	-0.094776
2.123941	0.081665	0.085009	-0.095815
2.122697	0.081646	0.084988	-0.095717
2.121454	0.081762	0.085167	-0.097553
2.120213	0.081829	0.085252	-0.098061
2.118974	0.081770	0.085162	-0.097191
2.117736	0.081983	0.085326	-0.095775
2.116500	0.081947	0.085330	-0.096925
2.115265	0.081985	0.085376	-0.097131
2.114032	0.082062	0.085541	-0.099671
2.112801	0.082125	0.085585	-0.099122
2.111571	0.082186	0.085628	-0.098611
2.110343	0.082169	0.085735	-0.102157
2.109116	0.082245	0.085779	-0.101266
2.107891	0.082327	0.085795	-0.099350
2.106668	0.082187	0.085760	-0.102356
2.105446	0.082176	0.085671	-0.100109
2.104226	0.082120	0.085660	-0.101436
2.103007	0.082006	0.085669	-0.104918
2.101790	0.082088	0.085674	-0.102719
2.100575	0.082224	0.085755	-0.101143
2.099361	0.082161	0.085773	-0.103457
2.098149	0.082253	0.085830	-0.102484
2.096938	0.082443	0.086125	-0.105482
2.095729	0.082494	0.086174	-0.105425
2.094521	0.082465	0.086105	-0.104284
2.093315	0.082598	0.086211	-0.103524
2.092111	0.082629	0.086333	-0.106110
2.090908	0.082577	0.086291	-0.106386
2.089707	0.082602	0.086334	-0.106909
2.088507	0.082895	0.086621	-0.106746
2.087309	0.082867	0.086638	-0.108026
2.086112	0.082859	0.086570	-0.106297
2.084917	0.083013	0.086734	-0.106610
2.083723	0.082969	0.086617	-0.104482
2.082531	0.082936	0.086716	-0.108291
2.081341	0.082967	0.086736	-0.107971
2.080152	0.083095	0.086942	-0.110223
2.078964	0.083052	0.086853	-0.108884
2.077778	0.083150	0.086928	-0.108242
2.076594	0.083329	0.087117	-0.108519
2.075411	0.083383	0.087202	-0.109392
2.074230	0.083357	0.087165	-0.109094
2.073050	0.083395	0.087302	-0.111930
2.071871	0.083374	0.087279	-0.111876
2.070694	0.083368	0.087296	-0.112534
2.069519	0.083444	0.087276	-0.109773
2.068345	0.083258	0.087251	-0.114401
2.067173	0.083282	0.087238	-0.113325
2.066002	0.083568	0.087493	-0.112449
2.064833	0.083644	0.087586	-0.112933
2.063665	0.083646	0.087700	-0.116137
2.062498	0.083706	0.087639	-0.112659
2.061333	0.083709	0.087735	-0.115345
2.060170	0.083777	0.087725	-0.113085
2.059008	0.083707	0.087754	-0.115942
2.057848	0.083837	0.087910	-0.116696
2.056689	0.083868	0.087856	-0.114252
2.055531	0.083852	0.087926	-0.116713
2.054375	0.083966	0.087988	-0.115212
2.053221	0.084017	0.088130	-0.117837
2.052067	0.083968	0.088077	-0.117711
2.050916	0.084046	0.088138	-0.117229
2.049766	0.084099	0.088225	-0.118199
2.048617	0.084222	0.088376	-0.118994
2.047470	0.084091	0.088300	-0.120605
2.046324	0.084066	0.088180	-0.117866
2.045179	0.083934	0.088186	-0.121795
2.044036	0.084141	0.088253	-0.117784
2.042895	0.084162	0.088288	-0.118199
2.041755	0.083994	0.088238	-0.121599
2.040616	0.084083	0.088262	-0.119708
2.039479	0.084021	0.088230	-0.120579
2.038343	0.084028	0.088233	-0.120478
2.037209	0.084035	0.088299	-0.122140
2.036076	0.084090	0.088335	-0.121607
2.034945	0.084240	0.088522	-0.122664
2.033815	0.084443	0.088851	-0.126280
2.032686	0.084615	0.088919	-0.123324
2.031559	0.084750	0.089039	-0.122885
2.030433	0.084548	0.088904	-0.124818
2.029309	0.084444	0.088832	-0.125715
2.028186	0.084464	0.088819	-0.124740
2.027064	0.084461	0.088941	-0.128344
2.025944	0.084590	0.089113	-0.129565
2.024825	0.084714	0.089145	-0.126939
2.023708	0.084846	0.089265	-0.126612
2.022592	0.084836	0.089371	-0.129920
2.021477	0.084869	0.089461	-0.131564
2.020364	0.085031	0.089519	-0.128573
2.019252	0.085101	0.089679	-0.131162
2.018142	0.085224	0.089774	-0.130351
2.017033	0.085227	0.089830	-0.131858
2.015925	0.085112	0.089742	-0.132634
2.014819	0.085036	0.089748	-0.134966
2.013714	0.084996	0.089718	-0.135260
2.012610	0.084785	0.089470	-0.134214
2.011508	0.084954	0.089704	-0.136069
2.010407	0.084907	0.089676	-0.136615
2.009308	0.084932	0.089734	-0.137542
2.008210	0.085032	0.089816	-0.137076
2.007113	0.085207	0.089968	-0.136415
2.006018	0.085157	0.089966	-0.137766
2.004924	0.085207	0.090104	-0.140298
2.003831	0.085290	0.090188	-0.140292
2.002740	0.085235	0.090173	-0.141478
2.001650	0.085231	0.090175	-0.141645
2.000561	0.085240	0.090237	-0.143140
1.999474	0.085170	0.090247	-0.145449
1.998388	0.085282	0.090373	-0.145840
1.997303	0.085271	0.090367	-0.145987
1.996220	0.085285	0.090496	-0.149307
1.995138	0.085288	0.090424	-0.147128
1.994058	0.085317	0.090486	-0.148081
1.992978	0.085270	0.090448	-0.148345
1.991901	0.085363	0.090522	-0.147799
1.990824	0.085504	0.090772	-0.150922
1.989749	0.085532	0.090777	-0.150272
1.988675	0.085570	0.090824	-0.150523
1.987602	0.085588	0.090892	-0.151953
1.986531	0.085568	0.090998	-0.155564
1.985461	0.085462	0.090899	-0.155766
1.984392	0.085533	0.090960	-0.155467
1.983325	0.085539	0.091014	-0.156848
1.982259	0.085703	0.091221	-0.158066
1.981194	0.085741	0.091283	-0.158776
1.980130	0.085718	0.091313	-0.160283
1.979068	0.085700	0.091307	-0.160639
1.978007	0.085702	0.091283	-0.159895
1.976948	0.085722	0.091374	-0.161924
1.975889	0.085678	0.091481	-0.166257
1.974832	0.085875	0.091485	-0.160712
1.973777	0.085909	0.091597	-0.162944
1.972722	0.085905	0.091689	-0.165684
1.971669	0.085937	0.091750	-0.166523
1.970617	0.085892	0.091712	-0.166723
1.969566	0.086041	0.091924	-0.168550
1.968517	0.086151	0.092037	-0.168607
1.967469	0.086068	0.092006	-0.170113
1.966422	0.086093	0.092049	-0.170650
1.965377	0.085943	0.091889	-0.170338
1.964333	0.085989	0.092015	-0.172634
1.963290	0.086025	0.092094	-0.173867
1.962248	0.086032	0.092178	-0.176069
1.961207	0.086063	0.092208	-0.176057
1.960168	0.086047	0.092189	-0.175947
1.959130	0.086001	0.092129	-0.175568
1.958094	0.085887	0.092188	-0.180494
1.957058	0.085968	0.092169	-0.177664
1.956024	0.086066	0.092392	-0.181235
1.954991	0.086237	0.092518	-0.179954
1.953959	0.086150	0.092601	-0.184809
1.952929	0.086216	0.092639	-0.184003
1.951900	0.086427	0.092767	-0.181632
1.950872	0.086503	0.093004	-0.186237
1.949845	0.086464	0.092911	-0.184686
1.948819	0.086250	0.092859	-0.189334
1.947795	0.086252	0.092835	-0.188584
1.946772	0.086474	0.093121	-0.190416
1.945750	0.086503	0.093169	-0.190956
1.944729	0.086527	0.093179	-0.190548
1.943710	0.086384	0.093037	-0.190578
1.942692	0.086419	0.093203	-0.194371
1.941675	0.086382	0.093194	-0.195156
1.940659	0.086361	0.093143	-0.194286
1.939645	0.086355	0.093222	-0.196721
1.938631	0.086324	0.093212	-0.197348
1.937619	0.086318	0.093198	-0.197102
1.936608	0.086527	0.093402	-0.196957
1.935599	0.086486	0.093482	-0.200428
1.934590	0.086523	0.093462	-0.198795
1.933583	0.086549	0.093529	-0.199970
1.932577	0.086589	0.093620	-0.201407
1.931572	0.086462	0.093507	-0.201821
1.930568	0.086338	0.093371	-0.201460
1.929566	0.086386	0.093443	-0.202155
1.928565	0.086431	0.093599	-0.205350
1.927565	0.086565	0.093748	-0.205773
1.926566	0.086583	0.093868	-0.208686
1.925568	0.086459	0.093742	-0.208635
1.924571	0.086568	0.093788	-0.206837
1.923576	0.086495	0.093882	-0.211616
1.922582	0.086572	0.093974	-0.212043
1.921589	0.086508	0.093980	-0.214073
1.920597	0.086448	0.093762	-0.209533
1.919606	0.086429	0.093801	-0.211216
1.918617	0.086490	0.093948	-0.213643
1.917629	0.086499	0.093976	-0.214196
1.916641	0.086472	0.094047	-0.216990
1.915655	0.086445	0.093983	-0.215955
1.914671	0.086654	0.094303	-0.219141
1.913687	0.086799	0.094416	-0.218225
1.912704	0.086769	0.094471	-0.220648
1.911723	0.086943	0.094623	-0.220001
1.910743	0.086883	0.094534	-0.219171
1.909764	0.086841	0.094582	-0.221745
1.908786	0.086833	0.094670	-0.224511
1.907809	0.086763	0.094558	-0.223315
1.906834	0.086769	0.094608	-0.224562
1.905859	0.086909	0.094780	-0.225509
1.904886	0.087078	0.094997	-0.226853
1.903914	0.087331	0.095193	-0.225238
1.902943	0.087320	0.095249	-0.227160
1.901973	0.087316	0.095237	-0.226909
1.901004	0.087146	0.095122	-0.228487
1.900036	0.087012	0.095088	-0.231385
1.899070	0.086947	0.095038	-0.231776
1.898105	0.086934	0.094983	-0.230583
1.897140	0.087026	0.095140	-0.232428
1.896177	0.087085	0.095196	-0.232374
1.895215	0.087244	0.095374	-0.232920
1.894254	0.087255	0.095398	-0.233256
1.893295	0.087281	0.095389	-0.232284
1.892336	0.087277	0.095449	-0.234113
1.891378	0.087322	0.095555	-0.235845
1.890422	0.087285	0.095606	-0.238374
1.889467	0.087342	0.095688	-0.239105
1.888513	0.087474	0.095750	-0.237074
1.887560	0.087453	0.095852	-0.240614
1.886608	0.087494	0.095847	-0.239306
1.885657	0.087479	0.095856	-0.239969
1.884707	0.087372	0.095750	-0.240019
1.883758	0.087407	0.095914	-0.243711
1.882811	0.087371	0.095916	-0.244800
1.881864	0.087379	0.095868	-0.243192
1.880919	0.087493	0.096048	-0.245082
1.879975	0.087364	0.095939	-0.245669
1.879032	0.087360	0.095917	-0.245124
1.878090	0.087305	0.096042	-0.250273
1.877149	0.087389	0.096017	-0.247154
1.876209	0.087451	0.096145	-0.249037
1.875270	0.087530	0.096405	-0.254257
1.874332	0.087651	0.096386	-0.250232
1.873396	0.087741	0.096453	-0.249560
1.872460	0.087751	0.096505	-0.250770
1.871525	0.087625	0.096455	-0.252945
1.870592	0.087471	0.096270	-0.252076
1.869660	0.087427	0.096264	-0.253165
1.868728	0.087585	0.096426	-0.253265
1.867798	0.087523	0.096371	-0.253485
1.866869	0.087536	0.096529	-0.257654
1.865941	0.087680	0.096723	-0.259083
1.865014	0.087697	0.096620	-0.255634
1.864088	0.087673	0.096760	-0.260331
1.863163	0.087819	0.096917	-0.260663
1.862239	0.087910	0.096909	-0.257797
1.861317	0.087941	0.097008	-0.259771
1.860395	0.087855	0.097065	-0.263844
1.859474	0.087943	0.097143	-0.263536
1.858555	0.087878	0.097036	-0.262347
1.857636	0.087811	0.096993	-0.263054
1.856719	0.087735	0.096948	-0.263942
1.855802	0.087732	0.096970	-0.264667
1.854887	0.087761	0.097070	-0.266678
1.853973	0.087799	0.097036	-0.264614
1.853059	0.087735	0.097149	-0.269703
1.852147	0.087888	0.097281	-0.269087
1.851236	0.088058	0.097409	-0.267884
1.850326	0.088094	0.097508	-0.269674
1.849416	0.088001	0.097480	-0.271573
1.848508	0.087953	0.097486	-0.273100
1.847601	0.088011	0.097533	-0.272774
1.846695	0.088176	0.097622	-0.270593
1.845790	0.088113	0.097718	-0.275179
1.844886	0.088220	0.097838	-0.275543
1.843983	0.088170	0.097738	-0.274099
1.843081	0.088123	0.097749	-0.275776
1.842180	0.088198	0.097928	-0.278754
1.841280	0.088369	0.098036	-0.276918
1.840381	0.088200	0.098003	-0.280831
1.839484	0.088174	0.097863	-0.277560
1.838587	0.088204	0.098023	-0.281312
1.837691	0.088197	0.097948	-0.279359
1.836796	0.088188	0.098065	-0.282943
1.835902	0.088163	0.098028	-0.282618
1.835009	0.088016	0.097856	-0.281877
1.834118	0.088062	0.098013	-0.285086
1.833227	0.088039	0.098019	-0.285905
1.832337	0.088019	0.098082	-0.288284
1.831448	0.088075	0.098148	-0.288568
1.830560	0.088090	0.098184	-0.289165
1.829674	0.088213	0.098307	-0.289195
1.828788	0.088367	0.098441	-0.288619
1.827903	0.088374	0.098476	-0.289415
1.827019	0.088171	0.098341	-0.291344
1.826136	0.088086	0.098300	-0.292608
1.825255	0.088098	0.098342	-0.293483
1.824374	0.088225	0.098343	-0.289864
1.823494	0.088096	0.098374	-0.294438
1.822615	0.088052	0.098437	-0.297513
1.821737	0.087967	0.098210	-0.293435
1.820860	0.088004	0.098430	-0.298681
1.819984	0.088116	0.098557	-0.299125
1.819109	0.088194	0.098571	-0.297270
1.818235	0.088394	0.098892	-0.300760
1.817362	0.088507	0.098872	-0.296926
1.816490	0.088369	0.098924	-0.302381
1.815619	0.088528	0.099069	-0.301993
1.814749	0.088697	0.099141	-0.299201
1.813880	0.088581	0.099233	-0.305145
1.813012	0.088418	0.099117	-0.306502
1.812145	0.088318	0.098868	-0.302240
1.811279	0.088250	0.098836	-0.303268
1.810413	0.088041	0.098753	-0.306863
1.809549	0.088049	0.098759	-0.306834
1.808686	0.088046	0.098780	-0.307500
1.807824	0.088130	0.098882	-0.308021
1.806962	0.088195	0.099009	-0.309797
1.806102	0.088185	0.098982	-0.309320
1.805242	0.088193	0.099148	-0.313812
1.804384	0.088296	0.099209	-0.312641
1.803526	0.088494	0.099294	-0.309387
1.802670	0.088525	0.099411	-0.311849
1.801814	0.088573	0.099415	-0.310605
1.800959	0.088513	0.099494	-0.314576
1.800105	0.088650	0.099656	-0.315283
1.799252	0.088693	0.099647	-0.313807
1.798401	0.088727	0.099729	-0.315195
1.797550	0.088818	0.099838	-0.315721
1.796700	0.088654	0.099715	-0.316888
1.795851	0.088726	0.099799	-0.317234
1.795002	0.088799	0.099915	-0.318444
1.794155	0.088659	0.099770	-0.318289
1.793309	0.088659	0.099891	-0.321767
1.792464	0.088816	0.099897	-0.317437
1.791619	0.088661	0.099810	-0.319381
1.790776	0.088618	0.099845	-0.321639
1.789933	0.088703	0.099939	-0.321889
1.789092	0.088920	0.100083	-0.319800
1.788251	0.089001	0.100187	-0.320464
1.787411	0.089030	0.100243	-0.321214
1.786572	0.088983	0.100364	-0.326034
1.785734	0.088866	0.100110	-0.322117
1.784897	0.088728	0.099967	-0.321965
1.784061	0.088658	0.099984	-0.324443
1.783226	0.088712	0.100067	-0.325282
1.782392	0.088729	0.100085	-0.325336
1.781558	0.088841	0.100197	-0.325322
1.780726	0.088889	0.100343	-0.328128
1.779894	0.088834	0.100377	-0.330670
1.779064	0.088714	0.100156	-0.327816
1.778234	0.088666	0.100146	-0.328864
1.777405	0.088760	0.100207	-0.327927
1.776577	0.088765	0.100175	-0.326855
1.775750	0.088684	0.100200	-0.329921
1.774924	0.088648	0.100181	-0.330408
1.774099	0.088842	0.100281	-0.327713
1.773275	0.088815	0.100301	-0.329065
1.772451	0.088774	0.100187	-0.326940
1.771629	0.088743	0.100241	-0.329399
1.770807	0.089146	0.100504	-0.325402
1.769986	0.089122	0.100604	-0.328935
1.769167	0.089148	0.100694	-0.330770
1.768348	0.089109	0.100657	-0.330824
1.767530	0.089187	0.100664	-0.328799
1.766712	0.089058	0.100531	-0.328687
1.765896	0.088991	0.100446	-0.328184
1.765081	0.089060	0.100437	-0.325905
1.764266	0.089223	0.100765	-0.330654
1.763453	0.089503	0.100962	-0.328284
1.762640	0.089529	0.101112	-0.331815
1.761828	0.089803	0.101218	-0.327010
1.761017	0.089795	0.101307	-0.329783
1.760207	0.089782	0.101209	-0.327353
1.759398	0.089672	0.101075	-0.326695
1.758589	0.089497	0.100968	-0.328622
1.757782	0.089543	0.101016	-0.328676
1.756975	0.089638	0.100992	-0.325270
1.756169	0.089607	0.101124	-0.329932
1.755365	0.089460	0.100921	-0.328351
1.754560	0.089699	0.101030	-0.324608
1.753757	0.089677	0.101165	-0.329094
1.752955	0.089626	0.100918	-0.323472
1.752154	0.089713	0.101137	-0.327280
1.751353	0.089717	0.101118	-0.326615
1.750553	0.089755	0.101147	-0.326354
1.749755	0.089760	0.101065	-0.323887
1.748957	0.089796	0.101096	-0.323721
1.748159	0.089844	0.101010	-0.319883
1.747363	0.089599	0.101019	-0.327148
1.746568	0.089600	0.100997	-0.326501
1.745773	0.089524	0.100837	-0.324089
1.744979	0.089710	0.100968	-0.322525
1.744187	0.089741	0.100894	-0.319516
1.743395	0.089769	0.100975	-0.321025
1.742603	0.089716	0.101039	-0.324385
1.741813	0.089841	0.101015	-0.320116
1.741024	0.089778	0.100952	-0.320112
1.740235	0.089800	0.101042	-0.322046
1.739447	0.089934	0.101129	-0.320707
1.738660	0.089865	0.101028	-0.319816
1.737874	0.089805	0.100830	-0.315844
1.737089	0.089734	0.100881	-0.319352
1.736304	0.089671	0.100663	-0.314900
1.735521	0.089656	0.100800	-0.319254
1.734738	0.089811	0.100697	-0.311881
1.733956	0.089891	0.100895	-0.315224
1.733175	0.090000	0.101034	-0.316127
1.732395	0.089979	0.100920	-0.313446
1.731615	0.089871	0.100736	-0.311260
1.730837	0.089992	0.100832	-0.310554
1.730059	0.089963	0.100640	-0.305867
1.729282	0.089674	0.100463	-0.309087
1.728506	0.089622	0.100397	-0.308686
1.727730	0.089874	0.100543	-0.305656
1.726956	0.089857	0.100475	-0.304187
1.726182	0.089859	0.100501	-0.304880
1.725409	0.089803	0.100500	-0.306447
1.724637	0.089902	0.100538	-0.304711
1.723866	0.089954	0.100621	-0.305579
1.723096	0.090173	0.100642	-0.299909
1.722326	0.090231	0.100735	-0.300940
1.721557	0.090262	0.100680	-0.298466
1.720789	0.090355	0.100677	-0.295695
1.720022	0.090449	0.100694	-0.293524
1.719256	0.090350	0.100625	-0.294368
1.718490	0.090213	0.100464	-0.293657
1.717726	0.090351	0.100581	-0.293083
1.716962	0.090350	0.100520	-0.291347
1.716199	0.090474	0.100505	-0.287366
1.715436	0.090356	0.100345	-0.286166
1.714675	0.090257	0.100284	-0.287260
1.713914	0.090287	0.100253	-0.285494
1.713154	0.090428	0.100272	-0.282010
1.712395	0.090324	0.100338	-0.286891
1.711637	0.090460	0.100331	-0.282780
1.710879	0.090345	0.100232	-0.283247
1.710122	0.090058	0.099870	-0.281087
1.709366	0.090030	0.099782	-0.279394
1.708611	0.090062	0.099839	-0.280092
1.707857	0.090202	0.099609	-0.269488
1.707103	0.090045	0.099746	-0.277927
1.706351	0.090087	0.099663	-0.274334
1.705599	0.090312	0.099647	-0.267432
1.704847	0.090274	0.099679	-0.269443
1.704097	0.090387	0.099843	-0.270895
1.703347	0.090392	0.099787	-0.269146
1.702599	0.090443	0.099639	-0.263427
1.701850	0.090279	0.099603	-0.267088
1.701103	0.090387	0.099485	-0.260626
1.700357	0.090355	0.099469	-0.261120
1.699611	0.090454	0.099519	-0.259683
1.698866	0.090539	0.099538	-0.257792
1.698122	0.090364	0.099366	-0.257891
1.697378	0.090555	0.099429	-0.254233
1.696636	0.090407	0.099277	-0.254106
1.695894	0.090446	0.099177	-0.250112
1.695153	0.090536	0.099207	-0.248411
1.694412	0.090736	0.099359	-0.247012
1.693673	0.090638	0.099311	-0.248453
1.692934	0.090609	0.099197	-0.246019
1.692196	0.090668	0.099054	-0.240232
1.691459	0.090586	0.099041	-0.242216
1.690722	0.090497	0.099120	-0.247047
1.689987	0.090561	0.098988	-0.241404
1.689252	0.090668	0.099006	-0.238858
1.688518	0.090860	0.098941	-0.231498
1.687784	0.090742	0.098747	-0.229320
1.687051	0.090767	0.098950	-0.234423
1.686320	0.090720	0.098897	-0.234241
1.685588	0.090751	0.098827	-0.231364
1.684858	0.090818	0.098701	-0.225825
1.684128	0.090754	0.098578	-0.224155
1.683399	0.090704	0.098486	-0.222917
1.682671	0.090525	0.098207	-0.220065
1.681944	0.090486	0.098290	-0.223576
1.681217	0.090546	0.098314	-0.222541
1.680491	0.090579	0.098161	-0.217206
1.679766	0.090627	0.098153	-0.215606
1.679042	0.090546	0.098050	-0.214968
1.678318	0.090585	0.097917	-0.210057
1.677595	0.090470	0.097982	-0.215199
1.676873	0.090610	0.097818	-0.206491
1.676152	0.090379	0.097855	-0.214169
1.675431	0.090255	0.097445	-0.205979
1.674711	0.090185	0.097454	-0.208217
1.673992	0.090530	0.097525	-0.200387
1.673273	0.090437	0.097670	-0.207196
1.672556	0.090741	0.097570	-0.195646
1.671839	0.090683	0.097538	-0.196388
1.671122	0.090712	0.097362	-0.190515
1.670407	0.090516	0.097219	-0.192038
1.669692	0.090458	0.097146	-0.191596
1.668978	0.090574	0.097239	-0.190926
1.668265	0.090649	0.097278	-0.189926
1.667552	0.090918	0.097371	-0.184883
1.666840	0.090837	0.097404	-0.188130
1.666129	0.090992	0.097391	-0.183326
1.665418	0.090873	0.097246	-0.182580
1.664709	0.090899	0.097237	-0.181577
1.664000	0.090852	0.097156	-0.180613
1.663292	0.090924	0.097013	-0.174450
1.662584	0.090991	0.097233	-0.178812
1.661877	0.091216	0.097129	-0.169406
1.661171	0.091270	0.097317	-0.173253
1.660466	0.090957	0.096879	-0.169668
1.659761	0.090898	0.096806	-0.169245
1.659057	0.090863	0.096749	-0.168611
1.658354	0.091001	0.096674	-0.162513
1.657651	0.090810	0.096342	-0.158480
1.656950	0.091036	0.096443	-0.154901
1.656249	0.090773	0.096459	-0.162877
1.655548	0.090990	0.096371	-0.154174
1.654848	0.090942	0.096554	-0.160767
1.654150	0.090990	0.096452	-0.156497
1.653451	0.091079	0.096270	-0.148731
1.652754	0.090908	0.096177	-0.150942
1.652057	0.091176	0.096492	-0.152280
1.651361	0.091636	0.096598	-0.142134
1.650665	0.091592	0.096791	-0.148957
1.649971	0.091531	0.096649	-0.146611
1.649277	0.091500	0.096631	-0.146983
1.648583	0.091311	0.096310	-0.143206
1.647891	0.091285	0.096144	-0.139195
1.647199	0.091441	0.096322	-0.139831
1.646508	0.091345	0.095996	-0.133247
1.645817	0.091243	0.096010	-0.136564
1.645127	0.091341	0.095680	-0.124305
1.644438	0.091254	0.095894	-0.132936
1.643750	0.091212	0.095651	-0.127192
1.643062	0.091289	0.095868	-0.131180
1.642375	0.091293	0.095844	-0.130375
1.641689	0.091472	0.095759	-0.122800
1.641003	0.091407	0.095649	-0.121541
1.640318	0.091333	0.095472	-0.118582
1.639634	0.090953	0.095219	-0.122223
1.638950	0.091105	0.095242	-0.118514
1.638267	0.091133	0.095168	-0.115584
1.637585	0.090880	0.094846	-0.113627
1.636903	0.090677	0.094573	-0.111610
1.636222	0.090593	0.094430	-0.109942
1.635542	0.090506	0.094424	-0.112232
1.634863	0.090424	0.094153	-0.106822
1.634184	0.090278	0.093830	-0.101760
1.633506	0.090059	0.093647	-0.102781
1.632828	0.090059	0.093456	-0.097307
1.632151	0.089828	0.093473	-0.104429
1.631475	0.089848	0.093266	-0.097910
1.630800	0.089846	0.093170	-0.095224
1.630125	0.089762	0.093264	-0.100329
1.629451	0.089689	0.092926	-0.092728
1.628778	0.089552	0.092657	-0.088958
1.628105	0.089389	0.092701	-0.094905
1.627433	0.089533	0.092709	-0.090995
1.626761	0.089472	0.092727	-0.093243
1.626091	0.089371	0.092553	-0.091142
1.625421	0.089626	0.092684	-0.087587
1.624751	0.089827	0.092636	-0.080476
1.624083	0.089574	0.092434	-0.081932
1.623414	0.089308	0.092200	-0.082852
1.622747	0.089308	0.092023	-0.077770
1.622080	0.089154	0.091897	-0.078579
1.621414	0.089167	0.091627	-0.070472
1.620749	0.088771	0.091418	-0.075831
1.620084	0.088735	0.091322	-0.074120
1.619420	0.088991	0.091512	-0.072216
1.618757	0.088865	0.091460	-0.074343
1.618094	0.088804	0.091271	-0.070665
1.617432	0.088709	0.090991	-0.065375
1.616770	0.088937	0.091113	-0.062345
1.616109	0.088934	0.091133	-0.062977
1.615449	0.088581	0.090735	-0.061707
1.614790	0.088487	0.090672	-0.062578
1.614131	0.088674	0.090848	-0.062287
1.613473	0.088727	0.090562	-0.052551
1.612815	0.088515	0.090387	-0.053616
1.612158	0.088206	0.090313	-0.060359
1.611502	0.088319	0.090033	-0.049101
1.610846	0.088192	0.090006	-0.051957
1.610191	0.088044	0.090018	-0.056544
1.609537	0.087837	0.089450	-0.046218
1.608883	0.087723	0.089410	-0.048331
1.608230	0.087484	0.089139	-0.047409
1.607578	0.087409	0.089036	-0.046605
1.606926	0.087613	0.088811	-0.034314
1.606275	0.087340	0.088725	-0.039674
1.605625	0.087363	0.088718	-0.038826
1.604975	0.087111	0.088321	-0.034651
1.604326	0.086757	0.088307	-0.044385
1.603677	0.086831	0.088096	-0.036219
1.603029	0.086754	0.087909	-0.033068
1.602382	0.086452	0.087736	-0.036776
1.601735	0.086320	0.087482	-0.033302
1.601089	0.086394	0.087418	-0.029342
1.600444	0.086263	0.087414	-0.032968
1.599799	0.086223	0.087287	-0.030493
1.599155	0.086249	0.087053	-0.023012
1.598512	0.086087	0.086925	-0.024002
1.597869	0.086019	0.086900	-0.025233
1.597227	0.086098	0.086917	-0.023463
1.596585	0.086031	0.086875	-0.024185
1.595944	0.085878	0.086679	-0.022946
1.595304	0.085924	0.086620	-0.019933
1.594664	0.086094	0.086452	-0.010264
1.594025	0.085586	0.086428	-0.024101
1.593386	0.085282	0.085871	-0.016874
1.592749	0.085155	0.085681	-0.015082
1.592111	0.085354	0.085545	-0.005464
1.591475	0.085020	0.085774	-0.021612
1.590839	0.084640	0.085183	-0.015568
1.590203	0.084363	0.084863	-0.014335
1.589569	0.084360	0.084699	-0.009721
1.588935	0.084409	0.084583	-0.004987
1.588301	0.084398	0.084695	-0.008520
1.587668	0.084384	0.084485	-0.002894
1.587036	0.084368	0.084555	-0.005374
1.586404	0.084357	0.084384	-0.000766
1.585773	0.083936	0.084165	-0.006549
1.585143	0.083584	0.084033	-0.012848
1.584513	0.083829	0.083797	0.000923
1.583884	0.083896	0.083910	-0.000398
1.583255	0.083701	0.083475	0.006477
1.582627	0.083414	0.083194	0.006318
1.582000	0.083038	0.082979	0.001684
1.581373	0.083157	0.083238	-0.002320
1.580747	0.083121	0.082995	0.003591
1.580121	0.082749	0.082686	0.001787
1.579496	0.083021	0.082666	0.010161
1.578872	0.082890	0.082677	0.006117
1.578248	0.082680	0.082331	0.009981
1.577625	0.082737	0.082220	0.014802
1.577002	0.082716	0.082415	0.008631
1.576380	0.082687	0.082207	0.013749
1.575759	0.082611	0.082106	0.014485
1.575138	0.082660	0.082065	0.017051
1.574518	0.082300	0.081742	0.015963
1.573899	0.082280	0.082065	0.006153
1.573280	0.082186	0.081692	0.014151
1.572661	0.082085	0.081428	0.018802
1.572044	0.081726	0.080965	0.021785
1.571426	0.081627	0.080911	0.020493
1.570810	0.081686	0.080732	0.027332
1.570194	0.081152	0.080814	0.009702
1.569578	0.081541	0.080692	0.024336
1.568964	0.081489	0.080659	0.023772
1.568349	0.081279	0.080631	0.018557
1.567736	0.081246	0.080907	0.009719
1.567123	0.081210	0.080371	0.024029
1.566510	0.080917	0.080110	0.023112
1.565899	0.080841	0.080157	0.019599
1.565287	0.080802	0.079901	0.025832
1.564677	0.080883	0.079825	0.030316
1.564066	0.080795	0.079361	0.041099
1.563457	0.080206	0.079257	0.027192
1.562848	0.080196	0.079059	0.032566
1.562240	0.079535	0.078756	0.022300
1.561632	0.079689	0.078898	0.022642
1.561025	0.079625	0.078468	0.033146
1.560418	0.079703	0.078452	0.035825
1.559812	0.079498	0.078253	0.035655
1.559207	0.079217	0.078331	0.025391
1.558602	0.079332	0.078158	0.033631
1.557997	0.079037	0.077973	0.030472
1.557394	0.079120	0.077971	0.032902
1.556791	0.078849	0.077924	0.026517
1.556188	0.078898	0.077531	0.039175
1.555586	0.078352	0.077422	0.026639
1.554985	0.078652	0.077095	0.044601
1.554384	0.078429	0.076857	0.045034
1.553783	0.078307	0.076754	0.044493
1.553184	0.078320	0.076580	0.049843
1.552585	0.077917	0.076804	0.031893
1.551986	0.077896	0.076679	0.034860
1.551388	0.077705	0.076709	0.028539
1.550791	0.078018	0.076776	0.035583
1.550194	0.077733	0.076365	0.039194
1.549597	0.077605	0.076092	0.043345
1.549002	0.076982	0.075730	0.035856
1.548406	0.077188	0.075353	0.052553
1.547812	0.077319	0.075426	0.054236
1.547218	0.077558	0.075545	0.057674
1.546624	0.077082	0.075412	0.047842
1.546031	0.076904	0.075320	0.045404
1.545439	0.076963	0.075162	0.051577
1.544847	0.076983	0.075086	0.054352
1.544256	0.076421	0.074831	0.045555
1.543665	0.076403	0.075095	0.037458
1.543075	0.076281	0.074738	0.044196
1.542486	0.076521	0.074383	0.061250
1.541897	0.076190	0.074752	0.041193
1.541308	0.075780	0.074051	0.049544
1.540720	0.075765	0.074287	0.042357
1.540133	0.075651	0.073957	0.048548
1.539546	0.075752	0.073724	0.058098
1.538960	0.075839	0.073565	0.065138
1.538374	0.075845	0.073920	0.055136
1.537789	0.075385	0.073667	0.049200
1.537204	0.075457	0.073732	0.049424
1.536620	0.075394	0.073404	0.057005
1.536037	0.074919	0.073296	0.046511
1.535454	0.074985	0.073172	0.051941
1.534872	0.075296	0.073357	0.055561
1.534290	0.075472	0.073362	0.060460
1.533708	0.075084	0.073306	0.050947
1.533128	0.075182	0.073079	0.060258
1.532548	0.075023	0.073184	0.052686
1.531968	0.074721	0.072794	0.055205
1.531389	0.074798	0.072869	0.055253
1.530810	0.074641	0.072648	0.057108
1.530232	0.074745	0.072438	0.066086
1.529655	0.074180	0.072170	0.057584
1.529078	0.074059	0.072300	0.050394
1.528501	0.074702	0.072116	0.074070
1.527925	0.074242	0.071651	0.074219
1.527350	0.073995	0.071766	0.063836
1.526775	0.073766	0.072030	0.049724
1.526201	0.073680	0.071326	0.067443
1.525627	0.073585	0.071372	0.063380
1.525054	0.073279	0.070885	0.068584
1.524481	0.073068	0.070984	0.059700
1.523909	0.073405	0.071031	0.068023
1.523338	0.073262	0.071308	0.055978
1.522767	0.073071	0.070976	0.060011
1.522196	0.073007	0.070978	0.058141
1.521626	0.072294	0.070259	0.058291
1.521057	0.072252	0.070166	0.059750
1.520488	0.072239	0.070068	0.062213
1.519919	0.072336	0.069711	0.075208
1.519351	0.072034	0.070068	0.056336
1.518784	0.072157	0.069292	0.082099
1.518217	0.071573	0.069418	0.061734
1.517651	0.071814	0.069433	0.068193
1.517085	0.071781	0.069287	0.071431
1.516520	0.071580	0.069347	0.063973
1.515955	0.071419	0.069282	0.061235
1.515391	0.071419	0.069694	0.049430
1.514827	0.071852	0.069298	0.073173
1.514264	0.071294	0.069464	0.052403
1.513702	0.071601	0.069363	0.064099
1.513139	0.071428	0.069179	0.064425
1.512578	0.071620	0.069314	0.066052
1.512017	0.071172	0.069058	0.060575
1.511456	0.071463	0.069192	0.065067
1.510896	0.071353	0.068775	0.073850
1.510337	0.070821	0.068659	0.061956
1.509778	0.070143	0.068667	0.042296
1.509219	0.070200	0.068110	0.059874
1.508661	0.070420	0.068801	0.046394
1.508104	0.070443	0.068230	0.063421
1.507547	0.070818	0.068048	0.079357
1.506990	0.070369	0.068582	0.051182
1.506435	0.070408	0.067967	0.069935
1.505879	0.070400	0.068092	0.066106
1.505324	0.069950	0.067029	0.083669
1.504770	0.069557	0.067685	0.053640
1.504216	0.069770	0.067208	0.073404
1.503663	0.069233	0.067523	0.048988
1.503110	0.069311	0.067154	0.061799
1.502558	0.069455	0.067281	0.062301
1.502006	0.068906	0.066820	0.059750
1.501454	0.069512	0.067075	0.069820
1.500904	0.069440	0.067024	0.069197
1.500353	0.069262	0.066647	0.074913
1.499803	0.069527	0.067806	0.049301
1.499254	0.069641	0.067434	0.063218
1.498705	0.069749	0.067502	0.064376
1.498157	0.069544	0.067409	0.061160
1.497609	0.068700	0.067287	0.040463
1.497062	0.068910	0.066979	0.055326
1.496515	0.069002	0.066446	0.073231
1.495969	0.068698	0.066425	0.065118
1.495423	0.067995	0.066343	0.047321
1.494878	0.068360	0.066137	0.063680
1.494333	0.068541	0.066268	0.065118
1.493789	0.068463	0.066084	0.068143
1.493245	0.068106	0.065656	0.070179
1.492702	0.067516	0.065854	0.047603
1.492159	0.068183	0.065777	0.068936
1.491617	0.067893	0.065844	0.058692
1.491075	0.067995	0.065351	0.075742
1.490533	0.067451	0.065798	0.047364
1.489993	0.067541	0.065581	0.056143
1.489452	0.067777	0.065591	0.062630
1.488912	0.067558	0.065636	0.055071
1.488373	0.067286	0.065762	0.043637
1.487834	0.067738	0.065489	0.064429
1.487296	0.068085	0.066049	0.058323
1.486758	0.067230	0.065339	0.054165
1.486221	0.066976	0.065051	0.055149
1.485684	0.067458	0.064851	0.074691
1.485147	0.067213	0.064797	0.069208
1.484611	0.066372	0.064955	0.040592
1.484076	0.066934	0.064601	0.066845
1.483541	0.066906	0.065059	0.052898
1.483007	0.066882	0.064827	0.058887
1.482473	0.066754	0.064836	0.054938
1.481939	0.066032	0.064555	0.042298
1.481406	0.066669	0.064224	0.070041
1.480874	0.066208	0.064128	0.059586
1.480341	0.066950	0.064232	0.077866
1.479810	0.066432	0.064331	0.060209
1.479279	0.066271	0.064222	0.058698
1.478748	0.066214	0.064002	0.063364
1.478218	0.066155	0.063980	0.062305
1.477688	0.065655	0.063323	0.066793
1.477159	0.065471	0.063886	0.045404
1.476631	0.066669	0.063687	0.085439
1.476102	0.065489	0.063900	0.045528
1.475575	0.065939	0.063067	0.082272
1.475047	0.065671	0.063216	0.070314
1.474521	0.065617	0.063272	0.067166
1.473994	0.066325	0.063944	0.068228
1.473469	0.065671	0.063982	0.048394
1.472943	0.065329	0.064373	0.027379
1.472418	0.066205	0.063765	0.069907
1.471894	0.066041	0.063953	0.059816
1.471370	0.066093	0.063466	0.075243
1.470846	0.065705	0.063662	0.058510
1.470323	0.065852	0.063071	0.079663
1.469801	0.065762	0.063444	0.066415
1.469279	0.065132	0.063407	0.049407
1.468757	0.064637	0.062793	0.052825
1.468236	0.064551	0.062375	0.062339
1.467716	0.064223	0.062571	0.047313
1.467195	0.064358	0.063186	0.033549
1.466676	0.064698	0.063032	0.047737
1.466156	0.064498	0.062274	0.063696
1.465638	0.064375	0.062204	0.062210
1.465119	0.064629	0.062390	0.064140
1.464601	0.063682	0.061620	0.059085
1.464084	0.063811	0.061728	0.059675
1.463567	0.064121	0.062125	0.057192
1.463051	0.063481	0.062553	0.026582
1.462535	0.063541	0.062061	0.042409
1.462019	0.063864	0.062010	0.053099
1.461504	0.064273	0.062316	0.056073
1.460989	0.063983	0.061992	0.057050
1.460475	0.063797	0.061521	0.065185
1.459962	0.063632	0.061705	0.055195
1.459448	0.063816	0.062188	0.046650
1.458936	0.063496	0.061995	0.042995
1.458423	0.063147	0.061325	0.052215
1.457911	0.062923	0.060871	0.058779
1.457400	0.063789	0.061916	0.053661
1.456889	0.063463	0.061534	0.055263
1.456379	0.063220	0.061459	0.050445
1.455869	0.063281	0.061855	0.040868
1.455359	0.062993	0.061848	0.032818
1.454850	0.063625	0.061731	0.054258
1.454341	0.063450	0.060910	0.072760
1.453833	0.062395	0.061561	0.023897
1.453325	0.062927	0.061115	0.051905
1.452818	0.062856	0.060649	0.063238
1.452311	0.062448	0.059935	0.071972
1.451805	0.062249	0.060757	0.042735
1.451299	0.062360	0.060909	0.041567
1.450793	0.062189	0.060515	0.047953
1.450288	0.061790	0.060960	0.023772
1.449783	0.062219	0.060668	0.044444
1.449279	0.062016	0.061103	0.026160
1.448775	0.062131	0.060431	0.048709
1.448272	0.061753	0.060465	0.036896
1.447769	0.062093	0.060718	0.039385
1.447267	0.060395	0.060143	0.007224
1.446765	0.060639	0.059965	0.019306
1.446263	0.061554	0.059927	0.046619
1.445762	0.062140	0.059299	0.081387
1.445262	0.061587	0.059918	0.047809
1.444762	0.061070	0.060411	0.018883
1.444262	0.061303	0.059584	0.049248
1.443763	0.061489	0.059388	0.060192
1.443264	0.060683	0.059882	0.022936
1.442765	0.061172	0.059023	0.061572
1.442267	0.060816	0.059607	0.034626
1.441770	0.060284	0.058303	0.056776
1.441273	0.059873	0.059214	0.018895
1.440776	0.060317	0.059318	0.028618
1.440280	0.060786	0.058125	0.076233
1.439784	0.060763	0.058168	0.074363
1.439289	0.060513	0.058606	0.054628
1.438794	0.060624	0.058870	0.050248
1.438299	0.060235	0.058741	0.042811
1.437805	0.060551	0.059333	0.034884
1.437312	0.060486	0.058832	0.047384
1.436819	0.060599	0.058665	0.055413
1.436326	0.059931	0.058747	0.033901
1.435834	0.059673	0.057484	0.062708
1.435342	0.059755	0.058091	0.047677
1.434850	0.059480	0.058287	0.034166
1.434359	0.059486	0.058790	0.019942
1.433869	0.059556	0.057577	0.056689
1.433379	0.058942	0.057119	0.052236
1.432889	0.058510	0.057188	0.037849
1.432400	0.058156	0.057212	0.027036
1.431911	0.058825	0.057393	0.041020
1.431422	0.057812	0.056988	0.023615
1.430934	0.058337	0.057507	0.023773
1.430447	0.058928	0.057932	0.028520
1.429960	0.058828	0.057051	0.050885
1.429473	0.057508	0.057832	-0.009286
1.428987	0.058196	0.056953	0.035611
1.428501	0.058669	0.057236	0.041067
1.428015	0.057579	0.056501	0.030872
1.427530	0.058409	0.057551	0.024570
1.427046	0.058069	0.057021	0.030009
1.426561	0.057473	0.057227	0.007030
1.426078	0.057627	0.056641	0.028249
1.425594	0.057443	0.056640	0.023011
1.425111	0.057651	0.056475	0.033684
1.424629	0.057927	0.056520	0.040302
1.424147	0.057261	0.056496	0.021912
1.423665	0.057080	0.055441	0.046972
1.423184	0.056976	0.055592	0.039672
1.422703	0.057456	0.056084	0.039316
1.422223	0.057690	0.056642	0.030008
1.421743	0.057001	0.055468	0.043900
1.421263	0.056071	0.055754	0.009083
1.420784	0.056724	0.055619	0.031644
1.420306	0.057267	0.055755	0.043326
1.419827	0.055823	0.055687	0.003913
1.419349	0.056643	0.055338	0.037391
1.418872	0.055350	0.053764	0.045439
1.418395	0.054939	0.054195	0.021310
1.417918	0.055423	0.054734	0.019755
1.417442	0.056145	0.053939	0.063179
1.416966	0.055494	0.054216	0.036608
1.416491	0.055878	0.055502	0.010765
1.416016	0.056066	0.054506	0.044685
1.415541	0.055744	0.053078	0.076380
1.415067	0.055979	0.054953	0.029397
1.414593	0.055187	0.055004	0.005240
1.414120	0.054571	0.054340	0.006605
1.413647	0.055010	0.055025	-0.000411
1.413174	0.055380	0.054211	0.033509
1.412702	0.055085	0.053663	0.040737
1.412231	0.054735	0.054295	0.012601
1.411759	0.054540	0.054371	0.004831
1.411288	0.055310	0.053926	0.039651
1.410818	0.054863	0.053566	0.037134
1.410348	0.053434	0.053039	0.011307
1.409878	0.054124	0.053638	0.013914
1.409409	0.054148	0.052429	0.049230
1.408940	0.053623	0.052935	0.019735
1.408472	0.053552	0.052557	0.028506
1.408004	0.052835	0.052296	0.015454
1.407536	0.052772	0.052889	-0.003352
1.407069	0.054051	0.052067	0.056821
1.406602	0.053904	0.053495	0.011715
1.406135	0.054109	0.053460	0.018593
1.405669	0.053598	0.053482	0.003336
1.405204	0.053569	0.051813	0.050304
1.404738	0.053563	0.052326	0.035441
1.404274	0.053122	0.052391	0.020936
1.403809	0.052539	0.051850	0.019717
1.403345	0.052866	0.051506	0.038957
1.402882	0.052560	0.052296	0.007581
1.402418	0.052734	0.052292	0.012686
1.401955	0.053312	0.051783	0.043816
1.401493	0.053201	0.052327	0.025062
1.401031	0.053735	0.052857	0.025157
1.400569	0.051283	0.051864	-0.016636
1.400108	0.052557	0.052800	-0.006952
1.399647	0.052609	0.051157	0.041608
1.399187	0.051469	0.051016	0.012956
1.398727	0.051768	0.051819	-0.001450
1.398267	0.051852	0.051377	0.013588
1.397808	0.051308	0.051772	-0.013278
1.397349	0.052063	0.050902	0.033257
1.396890	0.051481	0.051496	-0.000446
1.396432	0.052159	0.052417	-0.007391
1.395974	0.052392	0.051597	0.022755
1.395517	0.052998	0.051238	0.050411
1.395060	0.051738	0.051612	0.003597
1.394604	0.052201	0.051898	0.008684
1.394147	0.050813	0.049044	0.050659
1.393692	0.051620	0.050048	0.045010
1.393236	0.050669	0.050307	0.010384
1.392781	0.051758	0.050334	0.040784
1.392327	0.049261	0.050343	-0.030999
1.391873	0.050445	0.050923	-0.013700
1.391419	0.051382	0.050756	0.017940
1.390965	0.051056	0.050901	0.004444
1.390512	0.051377	0.050253	0.032203
