6.542578	-0.171776	-0.171776	0.000000
6.529189	-0.171922	-0.171922	0.000000
6.515856	-1.167472	-1.129372	-1.091457
6.502578	-0.628320	-0.680601	1.497723
6.489355	-0.817678	-0.459209	-10.269371
6.476188	-0.677786	-0.525500	-4.362669
6.463075	-0.461221	-0.825323	10.430757
6.450016	-0.462296	-1.781751	37.799591
6.437011	-0.507353	-0.496747	-0.303839
6.424060	-0.423999	-0.556087	3.784042
6.411162	-0.294424	-1.231453	26.843886
6.398317	-0.473800	-0.556529	2.370020
6.385525	-0.862639	-0.569835	-8.388231
6.372785	-0.872175	-0.765357	-3.060091
6.360096	-0.634170	-0.474959	-4.561057
6.347460	-0.522076	-0.469582	-1.503846
6.334875	-0.387697	-0.350898	-1.054218
6.322341	-1.015701	-0.432118	-16.718418
6.309857	-0.699967	-0.462946	-6.790126
6.297424	-0.572441	-0.336052	-6.772036
6.285042	-0.524288	-0.498820	-0.729623
6.272709	-0.373863	-0.495760	3.492094
6.260425	-0.590701	-0.432527	-4.531340
6.248191	-0.347357	-0.453550	3.042201
6.236005	-0.216011	-0.313898	2.804248
6.223868	-0.074669	-0.050721	-0.686082
6.211780	-0.101209	-0.055014	-1.323371
6.199740	-0.071856	-0.043549	-0.810927
6.187747	-0.080077	-0.079678	-0.011427
6.175802	-0.081038	-0.066775	-0.408608
6.163904	-0.080507	-0.043776	-1.052273
6.152053	-0.094112	-0.043792	-1.441550
6.140248	-0.054656	-0.045672	-0.257379
6.128490	-0.081568	-0.068903	-0.362826
6.116778	-0.067786	-0.075373	0.217358
6.105112	-0.069690	-0.068269	-0.040713
6.093492	-0.094661	-0.067275	-0.784543
6.081916	-0.082979	-0.054217	-0.823976
6.070386	-0.072016	-0.064775	-0.207453
6.058901	-0.118616	-0.060529	-1.664075
6.047460	-0.084809	-0.054191	-0.877131
6.036063	-0.077599	-0.067356	-0.293439
6.024710	-0.068187	-0.048555	-0.562407
6.013401	-0.096190	-0.057284	-1.114566
6.002135	-0.076140	-0.044792	-0.898077
5.990913	-0.099785	-0.075046	-0.708720
5.979734	-0.064647	-0.072123	0.214187
5.968597	-0.067547	-0.053207	-0.410798
5.957503	-0.070308	-0.061896	-0.240979
5.946451	-0.072636	-0.056426	-0.464394
5.935442	-0.070697	-0.074566	0.110841
5.924474	-0.072053	-0.046267	-0.738704
5.913547	-0.091868	-0.052267	-1.134477
5.902662	-0.074862	-0.076810	0.055815
5.891818	-0.070947	-0.057528	-0.384424
5.881015	-0.062333	-0.050020	-0.352749
5.870252	-0.080734	-0.060310	-0.585123
5.859530	-0.085012	-0.046356	-1.107410
5.848848	-0.084278	-0.037973	-1.326551
5.838205	-0.083771	-0.062248	-0.616589
5.827603	-0.062316	-0.056654	-0.162192
5.817040	-0.055335	-0.055612	0.007934
5.806516	-0.086750	-0.071878	-0.426060
5.796031	-0.078193	-0.058769	-0.556469
5.785586	-0.099506	-0.061210	-1.097097
5.775178	-0.106082	-0.073038	-0.946630
5.764810	-0.088366	-0.066843	-0.616603
5.754479	-0.087069	-0.045616	-1.187539
5.744186	-0.105043	-0.086474	-0.531973
5.733931	-0.097867	-0.063679	-0.979390
5.723714	-0.065037	-0.068891	0.110400
5.713534	-0.078137	-0.069929	-0.235123
5.703391	-0.076295	-0.047291	-0.830891
5.693285	-0.083033	-0.084326	0.037035
5.683216	-0.095732	-0.076976	-0.537309
5.673184	-0.068963	-0.068340	-0.017851
5.663188	-0.075063	-0.069370	-0.163085
5.653228	-0.069696	-0.065616	-0.116878
5.643304	-0.090831	-0.061953	-0.827294
5.633415	-0.066906	-0.037745	-0.835393
5.623562	-0.079980	-0.043537	-1.044014
5.613745	-0.095479	-0.067742	-0.794609
5.603963	-0.064231	-0.071402	0.205422
5.594216	-0.110850	-0.043847	-1.919483
5.584504	-0.072219	-0.053614	-0.532997
5.574826	-0.080644	-0.053382	-0.781009
5.565183	-0.069386	-0.064465	-0.140988
5.555574	-0.082908	-0.090636	0.221398
5.545999	-0.050122	-0.067595	0.500576
5.536458	-0.082788	-0.082774	-0.000401
5.526950	-0.069546	-0.067946	-0.045831
5.517477	-0.071435	-0.052610	-0.539281
5.508036	-0.067091	-0.083056	0.457384
5.498629	-0.072255	-0.061053	-0.320924
5.489255	-0.084853	-0.063941	-0.599085
5.479914	-0.063499	-0.053983	-0.272618
5.470605	-0.085516	-0.066822	-0.535533
5.461329	-0.076674	-0.079289	0.074914
5.452085	-0.078941	-0.065952	-0.372106
5.442874	-0.091179	-0.072311	-0.540550
5.433694	-0.081809	-0.069022	-0.366318
5.424546	-0.067772	-0.068979	0.034575
5.415430	-0.077685	-0.057597	-0.575493
5.406345	-0.075396	-0.067651	-0.221862
5.397292	-0.080695	-0.057606	-0.661428
5.388270	-0.102110	-0.077600	-0.702166
5.379279	-0.090289	-0.081641	-0.247757
5.370319	-0.084761	-0.073505	-0.322460
5.361389	-0.075233	-0.067699	-0.215844
5.352490	-0.086139	-0.059853	-0.753032
5.343621	-0.072891	-0.066200	-0.191676
5.334783	-0.070076	-0.071097	0.029237
5.325975	-0.082092	-0.061241	-0.597315
5.317196	-0.073199	-0.064944	-0.236484
5.308448	-0.069329	-0.076284	0.199239
5.299729	-0.069446	-0.059724	-0.278497
5.291039	-0.070311	-0.054816	-0.443900
5.282379	-0.086409	-0.061251	-0.720725
5.273748	-0.051251	-0.061880	0.304500
5.265146	-0.073941	-0.059705	-0.407833
5.256573	-0.075313	-0.049529	-0.738674
5.248029	-0.057000	-0.067424	0.298640
5.239513	-0.063901	-0.061055	-0.081557
5.231026	-0.066517	-0.060582	-0.170022
5.222567	-0.065528	-0.060416	-0.146427
5.214136	-0.071451	-0.070555	-0.025671
5.205733	-0.071864	-0.057237	-0.419040
5.197358	-0.064306	-0.058902	-0.154821
5.189011	-0.070110	-0.058206	-0.341035
5.180691	-0.079239	-0.061437	-0.509969
5.172399	-0.058530	-0.045129	-0.383912
5.164135	-0.071195	-0.066395	-0.137510
5.155897	-0.072598	-0.064383	-0.235333
5.147687	-0.063848	-0.060518	-0.095379
5.139503	-0.074905	-0.066866	-0.230297
5.131346	-0.078215	-0.054244	-0.686710
5.123216	-0.066124	-0.071071	0.141735
5.115113	-0.064107	-0.046112	-0.515521
5.107036	-0.064406	-0.063458	-0.027169
5.098985	-0.053963	-0.071156	0.492538
5.090960	-0.053580	-0.058992	0.155018
5.082962	-0.066116	-0.064072	-0.058535
5.074989	-0.047137	-0.058329	0.320626
5.067042	-0.042398	-0.049258	0.196513
5.059121	-0.046635	-0.048657	0.057913
5.051225	-0.052687	-0.057594	0.140582
5.043355	-0.056821	-0.059379	0.073268
5.035510	-0.052822	-0.058849	0.172655
5.027690	-0.062597	-0.046432	-0.463092
5.019895	-0.056979	-0.053169	-0.109146
5.012126	-0.058848	-0.055627	-0.092290
5.004381	-0.059440	-0.051170	-0.236898
4.996660	-0.067987	-0.049251	-0.536770
4.988964	-0.057227	-0.051025	-0.177682
4.981293	-0.056909	-0.058173	0.036193
4.973646	-0.048038	-0.059151	0.318357
4.966023	-0.058869	-0.052854	-0.172325
4.958425	-0.064283	-0.057836	-0.184686
4.950850	-0.053449	-0.048600	-0.138906
4.943299	-0.061674	-0.047582	-0.403699
4.935772	-0.056231	-0.052816	-0.097823
4.928269	-0.056804	-0.054079	-0.078072
4.920789	-0.059381	-0.058920	-0.013211
4.913333	-0.060931	-0.052993	-0.227427
4.905900	-0.055533	-0.048662	-0.196843
4.898490	-0.059000	-0.049055	-0.284913
4.891103	-0.050223	-0.044339	-0.168577
4.883739	-0.058088	-0.052886	-0.149034
4.876399	-0.051114	-0.052184	0.030661
4.869081	-0.050593	-0.050273	-0.009176
4.861785	-0.052388	-0.042854	-0.273131
4.854512	-0.046834	-0.050622	0.108527
4.847262	-0.052061	-0.048043	-0.115100
4.840034	-0.049482	-0.048236	-0.035711
4.832829	-0.046885	-0.047252	0.010516
4.825645	-0.043425	-0.049882	0.184979
4.818484	-0.047149	-0.050236	0.088417
4.811344	-0.045380	-0.051129	0.164711
4.804227	-0.045099	-0.046412	0.037612
4.797131	-0.049562	-0.044770	-0.137270
4.790057	-0.048049	-0.044677	-0.096602
4.783004	-0.048845	-0.054113	0.150923
4.775973	-0.053964	-0.052138	-0.052328
4.768963	-0.050210	-0.050052	-0.004508
4.761974	-0.054419	-0.046088	-0.238673
4.755007	-0.052547	-0.055659	0.089144
4.748061	-0.057025	-0.048561	-0.242486
4.741136	-0.053411	-0.051343	-0.059228
4.734231	-0.047073	-0.055042	0.228285
4.727348	-0.055010	-0.046282	-0.250020
4.720485	-0.048877	-0.054655	0.165537
4.713642	-0.050502	-0.053124	0.075103
4.706821	-0.045791	-0.049914	0.118136
4.700019	-0.048458	-0.050986	0.072433
4.693238	-0.044340	-0.047004	0.076327
4.686478	-0.047218	-0.047088	-0.003740
4.679737	-0.046907	-0.045197	-0.048976
4.673016	-0.045032	-0.048293	0.093439
4.666316	-0.046037	-0.042020	-0.115065
4.659635	-0.041044	-0.046535	0.157311
4.652974	-0.039896	-0.045043	0.147444
4.646333	-0.041540	-0.040742	-0.022861
4.639711	-0.046692	-0.042325	-0.125114
4.633109	-0.040406	-0.040305	-0.002890
4.626527	-0.042845	-0.044887	0.058509
4.619963	-0.041429	-0.042517	0.031171
4.613420	-0.041022	-0.043636	0.074900
4.606895	-0.039488	-0.044343	0.139075
4.600389	-0.043389	-0.046094	0.077514
4.593902	-0.043172	-0.040968	-0.063138
4.587435	-0.041427	-0.046136	0.134876
4.580986	-0.047401	-0.044620	-0.079669
4.574556	-0.046458	-0.042359	-0.117432
4.568145	-0.042981	-0.042518	-0.013245
4.561752	-0.042465	-0.046928	0.127865
4.555378	-0.043718	-0.045482	0.050529
4.549022	-0.043982	-0.049591	0.160674
4.542685	-0.048957	-0.046383	-0.073726
4.536365	-0.048882	-0.047149	-0.049644
4.530065	-0.049140	-0.049678	0.015409
4.523782	-0.046062	-0.048452	0.068464
4.517517	-0.049573	-0.050561	0.028296
4.511271	-0.048346	-0.045464	-0.082562
4.505042	-0.043628	-0.046597	0.085051
4.498831	-0.044631	-0.049834	0.149051
4.492638	-0.047247	-0.047476	0.006561
4.486462	-0.047415	-0.044543	-0.082272
4.480304	-0.044361	-0.049186	0.138235
4.474164	-0.048744	-0.048027	-0.020536
4.468041	-0.043293	-0.046162	0.082186
4.461935	-0.042549	-0.045052	0.071700
4.455847	-0.045584	-0.041456	-0.118258
4.449776	-0.041168	-0.039938	-0.035246
4.443722	-0.039350	-0.042080	0.078211
4.437686	-0.039679	-0.039394	-0.008178
4.431666	-0.039234	-0.043009	0.108146
4.425663	-0.039825	-0.040582	0.021691
4.419677	-0.037448	-0.040580	0.089711
4.413708	-0.038248	-0.038612	0.010424
4.407755	-0.038720	-0.037820	-0.025764
4.401820	-0.039397	-0.042557	0.090524
4.395901	-0.039382	-0.040122	0.021217
4.389998	-0.035340	-0.039301	0.113461
4.384112	-0.038220	-0.039045	0.023638
4.378242	-0.040380	-0.036285	-0.117318
4.372389	-0.038861	-0.040552	0.048469
4.366551	-0.038373	-0.037858	-0.014756
4.360730	-0.040017	-0.041347	0.038097
4.354925	-0.042870	-0.042608	-0.007502
4.349136	-0.044742	-0.045622	0.025208
4.343364	-0.042873	-0.041729	-0.032783
4.337607	-0.044118	-0.044469	0.010066
4.331865	-0.045260	-0.044810	-0.012905
4.326140	-0.045010	-0.046446	0.041124
4.320430	-0.047406	-0.045260	-0.061464
4.314736	-0.046387	-0.044760	-0.046624
4.309058	-0.044756	-0.047338	0.073986
4.303395	-0.042924	-0.046572	0.104483
4.297748	-0.047146	-0.046919	-0.006515
4.292116	-0.048103	-0.045328	-0.079508
4.286499	-0.048091	-0.050091	0.057278
4.280898	-0.047475	-0.052210	0.135629
4.275312	-0.046583	-0.046565	-0.000514
4.269741	-0.047792	-0.049458	0.047713
4.264185	-0.046538	-0.048324	0.051157
4.258644	-0.046783	-0.050301	0.100770
4.253118	-0.044731	-0.047443	0.077695
4.247607	-0.044505	-0.048173	0.105089
4.242111	-0.043810	-0.047236	0.098156
4.236629	-0.041267	-0.045472	0.120464
4.231163	-0.043282	-0.042007	-0.036519
4.225711	-0.042108	-0.042021	-0.002475
4.220274	-0.041531	-0.041032	-0.014304
4.214851	-0.041262	-0.043508	0.064340
4.209442	-0.040502	-0.039405	-0.031410
4.204049	-0.043175	-0.041247	-0.055218
4.198669	-0.039763	-0.040088	0.009327
4.193304	-0.037677	-0.039828	0.061634
4.187953	-0.038684	-0.036953	-0.049580
4.182616	-0.037992	-0.037244	-0.021421
4.177294	-0.036389	-0.037972	0.045346
4.171985	-0.037584	-0.037278	-0.008764
4.166691	-0.036018	-0.037392	0.039373
4.161411	-0.036179	-0.038238	0.059006
4.156144	-0.038127	-0.038956	0.023766
4.150892	-0.036624	-0.039161	0.072688
4.145653	-0.037998	-0.036758	-0.035512
4.140428	-0.036925	-0.039175	0.064451
4.135217	-0.040106	-0.039698	-0.011710
4.130019	-0.041582	-0.041163	-0.011998
4.124835	-0.038091	-0.040578	0.071226
4.119665	-0.041609	-0.042193	0.016729
4.114508	-0.039901	-0.040467	0.016223
4.109364	-0.040963	-0.042183	0.034954
4.104234	-0.041349	-0.042587	0.035457
4.099117	-0.044094	-0.043316	-0.022285
4.094014	-0.043892	-0.042626	-0.036267
4.088924	-0.042765	-0.043544	0.022298
4.083846	-0.044157	-0.045800	0.047051
4.078783	-0.046846	-0.046060	-0.022540
4.073732	-0.046111	-0.046350	0.006845
4.068694	-0.046910	-0.048062	0.032996
4.063669	-0.047000	-0.046525	-0.013619
4.058657	-0.046140	-0.047429	0.036918
4.053658	-0.048557	-0.047117	-0.041255
4.048672	-0.048290	-0.048922	0.018128
4.043699	-0.049747	-0.047341	-0.068938
4.038738	-0.048687	-0.047813	-0.025056
4.033790	-0.049651	-0.045646	-0.114727
4.028855	-0.047153	-0.049189	0.058345
4.023933	-0.048895	-0.046529	-0.067755
4.019022	-0.046217	-0.048017	0.051557
4.014125	-0.044847	-0.047014	0.062057
4.009240	-0.046660	-0.046363	-0.008501
4.004367	-0.046937	-0.046375	-0.016117
3.999506	-0.045091	-0.046142	0.030087
3.994658	-0.045782	-0.045847	0.001868
3.989823	-0.045471	-0.045780	0.008861
3.984999	-0.046798	-0.044158	-0.075631
3.980187	-0.046819	-0.043210	-0.103402
3.975388	-0.044546	-0.044916	0.010587
3.970601	-0.042794	-0.044343	0.044387
3.965826	-0.044291	-0.042879	-0.040439
3.961063	-0.042769	-0.042769	-0.000008
3.956311	-0.043372	-0.040916	-0.070361
3.951572	-0.039944	-0.040387	0.012699
3.946844	-0.042311	-0.040700	-0.046147
3.942129	-0.039812	-0.038831	-0.028093
3.937425	-0.040085	-0.039291	-0.022744
3.932733	-0.038394	-0.038450	0.001617
3.928052	-0.038225	-0.038800	0.016471
3.923383	-0.039486	-0.039515	0.000804
3.918726	-0.039069	-0.036720	-0.067271
3.914080	-0.038793	-0.038271	-0.014967
3.909446	-0.037295	-0.036960	-0.009602
3.904823	-0.039326	-0.036920	-0.068924
3.900212	-0.038104	-0.038093	-0.000334
3.895612	-0.039718	-0.037558	-0.061866
3.891023	-0.038469	-0.036439	-0.058158
3.886446	-0.040242	-0.038326	-0.054892
3.881880	-0.040458	-0.038181	-0.065240
3.877325	-0.039577	-0.039149	-0.012267
3.872781	-0.040033	-0.037569	-0.070590
3.868249	-0.040648	-0.039509	-0.032632
3.863727	-0.041837	-0.040759	-0.030867
3.859217	-0.042017	-0.040180	-0.052630
3.854718	-0.041825	-0.040780	-0.029924
3.850229	-0.043045	-0.042903	-0.004057
3.845752	-0.042464	-0.041235	-0.035195
3.841285	-0.044303	-0.042221	-0.059637
3.836829	-0.043505	-0.042037	-0.042051
3.832384	-0.044632	-0.042773	-0.053256
3.827950	-0.045796	-0.045283	-0.014703
3.823527	-0.046320	-0.045259	-0.030405
3.819114	-0.047058	-0.045509	-0.044388
3.814712	-0.048193	-0.044701	-0.100058
3.810321	-0.046308	-0.044360	-0.055822
3.805940	-0.047187	-0.046699	-0.013975
3.801570	-0.047384	-0.046550	-0.023909
3.797210	-0.048957	-0.046697	-0.064744
3.792860	-0.049844	-0.047891	-0.055932
3.788522	-0.049692	-0.046765	-0.083852
3.784193	-0.049871	-0.048592	-0.036630
3.779875	-0.050462	-0.048962	-0.042976
3.775567	-0.050518	-0.048028	-0.071336
3.771269	-0.050257	-0.047401	-0.081823
3.766982	-0.050935	-0.046822	-0.117842
3.762705	-0.047993	-0.046417	-0.045146
3.758438	-0.050798	-0.048792	-0.057478
3.754181	-0.048869	-0.048303	-0.016216
3.749935	-0.049296	-0.046041	-0.093228
3.745698	-0.050610	-0.047993	-0.074965
3.741472	-0.048290	-0.047599	-0.019813
3.737255	-0.047313	-0.044478	-0.081222
3.733048	-0.047147	-0.044358	-0.079892
3.728852	-0.046085	-0.044356	-0.049523
3.724665	-0.046991	-0.044479	-0.071945
3.720488	-0.045765	-0.043866	-0.054416
3.716321	-0.045380	-0.043766	-0.046241
3.712163	-0.046014	-0.043365	-0.075892
3.708016	-0.045570	-0.042850	-0.077926
3.703878	-0.044366	-0.043210	-0.033131
3.699750	-0.045160	-0.041841	-0.095087
3.695631	-0.043758	-0.041638	-0.060726
3.691522	-0.042716	-0.041119	-0.045737
3.687423	-0.042976	-0.040159	-0.080684
3.683333	-0.041938	-0.040601	-0.038298
3.679253	-0.041070	-0.038977	-0.059959
3.675182	-0.040747	-0.038458	-0.065564
3.671120	-0.040457	-0.038515	-0.055647
3.667069	-0.040467	-0.037375	-0.088597
3.663026	-0.040283	-0.037780	-0.071684
3.658993	-0.039244	-0.036395	-0.081640
3.654969	-0.040057	-0.036658	-0.097373
3.650954	-0.037990	-0.036445	-0.044256
3.646949	-0.039545	-0.036769	-0.079516
3.642953	-0.038640	-0.035692	-0.084438
3.638966	-0.039896	-0.037524	-0.067930
3.634988	-0.038907	-0.036531	-0.068072
3.631020	-0.038134	-0.036881	-0.035914
3.627060	-0.039377	-0.036620	-0.078996
3.623110	-0.039171	-0.036882	-0.065569
3.619168	-0.038655	-0.036129	-0.072359
3.615236	-0.038863	-0.036523	-0.067027
3.611312	-0.039773	-0.036521	-0.093178
3.607398	-0.038351	-0.036920	-0.040991
3.603492	-0.038842	-0.036169	-0.076563
3.599596	-0.040442	-0.037817	-0.075204
3.595708	-0.039949	-0.037968	-0.056729
3.591829	-0.040241	-0.037114	-0.089582
3.587959	-0.039601	-0.039562	-0.001109
3.584097	-0.041544	-0.038085	-0.099104
3.580244	-0.042021	-0.039069	-0.084553
3.576400	-0.042629	-0.039303	-0.095290
3.572565	-0.043479	-0.039661	-0.109372
3.568738	-0.042811	-0.039280	-0.101165
3.564920	-0.043054	-0.040385	-0.076439
3.561111	-0.043189	-0.040920	-0.065004
3.557310	-0.043320	-0.040783	-0.072677
3.553517	-0.043826	-0.041743	-0.059682
3.549734	-0.044886	-0.042193	-0.077151
3.545958	-0.045413	-0.042884	-0.072440
3.542191	-0.045941	-0.042357	-0.102683
3.538433	-0.045263	-0.042435	-0.081013
3.534683	-0.044922	-0.043216	-0.048864
3.530941	-0.046392	-0.043393	-0.085937
3.527207	-0.046428	-0.043633	-0.080060
3.523482	-0.047292	-0.044212	-0.088253
3.519765	-0.046768	-0.044387	-0.068202
3.516057	-0.046488	-0.044400	-0.059824
3.512356	-0.048063	-0.044639	-0.098082
3.508664	-0.047464	-0.044616	-0.081600
3.504980	-0.047577	-0.045362	-0.063463
3.501304	-0.048586	-0.045087	-0.100231
3.497636	-0.047996	-0.045016	-0.085378
3.493977	-0.047167	-0.043941	-0.092419
3.490325	-0.047409	-0.044668	-0.078530
3.486682	-0.047521	-0.044559	-0.084858
3.483046	-0.046657	-0.043856	-0.080260
3.479419	-0.046582	-0.043918	-0.076301
3.475799	-0.046967	-0.044341	-0.075231
3.472187	-0.046684	-0.044235	-0.070158
3.468583	-0.045775	-0.042899	-0.082373
3.464988	-0.045307	-0.043240	-0.059219
3.461400	-0.045055	-0.043049	-0.057475
3.457819	-0.044337	-0.041984	-0.067405
3.454247	-0.044027	-0.041838	-0.062698
3.450682	-0.044559	-0.040504	-0.116175
3.447125	-0.042874	-0.041165	-0.048952
3.443576	-0.043175	-0.039815	-0.096240
3.440035	-0.043519	-0.039993	-0.101027
3.436501	-0.041789	-0.039517	-0.065077
3.432975	-0.041548	-0.038989	-0.073317
3.429457	-0.041315	-0.038814	-0.071656
3.425946	-0.041098	-0.037908	-0.091372
3.422442	-0.040737	-0.037812	-0.083810
3.418947	-0.040535	-0.037720	-0.080627
3.415459	-0.039840	-0.036706	-0.089787
3.411978	-0.039348	-0.035798	-0.101710
3.408505	-0.038807	-0.036119	-0.076995
3.405039	-0.037933	-0.035962	-0.056456
3.401581	-0.037694	-0.035802	-0.054215
3.398130	-0.036041	-0.034837	-0.034488
3.394686	-0.035969	-0.033942	-0.058078
3.391250	-0.035795	-0.033984	-0.051882
3.387821	-0.034779	-0.034089	-0.019774
3.384400	-0.034958	-0.032568	-0.068462
3.380986	-0.035328	-0.031521	-0.109082
3.377579	-0.034761	-0.032582	-0.062432
3.374179	-0.033892	-0.031467	-0.069489
3.370787	-0.033998	-0.029727	-0.122359
3.367401	-0.032878	-0.030576	-0.065937
3.364023	-0.033169	-0.029816	-0.096072
3.360652	-0.032071	-0.030488	-0.045346
3.357289	-0.032917	-0.030586	-0.066772
3.353932	-0.030981	-0.030089	-0.025531
3.350582	-0.032579	-0.030334	-0.064334
3.347240	-0.031908	-0.030486	-0.040757
3.343904	-0.033596	-0.029492	-0.117574
3.340576	-0.032227	-0.030836	-0.039850
3.337255	-0.032674	-0.030617	-0.058915
3.333940	-0.033017	-0.030229	-0.079876
3.330633	-0.033029	-0.030613	-0.069199
3.327332	-0.032870	-0.030553	-0.066379
3.324038	-0.032336	-0.030304	-0.058222
3.320752	-0.032885	-0.030801	-0.059690
3.317472	-0.033117	-0.030269	-0.081611
3.314199	-0.033188	-0.031468	-0.049268
3.310933	-0.032673	-0.030970	-0.048803
3.307673	-0.032898	-0.030614	-0.065444
3.304421	-0.033918	-0.030241	-0.105343
3.301175	-0.032825	-0.031312	-0.043340
3.297936	-0.033285	-0.031398	-0.054052
3.294703	-0.033593	-0.030912	-0.076790
3.291478	-0.033049	-0.031437	-0.046186
3.288259	-0.033378	-0.031429	-0.055823
3.285046	-0.033902	-0.031775	-0.060912
3.281841	-0.034068	-0.031636	-0.069669
3.278642	-0.034307	-0.032124	-0.062530
3.275449	-0.034873	-0.032960	-0.054806
3.272263	-0.034904	-0.033397	-0.043165
3.269084	-0.035869	-0.033999	-0.053559
3.265911	-0.035938	-0.033405	-0.072560
3.262745	-0.036367	-0.034849	-0.043482
3.259585	-0.036431	-0.034203	-0.063817
3.256432	-0.036657	-0.035173	-0.042533
3.253285	-0.036726	-0.034915	-0.051881
3.250145	-0.037862	-0.035841	-0.057886
3.247011	-0.037347	-0.034900	-0.070108
3.243883	-0.037249	-0.035589	-0.047550
3.240762	-0.036685	-0.035792	-0.025582
3.237647	-0.036836	-0.035506	-0.038092
3.234539	-0.037485	-0.035391	-0.059975
3.231437	-0.036829	-0.035186	-0.047070
3.228341	-0.036803	-0.035187	-0.046285
3.225251	-0.037330	-0.035636	-0.048520
3.222168	-0.037491	-0.035446	-0.058606
3.219091	-0.037288	-0.035660	-0.046653
3.216020	-0.037584	-0.035783	-0.051588
3.212956	-0.038329	-0.036333	-0.057188
3.209897	-0.037979	-0.035523	-0.070358
3.206845	-0.037516	-0.035465	-0.058748
3.203799	-0.036908	-0.035997	-0.026120
3.200759	-0.036989	-0.035726	-0.036188
3.197725	-0.036488	-0.035988	-0.014325
3.194697	-0.036769	-0.035335	-0.041085
3.191676	-0.037447	-0.035427	-0.057891
3.188660	-0.036725	-0.035301	-0.040790
3.185651	-0.036849	-0.034675	-0.062276
3.182647	-0.036162	-0.035313	-0.024318
3.179650	-0.036464	-0.035221	-0.035619
3.176658	-0.035038	-0.034521	-0.014804
3.173673	-0.035009	-0.033240	-0.050672
3.170693	-0.035743	-0.033071	-0.076543
3.167720	-0.035155	-0.033513	-0.047040
3.164752	-0.034651	-0.032707	-0.055698
3.161790	-0.034293	-0.031614	-0.076748
3.158834	-0.033243	-0.031225	-0.057827
3.155884	-0.033008	-0.031346	-0.047592
3.152940	-0.032583	-0.031438	-0.032801
3.150001	-0.031884	-0.030951	-0.026732
3.147069	-0.032127	-0.029607	-0.072186
3.144142	-0.031275	-0.029928	-0.038580
3.141221	-0.030011	-0.029181	-0.023755
3.138306	-0.030404	-0.029169	-0.035381
3.135396	-0.030141	-0.028243	-0.054377
3.132493	-0.029801	-0.027569	-0.063958
3.129595	-0.029833	-0.027961	-0.053610
3.126702	-0.027819	-0.027122	-0.019955
3.123816	-0.028047	-0.027646	-0.011484
3.120935	-0.027549	-0.026717	-0.023843
3.118059	-0.027893	-0.025687	-0.063195
3.115190	-0.026626	-0.025460	-0.033427
3.112326	-0.025502	-0.024983	-0.014852
3.109467	-0.025578	-0.025002	-0.016512
3.106614	-0.025191	-0.024076	-0.031934
3.103767	-0.024357	-0.024266	-0.002598
3.100925	-0.024562	-0.022566	-0.057188
3.098089	-0.024247	-0.022752	-0.042829
3.095258	-0.023612	-0.022142	-0.042122
3.092433	-0.023148	-0.022109	-0.029775
3.089613	-0.022902	-0.021080	-0.052203
3.086799	-0.022369	-0.020888	-0.042449
3.083990	-0.022130	-0.021213	-0.026276
3.081187	-0.021927	-0.020318	-0.046119
3.078389	-0.021880	-0.019993	-0.054060
3.075596	-0.021125	-0.020090	-0.029651
3.072809	-0.020800	-0.019405	-0.039964
3.070027	-0.020368	-0.019121	-0.035739
3.067251	-0.020203	-0.019260	-0.027010
3.064480	-0.020294	-0.018944	-0.038647
3.061714	-0.020531	-0.018040	-0.071365
3.058954	-0.020005	-0.018233	-0.050752
3.056199	-0.019989	-0.018351	-0.046933
3.053449	-0.019956	-0.018867	-0.031210
3.050704	-0.019570	-0.018924	-0.018493
3.047965	-0.020234	-0.018876	-0.038924
3.045231	-0.019768	-0.017949	-0.052095
3.042502	-0.019238	-0.018389	-0.024323
3.039779	-0.019045	-0.018637	-0.011711
3.037060	-0.019455	-0.018050	-0.040242
3.034347	-0.018820	-0.018312	-0.014552
3.031639	-0.019623	-0.018565	-0.030311
3.028936	-0.019121	-0.018422	-0.020017
3.026238	-0.019341	-0.018709	-0.018127
3.023545	-0.019262	-0.017837	-0.040835
3.020858	-0.020162	-0.018224	-0.055533
3.018175	-0.019825	-0.019009	-0.023372
3.015498	-0.019623	-0.018908	-0.020477
3.012826	-0.019900	-0.018518	-0.039597
3.010158	-0.019157	-0.018980	-0.005060
3.007496	-0.019820	-0.018298	-0.043592
3.004839	-0.019399	-0.019149	-0.007157
3.002187	-0.019308	-0.018947	-0.010345
2.999540	-0.019147	-0.018446	-0.020084
2.996897	-0.019831	-0.018570	-0.036147
2.994260	-0.020381	-0.019596	-0.022499
2.991628	-0.021001	-0.019672	-0.038065
2.989000	-0.020840	-0.019644	-0.034258
2.986378	-0.020252	-0.018896	-0.038844
2.983760	-0.020792	-0.019624	-0.033449
2.981148	-0.019909	-0.019219	-0.019767
2.978540	-0.020630	-0.019385	-0.035675
2.975937	-0.020959	-0.019782	-0.033721
2.973339	-0.021407	-0.020730	-0.019397
2.970746	-0.021563	-0.020017	-0.044290
2.968158	-0.021234	-0.020970	-0.007553
2.965574	-0.021857	-0.019923	-0.055397
2.962995	-0.021536	-0.020831	-0.020201
2.960421	-0.021876	-0.019882	-0.057111
2.957852	-0.021046	-0.020432	-0.017584
2.955288	-0.022163	-0.020859	-0.037347
2.952728	-0.022279	-0.020792	-0.042587
2.950173	-0.021594	-0.020839	-0.021617
2.947623	-0.021568	-0.021099	-0.013417
2.945078	-0.021748	-0.021098	-0.018610
2.942537	-0.021877	-0.020408	-0.042074
2.940001	-0.022291	-0.020982	-0.037499
2.937469	-0.022449	-0.021137	-0.037591
2.934943	-0.022641	-0.021319	-0.037878
2.932421	-0.022496	-0.021338	-0.033195
2.929903	-0.022702	-0.022229	-0.013542
2.927390	-0.022362	-0.021597	-0.021916
2.924882	-0.023391	-0.022122	-0.036350
2.922378	-0.022400	-0.021996	-0.011581
2.919879	-0.023460	-0.022055	-0.040245
2.917385	-0.022824	-0.021970	-0.024463
2.914895	-0.023171	-0.022325	-0.024257
2.912410	-0.023320	-0.022590	-0.020922
2.909929	-0.024283	-0.022344	-0.055545
2.907453	-0.024436	-0.023131	-0.037398
2.904981	-0.024235	-0.022522	-0.049070
2.902513	-0.024104	-0.022933	-0.033544
2.900051	-0.024101	-0.023074	-0.029427
2.897592	-0.024487	-0.023432	-0.030244
2.895138	-0.025137	-0.023414	-0.049350
2.892689	-0.024631	-0.023868	-0.021866
2.890244	-0.024711	-0.023028	-0.048221
2.887803	-0.024825	-0.023724	-0.031539
2.885367	-0.024109	-0.023046	-0.030444
2.882936	-0.024776	-0.023661	-0.031930
2.880508	-0.024770	-0.023588	-0.033844
2.878085	-0.025474	-0.023979	-0.042827
2.875667	-0.025189	-0.024276	-0.026151
2.873252	-0.026106	-0.024578	-0.043778
2.870842	-0.026290	-0.024925	-0.039096
2.868437	-0.025775	-0.025327	-0.012837
2.866036	-0.025868	-0.025151	-0.020536
2.863639	-0.025905	-0.024925	-0.028087
2.861246	-0.026044	-0.024642	-0.040171
2.858858	-0.025327	-0.023957	-0.039275
2.856474	-0.025379	-0.024372	-0.028844
2.854094	-0.025391	-0.024200	-0.034134
2.851718	-0.025331	-0.024120	-0.034697
2.849347	-0.024582	-0.023804	-0.022287
2.846980	-0.024201	-0.023375	-0.023674
2.844617	-0.023916	-0.022962	-0.027356
2.842258	-0.023576	-0.022335	-0.035539
2.839904	-0.023003	-0.021901	-0.031566
2.837553	-0.022834	-0.021629	-0.034527
2.835207	-0.022201	-0.021208	-0.028421
2.832865	-0.021752	-0.020653	-0.031489
2.830528	-0.021277	-0.020282	-0.028517
2.828194	-0.020783	-0.019779	-0.028760
2.825864	-0.020420	-0.019116	-0.037363
2.823539	-0.019696	-0.018746	-0.027216
2.821218	-0.019654	-0.018498	-0.033120
2.818901	-0.019317	-0.017874	-0.041346
2.816587	-0.019023	-0.017775	-0.035758
2.814278	-0.018145	-0.016915	-0.035217
2.811973	-0.018012	-0.016956	-0.030246
2.809673	-0.017618	-0.016407	-0.034702
2.807376	-0.016986	-0.015658	-0.038055
2.805083	-0.016582	-0.015556	-0.029409
2.802794	-0.016208	-0.015377	-0.023804
2.800509	-0.016175	-0.014974	-0.034415
2.798228	-0.015363	-0.014417	-0.027102
2.795952	-0.015528	-0.014347	-0.033841
2.793679	-0.015353	-0.014193	-0.033220
2.791410	-0.015284	-0.014120	-0.033351
2.789145	-0.014894	-0.013785	-0.031785
2.786884	-0.014371	-0.013403	-0.027723
2.784627	-0.014227	-0.013213	-0.029034
2.782374	-0.013962	-0.012862	-0.031520
2.780125	-0.013429	-0.012492	-0.026855
2.777880	-0.013284	-0.012347	-0.026830
2.775638	-0.013046	-0.011853	-0.034176
2.773401	-0.012422	-0.011484	-0.026869
2.771167	-0.012044	-0.010900	-0.032801
2.768938	-0.011534	-0.010562	-0.027855
2.766712	-0.011235	-0.010106	-0.032349
2.764490	-0.010592	-0.009466	-0.032271
2.762272	-0.010113	-0.009152	-0.027545
2.760058	-0.009729	-0.008625	-0.031650
2.757847	-0.009277	-0.008145	-0.032412
2.755640	-0.008765	-0.007612	-0.033009
2.753437	-0.008188	-0.007141	-0.030016
2.751238	-0.007911	-0.006746	-0.033362
2.749043	-0.007486	-0.006336	-0.032954
2.746852	-0.007383	-0.006232	-0.032960
2.744664	-0.007046	-0.005877	-0.033486
2.742480	-0.006750	-0.005619	-0.032389
2.740300	-0.006882	-0.005649	-0.035332
2.738123	-0.006780	-0.005638	-0.032724
2.735950	-0.006523	-0.005378	-0.032801
2.733781	-0.006449	-0.005164	-0.036800
2.731616	-0.006333	-0.005161	-0.033574
2.729454	-0.006279	-0.005188	-0.031276
2.727296	-0.006307	-0.005191	-0.031959
2.725142	-0.006362	-0.005287	-0.030798
2.722991	-0.006127	-0.005063	-0.030480
2.720844	-0.006240	-0.004959	-0.036695
2.718701	-0.006363	-0.005192	-0.033555
2.716561	-0.006353	-0.005105	-0.035732
2.714425	-0.006221	-0.005309	-0.026140
2.712293	-0.006300	-0.005028	-0.036457
2.710164	-0.006251	-0.005089	-0.033285
2.708039	-0.006247	-0.005123	-0.032191
2.705917	-0.006403	-0.005185	-0.034894
2.703799	-0.006394	-0.005054	-0.038402
2.701685	-0.006275	-0.005009	-0.036269
2.699574	-0.006608	-0.005366	-0.035604
2.697466	-0.006633	-0.005536	-0.031400
2.695363	-0.006482	-0.005289	-0.034178
2.693262	-0.006536	-0.005297	-0.035516
2.691166	-0.006379	-0.005095	-0.036775
2.689072	-0.006617	-0.005337	-0.036673
2.686983	-0.006491	-0.005230	-0.036118
2.684897	-0.006466	-0.005232	-0.035359
2.682814	-0.006490	-0.005310	-0.033814
2.680735	-0.006704	-0.005399	-0.037390
2.678659	-0.006718	-0.005542	-0.033713
2.676587	-0.006902	-0.005747	-0.033074
2.674518	-0.006810	-0.005666	-0.032769
2.672453	-0.006875	-0.005646	-0.035210
2.670391	-0.007080	-0.005732	-0.038625
2.668333	-0.007208	-0.006056	-0.033017
2.666278	-0.007378	-0.006160	-0.034882
2.664226	-0.007468	-0.006229	-0.035499
2.662178	-0.007501	-0.006438	-0.030452
2.660133	-0.007558	-0.006355	-0.034472
2.658092	-0.007661	-0.006469	-0.034127
2.656054	-0.008054	-0.006721	-0.038185
2.654019	-0.008172	-0.006979	-0.034179
2.651988	-0.007832	-0.006767	-0.030501
2.649960	-0.008138	-0.006834	-0.037355
2.647936	-0.008381	-0.007151	-0.035252
2.645915	-0.008394	-0.007342	-0.030137
2.643897	-0.008559	-0.007429	-0.032372
2.641882	-0.008685	-0.007486	-0.034348
2.639871	-0.008820	-0.007640	-0.033812
2.637863	-0.008929	-0.007787	-0.032696
2.635859	-0.009129	-0.007860	-0.036355
2.633857	-0.009109	-0.008010	-0.031493
2.631859	-0.009148	-0.008104	-0.029892
2.629865	-0.009335	-0.008297	-0.029751
2.627873	-0.009572	-0.008419	-0.033027
2.625885	-0.009366	-0.008205	-0.033249
2.623900	-0.009723	-0.008560	-0.033325
2.621919	-0.009635	-0.008450	-0.033963
2.619940	-0.009786	-0.008519	-0.036292
2.617965	-0.009820	-0.008689	-0.032398
2.615993	-0.010090	-0.008993	-0.031438
2.614025	-0.010000	-0.008882	-0.032038
2.612059	-0.010124	-0.009037	-0.031141
2.610097	-0.010004	-0.008907	-0.031422
2.608138	-0.010103	-0.008966	-0.032564
2.606182	-0.010277	-0.009195	-0.031002
2.604229	-0.010196	-0.009048	-0.032890
2.602280	-0.010073	-0.008945	-0.032297
2.600333	-0.010046	-0.009034	-0.028988
2.598390	-0.010020	-0.008900	-0.032097
2.596450	-0.010128	-0.009018	-0.031794
2.594513	-0.010096	-0.009090	-0.028819
2.592579	-0.009968	-0.008929	-0.029759
2.590648	-0.010046	-0.008973	-0.030738
2.588721	-0.009757	-0.008766	-0.028393
2.586796	-0.009910	-0.008925	-0.028232
2.584875	-0.009924	-0.008930	-0.028499
2.582957	-0.009793	-0.008758	-0.029648
2.581042	-0.009630	-0.008614	-0.029101
2.579130	-0.009685	-0.008619	-0.030549
2.577221	-0.009502	-0.008505	-0.028568
2.575315	-0.009441	-0.008481	-0.027503
2.573412	-0.009286	-0.008346	-0.026927
2.571512	-0.009134	-0.008156	-0.028024
2.569615	-0.009046	-0.008047	-0.028602
2.567722	-0.008924	-0.007900	-0.029319
2.565831	-0.008882	-0.007912	-0.027788
2.563943	-0.008597	-0.007702	-0.025641
2.562058	-0.008385	-0.007484	-0.025787
2.560177	-0.008339	-0.007359	-0.028055
2.558298	-0.008059	-0.007165	-0.025615
2.556423	-0.007907	-0.007011	-0.025669
2.554550	-0.007886	-0.006995	-0.025507
2.552680	-0.007581	-0.006740	-0.024087
2.550813	-0.007504	-0.006613	-0.025541
2.548950	-0.007364	-0.006462	-0.025833
2.547089	-0.007031	-0.006176	-0.024487
2.545231	-0.006855	-0.006005	-0.024350
2.543376	-0.006511	-0.005705	-0.023107
2.541524	-0.006387	-0.005544	-0.024157
2.539675	-0.006223	-0.005332	-0.025518
2.537829	-0.006055	-0.005215	-0.024054
2.535986	-0.005812	-0.004945	-0.024837
2.534146	-0.005598	-0.004823	-0.022196
2.532308	-0.005424	-0.004573	-0.024365
2.530474	-0.005193	-0.004386	-0.023136
2.528642	-0.004924	-0.004145	-0.022326
2.526814	-0.004801	-0.004040	-0.021789
2.524988	-0.004521	-0.003742	-0.022325
2.523165	-0.004359	-0.003638	-0.020652
2.521345	-0.003884	-0.003207	-0.019392
2.519528	-0.003771	-0.003073	-0.019991
2.517714	-0.003522	-0.002774	-0.021454
2.515902	-0.003255	-0.002560	-0.019908
2.514093	-0.003006	-0.002319	-0.019672
2.512288	-0.002748	-0.002099	-0.018600
2.510485	-0.002473	-0.001824	-0.018585
2.508684	-0.002225	-0.001508	-0.020547
2.506887	-0.001711	-0.001145	-0.016193
2.505092	-0.001453	-0.000728	-0.020760
2.503301	-0.001220	-0.000544	-0.019375
2.501512	-0.001050	-0.000452	-0.017119
2.499726	-0.000795	-0.000075	-0.020640
2.497942	-0.000355	0.000284	-0.018299
2.496162	0.000027	0.000547	-0.014882
2.494384	0.000185	0.000747	-0.016090
2.492609	0.000408	0.000932	-0.015017
2.490836	0.000694	0.001241	-0.015655
2.489067	0.000963	0.001543	-0.016620
2.487300	0.001338	0.001968	-0.018039
2.485536	0.001634	0.002177	-0.015562
2.483774	0.001988	0.002517	-0.015169
2.482016	0.002345	0.002841	-0.014187
2.480260	0.002634	0.003121	-0.013946
2.478507	0.002903	0.003305	-0.011513
2.476756	0.003124	0.003650	-0.015059
2.475008	0.003336	0.003736	-0.011455
2.473263	0.003591	0.004051	-0.013184
2.471521	0.003873	0.004247	-0.010718
2.469781	0.004109	0.004505	-0.011352
2.468044	0.004490	0.004876	-0.011061
2.466309	0.004606	0.005096	-0.014043
2.464578	0.004906	0.005306	-0.011466
2.462848	0.005034	0.005399	-0.010440
2.461122	0.005373	0.005762	-0.011149
2.459398	0.005787	0.006162	-0.010759
2.457677	0.005934	0.006161	-0.006482
2.455958	0.006295	0.006574	-0.007986
2.454243	0.006317	0.006692	-0.010751
2.452529	0.006441	0.006732	-0.008335
2.450819	0.006608	0.006874	-0.007608
2.449111	0.007011	0.007167	-0.004481
2.447405	0.007284	0.007528	-0.007003
2.445702	0.007478	0.007737	-0.007406
2.444002	0.007783	0.008052	-0.007709
2.442304	0.008099	0.008235	-0.003916
2.440609	0.008156	0.008315	-0.004560
2.438917	0.008239	0.008474	-0.006747
2.437227	0.008482	0.008661	-0.005115
2.435539	0.008605	0.008793	-0.005373
2.433854	0.008926	0.009028	-0.002914
2.432172	0.009005	0.009107	-0.002925
2.430492	0.008996	0.009215	-0.006267
2.428815	0.009210	0.009333	-0.003541
2.427140	0.009405	0.009513	-0.003088
2.425468	0.009712	0.009749	-0.001076
2.423799	0.009805	0.009905	-0.002879
2.422131	0.009915	0.010005	-0.002574
2.420467	0.009963	0.010010	-0.001354
2.418805	0.010081	0.010122	-0.001153
2.417145	0.010145	0.010241	-0.002753
2.415488	0.010202	0.010194	0.000219
2.413833	0.010153	0.010253	-0.002874
2.412181	0.010281	0.010273	0.000247
2.410532	0.010317	0.010356	-0.001121
2.408884	0.010490	0.010482	0.000246
2.407240	0.010785	0.010687	0.002812
2.405598	0.010754	0.010761	-0.000209
2.403958	0.010867	0.010780	0.002486
2.402320	0.010894	0.010885	0.000259
2.400685	0.010819	0.010814	0.000151
2.399053	0.011042	0.010915	0.003625
2.397423	0.011031	0.010925	0.003047
2.395795	0.011000	0.010877	0.003510
2.394170	0.011054	0.011011	0.001230
2.392547	0.011022	0.010877	0.004142
2.390927	0.011071	0.010932	0.003976
2.389309	0.010997	0.010855	0.004079
2.387694	0.010920	0.010827	0.002661
2.386081	0.011002	0.010890	0.003228
2.384470	0.011047	0.010892	0.004456
2.382861	0.010920	0.010720	0.005713
2.381255	0.011002	0.010794	0.005959
2.379652	0.011114	0.010896	0.006255
2.378051	0.011107	0.010943	0.004689
2.376452	0.011026	0.010818	0.005963
2.374855	0.011045	0.010841	0.005848
2.373261	0.011106	0.010886	0.006309
2.371669	0.011087	0.010833	0.007274
2.370080	0.011078	0.010796	0.008101
2.368493	0.010910	0.010614	0.008465
2.366908	0.010913	0.010626	0.008211
2.365326	0.010971	0.010578	0.011248
2.363745	0.010904	0.010522	0.010930
2.362168	0.010713	0.010437	0.007915
2.360592	0.010700	0.010342	0.010237
2.359019	0.010732	0.010393	0.009716
2.357448	0.010771	0.010476	0.008459
2.355880	0.010675	0.010319	0.010189
2.354313	0.010619	0.010347	0.007767
2.352749	0.010451	0.010204	0.007077
2.351188	0.010577	0.010207	0.010617
2.349628	0.010460	0.010206	0.007297
2.348071	0.010407	0.010000	0.011668
2.346516	0.010446	0.009954	0.014082
2.344964	0.010248	0.009921	0.009375
2.343413	0.010229	0.009901	0.009385
2.341865	0.010095	0.009697	0.011409
2.340319	0.010058	0.009662	0.011364
2.338776	0.009986	0.009633	0.010111
2.337235	0.010006	0.009533	0.013567
2.335695	0.009781	0.009401	0.010887
2.334159	0.009753	0.009380	0.010694
2.332624	0.009635	0.009227	0.011686
2.331091	0.009531	0.009119	0.011811
2.329561	0.009364	0.008972	0.011233
2.328033	0.009368	0.008900	0.013417
2.326508	0.009207	0.008871	0.009608
2.324984	0.009191	0.008803	0.011133
2.323463	0.009228	0.008757	0.013510
2.321943	0.008981	0.008607	0.010716
2.320426	0.008872	0.008488	0.010987
2.318912	0.008823	0.008447	0.010761
2.317399	0.008806	0.008225	0.016644
2.315888	0.008603	0.008069	0.015308
2.314380	0.008598	0.008163	0.012466
2.312874	0.008601	0.008153	0.012840
2.311370	0.008628	0.008187	0.012633
2.309868	0.008468	0.008020	0.012842
2.308369	0.008481	0.008035	0.012795
2.306871	0.008479	0.008101	0.010842
2.305376	0.008492	0.007943	0.015709
2.303883	0.008472	0.008064	0.011701
2.302392	0.008384	0.007947	0.012529
2.300903	0.008289	0.007773	0.014774
2.299416	0.008241	0.007685	0.015911
2.297931	0.007987	0.007588	0.011437
2.296449	0.007832	0.007461	0.010623
2.294968	0.007809	0.007305	0.014423
2.293490	0.007739	0.007270	0.013443
2.292013	0.007707	0.007249	0.013128
2.290539	0.007747	0.007246	0.014371
2.289067	0.007589	0.007126	0.013269
2.287597	0.007518	0.007067	0.012924
2.286129	0.007615	0.007096	0.014864
2.284664	0.007652	0.007215	0.012505
2.283200	0.007674	0.007154	0.014895
2.281738	0.007506	0.006961	0.015596
2.280279	0.007505	0.007037	0.013407
2.278821	0.007424	0.006877	0.015685
2.277366	0.007500	0.007022	0.013715
2.275912	0.007421	0.007069	0.010079
2.274461	0.007704	0.007300	0.011565
2.273012	0.007529	0.007154	0.010744
2.271564	0.007588	0.007232	0.010199
2.270119	0.007461	0.007143	0.009097
2.268676	0.007491	0.007155	0.009643
2.267235	0.007429	0.007103	0.009320
2.265796	0.007475	0.007166	0.008844
2.264359	0.007489	0.007068	0.012041
2.262923	0.007558	0.007229	0.009424
2.261490	0.007490	0.007146	0.009871
2.260059	0.007630	0.007320	0.008870
2.258630	0.007464	0.007183	0.008045
2.257203	0.007563	0.007186	0.010804
2.255778	0.007723	0.007345	0.010822
2.254355	0.007760	0.007502	0.007397
2.252934	0.007851	0.007523	0.009400
2.251515	0.007908	0.007634	0.007848
2.250098	0.007920	0.007711	0.005984
2.248683	0.007979	0.007783	0.005628
2.247269	0.007885	0.007572	0.008966
2.245858	0.007781	0.007537	0.006980
2.244449	0.007742	0.007554	0.005386
2.243042	0.007943	0.007649	0.008423
2.241636	0.008000	0.007777	0.006399
2.240233	0.008194	0.007970	0.006433
2.238832	0.008249	0.008095	0.004425
2.237432	0.008282	0.008075	0.005911
2.236035	0.008384	0.008211	0.004957
2.234639	0.008336	0.008188	0.004242
2.233245	0.008528	0.008318	0.006034
2.231854	0.008635	0.008454	0.005199
2.230464	0.008861	0.008656	0.005876
2.229076	0.008928	0.008853	0.002162
2.227690	0.008871	0.008790	0.002318
2.226306	0.008969	0.008836	0.003808
2.224924	0.009001	0.008899	0.002937
2.223544	0.009157	0.008948	0.005974
2.222165	0.008974	0.008874	0.002879
2.220789	0.009079	0.009025	0.001539
2.219414	0.009093	0.009079	0.000394
2.218042	0.009307	0.009212	0.002694
2.216671	0.009504	0.009535	-0.000885
2.215302	0.009617	0.009591	0.000752
2.213935	0.009691	0.009725	-0.000966
2.212570	0.009957	0.010087	-0.003717
2.211207	0.010191	0.010181	0.000277
2.209845	0.010337	0.010423	-0.002479
2.208486	0.010518	0.010502	0.000467
2.207128	0.010537	0.010704	-0.004784
2.205772	0.010801	0.010927	-0.003610
2.204418	0.010817	0.011024	-0.005943
2.203066	0.010976	0.011118	-0.004069
2.201716	0.011156	0.011323	-0.004784
2.200367	0.011311	0.011505	-0.005569
2.199021	0.011521	0.011756	-0.006736
2.197676	0.011671	0.011957	-0.008204
2.196333	0.011884	0.012153	-0.007689
2.194992	0.012158	0.012491	-0.009549
2.193653	0.012387	0.012705	-0.009130
2.192315	0.012798	0.013121	-0.009228
2.190980	0.013002	0.013357	-0.010169
2.189646	0.013021	0.013396	-0.010738
2.188314	0.013016	0.013428	-0.011811
2.186984	0.013016	0.013485	-0.013429
2.185655	0.013209	0.013678	-0.013447
2.184328	0.013362	0.013835	-0.013536
2.183004	0.013683	0.014175	-0.014098
2.181681	0.013771	0.014407	-0.018224
2.180359	0.013934	0.014476	-0.015501
2.179040	0.014110	0.014561	-0.012937
2.177722	0.014297	0.014908	-0.017506
2.176406	0.014481	0.015189	-0.020278
2.175092	0.014596	0.015375	-0.022315
2.173780	0.014831	0.015608	-0.022276
2.172469	0.014875	0.015658	-0.022422
2.171160	0.015283	0.016061	-0.022290
2.169853	0.015266	0.016101	-0.023938
2.168548	0.015447	0.016309	-0.024694
2.167244	0.015854	0.016745	-0.025501
2.165943	0.015970	0.016824	-0.024454
2.164643	0.015994	0.016856	-0.024704
2.163344	0.016117	0.017043	-0.026527
2.162048	0.016399	0.017274	-0.025063
2.160753	0.016424	0.017423	-0.028613
2.159460	0.016736	0.017873	-0.032588
2.158168	0.016830	0.017867	-0.029697
2.156879	0.016915	0.017953	-0.029743
2.155591	0.017267	0.018437	-0.033512
2.154304	0.017500	0.018687	-0.034016
2.153020	0.017766	0.018875	-0.031774
2.151737	0.017997	0.019262	-0.036233
2.150456	0.018174	0.019328	-0.033059
2.149177	0.018332	0.019534	-0.034436
2.147899	0.018455	0.019818	-0.039048
2.146623	0.018669	0.020015	-0.038564
2.145349	0.018719	0.020129	-0.040403
2.144076	0.018747	0.020120	-0.039324
2.142805	0.018870	0.020315	-0.041404
2.141536	0.019084	0.020552	-0.042045
2.140268	0.019319	0.020760	-0.041279
2.139002	0.019550	0.021061	-0.043264
2.137738	0.019703	0.021232	-0.043809
2.136476	0.019840	0.021335	-0.042820
2.135215	0.020070	0.021662	-0.045597
2.133956	0.020422	0.021991	-0.044959
2.132698	0.020656	0.022259	-0.045923
2.131442	0.020832	0.022394	-0.044748
2.130188	0.020708	0.022507	-0.051549
2.128935	0.020966	0.022730	-0.050548
2.127684	0.021277	0.022987	-0.048997
2.126435	0.021563	0.023351	-0.051224
2.125187	0.021589	0.023434	-0.052871
2.123941	0.021914	0.023760	-0.052875
2.122697	0.021931	0.023737	-0.051720
2.121454	0.022149	0.024008	-0.053273
2.120213	0.022287	0.024218	-0.055316
2.118974	0.022232	0.024130	-0.054383
2.117736	0.022319	0.024275	-0.056044
2.116500	0.022367	0.024335	-0.056395
2.115265	0.022542	0.024538	-0.057181
2.114032	0.022571	0.024611	-0.058455
2.112801	0.022659	0.024747	-0.059812
2.111571	0.022848	0.025003	-0.061735
2.110343	0.022880	0.025004	-0.060872
2.109116	0.023116	0.025346	-0.063881
2.107891	0.023596	0.025718	-0.060800
2.106668	0.023728	0.026001	-0.065115
2.105446	0.023800	0.026113	-0.066276
2.104226	0.023856	0.026207	-0.067332
2.103007	0.024026	0.026287	-0.064775
2.101790	0.024016	0.026243	-0.063790
2.100575	0.024086	0.026413	-0.066668
2.099361	0.024067	0.026408	-0.067072
2.098149	0.024280	0.026676	-0.068627
2.096938	0.024455	0.026928	-0.070872
2.095729	0.024441	0.026951	-0.071905
2.094521	0.024701	0.027165	-0.070569
2.093315	0.024802	0.027217	-0.069206
2.092111	0.024764	0.027280	-0.072089
2.090908	0.024892	0.027526	-0.075467
2.089707	0.024992	0.027583	-0.074215
2.088507	0.025132	0.027762	-0.075351
2.087309	0.025262	0.027818	-0.073235
2.086112	0.025367	0.027976	-0.074730
2.084917	0.025629	0.028242	-0.074844
2.083723	0.025576	0.028393	-0.080703
2.082531	0.025652	0.028262	-0.074775
2.081341	0.025689	0.028379	-0.077072
2.080152	0.025773	0.028440	-0.076385
2.078964	0.025852	0.028459	-0.074692
2.077778	0.025976	0.028709	-0.078273
2.076594	0.026104	0.028811	-0.077551
2.075411	0.026041	0.028964	-0.083756
2.074230	0.026207	0.028996	-0.079887
2.073050	0.026513	0.029318	-0.080352
2.071871	0.026454	0.029389	-0.084070
2.070694	0.026559	0.029388	-0.081032
2.069519	0.026625	0.029607	-0.085442
2.068345	0.026835	0.029806	-0.085099
2.067173	0.026556	0.029565	-0.086208
2.066002	0.026604	0.029596	-0.085701
2.064833	0.026563	0.029525	-0.084843
2.063665	0.026559	0.029544	-0.085524
2.062498	0.026539	0.029587	-0.087307
2.061333	0.026444	0.029605	-0.090542
2.060170	0.026668	0.029706	-0.087034
2.059008	0.026505	0.029647	-0.090016
2.057848	0.026692	0.029840	-0.090176
2.056689	0.026826	0.029888	-0.087721
2.055531	0.026702	0.029913	-0.091989
2.054375	0.026729	0.030034	-0.094692
2.053221	0.026965	0.030202	-0.092737
2.052067	0.026904	0.030226	-0.095183
2.050916	0.026995	0.030209	-0.092074
2.049766	0.026899	0.030187	-0.094213
2.048617	0.026670	0.030020	-0.095983
2.047470	0.026706	0.030057	-0.096018
2.046324	0.026980	0.030361	-0.096885
2.045179	0.026960	0.030364	-0.097495
2.044036	0.026922	0.030412	-0.099979
2.042895	0.026839	0.030414	-0.102412
2.041755	0.026905	0.030374	-0.099359
2.040616	0.026909	0.030371	-0.099192
2.039479	0.026589	0.030251	-0.104911
2.038343	0.026551	0.030119	-0.102240
2.037209	0.026621	0.030227	-0.103297
2.036076	0.026609	0.030247	-0.104219
2.034945	0.026670	0.030395	-0.106704
2.033815	0.026707	0.030370	-0.104925
2.032686	0.026512	0.030229	-0.106472
2.031559	0.026452	0.030199	-0.107352
2.030433	0.026415	0.030197	-0.108351
2.029309	0.026358	0.030226	-0.110806
2.028186	0.026430	0.030291	-0.110612
2.027064	0.026431	0.030264	-0.109801
2.025944	0.026267	0.030095	-0.109675
2.024825	0.026169	0.030096	-0.112499
2.023708	0.026132	0.029915	-0.108381
2.022592	0.025999	0.029946	-0.113072
2.021477	0.025964	0.029975	-0.114916
2.020364	0.026012	0.029989	-0.113945
2.019252	0.025970	0.029970	-0.114582
2.018142	0.025948	0.030133	-0.119898
2.017033	0.026174	0.030198	-0.115280
2.015925	0.026007	0.030115	-0.117691
2.014819	0.025900	0.029970	-0.116593
2.013714	0.026002	0.030115	-0.117851
2.012610	0.025727	0.030020	-0.123005
2.011508	0.025722	0.029935	-0.120689
2.010407	0.025541	0.029844	-0.123266
2.009308	0.025357	0.029744	-0.125663
2.008210	0.025229	0.029623	-0.125899
2.007113	0.025297	0.029885	-0.131418
2.006018	0.025371	0.029974	-0.131862
2.004924	0.025498	0.030075	-0.131117
2.003831	0.025440	0.030075	-0.132777
2.002740	0.025207	0.029812	-0.131907
2.001650	0.025051	0.029730	-0.134047
2.000561	0.024819	0.029657	-0.138601
1.999474	0.024646	0.029475	-0.138322
1.998388	0.024549	0.029420	-0.139545
1.997303	0.024495	0.029334	-0.138625
1.996220	0.024441	0.029386	-0.141667
1.995138	0.024424	0.029442	-0.143766
1.994058	0.024492	0.029565	-0.145346
1.992978	0.024406	0.029439	-0.144169
1.991901	0.024379	0.029454	-0.145361
1.990824	0.024249	0.029422	-0.148220
1.989749	0.024198	0.029353	-0.147678
1.988675	0.024216	0.029448	-0.149881
1.987602	0.024093	0.029366	-0.151046
1.986531	0.023899	0.029253	-0.153385
1.985461	0.023695	0.029038	-0.153060
1.984392	0.023467	0.028848	-0.154160
1.983325	0.023418	0.028910	-0.157333
1.982259	0.023381	0.028949	-0.159514
1.981194	0.023378	0.028953	-0.159717
1.980130	0.023262	0.028959	-0.163206
1.979068	0.023439	0.029175	-0.164325
1.978007	0.023598	0.029411	-0.166556
1.976948	0.023562	0.029400	-0.167243
1.975889	0.023383	0.029375	-0.171653
1.974832	0.023409	0.029382	-0.171128
1.973777	0.023353	0.029439	-0.174354
1.972722	0.023162	0.029208	-0.173205
1.971669	0.023160	0.029336	-0.176915
1.970617	0.023046	0.029282	-0.178639
1.969566	0.023025	0.029256	-0.178519
1.968517	0.023086	0.029369	-0.179994
1.967469	0.022847	0.029282	-0.184364
1.966422	0.022942	0.029300	-0.182157
1.965377	0.022690	0.029204	-0.186608
1.964333	0.022659	0.029218	-0.187884
1.963290	0.022622	0.029187	-0.188082
1.962248	0.022540	0.029178	-0.190181
1.961207	0.022540	0.029072	-0.187130
1.960168	0.022296	0.029092	-0.194695
1.959130	0.022278	0.029046	-0.193884
1.958094	0.022165	0.028947	-0.194289
1.957058	0.021941	0.028964	-0.201171
1.956024	0.021823	0.028869	-0.201848
1.954991	0.021801	0.028875	-0.202668
1.953959	0.021817	0.028986	-0.205380
1.952929	0.021931	0.029153	-0.206902
1.951900	0.021905	0.029220	-0.209551
1.950872	0.021944	0.029229	-0.208687
1.949845	0.022066	0.029370	-0.209252
1.948819	0.022033	0.029371	-0.210219
1.947795	0.021793	0.029332	-0.215979
1.946772	0.021618	0.029150	-0.215762
1.945750	0.021498	0.029067	-0.216818
1.944729	0.021403	0.028989	-0.217329
1.943710	0.021177	0.028901	-0.221280
1.942692	0.021241	0.028924	-0.220085
1.941675	0.021254	0.029094	-0.224602
1.940659	0.021147	0.029003	-0.225058
1.939645	0.021147	0.029158	-0.229513
1.938631	0.021154	0.029172	-0.229715
1.937619	0.020875	0.028948	-0.231292
1.936608	0.020796	0.028908	-0.232385
1.935599	0.020752	0.029133	-0.240081
1.934590	0.020874	0.029234	-0.239514
1.933583	0.020958	0.029358	-0.240653
1.932577	0.021049	0.029491	-0.241842
1.931572	0.020935	0.029388	-0.242179
1.930568	0.020924	0.029475	-0.244985
1.929566	0.020876	0.029332	-0.242257
1.928565	0.020678	0.029348	-0.248379
1.927565	0.020625	0.029355	-0.250119
1.926566	0.020696	0.029470	-0.251376
1.925568	0.020556	0.029443	-0.254591
1.924571	0.020564	0.029359	-0.251944
1.923576	0.020625	0.029445	-0.252680
1.922582	0.020354	0.029416	-0.259607
1.921589	0.020202	0.029179	-0.257163
1.920597	0.020006	0.029135	-0.261538
1.919606	0.019995	0.029170	-0.262869
1.918617	0.020052	0.029395	-0.267677
1.917629	0.019976	0.029162	-0.263180
1.916641	0.019994	0.029421	-0.270049
1.915655	0.019948	0.029312	-0.268252
1.914671	0.019919	0.029427	-0.272383
1.913687	0.019887	0.029517	-0.275883
1.912704	0.019920	0.029553	-0.275974
1.911723	0.020010	0.029810	-0.280742
1.910743	0.019761	0.029624	-0.282540
1.909764	0.019761	0.029674	-0.283991
1.908786	0.020028	0.029856	-0.281554
1.907809	0.019883	0.029828	-0.284898
1.906834	0.019887	0.029983	-0.289225
1.905859	0.019856	0.029955	-0.289316
1.904886	0.019786	0.029955	-0.291305
1.903914	0.019860	0.030114	-0.293755
1.902943	0.019968	0.030271	-0.295150
1.901973	0.020187	0.030386	-0.292188
1.901004	0.020027	0.030456	-0.298757
1.900036	0.020162	0.030632	-0.299941
1.899070	0.020190	0.030645	-0.299531
1.898105	0.020001	0.030553	-0.302310
1.897140	0.019856	0.030411	-0.302373
1.896177	0.019933	0.030533	-0.303676
1.895215	0.019896	0.030572	-0.305823
1.894254	0.019842	0.030759	-0.312760
1.893295	0.019742	0.030650	-0.312487
1.892336	0.019739	0.030718	-0.314517
1.891378	0.019928	0.030815	-0.311896
1.890422	0.020035	0.031048	-0.315505
1.889467	0.020253	0.031270	-0.315624
1.888513	0.020317	0.031494	-0.320211
1.887560	0.020317	0.031593	-0.323034
1.886608	0.020076	0.031451	-0.325866
1.885657	0.019963	0.031287	-0.324389
1.884707	0.019757	0.031178	-0.327189
1.883758	0.019964	0.031312	-0.325093
1.882811	0.019995	0.031491	-0.329336
1.881864	0.020099	0.031638	-0.330572
1.880919	0.020118	0.031737	-0.332839
1.879975	0.020120	0.031857	-0.336237
1.879032	0.020315	0.032018	-0.335264
1.878090	0.020328	0.032110	-0.337521
1.877149	0.020433	0.032204	-0.337239
1.876209	0.020319	0.032212	-0.340719
1.875270	0.020286	0.032361	-0.345949
1.874332	0.020368	0.032370	-0.343829
1.873396	0.020397	0.032484	-0.346284
1.872460	0.020369	0.032507	-0.347709
1.871525	0.020479	0.032620	-0.347814
1.870592	0.020391	0.032681	-0.352099
1.869660	0.020436	0.032705	-0.351468
1.868728	0.020553	0.032886	-0.353291
1.867798	0.020631	0.032975	-0.353619
1.866869	0.020733	0.033193	-0.356941
1.865941	0.020784	0.033227	-0.356467
1.865014	0.020731	0.033257	-0.358844
1.864088	0.020608	0.033306	-0.363757
1.863163	0.020595	0.033353	-0.365497
1.862239	0.020724	0.033500	-0.366002
1.861317	0.020731	0.033591	-0.368405
1.860395	0.020856	0.033795	-0.370665
1.859474	0.021052	0.033891	-0.367824
1.858555	0.021096	0.034062	-0.371439
1.857636	0.021038	0.034057	-0.372979
1.856719	0.021247	0.034301	-0.373991
1.855802	0.021130	0.034359	-0.378980
1.854887	0.021164	0.034483	-0.381587
1.853973	0.021228	0.034452	-0.378825
1.853059	0.021297	0.034462	-0.377142
1.852147	0.021476	0.034777	-0.381034
1.851236	0.021328	0.034687	-0.382687
1.850326	0.021264	0.034812	-0.388126
1.849416	0.021259	0.034909	-0.391047
1.848508	0.021384	0.034997	-0.390002
1.847601	0.021498	0.035202	-0.392594
1.846695	0.021604	0.035343	-0.393603
1.845790	0.021685	0.035522	-0.396399
1.844886	0.021763	0.035586	-0.396005
1.843983	0.021732	0.035597	-0.397199
1.843081	0.021846	0.035959	-0.404306
1.842180	0.021982	0.036062	-0.403364
1.841280	0.022117	0.036220	-0.404022
1.840381	0.022050	0.036262	-0.407135
1.839484	0.022036	0.036422	-0.412129
1.838587	0.022109	0.036473	-0.411501
1.837691	0.022195	0.036624	-0.413363
1.836796	0.022255	0.036721	-0.414419
1.835902	0.022278	0.036910	-0.419181
1.835009	0.022289	0.036961	-0.420303
1.834118	0.022454	0.037306	-0.425493
1.833227	0.022600	0.037332	-0.422060
1.832337	0.022625	0.037281	-0.419875
1.831448	0.022736	0.037540	-0.424108
1.830560	0.022954	0.037788	-0.424959
1.829674	0.023208	0.038137	-0.427674
1.828788	0.023316	0.038386	-0.431734
1.827903	0.023439	0.038489	-0.431164
1.827019	0.023388	0.038714	-0.439048
1.826136	0.023321	0.038510	-0.435158
1.825255	0.023348	0.038726	-0.440526
1.824374	0.023363	0.038800	-0.442246
1.823494	0.023141	0.038462	-0.438919
1.822615	0.023184	0.038608	-0.441856
1.821737	0.023079	0.038573	-0.443865
1.820860	0.023420	0.039159	-0.450877
1.819984	0.023621	0.039408	-0.452263
1.819109	0.023868	0.039671	-0.452716
1.818235	0.023890	0.039698	-0.452846
1.817362	0.023830	0.039669	-0.453755
1.816490	0.023705	0.039733	-0.459160
1.815619	0.023847	0.039987	-0.462397
1.814749	0.024124	0.040209	-0.460795
1.813880	0.024256	0.040352	-0.461115
1.813012	0.024147	0.040507	-0.468674
1.812145	0.024540	0.040766	-0.464838
1.811279	0.024713	0.041095	-0.469318
1.810413	0.024550	0.040962	-0.470179
1.809549	0.024544	0.040975	-0.470717
1.808686	0.024660	0.041152	-0.472462
1.807824	0.024781	0.041294	-0.473077
1.806962	0.024898	0.041569	-0.477605
1.806102	0.024812	0.041701	-0.483827
1.805242	0.025037	0.041772	-0.479427
1.804384	0.024997	0.041867	-0.483301
1.803526	0.025038	0.041930	-0.483917
1.802670	0.024930	0.041896	-0.486038
1.801814	0.025071	0.042006	-0.485164
1.800959	0.025121	0.042154	-0.487961
1.800105	0.025171	0.042357	-0.492329
1.799252	0.025153	0.042419	-0.494622
1.798401	0.025199	0.042504	-0.495754
1.797550	0.025405	0.042687	-0.495102
1.796700	0.025285	0.042821	-0.502386
1.795851	0.025681	0.042994	-0.495982
1.795002	0.025807	0.043331	-0.502013
1.794155	0.025940	0.043432	-0.501108
1.793309	0.025935	0.043571	-0.505224
1.792464	0.025932	0.043805	-0.512023
1.791619	0.026040	0.043853	-0.510304
1.790776	0.026114	0.043923	-0.510169
1.789933	0.025978	0.043942	-0.514618
1.789092	0.026042	0.044054	-0.515994
1.788251	0.026256	0.044375	-0.519075
1.787411	0.026452	0.044450	-0.515588
1.786572	0.026169	0.044328	-0.520220
1.785734	0.026405	0.044446	-0.516819
1.784897	0.026338	0.044486	-0.519880
1.784061	0.026333	0.044611	-0.523633
1.783226	0.026286	0.044576	-0.523974
1.782392	0.026343	0.044762	-0.527657
1.781558	0.026515	0.044958	-0.528379
1.780726	0.026754	0.045091	-0.525325
1.779894	0.026840	0.045328	-0.529645
1.779064	0.027040	0.045673	-0.533800
1.778234	0.027231	0.045837	-0.533016
1.777405	0.027227	0.045885	-0.534510
1.776577	0.027260	0.045948	-0.535350
1.775750	0.027317	0.045997	-0.535134
1.774924	0.027111	0.045911	-0.538561
1.774099	0.027227	0.045882	-0.534421
1.773275	0.027240	0.046141	-0.541479
1.772451	0.027270	0.046091	-0.539194
1.771629	0.027292	0.046046	-0.537266
1.770807	0.027483	0.046326	-0.539809
1.769986	0.027675	0.046661	-0.543921
1.769167	0.027720	0.046623	-0.541517
1.768348	0.027605	0.046568	-0.543257
1.767530	0.027654	0.046770	-0.547635
1.766712	0.027899	0.046878	-0.543707
1.765896	0.027850	0.046856	-0.544469
1.765081	0.027747	0.047022	-0.552196
1.764266	0.027883	0.046999	-0.547619
1.763453	0.027876	0.047026	-0.548616
1.762640	0.027970	0.047032	-0.546079
1.761828	0.027904	0.047018	-0.547585
1.761017	0.028105	0.047258	-0.548690
1.760207	0.028190	0.047374	-0.549568
1.759398	0.027936	0.047302	-0.554794
1.758589	0.028061	0.047211	-0.548586
1.757782	0.028289	0.047590	-0.552933
1.756975	0.028277	0.047629	-0.554383
1.756169	0.028341	0.047651	-0.553168
1.755365	0.027955	0.047283	-0.553730
1.754560	0.027974	0.047311	-0.553958
1.753757	0.027978	0.047249	-0.552081
1.752955	0.028054	0.047336	-0.552378
1.752154	0.028021	0.047510	-0.558318
1.751353	0.028183	0.047386	-0.550131
1.750553	0.028280	0.047737	-0.557386
1.749755	0.028642	0.047822	-0.549465
1.748957	0.028668	0.047931	-0.551848
1.748159	0.028671	0.048016	-0.554195
1.747363	0.028759	0.048014	-0.551612
1.746568	0.028840	0.048073	-0.550987
1.745773	0.028771	0.048080	-0.553153
1.744979	0.028666	0.047900	-0.550998
1.744187	0.028740	0.048163	-0.556432
1.743395	0.028996	0.048205	-0.550302
1.742603	0.028918	0.048164	-0.551345
1.741813	0.028908	0.048276	-0.554852
1.741024	0.028981	0.048276	-0.552756
1.740235	0.029029	0.048304	-0.552202
1.739447	0.029127	0.048424	-0.552818
1.738660	0.029168	0.048290	-0.547795
1.737874	0.029184	0.048281	-0.547086
1.737089	0.029207	0.048251	-0.545549
1.736304	0.029044	0.048173	-0.548004
1.735521	0.029153	0.048071	-0.541956
1.734738	0.029094	0.048155	-0.546057
1.733956	0.028949	0.047944	-0.544152
1.733175	0.029316	0.048150	-0.539564
1.732395	0.029222	0.048061	-0.539704
1.731615	0.029045	0.048004	-0.543113
1.730837	0.029132	0.047765	-0.533786
1.730059	0.029199	0.047874	-0.535010
1.729282	0.029106	0.047819	-0.536110
1.728506	0.029234	0.047934	-0.535721
1.727730	0.029299	0.047906	-0.533040
1.726956	0.029377	0.047977	-0.532871
1.726182	0.029443	0.047898	-0.528696
1.725409	0.029328	0.047705	-0.526475
1.724637	0.029373	0.047750	-0.526453
1.723866	0.029382	0.047635	-0.522895
1.723096	0.029445	0.047763	-0.524757
1.722326	0.029419	0.047627	-0.521612
1.721557	0.029412	0.047541	-0.519343
1.720789	0.029478	0.047693	-0.521814
1.720022	0.029561	0.047706	-0.519825
1.719256	0.029771	0.047605	-0.510930
1.718490	0.029459	0.047500	-0.516844
1.717726	0.029366	0.047195	-0.510765
1.716962	0.029479	0.047247	-0.509008
1.716199	0.029243	0.047017	-0.509163
1.715436	0.029389	0.047135	-0.508402
1.714675	0.029309	0.046930	-0.504812
1.713914	0.029266	0.046690	-0.499152
1.713154	0.029251	0.046665	-0.498875
1.712395	0.029248	0.046710	-0.500232
1.711637	0.029293	0.046514	-0.493334
1.710879	0.029159	0.046210	-0.488476
1.710122	0.029086	0.046203	-0.490360
1.709366	0.029116	0.046190	-0.489128
1.708611	0.029063	0.046099	-0.488054
1.707857	0.029097	0.045983	-0.483749
1.707103	0.028966	0.045820	-0.482833
1.706351	0.029191	0.045810	-0.476104
1.705599	0.029503	0.045865	-0.468734
1.704847	0.029188	0.045761	-0.474773
1.704097	0.029078	0.045536	-0.471493
1.703347	0.029105	0.045523	-0.470334
1.702599	0.029136	0.045400	-0.465926
1.701850	0.029074	0.045360	-0.466564
1.701103	0.029125	0.045189	-0.460202
1.700357	0.029258	0.045129	-0.454672
1.699611	0.029329	0.045298	-0.457485
1.698866	0.029277	0.045159	-0.454997
1.698122	0.029117	0.045088	-0.457536
1.697378	0.029231	0.044820	-0.446586
1.696636	0.028989	0.044770	-0.452077
1.695894	0.028887	0.044367	-0.443473
1.695153	0.029102	0.044408	-0.438474
1.694412	0.029167	0.044232	-0.431594
1.693673	0.029013	0.044247	-0.436435
1.692934	0.029233	0.044160	-0.427649
1.692196	0.028942	0.044020	-0.431970
1.691459	0.029061	0.043717	-0.419853
1.690722	0.028919	0.043641	-0.421767
1.689987	0.029300	0.043770	-0.414530
1.689252	0.028831	0.043444	-0.418621
1.688518	0.028734	0.043071	-0.410731
1.687784	0.028640	0.043031	-0.412258
1.687051	0.028983	0.042981	-0.401008
1.686320	0.028933	0.043099	-0.405801
1.685588	0.029109	0.043070	-0.399958
1.684858	0.029183	0.043166	-0.400596
1.684128	0.029134	0.042914	-0.394780
1.683399	0.028956	0.042414	-0.385552
1.682671	0.028669	0.042092	-0.384533
1.681944	0.028599	0.041819	-0.378717
1.681217	0.028461	0.041762	-0.381045
1.680491	0.028341	0.041530	-0.377834
1.679766	0.028348	0.041480	-0.376190
1.679042	0.028541	0.041173	-0.361874
1.678318	0.028672	0.041375	-0.363896
1.677595	0.028443	0.041155	-0.364179
1.676873	0.028556	0.041058	-0.358141
1.676152	0.028439	0.040729	-0.352089
1.675431	0.028324	0.040461	-0.347675
1.674711	0.028010	0.040238	-0.350306
1.673992	0.028059	0.040238	-0.348886
1.673273	0.027979	0.039985	-0.343934
1.672556	0.028089	0.039795	-0.335348
1.671839	0.028044	0.039810	-0.337062
1.671122	0.028118	0.039657	-0.330564
1.670407	0.027823	0.039344	-0.330044
1.669692	0.027699	0.039019	-0.324294
1.668978	0.027806	0.038952	-0.319297
1.668265	0.027907	0.039202	-0.323570
1.667552	0.027929	0.038873	-0.313520
1.666840	0.028281	0.038983	-0.306593
1.666129	0.028072	0.038802	-0.307391
1.665418	0.028041	0.038539	-0.300735
1.664709	0.027814	0.038734	-0.312834
1.664000	0.027924	0.038304	-0.297363
1.663292	0.028072	0.038111	-0.287613
1.662584	0.028022	0.037984	-0.285397
1.661877	0.027841	0.037945	-0.289447
1.661171	0.027874	0.037867	-0.286298
1.660466	0.027999	0.037426	-0.270061
1.659761	0.027843	0.037324	-0.271630
1.659057	0.027749	0.037149	-0.269298
1.658354	0.027711	0.037209	-0.272096
1.657651	0.027827	0.037107	-0.265840
1.656950	0.027713	0.036997	-0.265949
1.656249	0.027625	0.036334	-0.249483
1.655548	0.027509	0.036747	-0.264658
1.654848	0.027443	0.036124	-0.248710
1.654150	0.027389	0.036049	-0.248092
1.653451	0.027412	0.035860	-0.242011
1.652754	0.027199	0.035551	-0.239276
1.652057	0.026985	0.035256	-0.236955
1.651361	0.027004	0.035078	-0.231286
1.650665	0.027344	0.035232	-0.225968
1.649971	0.027400	0.035166	-0.222484
1.649277	0.027467	0.035071	-0.217815
1.648583	0.027176	0.034644	-0.213941
1.647891	0.026959	0.034426	-0.213929
1.647199	0.027015	0.034301	-0.208714
1.646508	0.026780	0.033920	-0.204541
1.645817	0.026619	0.033640	-0.201145
1.645127	0.026441	0.033487	-0.201848
1.644438	0.026195	0.032969	-0.194066
1.643750	0.025887	0.032647	-0.193646
1.643062	0.025742	0.032051	-0.180737
1.642375	0.025536	0.032111	-0.188355
1.641689	0.025297	0.031684	-0.182986
1.641003	0.025228	0.031038	-0.166439
1.640318	0.024874	0.030918	-0.173144
1.639634	0.024635	0.030681	-0.173226
1.638950	0.024696	0.030492	-0.166051
1.638267	0.024520	0.030161	-0.161582
1.637585	0.023961	0.029709	-0.164666
1.636903	0.024287	0.029416	-0.146940
1.636222	0.024038	0.029229	-0.148701
1.635542	0.023592	0.028655	-0.145055
1.634863	0.023422	0.028279	-0.139161
1.634184	0.023445	0.028320	-0.139678
1.633506	0.023426	0.028086	-0.133498
1.632828	0.023151	0.027874	-0.135302
1.632151	0.023121	0.027811	-0.134361
1.631475	0.023067	0.027254	-0.119951
1.630800	0.022753	0.026913	-0.119179
1.630125	0.022547	0.026809	-0.122092
1.629451	0.022500	0.026303	-0.108957
1.628778	0.022633	0.026320	-0.105623
1.628105	0.022656	0.026419	-0.107805
1.627433	0.022129	0.025828	-0.105980
1.626761	0.021933	0.025351	-0.097934
1.626091	0.021832	0.024993	-0.090565
1.625421	0.021311	0.024669	-0.096204
1.624751	0.021365	0.024527	-0.090583
1.624083	0.021475	0.024336	-0.081962
1.623414	0.020872	0.023946	-0.088053
1.622747	0.020593	0.023790	-0.091588
1.622080	0.020558	0.023191	-0.075426
1.621414	0.020729	0.022910	-0.062487
1.620749	0.020269	0.022793	-0.072325
1.620084	0.020259	0.022449	-0.062736
1.619420	0.020216	0.022114	-0.054379
1.618757	0.020057	0.022177	-0.060740
1.618094	0.019605	0.021615	-0.057579
1.617432	0.019411	0.021323	-0.054799
1.616770	0.020048	0.021574	-0.043700
1.616109	0.019785	0.021316	-0.043863
1.615449	0.019665	0.021040	-0.039400
1.614790	0.019321	0.020557	-0.035400
1.614131	0.018877	0.020341	-0.041942
1.613473	0.018879	0.020182	-0.037338
1.612815	0.019031	0.020223	-0.034135
1.612158	0.018915	0.019479	-0.016149
1.611502	0.018726	0.019493	-0.021976
1.610846	0.018512	0.019070	-0.015969
1.610191	0.018224	0.018837	-0.017574
1.609537	0.018207	0.018687	-0.013738
1.608883	0.018278	0.018226	0.001493
1.608230	0.017701	0.017874	-0.004951
1.607578	0.017537	0.017453	0.002392
1.606926	0.017588	0.017150	0.012559
1.606275	0.017222	0.016721	0.014359
1.605625	0.017204	0.016460	0.021322
1.604975	0.016901	0.016558	0.009826
1.604326	0.016830	0.016382	0.012834
1.603677	0.016878	0.016148	0.020904
1.603029	0.016530	0.015780	0.021476
1.602382	0.016114	0.015751	0.010416
1.601735	0.016425	0.015880	0.015614
1.601089	0.016386	0.015424	0.027582
1.600444	0.015837	0.014652	0.033940
1.599799	0.015750	0.014509	0.035552
1.599155	0.015579	0.014189	0.039837
1.598512	0.015412	0.013884	0.043761
1.597869	0.015666	0.014057	0.046106
1.597227	0.015092	0.013375	0.049187
1.596585	0.015044	0.012894	0.061598
1.595944	0.014537	0.013101	0.041128
1.595304	0.014427	0.012932	0.042844
1.594664	0.014516	0.012662	0.053112
1.594025	0.014522	0.012461	0.059061
1.593386	0.014405	0.012370	0.058280
1.592749	0.014350	0.012078	0.065098
1.592111	0.014396	0.011927	0.070749
1.591475	0.014365	0.011782	0.074014
1.590839	0.014129	0.011422	0.077544
1.590203	0.013893	0.011236	0.076139
1.589569	0.013162	0.010877	0.065454
1.588935	0.013042	0.010544	0.071556
1.588301	0.013022	0.010005	0.086434
1.587668	0.012732	0.009758	0.085216
1.587036	0.012509	0.009606	0.083172
1.586404	0.012117	0.008795	0.095172
1.585773	0.011863	0.008792	0.087976
1.585143	0.011656	0.008508	0.090190
1.584513	0.011885	0.008705	0.091089
1.583884	0.011979	0.008144	0.109874
1.583255	0.011283	0.007466	0.109345
1.582627	0.011258	0.007273	0.114155
1.582000	0.010696	0.006979	0.106472
1.581373	0.011238	0.007033	0.120473
1.580747	0.011067	0.007322	0.107269
1.580121	0.011255	0.006998	0.121928
1.579496	0.010280	0.006509	0.108019
1.578872	0.009882	0.005876	0.114765
1.578248	0.009715	0.005576	0.118560
1.577625	0.009334	0.005267	0.116518
1.577002	0.008991	0.004861	0.118319
1.576380	0.009199	0.004656	0.130127
1.575759	0.009175	0.004318	0.139134
1.575138	0.008999	0.004233	0.136543
1.574518	0.008867	0.004274	0.131599
1.573899	0.008880	0.004028	0.139016
1.573280	0.008169	0.003359	0.137805
1.572661	0.007997	0.002933	0.145059
1.572044	0.007843	0.002725	0.146619
1.571426	0.007377	0.002118	0.150673
1.570810	0.007435	0.002490	0.141660
1.570194	0.007742	0.002058	0.162832
1.569578	0.007835	0.001994	0.167343
1.568964	0.007858	0.002051	0.166372
1.568349	0.006721	0.001879	0.138715
1.567736	0.006455	0.001356	0.146085
1.567123	0.006844	0.001524	0.152405
1.566510	0.007252	0.001486	0.165195
1.565899	0.006998	0.001171	0.166930
1.565287	0.006177	0.000829	0.153199
1.564677	0.006714	0.000774	0.170186
1.564066	0.006538	0.000630	0.169245
1.563457	0.006312	0.000615	0.163212
1.562848	0.006142	0.000380	0.165063
1.562240	0.006234	-0.000313	0.187576
1.561632	0.005746	0.000024	0.163924
1.561025	0.005414	-0.000836	0.179073
1.560418	0.004894	-0.001297	0.177363
1.559812	0.004694	-0.001667	0.182231
1.559207	0.004779	-0.001524	0.180560
1.558602	0.004557	-0.002141	0.191881
1.557997	0.004180	-0.002152	0.181401
1.557394	0.004484	-0.001632	0.175204
1.556791	0.004584	-0.002161	0.193248
1.556188	0.003970	-0.002645	0.189511
1.555586	0.003884	-0.002715	0.189055
1.554985	0.004112	-0.002720	0.195743
1.554384	0.003559	-0.003101	0.190813
1.553783	0.003568	-0.002864	0.184255
1.553184	0.003618	-0.003352	0.199677
1.552585	0.003137	-0.003788	0.198407
1.551986	0.002911	-0.003467	0.182726
1.551388	0.002606	-0.003849	0.184906
1.550791	0.002693	-0.003537	0.178484
1.550194	0.002796	-0.003989	0.194391
1.549597	0.002772	-0.004599	0.211165
1.549002	0.001756	-0.004736	0.185967
1.548406	0.001676	-0.005178	0.196368
1.547812	0.002033	-0.005315	0.210477
1.547218	0.001492	-0.004847	0.181600
1.546624	0.001635	-0.005224	0.196492
1.546031	0.001797	-0.005097	0.197495
1.545439	0.001739	-0.005531	0.208245
1.544847	0.001321	-0.005482	0.194898
1.544256	0.000949	-0.005853	0.194885
1.543665	0.001253	-0.006438	0.220342
1.543075	0.000724	-0.006487	0.206594
1.542486	0.000990	-0.006688	0.219955
1.541897	0.000700	-0.006385	0.202979
1.541308	0.000761	-0.006787	0.216229
1.540720	0.000845	-0.006759	0.217849
1.540133	0.000307	-0.006140	0.184678
1.539546	0.000216	-0.006248	0.185174
1.538960	0.000204	-0.007182	0.211601
1.538374	0.000015	-0.007783	0.223395
1.537789	-0.000471	-0.007413	0.198875
1.537204	-0.000463	-0.007374	0.197974
1.536620	0.000293	-0.007608	0.226351
1.536037	-0.000779	-0.007694	0.198102
1.535454	-0.000623	-0.008543	0.226889
1.534872	-0.000720	-0.008220	0.214867
1.534290	-0.000812	-0.007672	0.196510
1.533708	-0.000976	-0.008529	0.216365
1.533128	-0.001204	-0.007488	0.180014
1.532548	-0.000315	-0.008316	0.229224
1.531968	-0.000847	-0.008425	0.217087
1.531389	-0.000755	-0.008274	0.215389
1.530810	-0.001594	-0.008557	0.199460
1.530232	-0.001161	-0.008941	0.222880
1.529655	-0.001725	-0.009117	0.211756
1.529078	-0.001644	-0.008988	0.210378
1.528501	-0.001994	-0.009500	0.215033
1.527925	-0.001656	-0.009260	0.217822
1.527350	-0.002238	-0.009274	0.201572
1.526775	-0.001578	-0.008921	0.210354
1.526201	-0.001835	-0.009611	0.222748
1.525627	-0.001527	-0.008929	0.212055
1.525054	-0.001610	-0.009107	0.214757
1.524481	-0.001156	-0.009356	0.234912
1.523909	-0.001717	-0.009467	0.222026
1.523338	-0.002069	-0.009301	0.207185
1.522767	-0.002088	-0.008904	0.195258
1.522196	-0.002008	-0.009907	0.226313
1.521626	-0.001980	-0.010052	0.231240
1.521057	-0.002834	-0.009549	0.192375
1.520488	-0.002298	-0.009667	0.211097
1.519919	-0.002357	-0.010418	0.230913
1.519351	-0.001958	-0.009919	0.228053
1.518784	-0.002350	-0.009644	0.208949
1.518217	-0.002776	-0.009973	0.206177
1.517651	-0.003043	-0.010097	0.202091
1.517085	-0.002972	-0.010430	0.213667
1.516520	-0.003009	-0.010375	0.211027
1.515955	-0.003284	-0.010280	0.200426
1.515391	-0.002915	-0.010698	0.222976
1.514827	-0.003396	-0.011233	0.224510
1.514264	-0.003951	-0.010724	0.194041
1.513702	-0.002942	-0.009943	0.200573
1.513139	-0.003341	-0.010887	0.216178
1.512578	-0.003617	-0.011234	0.218206
1.512017	-0.003531	-0.010483	0.199155
1.511456	-0.004147	-0.011106	0.199366
1.510896	-0.004250	-0.010615	0.182344
1.510337	-0.004069	-0.010668	0.189037
1.509778	-0.003969	-0.011178	0.206511
1.509219	-0.003763	-0.011477	0.220987
1.508661	-0.004078	-0.011058	0.199936
1.508104	-0.003492	-0.011085	0.217515
1.507547	-0.003443	-0.011118	0.219861
1.506990	-0.003924	-0.011104	0.205679
1.506435	-0.003503	-0.011001	0.214799
1.505879	-0.003484	-0.011208	0.221274
1.505324	-0.004809	-0.011204	0.183201
1.504770	-0.004738	-0.011232	0.186029
1.504216	-0.004441	-0.011217	0.194122
1.503663	-0.004855	-0.011019	0.176584
1.503110	-0.004525	-0.011174	0.190472
1.502558	-0.005073	-0.011579	0.186363
1.502006	-0.005204	-0.011094	0.168724
1.501454	-0.004732	-0.011515	0.194318
1.500904	-0.004694	-0.010687	0.171684
1.500353	-0.004885	-0.010844	0.170721
1.499803	-0.004861	-0.011674	0.195185
1.499254	-0.004517	-0.011058	0.187402
1.498705	-0.004847	-0.011042	0.177468
1.498157	-0.004540	-0.011340	0.194793
1.497609	-0.004563	-0.011286	0.192614
1.497062	-0.004697	-0.011127	0.184200
1.496515	-0.003933	-0.010779	0.196120
1.495969	-0.004831	-0.011251	0.183922
1.495423	-0.004124	-0.010623	0.186175
1.494878	-0.004661	-0.010741	0.174160
1.494333	-0.004550	-0.010485	0.170034
1.493789	-0.004959	-0.010557	0.160368
1.493245	-0.004168	-0.010614	0.184676
1.492702	-0.004123	-0.010601	0.185576
1.492159	-0.004749	-0.011136	0.182971
1.491617	-0.004070	-0.011230	0.205097
1.491075	-0.004257	-0.011005	0.193326
1.490533	-0.003834	-0.011399	0.216734
1.489993	-0.004388	-0.010458	0.173885
1.489452	-0.004102	-0.010422	0.181064
1.488912	-0.003904	-0.009407	0.157667
1.488373	-0.004239	-0.009973	0.164271
1.487834	-0.004218	-0.010214	0.171771
1.487296	-0.004829	-0.010386	0.159195
1.486758	-0.004020	-0.010475	0.184908
1.486221	-0.003397	-0.010027	0.189944
1.485684	-0.003463	-0.009479	0.172331
1.485147	-0.003583	-0.009139	0.159162
1.484611	-0.003617	-0.009695	0.174122
1.484076	-0.003814	-0.008753	0.141471
1.483541	-0.003525	-0.008965	0.155842
1.483007	-0.003522	-0.009092	0.159566
1.482473	-0.002700	-0.009002	0.180516
1.481939	-0.003010	-0.009480	0.185362
1.481406	-0.003162	-0.008912	0.164722
1.480874	-0.003562	-0.009728	0.176644
1.480341	-0.002640	-0.008233	0.160227
1.479810	-0.003344	-0.008894	0.158989
1.479279	-0.003892	-0.008133	0.121499
1.478748	-0.003992	-0.008840	0.138880
1.478218	-0.004272	-0.008141	0.110833
1.477688	-0.002798	-0.008149	0.153316
1.477159	-0.002796	-0.007455	0.133470
1.476631	-0.003528	-0.008040	0.129272
1.476102	-0.002714	-0.008954	0.178750
1.475575	-0.002080	-0.007775	0.163149
1.475047	-0.002517	-0.008280	0.165102
1.474521	-0.002410	-0.007953	0.158793
1.473994	-0.003169	-0.007529	0.124889
1.473469	-0.003379	-0.007532	0.118994
1.472943	-0.002778	-0.007449	0.133812
1.472418	-0.002462	-0.007593	0.146991
1.471894	-0.002340	-0.006593	0.121860
1.471370	-0.002852	-0.006699	0.110211
1.470846	-0.002923	-0.006764	0.110042
1.470323	-0.002936	-0.007650	0.135024
1.469801	-0.003279	-0.007011	0.106922
1.469279	-0.002641	-0.007335	0.134468
1.468757	-0.001977	-0.006729	0.136140
1.468236	-0.002698	-0.006899	0.120334
1.467716	-0.001340	-0.006740	0.154695
1.467195	-0.002399	-0.006475	0.116778
1.466676	-0.001927	-0.005717	0.108593
1.466156	-0.002072	-0.006831	0.136324
1.465638	-0.001563	-0.006890	0.152586
1.465119	-0.002116	-0.006408	0.122953
1.464601	-0.001813	-0.005900	0.117058
1.464084	-0.001869	-0.005863	0.114418
1.463567	-0.001287	-0.005820	0.129866
1.463051	-0.001774	-0.005266	0.100048
1.462535	-0.001453	-0.005939	0.128506
1.462019	-0.000929	-0.005448	0.129479
1.461504	-0.000182	-0.005512	0.152666
1.460989	-0.001012	-0.004679	0.105064
1.460475	-0.000924	-0.005583	0.133454
1.459962	-0.000732	-0.005164	0.126986
1.459448	-0.000676	-0.004675	0.114570
1.458936	-0.000985	-0.003946	0.084844
1.458423	-0.000408	-0.004317	0.111999
1.457911	-0.000838	-0.004478	0.104268
1.457400	-0.000444	-0.004631	0.119942
1.456889	-0.000864	-0.004435	0.102303
1.456379	-0.000866	-0.003240	0.068035
1.455869	-0.000290	-0.004143	0.110379
1.455359	-0.000067	-0.003600	0.101192
1.454850	-0.000079	-0.003288	0.091944
1.454341	0.000202	-0.003528	0.106842
1.453833	0.000168	-0.004011	0.119711
1.453325	0.001624	-0.002613	0.121404
1.452818	0.000913	-0.002601	0.100686
1.452311	0.001263	-0.002407	0.105140
1.451805	0.001241	-0.002393	0.104122
1.451299	0.000454	-0.002394	0.081603
1.450793	0.000574	-0.002410	0.085489
1.450288	0.000455	-0.002834	0.094225
1.449783	0.000902	-0.001662	0.073441
1.449279	0.001035	-0.002222	0.093311
1.448775	0.001251	-0.003255	0.129100
1.448272	0.001309	-0.002440	0.107405
1.447769	0.000704	-0.002351	0.087518
1.447267	0.000927	-0.002771	0.105952
1.446765	0.001016	-0.001314	0.066768
1.446263	0.000650	-0.001255	0.054592
1.445762	0.001197	-0.001580	0.079554
1.445262	0.001530	-0.001535	0.087815
1.444762	0.001236	-0.000617	0.053090
1.444262	0.000493	-0.001749	0.064237
1.443763	0.001598	-0.000991	0.074162
1.443264	0.002454	-0.001649	0.117520
1.442765	0.002422	-0.000981	0.097481
1.442267	0.002066	-0.000663	0.078197
1.441770	0.003170	-0.000199	0.096526
1.441273	0.001942	-0.001008	0.084509
1.440776	0.003183	-0.000195	0.096776
1.440280	0.003282	0.000693	0.074162
1.439784	0.004674	0.001667	0.086136
1.439289	0.004834	0.000990	0.110114
1.438794	0.003948	0.002040	0.054670
1.438299	0.003689	0.000549	0.089955
1.437805	0.003730	0.001350	0.068160
1.437312	0.005204	0.000890	0.123599
1.436819	0.004142	0.001110	0.086875
1.436326	0.003882	0.002498	0.039647
1.435834	0.003306	0.002770	0.015345
1.435342	0.004176	0.001689	0.071234
1.434850	0.003400	0.002110	0.036945
1.434359	0.004272	0.003021	0.035838
1.433869	0.004596	0.002528	0.059243
1.433379	0.003827	0.002924	0.025871
1.432889	0.004402	0.002501	0.054440
1.432400	0.005276	0.004026	0.035813
1.431911	0.005663	0.002648	0.086359
1.431422	0.006179	0.003119	0.087675
1.430934	0.005302	0.003618	0.048238
1.430447	0.005589	0.003522	0.059229
1.429960	0.006202	0.004537	0.047719
1.429473	0.005561	0.004720	0.024098
1.428987	0.005668	0.004077	0.045593
1.428501	0.006668	0.004330	0.066987
1.428015	0.006820	0.004103	0.077838
1.427530	0.005583	0.003158	0.069484
1.427046	0.005888	0.004091	0.051477
1.426561	0.006730	0.004989	0.049862
1.426078	0.005576	0.004525	0.030107
1.425594	0.006442	0.005560	0.025259
1.425111	0.007043	0.004908	0.061162
1.424629	0.006669	0.004639	0.058147
1.424147	0.006794	0.005809	0.028221
1.423665	0.006821	0.006333	0.013981
1.423184	0.007148	0.005962	0.033970
1.422703	0.007928	0.006855	0.030759
1.422223	0.007353	0.005790	0.044780
1.421743	0.007603	0.005269	0.066845
1.421263	0.007758	0.006891	0.024846
1.420784	0.007483	0.007339	0.004138
1.420306	0.008449	0.006849	0.045855
1.419827	0.007998	0.007565	0.012399
1.419349	0.008464	0.007145	0.037814
1.418872	0.009561	0.005955	0.103307
1.418395	0.008044	0.007530	0.014723
1.417918	0.009644	0.006339	0.094706
1.417442	0.008226	0.008049	0.005081
1.416966	0.009013	0.007353	0.047549
1.416491	0.008187	0.008808	-0.017802
1.416016	0.007660	0.007443	0.006204
1.415541	0.009706	0.007429	0.065243
1.415067	0.008527	0.007831	0.019934
1.414593	0.008651	0.009209	-0.015977
1.414120	0.009099	0.008120	0.028051
1.413647	0.009277	0.008625	0.018686
1.413174	0.008815	0.007782	0.029572
1.412702	0.008118	0.007911	0.005922
1.412231	0.009311	0.008735	0.016492
1.411759	0.009422	0.010179	-0.021691
1.411288	0.009826	0.008877	0.027188
1.410818	0.009937	0.009203	0.021021
1.410348	0.010031	0.009532	0.014288
1.409878	0.009562	0.009586	-0.000706
1.409409	0.010393	0.009239	0.033069
1.408940	0.010347	0.009477	0.024930
1.408472	0.011229	0.011130	0.002824
1.408004	0.010602	0.011663	-0.030391
1.407536	0.010069	0.011865	-0.051458
1.407069	0.010166	0.011077	-0.026083
1.406602	0.012347	0.010800	0.044330
1.406135	0.011324	0.010752	0.016377
1.405669	0.010890	0.009947	0.027001
1.405204	0.010761	0.010988	-0.006513
1.404738	0.011718	0.010988	0.020931
1.404274	0.011970	0.011711	0.007408
1.403809	0.010887	0.011871	-0.028190
1.403345	0.011894	0.011793	0.002877
1.402882	0.011201	0.012955	-0.050234
1.402418	0.012117	0.012347	-0.006607
1.401955	0.012159	0.011111	0.030035
1.401493	0.010755	0.012380	-0.046563
1.401031	0.012266	0.011806	0.013192
1.400569	0.012819	0.012786	0.000946
1.400108	0.013194	0.012357	0.023972
1.399647	0.013169	0.013251	-0.002364
1.399187	0.012480	0.011549	0.026678
1.398727	0.011869	0.012832	-0.027591
1.398267	0.013800	0.013056	0.021301
1.397808	0.013716	0.012524	0.034152
1.397349	0.013255	0.013608	-0.010118
1.396890	0.014391	0.013314	0.030856
1.396432	0.013382	0.013157	0.006466
1.395974	0.013616	0.014019	-0.011554
1.395517	0.012927	0.013934	-0.028849
1.395060	0.013503	0.014000	-0.014232
1.394604	0.013976	0.014729	-0.021564
1.394147	0.014123	0.014910	-0.022546
1.393692	0.015515	0.015131	0.011000
1.393236	0.015067	0.015061	0.000176
1.392781	0.015509	0.016498	-0.028346
1.392327	0.015827	0.015289	0.015418
1.391873	0.016023	0.017017	-0.028488
1.391419	0.016716	0.016198	0.014824
1.390965	0.015399	0.015573	-0.004967
1.390512	0.015634	0.016239	-0.017349
