6.542578	-0.171728	-0.171728	0.000000
6.529189	-0.171728	-0.171728	0.000000
6.515856	-0.442275	-0.523751	2.334119
6.502578	-0.440048	-0.560985	3.464578
6.489355	-0.601467	-0.531241	-2.011806
6.476188	-0.418736	-0.597883	5.132161
6.463075	-0.606623	-0.741992	3.878050
6.450016	-0.556319	-0.426433	-3.720971
6.437011	-0.478012	-0.424291	-1.538974
6.424060	-0.519794	-0.648893	3.698394
6.411162	-0.587560	-0.500569	-2.492134
6.398317	-0.502149	-0.542747	1.163044
6.385525	-0.481266	-0.665098	5.266386
6.372785	-0.621897	-0.478777	-4.100102
6.360096	-0.533562	-0.516297	-0.494602
6.347460	-0.572062	-0.426889	-4.158879
6.334875	-0.562365	-0.436091	-3.617464
6.322341	-0.621974	-0.510970	-3.180017
6.309857	-0.579922	-0.478677	-2.900471
6.297424	-0.538534	-0.451792	-2.484990
6.285042	-0.617561	-0.555599	-1.775071
6.272709	-0.504891	-0.509356	0.127904
6.260425	-0.657299	-0.782332	3.581939
6.248191	-0.612700	-0.540789	-2.060073
6.236005	-6.664652	11.167380	-510.850084
6.223868	0.399194	0.345044	1.551279
6.211780	0.357233	0.339072	0.520282
6.199740	0.333974	0.313406	0.589227
6.187747	0.360987	0.354311	0.191250
6.175802	0.373608	0.343664	0.857809
6.163904	0.338560	0.343888	-0.152626
6.152053	0.382226	0.318192	1.834435
6.140248	0.342790	0.295505	1.354591
6.128490	0.339766	0.308532	0.894777
6.116778	0.349136	0.288825	1.727769
6.105112	0.305115	0.330614	-0.730518
6.093492	0.286757	0.290771	-0.114970
6.081916	0.315576	0.291925	0.677561
6.070386	0.325143	0.311990	0.376788
6.058901	0.349034	0.318514	0.874340
6.047460	0.404888	0.304427	2.877985
6.036063	0.349356	0.308112	1.181537
6.024710	0.319368	0.326181	-0.195192
6.013401	0.306312	0.332196	-0.741535
6.002135	0.351194	0.276988	2.125834
5.990913	0.303568	0.319496	-0.456301
5.979734	0.307263	0.294354	0.369824
5.968597	0.333736	0.302821	0.885640
5.957503	0.307396	0.331272	-0.684002
5.946451	0.370180	0.286441	2.398949
5.935442	0.331513	0.282281	1.410411
5.924474	0.319753	0.273219	1.333094
5.913547	0.314016	0.301598	0.355738
5.902662	0.301326	0.295181	0.176060
5.891818	0.302814	0.316778	-0.400045
5.881015	0.302004	0.304408	-0.068878
5.870252	0.316959	0.282460	0.988335
5.859530	0.326736	0.278842	1.372066
5.848848	0.299184	0.267988	0.893699
5.838205	0.310414	0.296070	0.410902
5.827603	0.291496	0.271801	0.564223
5.817040	0.274143	0.281745	-0.217771
5.806516	0.329483	0.285079	1.272081
5.796031	0.281913	0.298506	-0.475366
5.785586	0.327986	0.314559	0.384675
5.775178	0.301435	0.252842	1.392076
5.764810	0.344761	0.275218	1.992261
5.754479	0.292763	0.253482	1.125323
5.744186	0.307716	0.300206	0.215147
5.733931	0.333675	0.272990	1.738509
5.723714	0.294557	0.261631	0.943253
5.713534	0.309678	0.290479	0.550028
5.703391	0.262612	0.292441	-0.854544
5.693285	0.265819	0.273993	-0.234167
5.683216	0.318561	0.297546	0.602035
5.673184	0.313923	0.251858	1.778021
5.663188	0.272533	0.252481	0.574453
5.653228	0.318616	0.271411	1.352328
5.643304	0.293089	0.270620	0.643700
5.633415	0.282618	0.266672	0.456834
5.623562	0.249544	0.244816	0.135443
5.613745	0.267755	0.225715	1.204373
5.603963	0.240062	0.263483	-0.670969
5.594216	0.247366	0.245525	0.052748
5.584504	0.231515	0.211854	0.563246
5.574826	0.214106	0.211420	0.076944
5.565183	0.229297	0.184206	1.291761
5.555574	0.208716	0.173261	1.015701
5.545999	0.174917	0.191874	-0.485798
5.536458	0.179464	0.134176	1.297419
5.526950	0.158840	0.165499	-0.190768
5.517477	0.152161	0.149371	0.079933
5.508036	0.152199	0.141486	0.306918
5.498629	0.154887	0.130430	0.700643
5.489255	0.138759	0.132451	0.180692
5.479914	0.149130	0.133235	0.455351
5.470605	0.122694	0.117711	0.142738
5.461329	0.135287	0.114644	0.591377
5.452085	0.132904	0.111349	0.617510
5.442874	0.129499	0.116160	0.382134
5.433694	0.129744	0.112623	0.490476
5.424546	0.116859	0.110974	0.168587
5.415430	0.115605	0.091987	0.676613
5.406345	0.108399	0.103213	0.148576
5.397292	0.112875	0.091465	0.613350
5.388270	0.099423	0.087961	0.328365
5.379279	0.088489	0.084148	0.124357
5.370319	0.091262	0.089591	0.047885
5.361389	0.088442	0.073631	0.424315
5.352490	0.084917	0.079501	0.155158
5.343621	0.081599	0.069373	0.350233
5.334783	0.082838	0.068526	0.410022
5.325975	0.080466	0.073775	0.191664
5.317196	0.086838	0.068846	0.515449
5.308448	0.077549	0.068333	0.264001
5.299729	0.081200	0.062613	0.532483
5.291039	0.081827	0.067847	0.400485
5.282379	0.080732	0.064923	0.452901
5.273748	0.074436	0.068905	0.158448
5.265146	0.070316	0.069084	0.035294
5.256573	0.071704	0.063018	0.248829
5.248029	0.071479	0.062404	0.259954
5.239513	0.069053	0.054911	0.405138
5.231026	0.062274	0.054939	0.210146
5.222567	0.063374	0.062374	0.028626
5.214136	0.057780	0.047656	0.290036
5.205733	0.063429	0.052379	0.316563
5.197358	0.055950	0.046517	0.270232
5.189011	0.057537	0.049060	0.242837
5.180691	0.051319	0.041595	0.278567
5.172399	0.049909	0.044677	0.149898
5.164135	0.050782	0.043487	0.208989
5.155897	0.044817	0.040109	0.134852
5.147687	0.049005	0.038405	0.303678
5.139503	0.047518	0.039133	0.240202
5.131346	0.042194	0.038981	0.092042
5.123216	0.043642	0.040069	0.102352
5.115113	0.042086	0.032546	0.273291
5.107036	0.044558	0.034942	0.275485
5.098985	0.043759	0.037768	0.171634
5.090960	0.042539	0.039443	0.088676
5.082962	0.041913	0.036702	0.149281
5.074989	0.042365	0.037135	0.149815
5.067042	0.042888	0.036095	0.194610
5.059121	0.044973	0.037830	0.204611
5.051225	0.045924	0.038149	0.222727
5.043355	0.039659	0.036067	0.102918
5.035510	0.039991	0.037080	0.083400
5.027690	0.041560	0.036746	0.137923
5.019895	0.041268	0.033343	0.227040
5.012126	0.040135	0.032518	0.218217
5.004381	0.035745	0.031754	0.114347
4.996660	0.035617	0.028383	0.207220
4.988964	0.033620	0.030333	0.094189
4.981293	0.031264	0.022338	0.255718
4.973646	0.027415	0.023959	0.099005
4.966023	0.030997	0.022382	0.246814
4.958425	0.028034	0.022965	0.145212
4.950850	0.027806	0.024774	0.086854
4.943299	0.027402	0.023459	0.112957
4.935772	0.026215	0.022682	0.101196
4.928269	0.027782	0.020276	0.215023
4.920789	0.028599	0.024576	0.115267
4.913333	0.028527	0.022696	0.167047
4.905900	0.030950	0.023311	0.218834
4.898490	0.029352	0.023263	0.174426
4.891103	0.030465	0.024902	0.159372
4.883739	0.031379	0.022838	0.244700
4.876399	0.030930	0.023486	0.213256
4.869081	0.030666	0.024604	0.173680
4.861785	0.031240	0.026165	0.145386
4.854512	0.032582	0.026490	0.174511
4.847262	0.032025	0.025420	0.189235
4.840034	0.031173	0.026662	0.129220
4.832829	0.033191	0.027159	0.172799
4.825645	0.029748	0.024676	0.145319
4.818484	0.027938	0.025156	0.079714
4.811344	0.029606	0.023330	0.179813
4.804227	0.028711	0.022025	0.191522
4.797131	0.027316	0.022678	0.132845
4.790057	0.026798	0.020169	0.189909
4.783004	0.024529	0.021409	0.089379
4.775973	0.023356	0.019181	0.119616
4.768963	0.022754	0.017080	0.162555
4.761974	0.022096	0.015188	0.197912
4.755007	0.020536	0.016889	0.104492
4.748061	0.020546	0.015118	0.155492
4.741136	0.020222	0.015628	0.131619
4.734231	0.022156	0.014060	0.231927
4.727348	0.022007	0.015071	0.198711
4.720485	0.022033	0.017446	0.131428
4.713642	0.022255	0.015954	0.180523
4.706821	0.020999	0.017686	0.094898
4.700019	0.023405	0.017305	0.174754
4.693238	0.022527	0.017805	0.135260
4.686478	0.023165	0.018936	0.121165
4.679737	0.024010	0.022293	0.049173
4.673016	0.026157	0.020891	0.150857
4.666316	0.026525	0.019872	0.190611
4.659635	0.025725	0.020704	0.143853
4.652974	0.027362	0.023113	0.121722
4.646333	0.028414	0.023824	0.131507
4.639711	0.028174	0.022486	0.162934
4.633109	0.029230	0.022783	0.184678
4.626527	0.029792	0.022726	0.202424
4.619963	0.027788	0.022289	0.157548
4.613420	0.028519	0.022939	0.159858
4.606895	0.026368	0.022748	0.103708
4.600389	0.027082	0.022275	0.137737
4.593902	0.025748	0.021019	0.135475
4.587435	0.023454	0.020838	0.074952
4.580986	0.024667	0.019156	0.157863
4.574556	0.023009	0.018381	0.132579
4.568145	0.023668	0.016102	0.216741
4.561752	0.020779	0.017046	0.106962
4.555378	0.018316	0.015099	0.092149
4.549022	0.018601	0.014127	0.128175
4.542685	0.018458	0.013874	0.131329
4.536365	0.018191	0.013588	0.131873
4.530065	0.017411	0.013802	0.103367
4.523782	0.016928	0.012550	0.125405
4.517517	0.017034	0.012154	0.139810
4.511271	0.017339	0.011231	0.174987
4.505042	0.017601	0.012944	0.133417
4.498831	0.018020	0.013715	0.123350
4.492638	0.018706	0.014581	0.118158
4.486462	0.019889	0.014758	0.146998
4.480304	0.018941	0.016678	0.064830
4.474164	0.019872	0.016779	0.088598
4.468041	0.022101	0.016966	0.147113
4.461935	0.021762	0.018724	0.087032
4.455847	0.022048	0.018970	0.088160
4.449776	0.024432	0.019419	0.143602
4.443722	0.023877	0.019457	0.126621
4.437686	0.026420	0.020558	0.167936
4.431666	0.026138	0.021986	0.118928
4.425663	0.027743	0.022119	0.161102
4.419677	0.026435	0.023250	0.091239
4.413708	0.026629	0.023117	0.100596
4.407755	0.027766	0.023811	0.113302
4.401820	0.028666	0.023667	0.143227
4.395901	0.026492	0.024416	0.059455
4.389998	0.027910	0.024319	0.102861
4.384112	0.026812	0.023566	0.092999
4.378242	0.027977	0.024406	0.102300
4.372389	0.027974	0.023353	0.132381
4.366551	0.026409	0.022407	0.114647
4.360730	0.026758	0.022364	0.125889
4.354925	0.025277	0.022233	0.087195
4.349136	0.024336	0.020335	0.114634
4.343364	0.024223	0.020058	0.119327
4.337607	0.023069	0.018815	0.121858
4.331865	0.023123	0.019190	0.112666
4.326140	0.021839	0.019437	0.068788
4.320430	0.020659	0.017352	0.094730
4.314736	0.019631	0.017048	0.073975
4.309058	0.018424	0.016028	0.068656
4.303395	0.019385	0.016880	0.071758
4.297748	0.018909	0.014928	0.114053
4.292116	0.018564	0.015674	0.082797
4.286499	0.017649	0.014856	0.080007
4.280898	0.018330	0.015743	0.074118
4.275312	0.017973	0.015289	0.076891
4.269741	0.017616	0.014902	0.077776
4.264185	0.018488	0.015216	0.093732
4.258644	0.018327	0.015364	0.084873
4.253118	0.019023	0.016413	0.074777
4.247607	0.018444	0.017416	0.029466
4.242111	0.019729	0.018148	0.045291
4.236629	0.019691	0.017236	0.070345
4.231163	0.021023	0.018516	0.071808
4.225711	0.022000	0.019195	0.080367
4.220274	0.022227	0.019810	0.069247
4.214851	0.023024	0.020570	0.070312
4.209442	0.023491	0.021594	0.054369
4.204049	0.023721	0.021466	0.064614
4.198669	0.024429	0.023521	0.025994
4.193304	0.024764	0.023561	0.034459
4.187953	0.025538	0.024425	0.031889
4.182616	0.026228	0.024803	0.040824
4.177294	0.027446	0.024805	0.075659
4.171985	0.026847	0.025846	0.028664
4.166691	0.026884	0.025302	0.045336
4.161411	0.027390	0.026066	0.037931
4.156144	0.027443	0.025140	0.065976
4.150892	0.027849	0.025515	0.066857
4.145653	0.028021	0.025605	0.069233
4.140428	0.028115	0.026088	0.058084
4.135217	0.026758	0.025107	0.047279
4.130019	0.026286	0.025126	0.033229
4.124835	0.026208	0.024482	0.049436
4.119665	0.025743	0.024389	0.038792
4.114508	0.025075	0.023789	0.036839
4.109364	0.025010	0.023265	0.049994
4.104234	0.024350	0.022434	0.054903
4.099117	0.023048	0.021415	0.046789
4.094014	0.023321	0.021004	0.066369
4.088924	0.021856	0.021736	0.003446
4.083846	0.022058	0.021236	0.023533
4.078783	0.020629	0.019738	0.025525
4.073732	0.020349	0.018376	0.056516
4.068694	0.019211	0.018139	0.030725
4.063669	0.019576	0.017497	0.059554
4.058657	0.018815	0.017669	0.032827
4.053658	0.018312	0.017289	0.029306
4.048672	0.018383	0.017500	0.025322
4.043699	0.017640	0.017473	0.004792
4.038738	0.017613	0.016437	0.033700
4.033790	0.017599	0.016724	0.025081
4.028855	0.017559	0.017227	0.009521
4.023933	0.017894	0.017012	0.025276
4.019022	0.018960	0.016982	0.056656
4.014125	0.019257	0.017686	0.045000
4.009240	0.020023	0.018087	0.055443
4.004367	0.020108	0.018406	0.048742
3.999506	0.019838	0.019094	0.021318
3.994658	0.020157	0.019885	0.007809
3.989823	0.020369	0.019596	0.022144
3.984999	0.021057	0.019884	0.033592
3.980187	0.022198	0.020782	0.040562
3.975388	0.022484	0.021379	0.031662
3.970601	0.023496	0.022376	0.032105
3.965826	0.023506	0.022859	0.018544
3.961063	0.023982	0.024373	-0.011210
3.956311	0.025414	0.024311	0.031593
3.951572	0.025828	0.025112	0.020510
3.946844	0.026250	0.025772	0.013692
3.942129	0.027403	0.026341	0.030424
3.937425	0.027382	0.027200	0.005208
3.932733	0.028047	0.027459	0.016845
3.928052	0.027893	0.028044	-0.004319
3.923383	0.028886	0.027597	0.036909
3.918726	0.028999	0.027851	0.032890
3.914080	0.028666	0.028629	0.001051
3.909446	0.029176	0.028109	0.030568
3.904823	0.028794	0.028348	0.012758
3.900212	0.029015	0.028009	0.028824
3.895612	0.028788	0.027886	0.025831
3.891023	0.028926	0.028028	0.025732
3.886446	0.028308	0.027562	0.021374
3.881880	0.028332	0.028227	0.003009
3.877325	0.028280	0.027554	0.020795
3.872781	0.027282	0.027219	0.001807
3.868249	0.026898	0.027360	-0.013252
3.863727	0.026964	0.026533	0.012330
3.859217	0.026161	0.025693	0.013381
3.854718	0.025929	0.025890	0.001096
3.850229	0.025407	0.024762	0.018469
3.845752	0.024455	0.024193	0.007491
3.841285	0.024263	0.024033	0.006606
3.836829	0.023865	0.022903	0.027564
3.832384	0.023332	0.022812	0.014923
3.827950	0.023020	0.022370	0.018630
3.823527	0.021353	0.021646	-0.008402
3.819114	0.021341	0.021483	-0.004074
3.814712	0.020996	0.020660	0.009622
3.810321	0.020020	0.020096	-0.002175
3.805940	0.019826	0.019875	-0.001385
3.801570	0.019868	0.019621	0.007096
3.797210	0.018728	0.018839	-0.003190
3.792860	0.018429	0.018686	-0.007367
3.788522	0.018547	0.018769	-0.006369
3.784193	0.018643	0.018221	0.012097
3.779875	0.017608	0.018008	-0.011464
3.775567	0.017771	0.018250	-0.013745
3.771269	0.017963	0.018018	-0.001592
3.766982	0.017968	0.017982	-0.000400
3.762705	0.017849	0.018098	-0.007129
3.758438	0.017631	0.017903	-0.007798
3.754181	0.017753	0.018487	-0.021014
3.749935	0.019020	0.018436	0.016729
3.745698	0.018845	0.019295	-0.012887
3.741472	0.018999	0.019184	-0.005295
3.737255	0.019918	0.019682	0.006753
3.733048	0.020080	0.019598	0.013803
3.728852	0.020048	0.020370	-0.009227
3.724665	0.020515	0.020757	-0.006926
3.720488	0.021151	0.021625	-0.013593
3.716321	0.021518	0.022224	-0.020219
3.712163	0.021747	0.022717	-0.027789
3.708016	0.022464	0.022647	-0.005248
3.703878	0.022824	0.023166	-0.009801
3.699750	0.023515	0.023453	0.001789
3.695631	0.023296	0.024230	-0.026781
3.691522	0.024653	0.024998	-0.009876
3.687423	0.024954	0.025475	-0.014934
3.683333	0.025116	0.025496	-0.010880
3.679253	0.025431	0.026319	-0.025447
3.675182	0.026348	0.026938	-0.016905
3.671120	0.027123	0.027798	-0.019331
3.667069	0.027851	0.028484	-0.018139
3.663026	0.028312	0.028821	-0.014583
3.658993	0.028940	0.028736	0.005849
3.654969	0.028754	0.029521	-0.021960
3.650954	0.028641	0.029585	-0.027039
3.646949	0.028815	0.029142	-0.009372
3.642953	0.027996	0.029418	-0.040749
3.638966	0.027909	0.028395	-0.013939
3.634988	0.027223	0.028094	-0.024938
3.631020	0.027107	0.028328	-0.035006
3.627060	0.026696	0.027662	-0.027681
3.623110	0.027026	0.027873	-0.024267
3.619168	0.026663	0.027674	-0.028980
3.615236	0.026552	0.027527	-0.027928
3.611312	0.026847	0.027571	-0.020743
3.607398	0.027607	0.027951	-0.009833
3.603492	0.027147	0.028240	-0.031316
3.599596	0.027772	0.028201	-0.012263
3.595708	0.026769	0.027664	-0.025649
3.591829	0.026750	0.027441	-0.019785
3.587959	0.025908	0.027078	-0.033493
3.584097	0.024794	0.026427	-0.046799
3.580244	0.024833	0.025713	-0.025215
3.576400	0.024030	0.025541	-0.043286
3.572565	0.023997	0.024990	-0.028451
3.568738	0.023352	0.024477	-0.032226
3.564920	0.022614	0.024007	-0.039891
3.561111	0.022584	0.023239	-0.018769
3.557310	0.022341	0.022887	-0.015635
3.553517	0.021359	0.022833	-0.042251
3.549734	0.021132	0.022266	-0.032463
3.545958	0.020400	0.021822	-0.040740
3.542191	0.020639	0.021569	-0.026623
3.538433	0.019763	0.021021	-0.036061
3.534683	0.019302	0.020571	-0.036366
3.530941	0.019821	0.020171	-0.010018
3.527207	0.018626	0.019583	-0.027424
3.523482	0.018341	0.019325	-0.028190
3.519765	0.018153	0.018836	-0.019557
3.516057	0.018445	0.018975	-0.015182
3.512356	0.017801	0.018452	-0.018632
3.508664	0.017594	0.019099	-0.043127
3.504980	0.017814	0.018376	-0.016093
3.501304	0.017052	0.018550	-0.042917
3.497636	0.017358	0.017740	-0.010942
3.493977	0.017039	0.018219	-0.033800
3.490325	0.017062	0.018052	-0.028377
3.486682	0.017193	0.018283	-0.031209
3.483046	0.017171	0.018523	-0.038747
3.479419	0.017835	0.018647	-0.023250
3.475799	0.017187	0.018793	-0.046016
3.472187	0.017762	0.019537	-0.050840
3.468583	0.018180	0.019758	-0.045192
3.464988	0.018677	0.020290	-0.046201
3.461400	0.019283	0.019867	-0.016739
3.457819	0.019700	0.020846	-0.032816
3.454247	0.020164	0.021355	-0.034099
3.450682	0.020479	0.021654	-0.033639
3.447125	0.021163	0.022753	-0.045560
3.443576	0.021459	0.022743	-0.036774
3.440035	0.021679	0.023043	-0.039092
3.436501	0.022587	0.023480	-0.025596
3.432975	0.022848	0.023642	-0.022746
3.429457	0.023340	0.024265	-0.026497
3.425946	0.023377	0.024855	-0.042348
3.422442	0.023963	0.024725	-0.021839
3.418947	0.024469	0.025672	-0.034443
3.415459	0.024846	0.025970	-0.032194
3.411978	0.024749	0.026139	-0.039814
3.408505	0.025213	0.026952	-0.049828
3.405039	0.026257	0.027573	-0.037701
3.401581	0.026868	0.028391	-0.043646
3.398130	0.027473	0.028743	-0.036384
3.394686	0.027823	0.029316	-0.042782
3.391250	0.028354	0.029879	-0.043683
3.387821	0.029247	0.030652	-0.040269
3.384400	0.029249	0.030903	-0.047381
3.380986	0.029569	0.030702	-0.032444
3.377579	0.030029	0.030884	-0.024476
3.374179	0.030467	0.031501	-0.029611
3.370787	0.031120	0.032261	-0.032709
3.367401	0.030920	0.032177	-0.036030
3.364023	0.031062	0.032306	-0.035641
3.360652	0.031261	0.032805	-0.044226
3.357289	0.031330	0.032316	-0.028250
3.353932	0.031493	0.032564	-0.030673
3.350582	0.031302	0.032680	-0.039472
3.347240	0.032090	0.033023	-0.026742
3.343904	0.031709	0.032623	-0.026187
3.340576	0.031866	0.032762	-0.025666
3.337255	0.032037	0.032370	-0.009540
3.333940	0.031607	0.032903	-0.037144
3.330633	0.031965	0.032561	-0.017073
3.327332	0.031506	0.032445	-0.026883
3.324038	0.031096	0.032072	-0.027972
3.320752	0.031441	0.032351	-0.026057
3.317472	0.031316	0.032684	-0.039211
3.314199	0.031809	0.032149	-0.009730
3.310933	0.031467	0.032782	-0.037686
3.307673	0.031332	0.032191	-0.024630
3.304421	0.031341	0.032320	-0.028049
3.301175	0.031455	0.032282	-0.023690
3.297936	0.030621	0.032129	-0.043210
3.294703	0.030676	0.031916	-0.035545
3.291478	0.030794	0.032083	-0.036932
3.288259	0.030375	0.032003	-0.046648
3.285046	0.030644	0.031396	-0.021534
3.281841	0.030369	0.031449	-0.030947
3.278642	0.029697	0.030750	-0.030184
3.275449	0.029538	0.030231	-0.019875
3.272263	0.029484	0.030459	-0.027932
3.269084	0.028885	0.029776	-0.025531
3.265911	0.028622	0.029177	-0.015897
3.262745	0.028050	0.028600	-0.015767
3.259585	0.027981	0.028793	-0.023249
3.256432	0.027876	0.028726	-0.024362
3.253285	0.027784	0.028365	-0.016664
3.250145	0.027614	0.028617	-0.028753
3.247011	0.027874	0.028527	-0.018688
3.243883	0.027992	0.028673	-0.019520
3.240762	0.027843	0.028580	-0.021128
3.237647	0.027344	0.028217	-0.024999
3.234539	0.027382	0.028403	-0.029253
3.231437	0.027000	0.027739	-0.021165
3.228341	0.027353	0.027798	-0.012745
3.225251	0.026917	0.027551	-0.018143
3.222168	0.027053	0.028021	-0.027734
3.219091	0.027156	0.027529	-0.010686
3.216020	0.026894	0.027744	-0.024366
3.212956	0.027095	0.027876	-0.022383
3.209897	0.026740	0.027887	-0.032869
3.206845	0.027403	0.027805	-0.011497
3.203799	0.027247	0.028072	-0.023651
3.200759	0.027429	0.027876	-0.012814
3.197725	0.027525	0.028381	-0.024520
3.194697	0.027066	0.028132	-0.030549
3.191676	0.028067	0.028326	-0.007432
3.188660	0.027790	0.028450	-0.018908
3.185651	0.027928	0.028827	-0.025748
3.182647	0.028264	0.029224	-0.027501
3.179650	0.028727	0.029386	-0.018876
3.176658	0.029064	0.030284	-0.034948
3.173673	0.029523	0.030199	-0.019353
3.170693	0.030161	0.031222	-0.030403
3.167720	0.030496	0.031310	-0.023299
3.164752	0.031218	0.032472	-0.035929
3.161790	0.031853	0.032561	-0.020283
3.158834	0.032055	0.032906	-0.024381
3.155884	0.032607	0.033408	-0.022953
3.152940	0.032366	0.033471	-0.031662
3.150001	0.032980	0.033472	-0.014120
3.147069	0.033411	0.034168	-0.021686
3.144142	0.034050	0.034616	-0.016227
3.141221	0.034764	0.034932	-0.004817
3.138306	0.034859	0.035714	-0.024491
3.135396	0.035117	0.036159	-0.029842
3.132493	0.035636	0.036477	-0.024085
3.129595	0.036843	0.036313	0.015170
3.126702	0.037157	0.037794	-0.018238
3.123816	0.037602	0.038297	-0.019920
3.120935	0.038172	0.038751	-0.016600
3.118059	0.038626	0.039138	-0.014673
3.115190	0.039510	0.039978	-0.013419
3.112326	0.039567	0.040538	-0.027806
3.109467	0.040141	0.040425	-0.008114
3.106614	0.040251	0.041253	-0.028696
3.103767	0.040629	0.041112	-0.013851
3.100925	0.041271	0.042230	-0.027458
3.098089	0.041925	0.042439	-0.014709
3.095258	0.042398	0.043061	-0.019010
3.092433	0.042995	0.043975	-0.028072
3.089613	0.043437	0.044060	-0.017851
3.086799	0.043570	0.043832	-0.007510
3.083990	0.043826	0.044520	-0.019903
3.081187	0.044394	0.044790	-0.011333
3.078389	0.044411	0.044868	-0.013069
3.075596	0.044595	0.045509	-0.026179
3.072809	0.044922	0.045658	-0.021099
3.070027	0.045192	0.046280	-0.031143
3.067251	0.045494	0.045794	-0.008580
3.064480	0.045436	0.045872	-0.012498
3.061714	0.045484	0.046311	-0.023702
3.058954	0.045720	0.046589	-0.024896
3.056199	0.045839	0.046383	-0.015595
3.053449	0.045853	0.046397	-0.015566
3.050704	0.045837	0.046405	-0.016291
3.047965	0.046179	0.046645	-0.013347
3.045231	0.046237	0.046671	-0.012430
3.042502	0.045669	0.046318	-0.018582
3.039779	0.046121	0.046410	-0.008276
3.037060	0.046005	0.046665	-0.018890
3.034347	0.046133	0.046721	-0.016837
3.031639	0.046341	0.046863	-0.014980
3.028936	0.046078	0.046771	-0.019866
3.026238	0.045753	0.046559	-0.023090
3.023545	0.046174	0.046682	-0.014555
3.020858	0.045842	0.045888	-0.001329
3.018175	0.045754	0.046331	-0.016526
3.015498	0.045824	0.046812	-0.028307
3.012826	0.045784	0.046363	-0.016585
3.010158	0.045929	0.047030	-0.031546
3.007496	0.046087	0.046857	-0.022048
3.004839	0.045766	0.046636	-0.024913
3.002187	0.046102	0.046532	-0.012339
2.999540	0.045705	0.046509	-0.023055
2.996897	0.045873	0.046403	-0.015183
2.994260	0.045377	0.046100	-0.020736
2.991628	0.045123	0.045876	-0.021580
2.989000	0.045249	0.046078	-0.023756
2.986378	0.045085	0.045712	-0.017966
2.983760	0.044553	0.045684	-0.032400
2.981148	0.044622	0.045465	-0.024132
2.978540	0.044773	0.045490	-0.020551
2.975937	0.044733	0.045317	-0.016726
2.973339	0.044281	0.044592	-0.008904
2.970746	0.044192	0.044896	-0.020179
2.968158	0.044180	0.044593	-0.011834
2.965574	0.043790	0.044558	-0.021978
2.962995	0.043407	0.044669	-0.036160
2.960421	0.043867	0.044603	-0.021090
2.957852	0.043928	0.044588	-0.018903
2.955288	0.043840	0.044419	-0.016607
2.952728	0.043862	0.044154	-0.008354
2.950173	0.043740	0.044169	-0.012293
2.947623	0.043980	0.044611	-0.018081
2.945078	0.043678	0.044103	-0.012182
2.942537	0.043435	0.044608	-0.033606
2.940001	0.043040	0.044040	-0.028640
2.937469	0.042596	0.043321	-0.020768
2.934943	0.042523	0.043254	-0.020938
2.932421	0.042150	0.042704	-0.015879
2.929903	0.041827	0.042694	-0.024848
2.927390	0.041972	0.042836	-0.024745
2.924882	0.041576	0.042648	-0.030686
2.922378	0.041499	0.042788	-0.036902
2.919879	0.041345	0.042300	-0.027362
2.917385	0.041091	0.042249	-0.033167
2.914895	0.040577	0.041651	-0.030754
2.912410	0.040760	0.041562	-0.022984
2.909929	0.040394	0.041034	-0.018354
2.907453	0.040098	0.041013	-0.026216
2.904981	0.040228	0.040771	-0.015560
2.902513	0.040287	0.041222	-0.026783
2.900051	0.039682	0.041222	-0.044125
2.897592	0.039749	0.041083	-0.038214
2.895138	0.039484	0.040432	-0.027152
2.892689	0.039573	0.040285	-0.020414
2.890244	0.039030	0.040265	-0.035373
2.887803	0.039592	0.040407	-0.023361
2.885367	0.039032	0.040185	-0.033013
2.882936	0.038759	0.040042	-0.036761
2.880508	0.038691	0.039720	-0.029459
2.878085	0.038104	0.039256	-0.032991
2.875667	0.037722	0.038990	-0.036331
2.873252	0.037587	0.038778	-0.034121
2.870842	0.037132	0.038500	-0.039200
2.868437	0.037011	0.038608	-0.045741
2.866036	0.037332	0.038836	-0.043062
2.863639	0.037333	0.038627	-0.037062
2.861246	0.037414	0.038912	-0.042919
2.858858	0.037777	0.038993	-0.034835
2.856474	0.037445	0.038834	-0.039780
2.854094	0.037763	0.039047	-0.036769
2.851718	0.037721	0.039414	-0.048492
2.849347	0.038191	0.039625	-0.041071
2.846980	0.038476	0.039981	-0.043121
2.844617	0.038378	0.039862	-0.042499
2.842258	0.038813	0.040366	-0.044494
2.839904	0.039430	0.040730	-0.037239
2.837553	0.039391	0.040930	-0.044095
2.835207	0.039987	0.041373	-0.039706
2.832865	0.040360	0.041922	-0.044725
2.830528	0.040806	0.042517	-0.049040
2.828194	0.041273	0.042713	-0.041263
2.825864	0.041801	0.043541	-0.049839
2.823539	0.042346	0.043813	-0.042026
2.821218	0.042452	0.044221	-0.050667
2.818901	0.042619	0.044423	-0.051690
2.816587	0.043049	0.044811	-0.050477
2.814278	0.043623	0.045332	-0.048978
2.811973	0.043965	0.045593	-0.046640
2.809673	0.044214	0.046026	-0.051907
2.807376	0.044581	0.046269	-0.048350
2.805083	0.044875	0.046507	-0.046731
2.802794	0.045325	0.046947	-0.046456
2.800509	0.045448	0.046944	-0.042873
2.798228	0.045735	0.047581	-0.052885
2.795952	0.046194	0.047724	-0.043844
2.793679	0.046477	0.047921	-0.041358
2.791410	0.046641	0.048337	-0.048580
2.789145	0.046845	0.048424	-0.045212
2.786884	0.047341	0.049219	-0.053804
2.784627	0.047472	0.049348	-0.053735
2.782374	0.047947	0.049757	-0.051836
2.780125	0.048249	0.050040	-0.051287
2.777880	0.048282	0.050136	-0.053123
2.775638	0.048660	0.050480	-0.052131
2.773401	0.049194	0.051068	-0.053671
2.771167	0.049653	0.051529	-0.053725
2.768938	0.050096	0.051966	-0.053564
2.766712	0.050442	0.052312	-0.053568
2.764490	0.050949	0.052917	-0.056389
2.762272	0.051508	0.053503	-0.057177
2.760058	0.051827	0.053759	-0.055363
2.757847	0.052230	0.054171	-0.055608
2.755640	0.052903	0.054850	-0.055759
2.753437	0.053492	0.055389	-0.054354
2.751238	0.053735	0.055614	-0.053838
2.749043	0.054095	0.055904	-0.051823
2.746852	0.054028	0.056026	-0.057255
2.744664	0.054322	0.056170	-0.052953
2.742480	0.054576	0.056489	-0.054789
2.740300	0.054556	0.056481	-0.055143
2.738123	0.054507	0.056367	-0.053292
2.735950	0.054725	0.056648	-0.055100
2.733781	0.054756	0.056702	-0.055735
2.731616	0.054845	0.056818	-0.056512
2.729454	0.054894	0.056857	-0.056219
2.727296	0.054952	0.056794	-0.052752
2.725142	0.054830	0.056828	-0.057239
2.722991	0.055023	0.056953	-0.055281
2.720844	0.054999	0.056953	-0.055988
2.718701	0.054794	0.056702	-0.054656
2.716561	0.054999	0.056975	-0.056602
2.714425	0.055081	0.056991	-0.054717
2.712293	0.055391	0.057326	-0.055424
2.710164	0.055303	0.057195	-0.054185
2.708039	0.055215	0.057108	-0.054236
2.705917	0.055068	0.057112	-0.058556
2.703799	0.055133	0.057129	-0.057184
2.701685	0.055321	0.057276	-0.055994
2.699574	0.055030	0.057087	-0.058922
2.697466	0.055042	0.056977	-0.055419
2.695363	0.055126	0.057035	-0.054683
2.693262	0.055134	0.057044	-0.054696
2.691166	0.055159	0.057196	-0.058346
2.689072	0.054970	0.056897	-0.055225
2.686983	0.055025	0.056914	-0.054114
2.684897	0.054936	0.056814	-0.053791
2.682814	0.055015	0.056856	-0.052740
2.680735	0.055059	0.056927	-0.053516
2.678659	0.055002	0.056770	-0.050643
2.676587	0.054788	0.056714	-0.055162
2.674518	0.054898	0.056946	-0.058660
2.672453	0.054916	0.056743	-0.052357
2.670391	0.054774	0.056684	-0.054735
2.668333	0.054639	0.056482	-0.052803
2.666278	0.054543	0.056406	-0.053378
2.664226	0.054258	0.056200	-0.055626
2.662178	0.054240	0.056100	-0.053293
2.660133	0.054379	0.056203	-0.052252
2.658092	0.054131	0.056049	-0.054931
2.656054	0.053752	0.055725	-0.056527
2.654019	0.053641	0.055586	-0.055718
2.651988	0.053873	0.055749	-0.053738
2.649960	0.053887	0.055658	-0.050726
2.647936	0.053829	0.055677	-0.052944
2.645915	0.053701	0.055541	-0.052705
2.643897	0.053565	0.055488	-0.055089
2.641882	0.053507	0.055323	-0.052001
2.639871	0.053508	0.055296	-0.051215
2.637863	0.053258	0.055155	-0.054351
2.635859	0.053279	0.055123	-0.052813
2.633857	0.053306	0.055060	-0.050237
2.631859	0.053083	0.054800	-0.049195
2.629865	0.052996	0.054845	-0.052980
2.627873	0.052939	0.054724	-0.051143
2.625885	0.052978	0.054717	-0.049804
2.623900	0.052542	0.054391	-0.052993
2.621919	0.052541	0.054351	-0.051872
2.619940	0.052592	0.054411	-0.052115
2.617965	0.052567	0.054267	-0.048688
2.615993	0.052479	0.054257	-0.050936
2.614025	0.052605	0.054332	-0.049464
2.612059	0.052615	0.054375	-0.050420
2.610097	0.052697	0.054439	-0.049883
2.608138	0.052653	0.054414	-0.050450
2.606182	0.052535	0.054306	-0.050734
2.604229	0.052612	0.054319	-0.048916
2.602280	0.052654	0.054290	-0.046872
2.600333	0.052615	0.054261	-0.047146
2.598390	0.052736	0.054377	-0.046996
2.596450	0.052736	0.054405	-0.047820
2.594513	0.052721	0.054349	-0.046648
2.592579	0.052712	0.054394	-0.048197
2.590648	0.052706	0.054301	-0.045687
2.588721	0.053109	0.054747	-0.046924
2.586796	0.053196	0.054842	-0.047150
2.584875	0.053271	0.054815	-0.044242
2.582957	0.053610	0.055165	-0.044557
2.581042	0.053869	0.055462	-0.045632
2.579130	0.053730	0.055328	-0.045780
2.577221	0.053736	0.055303	-0.044892
2.575315	0.053748	0.055284	-0.044008
2.573412	0.053844	0.055369	-0.043687
2.571512	0.053923	0.055443	-0.043565
2.569615	0.053994	0.055525	-0.043855
2.567722	0.054290	0.055747	-0.041738
2.565831	0.054259	0.055780	-0.043595
2.563943	0.054497	0.055912	-0.040548
2.562058	0.054842	0.056260	-0.040629
2.560177	0.054857	0.056391	-0.043960
2.558298	0.055029	0.056450	-0.040720
2.556423	0.055165	0.056653	-0.042622
2.554550	0.055311	0.056694	-0.039615
2.552680	0.055640	0.056966	-0.037995
2.550813	0.055928	0.057348	-0.040692
2.548950	0.056048	0.057401	-0.038774
2.547089	0.056210	0.057603	-0.039926
2.545231	0.056307	0.057720	-0.040485
2.543376	0.056637	0.058010	-0.039338
2.541524	0.056868	0.058182	-0.037634
2.539675	0.057307	0.058618	-0.037559
2.537829	0.057676	0.058940	-0.036210
2.535986	0.058019	0.059235	-0.034840
2.534146	0.058094	0.059376	-0.036707
2.532308	0.058222	0.059474	-0.035872
2.530474	0.058431	0.059557	-0.032273
2.528642	0.058606	0.059805	-0.034330
2.526814	0.058696	0.059929	-0.035337
2.524988	0.058864	0.059983	-0.032078
2.523165	0.058936	0.060114	-0.033765
2.521345	0.059337	0.060461	-0.032218
2.519528	0.059601	0.060734	-0.032449
2.517714	0.060017	0.061143	-0.032267
2.515902	0.060158	0.061267	-0.031785
2.514093	0.060323	0.061384	-0.030382
2.512288	0.060407	0.061478	-0.030684
2.510485	0.060644	0.061701	-0.030291
2.508684	0.060872	0.061920	-0.030023
2.506887	0.061165	0.062123	-0.027438
2.505092	0.061450	0.062441	-0.028391
2.503301	0.061791	0.062807	-0.029087
2.501512	0.062024	0.062974	-0.027203
2.499726	0.062308	0.063257	-0.027208
2.497942	0.062585	0.063517	-0.026677
2.496162	0.062754	0.063707	-0.027310
2.494384	0.063030	0.063989	-0.027469
2.492609	0.063279	0.064207	-0.026582
2.490836	0.063691	0.064583	-0.025569
2.489067	0.064025	0.064906	-0.025231
2.487300	0.064434	0.065296	-0.024696
2.485536	0.064559	0.065446	-0.025388
2.483774	0.064890	0.065693	-0.023004
2.482016	0.065274	0.066101	-0.023670
2.480260	0.065547	0.066330	-0.022433
2.478507	0.065728	0.066471	-0.021284
2.476756	0.065897	0.066695	-0.022857
2.475008	0.066249	0.066983	-0.021007
2.473263	0.066558	0.067280	-0.020704
2.471521	0.066819	0.067558	-0.021152
2.469781	0.067193	0.067969	-0.022233
2.468044	0.067681	0.068311	-0.018054
2.466309	0.067835	0.068495	-0.018923
2.464578	0.068065	0.068713	-0.018581
2.462848	0.068211	0.068783	-0.016404
2.461122	0.068295	0.068925	-0.018046
2.459398	0.068592	0.069203	-0.017527
2.457677	0.068850	0.069452	-0.017248
2.455958	0.069160	0.069777	-0.017681
2.454243	0.069342	0.069882	-0.015476
2.452529	0.069423	0.069988	-0.016189
2.450819	0.069590	0.070136	-0.015636
2.449111	0.069735	0.070287	-0.015813
2.447405	0.069975	0.070474	-0.014306
2.445702	0.070084	0.070543	-0.013146
2.444002	0.070292	0.070748	-0.013046
2.442304	0.070467	0.070960	-0.014114
2.440609	0.070653	0.071162	-0.014578
2.438917	0.070902	0.071320	-0.011970
2.437227	0.071104	0.071526	-0.012091
2.435539	0.071390	0.071792	-0.011513
2.433854	0.071650	0.071980	-0.009460
2.432172	0.071654	0.071980	-0.009342
2.430492	0.071781	0.072065	-0.008141
2.428815	0.071916	0.072248	-0.009516
2.427140	0.072042	0.072309	-0.007648
2.425468	0.072277	0.072556	-0.008000
2.423799	0.072363	0.072577	-0.006126
2.422131	0.072347	0.072631	-0.008136
2.420467	0.072382	0.072694	-0.008959
2.418805	0.072510	0.072779	-0.007704
2.417145	0.072700	0.072897	-0.005646
2.415488	0.072716	0.072906	-0.005435
2.413833	0.072797	0.073080	-0.008103
2.412181	0.072926	0.073043	-0.003351
2.410532	0.072952	0.073119	-0.004799
2.408884	0.072989	0.073114	-0.003581
2.407240	0.072984	0.073204	-0.006292
2.405598	0.073024	0.073241	-0.006208
2.403958	0.073273	0.073458	-0.005276
2.402320	0.073407	0.073507	-0.002874
2.400685	0.073360	0.073507	-0.004215
2.399053	0.073453	0.073486	-0.000956
2.397423	0.073438	0.073458	-0.000584
2.395795	0.073382	0.073513	-0.003741
2.394170	0.073563	0.073582	-0.000550
2.392547	0.073719	0.073786	-0.001922
2.390927	0.073942	0.073915	0.000780
2.389309	0.073921	0.073948	-0.000791
2.387694	0.073909	0.073891	0.000511
2.386081	0.073849	0.073855	-0.000154
2.384470	0.073929	0.073913	0.000457
2.382861	0.073799	0.073750	0.001380
2.381255	0.073867	0.073803	0.001839
2.379652	0.073854	0.073771	0.002369
2.378051	0.073872	0.073653	0.006260
2.376452	0.073543	0.073539	0.000111
2.374855	0.073541	0.073495	0.001321
2.373261	0.073718	0.073684	0.000974
2.371669	0.073558	0.073428	0.003708
2.370080	0.073462	0.073332	0.003742
2.368493	0.073480	0.073300	0.005148
2.366908	0.073388	0.073278	0.003145
2.365326	0.073310	0.073195	0.003272
2.363745	0.073204	0.073053	0.004333
2.362168	0.073156	0.073000	0.004460
2.360592	0.073175	0.073046	0.003695
2.359019	0.073208	0.073008	0.005718
2.357448	0.073102	0.072882	0.006288
2.355880	0.072827	0.072652	0.005003
2.354313	0.072845	0.072665	0.005154
2.352749	0.072759	0.072559	0.005730
2.351188	0.072740	0.072558	0.005212
2.349628	0.072715	0.072483	0.006640
2.348071	0.072727	0.072505	0.006374
2.346516	0.072756	0.072537	0.006270
2.344964	0.072618	0.072429	0.005414
2.343413	0.072735	0.072454	0.008053
2.341865	0.072474	0.072287	0.005347
2.340319	0.072494	0.072264	0.006577
2.338776	0.072457	0.072240	0.006230
2.337235	0.072439	0.072194	0.007013
2.335695	0.072347	0.072093	0.007269
2.334159	0.072384	0.072161	0.006398
2.332624	0.072212	0.071956	0.007324
2.331091	0.072083	0.071888	0.005582
2.329561	0.071923	0.071701	0.006338
2.328033	0.071872	0.071698	0.004976
2.326508	0.071852	0.071534	0.009099
2.324984	0.071742	0.071351	0.011208
2.323463	0.071541	0.071236	0.008752
2.321943	0.071332	0.071062	0.007736
2.320426	0.071400	0.071171	0.006555
2.318912	0.071335	0.071106	0.006562
2.317399	0.071242	0.070964	0.007977
2.315888	0.071105	0.070768	0.009641
2.314380	0.071079	0.070834	0.007023
2.312874	0.070992	0.070727	0.007588
2.311370	0.070914	0.070596	0.009106
2.309868	0.070802	0.070500	0.008663
2.308369	0.070669	0.070397	0.007802
2.306871	0.070590	0.070342	0.007112
2.305376	0.070325	0.070024	0.008623
2.303883	0.070201	0.069875	0.009315
2.302392	0.070221	0.069868	0.010120
2.300903	0.070055	0.069834	0.006331
2.299416	0.070062	0.069784	0.007968
2.297931	0.070038	0.069776	0.007501
2.296449	0.070210	0.069917	0.008377
2.294968	0.069968	0.069789	0.005128
2.293490	0.069897	0.069624	0.007826
2.292013	0.069829	0.069631	0.005677
2.290539	0.069857	0.069600	0.007364
2.289067	0.069762	0.069455	0.008789
2.287597	0.069675	0.069406	0.007708
2.286129	0.069599	0.069346	0.007262
2.284664	0.069674	0.069422	0.007221
2.283200	0.069706	0.069506	0.005729
2.281738	0.069717	0.069544	0.004952
2.280279	0.069690	0.069421	0.007706
2.278821	0.069467	0.069242	0.006435
2.277366	0.069462	0.069200	0.007497
2.275912	0.069420	0.069168	0.007231
2.274461	0.069639	0.069395	0.006973
2.273012	0.069664	0.069374	0.008299
2.271564	0.069743	0.069555	0.005377
2.270119	0.069646	0.069429	0.006238
2.268676	0.069652	0.069356	0.008484
2.267235	0.069467	0.069268	0.005718
2.265796	0.069436	0.069205	0.006610
2.264359	0.069463	0.069277	0.005329
2.262923	0.069463	0.069277	0.005324
2.261490	0.069301	0.069144	0.004502
2.260059	0.069416	0.069276	0.004014
2.258630	0.069431	0.069184	0.007079
2.257203	0.069466	0.069232	0.006705
2.255778	0.069621	0.069506	0.003305
2.254355	0.069637	0.069486	0.004334
2.252934	0.069631	0.069481	0.004285
2.251515	0.069774	0.069607	0.004781
2.250098	0.069693	0.069642	0.001470
2.248683	0.069704	0.069632	0.002077
2.247269	0.069687	0.069494	0.005531
2.245858	0.069573	0.069530	0.001233
2.244449	0.069390	0.069388	0.000048
2.243042	0.069276	0.069265	0.000334
2.241636	0.069086	0.069031	0.001589
2.240233	0.069195	0.069239	-0.001263
2.238832	0.069538	0.069516	0.000624
2.237432	0.069662	0.069611	0.001458
2.236035	0.069715	0.069744	-0.000837
2.234639	0.069734	0.069795	-0.001772
2.233245	0.069853	0.069873	-0.000565
2.231854	0.070004	0.070010	-0.000168
2.230464	0.070274	0.070295	-0.000601
2.229076	0.070540	0.070591	-0.001447
2.227690	0.070732	0.070798	-0.001873
2.226306	0.070815	0.070854	-0.001110
2.224924	0.070642	0.070730	-0.002513
2.223544	0.070678	0.070771	-0.002657
2.222165	0.070637	0.070754	-0.003352
2.220789	0.070842	0.070969	-0.003629
2.219414	0.071005	0.071014	-0.000255
2.218042	0.071094	0.071224	-0.003719
2.216671	0.071264	0.071365	-0.002887
2.215302	0.071399	0.071482	-0.002384
2.213935	0.071427	0.071547	-0.003442
2.212570	0.071467	0.071682	-0.006158
2.211207	0.071413	0.071695	-0.008091
2.209845	0.071484	0.071659	-0.004997
2.208486	0.071691	0.071941	-0.007173
2.207128	0.071848	0.072043	-0.005596
2.205772	0.072039	0.072305	-0.007634
2.204418	0.072029	0.072326	-0.008503
2.203066	0.072078	0.072331	-0.007238
2.201716	0.072180	0.072516	-0.009618
2.200367	0.072166	0.072516	-0.010028
2.199021	0.072386	0.072693	-0.008806
2.197676	0.072459	0.072765	-0.008750
2.196333	0.072684	0.073098	-0.011860
2.194992	0.072963	0.073334	-0.010646
2.193653	0.073081	0.073456	-0.010740
2.192315	0.073258	0.073642	-0.010987
2.190980	0.073402	0.073920	-0.014834
2.189646	0.073493	0.073984	-0.014058
2.188314	0.073722	0.074267	-0.015610
2.186984	0.073939	0.074397	-0.013100
2.185655	0.074020	0.074537	-0.014816
2.184328	0.074038	0.074575	-0.015373
2.183004	0.074329	0.074794	-0.013333
2.181681	0.074349	0.074806	-0.013083
2.180359	0.074463	0.075078	-0.017614
2.179040	0.074600	0.075243	-0.018405
2.177722	0.075033	0.075628	-0.017043
2.176406	0.075335	0.076004	-0.019175
2.175092	0.075608	0.076224	-0.017636
2.173780	0.075822	0.076564	-0.021244
2.172469	0.075876	0.076498	-0.017816
2.171160	0.075971	0.076702	-0.020928
2.169853	0.075983	0.076754	-0.022098
2.168548	0.076220	0.076907	-0.019694
2.167244	0.076372	0.077120	-0.021421
2.165943	0.076541	0.077353	-0.023255
2.164643	0.076799	0.077580	-0.022361
2.163344	0.077048	0.077886	-0.023988
2.162048	0.077317	0.078231	-0.026197
2.160753	0.077487	0.078340	-0.024452
2.159460	0.077703	0.078574	-0.024957
2.158168	0.077772	0.078672	-0.025793
2.156879	0.077860	0.078821	-0.027537
2.155591	0.078122	0.079045	-0.026441
2.154304	0.078279	0.079184	-0.025915
2.153020	0.078399	0.079429	-0.029509
2.151737	0.078626	0.079577	-0.027247
2.150456	0.078770	0.079741	-0.027793
2.149177	0.078927	0.079934	-0.028833
2.147899	0.078991	0.080097	-0.031667
2.146623	0.079213	0.080286	-0.030737
2.145349	0.079316	0.080403	-0.031138
2.144076	0.079351	0.080480	-0.032343
2.142805	0.079500	0.080648	-0.032874
2.141536	0.079772	0.080863	-0.031254
2.140268	0.080091	0.081234	-0.032751
2.139002	0.080472	0.081672	-0.034395
2.137738	0.080643	0.081729	-0.031115
2.136476	0.080715	0.081931	-0.034851
2.135215	0.081012	0.082272	-0.036081
2.133956	0.081215	0.082452	-0.035453
2.132698	0.081419	0.082707	-0.036900
2.131442	0.081611	0.082918	-0.037454
2.130188	0.081679	0.082983	-0.037361
2.128935	0.081886	0.083206	-0.037823
2.127684	0.082097	0.083415	-0.037752
2.126435	0.082283	0.083668	-0.039689
2.125187	0.082342	0.083756	-0.040515
2.123941	0.082525	0.083887	-0.039000
2.122697	0.082563	0.083927	-0.039074
2.121454	0.082641	0.084013	-0.039312
2.120213	0.082629	0.083970	-0.038425
2.118974	0.082670	0.084099	-0.040933
2.117736	0.082916	0.084362	-0.041409
2.116500	0.083032	0.084590	-0.044640
2.115265	0.083346	0.084872	-0.043725
2.114032	0.083445	0.084956	-0.043272
2.112801	0.083605	0.085125	-0.043565
2.111571	0.083786	0.085290	-0.043089
2.110343	0.083736	0.085339	-0.045918
2.109116	0.083930	0.085578	-0.047198
2.107891	0.084255	0.085831	-0.045141
2.106668	0.084424	0.086038	-0.046218
2.105446	0.084438	0.086112	-0.047965
2.104226	0.084641	0.086272	-0.046723
2.103007	0.084730	0.086407	-0.048059
2.101790	0.084834	0.086438	-0.045953
2.100575	0.084870	0.086544	-0.047959
2.099361	0.084940	0.086618	-0.048072
2.098149	0.084928	0.086699	-0.050714
2.096938	0.085203	0.086944	-0.049885
2.095729	0.085446	0.087151	-0.048855
2.094521	0.085426	0.087184	-0.050357
2.093315	0.085616	0.087290	-0.047969
2.092111	0.085781	0.087436	-0.047418
2.090908	0.085737	0.087629	-0.054183
2.089707	0.085782	0.087534	-0.050201
2.088507	0.085910	0.087709	-0.051541
2.087309	0.085976	0.087794	-0.052065
2.086112	0.086070	0.087918	-0.052932
2.084917	0.086331	0.088114	-0.051093
2.083723	0.086348	0.088183	-0.052577
2.082531	0.086380	0.088360	-0.056721
2.081341	0.086543	0.088415	-0.053627
2.080152	0.086776	0.088722	-0.055734
2.078964	0.086897	0.088773	-0.053756
2.077778	0.086893	0.088843	-0.055873
2.076594	0.087104	0.088982	-0.053795
2.075411	0.087185	0.089130	-0.055721
2.074230	0.087129	0.089032	-0.054513
2.073050	0.087133	0.089039	-0.054617
2.071871	0.087031	0.089003	-0.056496
2.070694	0.086945	0.088951	-0.057455
2.069519	0.087143	0.089069	-0.055162
2.068345	0.087269	0.089221	-0.055929
2.067173	0.087206	0.089212	-0.057485
2.066002	0.087401	0.089329	-0.055214
2.064833	0.087355	0.089329	-0.056553
2.063665	0.087309	0.089390	-0.059603
2.062498	0.087294	0.089357	-0.059108
2.061333	0.087364	0.089345	-0.056769
2.060170	0.087356	0.089369	-0.057676
2.059008	0.087337	0.089446	-0.060429
2.057848	0.087698	0.089744	-0.058617
2.056689	0.087671	0.089734	-0.059087
2.055531	0.087766	0.089875	-0.060427
2.054375	0.087670	0.089709	-0.058417
2.053221	0.087673	0.089751	-0.059537
2.052067	0.087724	0.089764	-0.058446
2.050916	0.087822	0.089955	-0.061117
2.049766	0.087777	0.089979	-0.063095
2.048617	0.087833	0.089924	-0.059902
2.047470	0.087786	0.090034	-0.064404
2.046324	0.088011	0.090176	-0.062003
2.045179	0.087990	0.090166	-0.062349
2.044036	0.088006	0.090234	-0.063812
2.042895	0.087921	0.090171	-0.064467
2.041755	0.087865	0.090086	-0.063606
2.040616	0.087993	0.090206	-0.063401
2.039479	0.087794	0.090079	-0.065476
2.038343	0.087830	0.090083	-0.064565
2.037209	0.087751	0.090048	-0.065800
2.036076	0.087814	0.090073	-0.064715
2.034945	0.087875	0.090156	-0.065340
2.033815	0.087875	0.090154	-0.065287
2.032686	0.087661	0.090009	-0.067264
2.031559	0.087426	0.089741	-0.066314
2.030433	0.087172	0.089493	-0.066493
2.029309	0.087190	0.089497	-0.066093
2.028186	0.087017	0.089425	-0.069004
2.027064	0.086967	0.089369	-0.068803
2.025944	0.086900	0.089288	-0.068413
2.024825	0.086955	0.089376	-0.069348
2.023708	0.087001	0.089418	-0.069252
2.022592	0.086952	0.089432	-0.071039
2.021477	0.087196	0.089681	-0.071206
2.020364	0.087329	0.089856	-0.072400
2.019252	0.087369	0.089846	-0.070971
2.018142	0.087285	0.089817	-0.072545
2.017033	0.087318	0.089810	-0.071397
2.015925	0.087299	0.089722	-0.069422
2.014819	0.087183	0.089809	-0.075216
2.013714	0.087105	0.089724	-0.075017
2.012610	0.086848	0.089488	-0.075625
2.011508	0.086675	0.089378	-0.077424
2.010407	0.086571	0.089237	-0.076369
2.009308	0.086777	0.089295	-0.072156
2.008210	0.086809	0.089454	-0.075770
2.007113	0.086774	0.089477	-0.077417
2.006018	0.086744	0.089445	-0.077385
2.004924	0.086716	0.089506	-0.079916
2.003831	0.086703	0.089507	-0.080328
2.002740	0.086687	0.089442	-0.078902
2.001650	0.086419	0.089276	-0.081842
2.000561	0.086126	0.088991	-0.082057
1.999474	0.085956	0.088868	-0.083429
1.998388	0.086037	0.088990	-0.084620
1.997303	0.086121	0.089010	-0.082773
1.996220	0.086089	0.089039	-0.084515
1.995138	0.086212	0.089132	-0.083645
1.994058	0.086114	0.089208	-0.088653
1.992978	0.086141	0.089149	-0.086174
1.991901	0.086016	0.088985	-0.085055
1.990824	0.085934	0.088985	-0.087417
1.989749	0.085690	0.088816	-0.089573
1.988675	0.085622	0.088779	-0.090456
1.987602	0.085592	0.088802	-0.091955
1.986531	0.085718	0.088879	-0.090533
1.985461	0.085837	0.089068	-0.092562
1.984392	0.085780	0.089056	-0.093864
1.983325	0.085847	0.089138	-0.094262
1.982259	0.085745	0.089082	-0.095585
1.981194	0.085789	0.089100	-0.094834
1.980130	0.085714	0.089050	-0.095577
1.979068	0.085601	0.089008	-0.097585
1.978007	0.085486	0.088965	-0.099642
1.976948	0.085436	0.088925	-0.099925
1.975889	0.085189	0.088680	-0.100025
1.974832	0.085022	0.088589	-0.102190
1.973777	0.084934	0.088478	-0.101538
1.972722	0.084729	0.088254	-0.100986
1.971669	0.084684	0.088264	-0.102537
1.970617	0.084653	0.088273	-0.103695
1.969566	0.084630	0.088314	-0.105545
1.968517	0.084707	0.088398	-0.105736
1.967469	0.084531	0.088297	-0.107887
1.966422	0.084359	0.088280	-0.112350
1.965377	0.084432	0.088281	-0.110265
1.964333	0.084418	0.088258	-0.110000
1.963290	0.084404	0.088234	-0.109727
1.962248	0.084347	0.088270	-0.112391
1.961207	0.084427	0.088376	-0.113131
1.960168	0.084406	0.088403	-0.114501
1.959130	0.084354	0.088345	-0.114343
1.958094	0.084410	0.088494	-0.117007
1.957058	0.084382	0.088414	-0.115523
1.956024	0.084231	0.088390	-0.119144
1.954991	0.084243	0.088421	-0.119672
1.953959	0.084025	0.088179	-0.118985
1.952929	0.083926	0.088110	-0.119880
1.951900	0.083751	0.087989	-0.121420
1.950872	0.083611	0.087944	-0.124142
1.949845	0.083575	0.087814	-0.121444
1.948819	0.083423	0.087829	-0.126222
1.947795	0.083364	0.087742	-0.125414
1.946772	0.083272	0.087739	-0.127945
1.945750	0.083292	0.087736	-0.127304
1.944729	0.083198	0.087730	-0.129822
1.943710	0.082947	0.087537	-0.131469
1.942692	0.082941	0.087553	-0.132109
1.941675	0.083246	0.087764	-0.129438
1.940659	0.083268	0.087949	-0.134102
1.939645	0.083345	0.087965	-0.132354
1.938631	0.083435	0.088056	-0.132371
1.937619	0.083233	0.087993	-0.136370
1.936608	0.083104	0.087882	-0.136871
1.935599	0.083058	0.087942	-0.139906
1.934590	0.083007	0.087887	-0.139805
1.933583	0.082905	0.087807	-0.140439
1.932577	0.083130	0.088052	-0.141014
1.931572	0.083083	0.088072	-0.142915
1.930568	0.083093	0.088064	-0.142402
1.929566	0.083097	0.088209	-0.146433
1.928565	0.083020	0.088004	-0.142783
1.927565	0.082835	0.087987	-0.147616
1.926566	0.082867	0.088033	-0.147992
1.925568	0.082863	0.087967	-0.146202
1.924571	0.082985	0.088062	-0.145446
1.923576	0.082634	0.087950	-0.152267
1.922582	0.082708	0.087874	-0.147987
1.921589	0.082654	0.087983	-0.152640
1.920597	0.082705	0.088002	-0.151744
1.919606	0.082663	0.088127	-0.156506
1.918617	0.082739	0.088104	-0.153701
1.917629	0.082661	0.088093	-0.155620
1.916641	0.082738	0.088170	-0.155621
1.915655	0.082784	0.088227	-0.155932
1.914671	0.082862	0.088344	-0.157045
1.913687	0.082816	0.088417	-0.160460
1.912704	0.082754	0.088368	-0.160816
1.911723	0.082656	0.088348	-0.163057
1.910743	0.082535	0.088267	-0.164195
1.909764	0.082525	0.088291	-0.165167
1.908786	0.082638	0.088325	-0.162908
1.907809	0.082641	0.088356	-0.163729
1.906834	0.082606	0.088439	-0.167094
1.905859	0.082552	0.088390	-0.167246
1.904886	0.082553	0.088455	-0.169077
1.903914	0.082644	0.088575	-0.169908
1.902943	0.082747	0.088664	-0.169514
1.901973	0.082788	0.088758	-0.171041
1.901004	0.082709	0.088791	-0.174260
1.900036	0.082829	0.088837	-0.172128
1.899070	0.082871	0.089013	-0.175947
1.898105	0.082990	0.089110	-0.175312
1.897140	0.083090	0.089206	-0.175229
1.896177	0.083221	0.089431	-0.177904
1.895215	0.083241	0.089550	-0.180744
1.894254	0.083242	0.089564	-0.181111
1.893295	0.083369	0.089657	-0.180136
1.892336	0.083210	0.089637	-0.184098
1.891378	0.083269	0.089545	-0.179809
1.890422	0.083178	0.089586	-0.183583
1.889467	0.083247	0.089775	-0.186995
1.888513	0.083448	0.089865	-0.183837
1.887560	0.083386	0.089948	-0.187997
1.886608	0.083454	0.090093	-0.190198
1.885657	0.083641	0.090157	-0.186658
1.884707	0.083473	0.090184	-0.192245
1.883758	0.083592	0.090178	-0.188685
1.882811	0.083431	0.090088	-0.190706
1.881864	0.083341	0.090036	-0.191802
1.880919	0.083098	0.089806	-0.192167
1.879975	0.083252	0.089974	-0.192575
1.879032	0.083225	0.090097	-0.196877
1.878090	0.083224	0.090046	-0.195418
1.877149	0.083316	0.090215	-0.197640
1.876209	0.083415	0.090354	-0.198777
1.875270	0.083558	0.090451	-0.197471
1.874332	0.083488	0.090450	-0.199458
1.873396	0.083621	0.090598	-0.199869
1.872460	0.083755	0.090811	-0.202154
1.871525	0.083957	0.091073	-0.203879
1.870592	0.084008	0.091191	-0.205766
1.869660	0.084221	0.091354	-0.204355
1.868728	0.084479	0.091588	-0.203660
1.867798	0.084506	0.091763	-0.207886
1.866869	0.084519	0.091797	-0.208508
1.865941	0.084567	0.091815	-0.207655
1.865014	0.084599	0.091800	-0.206277
1.864088	0.084344	0.091694	-0.210572
1.863163	0.084485	0.091772	-0.208775
1.862239	0.084555	0.091955	-0.211967
1.861317	0.084607	0.092112	-0.215001
1.860395	0.084762	0.092373	-0.218042
1.859474	0.084982	0.092571	-0.217434
1.858555	0.085153	0.092678	-0.215569
1.857636	0.085209	0.092794	-0.217287
1.856719	0.085287	0.092949	-0.219502
1.855802	0.085264	0.092983	-0.221136
1.854887	0.085327	0.093087	-0.222313
1.853973	0.085271	0.093076	-0.223599
1.853059	0.085211	0.093004	-0.223250
1.852147	0.085280	0.093145	-0.225339
1.851236	0.085375	0.093356	-0.228644
1.850326	0.085663	0.093582	-0.226863
1.849416	0.085888	0.093744	-0.225074
1.848508	0.085918	0.093865	-0.227651
1.847601	0.085857	0.093891	-0.230179
1.846695	0.086053	0.094117	-0.231038
1.845790	0.086126	0.094222	-0.231918
1.844886	0.086207	0.094339	-0.232971
1.843983	0.086372	0.094513	-0.233231
1.843081	0.086661	0.094843	-0.234414
1.842180	0.086713	0.094857	-0.233283
1.841280	0.086848	0.095037	-0.234593
1.840381	0.086790	0.095143	-0.239277
1.839484	0.086706	0.095016	-0.238067
1.838587	0.086704	0.095023	-0.238322
1.837691	0.086797	0.095251	-0.242178
1.836796	0.086991	0.095522	-0.244393
1.835902	0.087168	0.095670	-0.243568
1.835009	0.087433	0.095982	-0.244905
1.834118	0.087693	0.096178	-0.243057
1.833227	0.087769	0.096417	-0.247754
1.832337	0.088012	0.096612	-0.246381
1.831448	0.088116	0.096765	-0.247773
1.830560	0.088382	0.097136	-0.250790
1.829674	0.088563	0.097300	-0.250301
1.828788	0.088724	0.097454	-0.250093
1.827903	0.088791	0.097588	-0.252032
1.827019	0.088653	0.097506	-0.253629
1.826136	0.088505	0.097452	-0.256309
1.825255	0.088565	0.097464	-0.254947
1.824374	0.088645	0.097674	-0.258678
1.823494	0.088582	0.097663	-0.260129
1.822615	0.088595	0.097743	-0.262082
1.821737	0.088859	0.097987	-0.261498
1.820860	0.089081	0.098231	-0.262132
1.819984	0.089150	0.098339	-0.263259
1.819109	0.089396	0.098465	-0.259807
1.818235	0.089353	0.098576	-0.264232
1.817362	0.089422	0.098698	-0.265744
1.816490	0.089348	0.098747	-0.269265
1.815619	0.089568	0.098940	-0.268509
1.814749	0.089762	0.099256	-0.271994
1.813880	0.089941	0.099485	-0.273417
1.813012	0.090050	0.099596	-0.273495
1.812145	0.090179	0.099708	-0.272975
1.811279	0.090416	0.099872	-0.270877
1.810413	0.090524	0.100195	-0.277073
1.809549	0.090618	0.100238	-0.275620
1.808686	0.090494	0.100209	-0.278324
1.807824	0.090594	0.100306	-0.278219
1.806962	0.090640	0.100542	-0.283663
1.806102	0.090756	0.100585	-0.281580
1.805242	0.090709	0.100531	-0.281380
1.804384	0.090778	0.100757	-0.285860
1.803526	0.090890	0.100852	-0.285397
1.802670	0.090737	0.100741	-0.286591
1.801814	0.090830	0.100770	-0.284773
1.800959	0.090944	0.100976	-0.287421
1.800105	0.091029	0.101133	-0.289480
1.799252	0.090874	0.101172	-0.295022
1.798401	0.091074	0.101278	-0.292329
1.797550	0.091210	0.101343	-0.290302
1.796700	0.091212	0.101529	-0.295551
1.795851	0.091253	0.101643	-0.297645
1.795002	0.091491	0.101794	-0.295164
1.794155	0.091671	0.102150	-0.300208
1.793309	0.091847	0.102318	-0.299976
1.792464	0.092184	0.102539	-0.296646
1.791619	0.092309	0.102885	-0.302972
1.790776	0.092348	0.102973	-0.304390
1.789933	0.092567	0.103145	-0.303051
1.789092	0.092767	0.103493	-0.307263
1.788251	0.093033	0.103730	-0.306467
1.787411	0.093116	0.103794	-0.305880
1.786572	0.093215	0.103866	-0.305121
1.785734	0.093087	0.103867	-0.308816
1.784897	0.093201	0.103973	-0.308593
1.784061	0.093174	0.104068	-0.312103
1.783226	0.093369	0.104212	-0.310648
1.782392	0.093383	0.104414	-0.316041
1.781558	0.093464	0.104421	-0.313895
1.780726	0.093441	0.104537	-0.317883
1.779894	0.093358	0.104364	-0.315295
1.779064	0.093308	0.104344	-0.316140
1.778234	0.093456	0.104611	-0.319577
1.777405	0.093676	0.104827	-0.319445
1.776577	0.093927	0.105194	-0.322778
1.775750	0.093911	0.105043	-0.318926
1.774924	0.094028	0.105119	-0.317721
1.774099	0.094274	0.105391	-0.318492
1.773275	0.094408	0.105758	-0.325156
1.772451	0.094566	0.105851	-0.323278
1.771629	0.094519	0.105830	-0.324044
1.770807	0.094825	0.106159	-0.324690
1.769986	0.094965	0.106269	-0.323852
1.769167	0.095008	0.106333	-0.324443
1.768348	0.095081	0.106492	-0.326884
1.767530	0.095070	0.106538	-0.328544
1.766712	0.095199	0.106574	-0.325858
1.765896	0.095344	0.106852	-0.329666
1.765081	0.095219	0.106756	-0.330504
1.764266	0.095200	0.106784	-0.331835
1.763453	0.095288	0.107093	-0.338182
1.762640	0.095735	0.107333	-0.332245
1.761828	0.095942	0.107506	-0.331278
1.761017	0.096248	0.107846	-0.332263
1.760207	0.096331	0.108058	-0.335962
1.759398	0.096181	0.107941	-0.336913
1.758589	0.096177	0.107893	-0.335638
1.757782	0.096261	0.108091	-0.338910
1.756975	0.096289	0.108038	-0.336561
1.756169	0.096221	0.107997	-0.337371
1.755365	0.096292	0.108200	-0.341152
1.754560	0.096524	0.108368	-0.339303
1.753757	0.096591	0.108424	-0.338991
1.752955	0.096639	0.108379	-0.336345
1.752154	0.096407	0.108150	-0.336409
1.751353	0.096496	0.108444	-0.342300
1.750553	0.096643	0.108441	-0.337991
1.749755	0.096513	0.108398	-0.340479
1.748957	0.096592	0.108518	-0.341651
1.748159	0.096665	0.108546	-0.340362
1.747363	0.096706	0.108582	-0.340245
1.746568	0.096576	0.108732	-0.348257
1.745773	0.096744	0.108738	-0.343611
1.744979	0.096737	0.108663	-0.341651
1.744187	0.096824	0.108740	-0.341367
1.743395	0.096983	0.108919	-0.341939
1.742603	0.096824	0.108727	-0.341015
1.741813	0.096606	0.108672	-0.345658
1.741024	0.096961	0.108965	-0.343880
1.740235	0.096994	0.108954	-0.342637
1.739447	0.097009	0.109074	-0.345625
1.738660	0.097127	0.109211	-0.346177
1.737874	0.097321	0.109275	-0.342461
1.737089	0.097509	0.109390	-0.340375
1.736304	0.097555	0.109515	-0.342655
1.735521	0.097580	0.109446	-0.339918
1.734738	0.097515	0.109483	-0.342859
1.733956	0.097705	0.109693	-0.343454
1.733175	0.097846	0.109862	-0.344232
1.732395	0.097867	0.109815	-0.342275
1.731615	0.097829	0.109708	-0.340328
1.730837	0.097744	0.109676	-0.341845
1.730059	0.097752	0.109680	-0.341701
1.729282	0.097911	0.109838	-0.341680
1.728506	0.097891	0.109935	-0.345037
1.727730	0.098133	0.109964	-0.338949
1.726956	0.097964	0.109894	-0.341749
1.726182	0.098055	0.109993	-0.342010
1.725409	0.097829	0.109831	-0.343839
1.724637	0.097945	0.109874	-0.341729
1.723866	0.097827	0.109695	-0.340000
1.723096	0.097793	0.109594	-0.338084
1.722326	0.097991	0.109672	-0.334642
1.721557	0.098224	0.109850	-0.333063
1.720789	0.098401	0.110318	-0.341422
1.720022	0.098585	0.110314	-0.335996
1.719256	0.098305	0.110133	-0.338841
1.718490	0.098036	0.109905	-0.340011
1.717726	0.098010	0.109743	-0.336128
1.716962	0.097817	0.109487	-0.334340
1.716199	0.097782	0.109439	-0.333958
1.715436	0.098025	0.109455	-0.327440
1.714675	0.097960	0.109474	-0.329854
1.713914	0.098059	0.109606	-0.330794
1.713154	0.098225	0.109783	-0.331108
1.712395	0.098329	0.109731	-0.326628
1.711637	0.098375	0.109802	-0.327340
1.710879	0.098151	0.109806	-0.333887
1.710122	0.098192	0.109651	-0.328271
1.709366	0.098462	0.109751	-0.323421
1.708611	0.098500	0.109867	-0.325615
1.707857	0.098608	0.110086	-0.328814
1.707103	0.098701	0.110234	-0.330395
1.706351	0.098808	0.110047	-0.321977
1.705599	0.098768	0.109940	-0.320047
1.704847	0.098696	0.109810	-0.318401
1.704097	0.098724	0.110097	-0.325812
1.703347	0.098993	0.110017	-0.315824
1.702599	0.098932	0.110046	-0.318398
1.701850	0.098828	0.110044	-0.321313
1.701103	0.098783	0.109857	-0.317263
1.700357	0.098896	0.109909	-0.315494
1.699611	0.098870	0.109855	-0.314708
1.698866	0.098857	0.109702	-0.310675
1.698122	0.098767	0.109682	-0.312668
1.697378	0.099053	0.109804	-0.307994
1.696636	0.099034	0.109766	-0.307426
1.695894	0.099051	0.109701	-0.305103
1.695153	0.098939	0.109661	-0.307166
1.694412	0.098978	0.109624	-0.305001
1.693673	0.099065	0.109757	-0.306314
1.692934	0.099027	0.109517	-0.300535
1.692196	0.098893	0.109484	-0.303417
1.691459	0.098968	0.109569	-0.303717
1.690722	0.098930	0.109295	-0.296930
1.689987	0.098693	0.109115	-0.298565
1.689252	0.098479	0.108747	-0.294162
1.688518	0.098550	0.108719	-0.291318
1.687784	0.098334	0.108570	-0.293246
1.687051	0.098043	0.108169	-0.290085
1.686320	0.098105	0.108418	-0.295463
1.685588	0.098244	0.108446	-0.292253
1.684858	0.098286	0.108431	-0.290632
1.684128	0.098439	0.108645	-0.292398
1.683399	0.098289	0.108344	-0.288062
1.682671	0.098290	0.108244	-0.285151
1.681944	0.098238	0.108309	-0.288491
1.681217	0.098242	0.108243	-0.286497
1.680491	0.098115	0.108147	-0.287396
1.679766	0.098108	0.107994	-0.283239
1.679042	0.098050	0.107797	-0.279224
1.678318	0.098155	0.107759	-0.275121
1.677595	0.098414	0.108173	-0.279584
1.676873	0.098895	0.108377	-0.271633
1.676152	0.098806	0.108369	-0.273963
1.675431	0.098679	0.108200	-0.272772
1.674711	0.098820	0.108266	-0.270621
1.673992	0.099383	0.108582	-0.263518
1.673273	0.098999	0.108514	-0.272604
1.672556	0.099114	0.108349	-0.264567
1.671839	0.098804	0.108176	-0.268475
1.671122	0.098715	0.107892	-0.262894
1.670407	0.098534	0.107723	-0.263270
1.669692	0.098650	0.107686	-0.258847
1.668978	0.098727	0.107793	-0.259727
1.668265	0.098682	0.107575	-0.254767
1.667552	0.098442	0.107338	-0.254845
1.666840	0.098223	0.107185	-0.256748
1.666129	0.098483	0.107352	-0.254085
1.665418	0.098403	0.107347	-0.256237
1.664709	0.098232	0.107107	-0.254252
1.664000	0.098183	0.107038	-0.253658
1.663292	0.098404	0.107089	-0.248804
1.662584	0.098248	0.106883	-0.247373
1.661877	0.098149	0.106726	-0.245720
1.661171	0.098126	0.106715	-0.246056
1.660466	0.098245	0.106825	-0.245780
1.659761	0.098160	0.106600	-0.241790
1.659057	0.098140	0.106430	-0.237512
1.658354	0.097979	0.105973	-0.229022
1.657651	0.097723	0.105962	-0.236051
1.656950	0.097693	0.105947	-0.236476
1.656249	0.097688	0.105464	-0.222766
1.655548	0.097525	0.105654	-0.232893
1.654848	0.097563	0.105502	-0.227444
1.654150	0.097620	0.105630	-0.229464
1.653451	0.097355	0.105340	-0.228758
1.652754	0.097299	0.105042	-0.221827
1.652057	0.097158	0.104932	-0.222701
1.651361	0.097142	0.104769	-0.218489
1.650665	0.097012	0.104655	-0.218982
1.649971	0.097039	0.104499	-0.213710
1.649277	0.097051	0.104492	-0.213183
1.648583	0.097165	0.104557	-0.211768
1.647891	0.096959	0.104593	-0.218672
1.647199	0.096905	0.104466	-0.216608
1.646508	0.097038	0.104378	-0.210279
1.645817	0.097238	0.104400	-0.205170
1.645127	0.097120	0.104417	-0.209048
1.644438	0.096915	0.103979	-0.202377
1.643750	0.096990	0.103942	-0.199171
1.643062	0.096688	0.103695	-0.200758
1.642375	0.096464	0.103474	-0.200815
1.641689	0.096371	0.103245	-0.196918
1.641003	0.095992	0.102884	-0.197442
1.640318	0.095759	0.102522	-0.193738
1.639634	0.095739	0.102582	-0.196056
1.638950	0.095576	0.102294	-0.192430
1.638267	0.095472	0.102273	-0.194835
1.637585	0.095335	0.102042	-0.192134
1.636903	0.095714	0.102108	-0.183157
1.636222	0.095884	0.102280	-0.183224
1.635542	0.095748	0.102108	-0.182189
1.634863	0.095685	0.101852	-0.176646
1.634184	0.095381	0.101825	-0.184588
1.633506	0.095494	0.101833	-0.181609
1.632828	0.095855	0.101730	-0.168304
1.632151	0.095593	0.101697	-0.174849
1.631475	0.095463	0.101259	-0.166034
1.630800	0.095357	0.101188	-0.167067
1.630125	0.094744	0.100820	-0.174046
1.629451	0.094501	0.100482	-0.171350
1.628778	0.094230	0.099968	-0.164370
1.628105	0.093837	0.099814	-0.171220
1.627433	0.093865	0.099570	-0.163447
1.626761	0.093846	0.099475	-0.161273
1.626091	0.093645	0.099383	-0.164360
1.625421	0.093474	0.098933	-0.156390
1.624751	0.093204	0.098638	-0.155666
1.624083	0.093026	0.098455	-0.155513
1.623414	0.092985	0.098307	-0.152467
1.622747	0.093120	0.098192	-0.145303
1.622080	0.093080	0.098379	-0.151818
1.621414	0.093026	0.098183	-0.147749
1.620749	0.092795	0.097965	-0.148103
1.620084	0.092827	0.097941	-0.146504
1.619420	0.092905	0.097684	-0.136931
1.618757	0.092803	0.097748	-0.141667
1.618094	0.092567	0.097536	-0.142346
1.617432	0.092545	0.097468	-0.141039
1.616770	0.092495	0.097203	-0.134877
1.616109	0.092468	0.097070	-0.131859
1.615449	0.092454	0.097063	-0.132033
1.614790	0.092131	0.096843	-0.134978
1.614131	0.092366	0.096953	-0.131417
1.613473	0.092514	0.097001	-0.128538
1.612815	0.092045	0.096617	-0.130968
1.612158	0.091915	0.096361	-0.127356
1.611502	0.092069	0.096324	-0.121874
1.610846	0.091933	0.095988	-0.116156
1.610191	0.091629	0.095871	-0.121547
1.609537	0.091824	0.095836	-0.114948
1.608883	0.091757	0.095827	-0.116584
1.608230	0.091753	0.095782	-0.115408
1.607578	0.091616	0.095563	-0.113064
1.606926	0.091370	0.095208	-0.109957
1.606275	0.091148	0.094999	-0.110333
1.605625	0.091145	0.094944	-0.108852
1.604975	0.091261	0.095145	-0.111256
1.604326	0.091347	0.094991	-0.104385
1.603677	0.090885	0.094463	-0.102493
1.603029	0.090779	0.094203	-0.098094
1.602382	0.090440	0.094102	-0.104908
1.601735	0.090417	0.093933	-0.100716
1.601089	0.090037	0.093612	-0.102440
1.600444	0.089821	0.093076	-0.093243
1.599799	0.089813	0.093149	-0.095571
1.599155	0.089790	0.092807	-0.086431
1.598512	0.089663	0.092933	-0.093683
1.597869	0.089584	0.092910	-0.095267
1.597227	0.089576	0.092681	-0.088952
1.596585	0.089225	0.092430	-0.091809
1.595944	0.089223	0.092520	-0.094454
1.595304	0.089338	0.092273	-0.084059
1.594664	0.089271	0.091877	-0.074659
1.594025	0.088813	0.091850	-0.086992
1.593386	0.088885	0.091690	-0.080370
1.592749	0.088894	0.091579	-0.076936
1.592111	0.088730	0.091214	-0.071164
1.591475	0.088404	0.090993	-0.074174
1.590839	0.088204	0.091030	-0.080958
1.590203	0.088111	0.090720	-0.074721
1.589569	0.088241	0.090582	-0.067047
1.588935	0.087969	0.090489	-0.072170
1.588301	0.087795	0.090538	-0.078578
1.587668	0.088127	0.090207	-0.059596
1.587036	0.088099	0.090222	-0.060820
1.586404	0.087822	0.089917	-0.060024
1.585773	0.087601	0.089767	-0.062045
1.585143	0.087456	0.089468	-0.057620
1.584513	0.087215	0.089415	-0.063021
1.583884	0.087220	0.089449	-0.063853
1.583255	0.087061	0.089349	-0.065553
1.582627	0.087077	0.088859	-0.051049
1.582000	0.086681	0.088717	-0.058331
1.581373	0.086952	0.088626	-0.047959
1.580747	0.087105	0.088533	-0.040897
1.580121	0.086761	0.088638	-0.053753
1.579496	0.086662	0.088218	-0.044577
1.578872	0.086334	0.088141	-0.051781
1.578248	0.086152	0.087806	-0.047373
1.577625	0.086172	0.087753	-0.045300
1.577002	0.085847	0.087851	-0.057410
1.576380	0.086150	0.087506	-0.038868
1.575759	0.085418	0.087512	-0.059979
1.575138	0.086113	0.087519	-0.040275
1.574518	0.085910	0.087462	-0.044467
1.573899	0.085871	0.087091	-0.034949
1.573280	0.086307	0.087163	-0.024514
1.572661	0.086007	0.087319	-0.037574
1.572044	0.085713	0.086583	-0.024906
1.571426	0.085401	0.086400	-0.028604
1.570810	0.085087	0.086288	-0.034431
1.570194	0.084890	0.085850	-0.027488
1.569578	0.084711	0.086153	-0.041306
1.568964	0.084965	0.085906	-0.026951
1.568349	0.084879	0.085779	-0.025780
1.567736	0.085069	0.085645	-0.016495
1.567123	0.085105	0.085669	-0.016166
1.566510	0.085042	0.085754	-0.020385
1.565899	0.085179	0.086074	-0.025624
1.565287	0.085159	0.085954	-0.022776
1.564677	0.084949	0.085252	-0.008692
1.564066	0.084530	0.085186	-0.018802
1.563457	0.084681	0.084857	-0.005043
1.562848	0.084731	0.084844	-0.003239
1.562240	0.084095	0.084833	-0.021142
1.561632	0.084344	0.084721	-0.010820
1.561025	0.084341	0.084980	-0.018299
1.560418	0.084392	0.084720	-0.009381
1.559812	0.084280	0.084579	-0.008581
1.559207	0.084372	0.084505	-0.003831
1.558602	0.084337	0.084117	0.006294
1.557997	0.084060	0.084010	0.001433
1.557394	0.083835	0.083737	0.002792
1.556791	0.083464	0.083218	0.007069
1.556188	0.083527	0.083803	-0.007919
1.555586	0.083054	0.083807	-0.021547
1.554985	0.083177	0.083334	-0.004495
1.554384	0.083226	0.083185	0.001188
1.553783	0.082632	0.083033	-0.011488
1.553184	0.082600	0.082744	-0.004102
1.552585	0.082845	0.082313	0.015227
1.551986	0.083038	0.082568	0.013457
1.551388	0.082873	0.082519	0.010144
1.550791	0.082475	0.082285	0.005438
1.550194	0.082659	0.082816	-0.004474
1.549597	0.082677	0.082448	0.006576
1.549002	0.082615	0.081993	0.017822
1.548406	0.082359	0.081770	0.016869
1.547812	0.082249	0.082175	0.002116
1.547218	0.081928	0.081765	0.004686
1.546624	0.082111	0.081670	0.012624
1.546031	0.082399	0.081623	0.022205
1.545439	0.082019	0.081764	0.007314
1.544847	0.082276	0.081652	0.017869
1.544256	0.082630	0.081870	0.021766
1.543665	0.082683	0.081677	0.028820
1.543075	0.082366	0.081316	0.030090
1.542486	0.081463	0.081468	-0.000135
1.541897	0.081393	0.080834	0.016019
1.541308	0.081530	0.080672	0.024576
1.540720	0.081408	0.080728	0.019494
1.540133	0.081414	0.080500	0.026181
1.539546	0.081638	0.080485	0.033038
1.538960	0.080722	0.080398	0.009274
1.538374	0.081605	0.080497	0.031751
1.537789	0.081157	0.080046	0.031817
1.537204	0.080847	0.079566	0.036697
1.536620	0.080867	0.080042	0.023640
1.536037	0.080909	0.079776	0.032464
1.535454	0.081486	0.080126	0.038966
1.534872	0.081172	0.080091	0.030988
1.534290	0.081279	0.080384	0.025622
1.533708	0.081016	0.080383	0.018126
1.533128	0.080993	0.079645	0.038613
1.532548	0.080819	0.079590	0.035220
1.531968	0.081016	0.079318	0.048622
1.531389	0.080386	0.079378	0.028884
1.530810	0.080246	0.079531	0.020481
1.530232	0.080221	0.079077	0.032774
1.529655	0.080422	0.079215	0.034563
1.529078	0.080921	0.079526	0.039976
1.528501	0.080643	0.079238	0.040256
1.527925	0.080788	0.079552	0.035405
1.527350	0.080478	0.078971	0.043184
1.526775	0.080901	0.079629	0.036444
1.526201	0.080545	0.079557	0.028320
1.525627	0.080952	0.079554	0.040070
1.525054	0.080892	0.079712	0.033802
1.524481	0.080422	0.079532	0.025499
1.523909	0.080570	0.079345	0.035093
1.523338	0.081365	0.079105	0.064757
1.522767	0.080595	0.079164	0.040994
1.522196	0.080685	0.079199	0.042554
1.521626	0.080330	0.078999	0.038116
1.521057	0.079872	0.078917	0.027353
1.520488	0.080111	0.078839	0.036441
1.519919	0.080146	0.078530	0.046274
1.519351	0.080274	0.078615	0.047535
1.518784	0.080157	0.078574	0.045354
1.518217	0.079999	0.078834	0.033393
1.517651	0.079809	0.078691	0.032028
1.517085	0.079755	0.078476	0.036634
1.516520	0.080608	0.078320	0.065555
1.515955	0.080201	0.079071	0.032357
1.515391	0.079497	0.078076	0.040714
1.514827	0.079599	0.078180	0.040653
1.514264	0.079856	0.077843	0.057687
1.513702	0.079830	0.078187	0.047087
1.513139	0.079861	0.078031	0.052437
1.512578	0.080062	0.077935	0.060922
1.512017	0.080501	0.078605	0.054301
1.511456	0.080224	0.078361	0.053376
1.510896	0.080530	0.078520	0.057578
1.510337	0.080090	0.078378	0.049058
1.509778	0.079961	0.078433	0.043783
1.509219	0.080317	0.078623	0.048533
1.508661	0.079306	0.078539	0.021962
1.508104	0.080072	0.078317	0.050280
1.507547	0.079579	0.078338	0.035535
1.506990	0.079843	0.077876	0.056344
1.506435	0.079869	0.077955	0.054824
1.505879	0.079503	0.078078	0.040807
1.505324	0.079666	0.077488	0.062388
1.504770	0.079109	0.077469	0.046967
1.504216	0.079428	0.077044	0.068292
1.503663	0.079259	0.076968	0.065646
1.503110	0.078593	0.077499	0.031330
1.502558	0.079086	0.077053	0.058237
1.502006	0.078774	0.076707	0.059196
1.501454	0.079088	0.076814	0.065143
1.500904	0.079690	0.077550	0.061319
1.500353	0.078900	0.077623	0.036592
1.499803	0.079738	0.077888	0.052987
1.499254	0.079505	0.077047	0.070425
1.498705	0.079190	0.077224	0.056312
1.498157	0.079214	0.077319	0.054271
1.497609	0.078896	0.077171	0.049419
1.497062	0.079160	0.077671	0.042642
1.496515	0.079278	0.076969	0.066146
1.495969	0.079352	0.077125	0.063784
1.495423	0.078955	0.076999	0.056049
1.494878	0.079775	0.077136	0.075606
1.494333	0.079283	0.078184	0.031487
1.493789	0.079152	0.077412	0.049868
1.493245	0.079499	0.077600	0.054421
1.492702	0.079302	0.077709	0.045639
1.492159	0.079447	0.077144	0.065982
1.491617	0.079244	0.077077	0.062088
1.491075	0.079538	0.077309	0.063864
1.490533	0.078732	0.077442	0.036966
1.489993	0.079370	0.077643	0.049469
1.489452	0.079389	0.078052	0.038292
1.488912	0.080186	0.077678	0.071850
1.488373	0.080124	0.077916	0.063267
1.487834	0.079969	0.078207	0.050490
1.487296	0.080073	0.078190	0.053919
1.486758	0.080699	0.078103	0.074376
1.486221	0.080091	0.078325	0.050578
1.485684	0.080066	0.077505	0.073360
1.485147	0.079899	0.077931	0.056377
1.484611	0.079964	0.077590	0.068005
1.484076	0.079220	0.077952	0.036327
1.483541	0.080462	0.077667	0.080065
1.483007	0.079951	0.077138	0.080581
1.482473	0.079340	0.076891	0.070146
1.481939	0.079352	0.077221	0.061047
1.481406	0.079769	0.077237	0.072528
1.480874	0.079908	0.077233	0.076635
1.480341	0.079977	0.077530	0.070097
1.479810	0.079583	0.077213	0.067883
1.479279	0.079761	0.077022	0.078455
1.478748	0.079066	0.077486	0.045264
1.478218	0.079836	0.078203	0.046781
1.477688	0.079947	0.077805	0.061365
1.477159	0.079532	0.077702	0.052417
1.476631	0.079638	0.077274	0.067720
1.476102	0.080580	0.077972	0.074716
1.475575	0.079914	0.077593	0.066482
1.475047	0.079274	0.077031	0.064252
1.474521	0.080326	0.077405	0.083688
1.473994	0.080903	0.077693	0.091938
1.473469	0.080459	0.077494	0.084938
1.472943	0.079829	0.077673	0.061748
1.472418	0.080213	0.077519	0.077173
1.471894	0.079376	0.077702	0.047964
1.471370	0.079758	0.077624	0.061127
1.470846	0.080174	0.077959	0.063450
1.470323	0.079551	0.077907	0.047116
1.469801	0.080070	0.077819	0.064479
1.469279	0.080125	0.077749	0.068054
1.468757	0.080125	0.077782	0.067133
1.468236	0.080719	0.078465	0.064559
1.467716	0.081226	0.078171	0.087512
1.467195	0.080266	0.077964	0.065961
1.466676	0.080270	0.078477	0.051347
1.466156	0.080108	0.077730	0.068130
1.465638	0.080227	0.077742	0.071205
1.465119	0.079864	0.078553	0.037555
1.464601	0.080359	0.078089	0.065027
1.464084	0.079957	0.078007	0.055854
1.463567	0.080839	0.078557	0.065380
1.463051	0.080400	0.078748	0.047326
1.462535	0.081142	0.078508	0.075443
1.462019	0.081130	0.079378	0.050203
1.461504	0.081333	0.078541	0.079977
1.460989	0.081015	0.079140	0.053700
1.460475	0.080352	0.079070	0.036719
1.459962	0.081342	0.078369	0.085185
1.459448	0.081364	0.078594	0.079352
1.458936	0.081902	0.079515	0.068373
1.458423	0.081064	0.079339	0.049424
1.457911	0.081169	0.078861	0.066142
1.457400	0.080978	0.079377	0.045844
1.456889	0.081159	0.078718	0.069946
1.456379	0.080841	0.079050	0.051313
1.455869	0.081124	0.078881	0.064244
1.455359	0.080701	0.077790	0.083403
1.454850	0.080989	0.078004	0.085507
1.454341	0.081262	0.078497	0.079191
1.453833	0.080990	0.078510	0.071039
1.453325	0.080775	0.078656	0.060694
1.452818	0.080884	0.078210	0.076607
1.452311	0.080839	0.077655	0.091233
1.451805	0.080549	0.078534	0.057721
1.451299	0.081094	0.078867	0.063783
1.450793	0.080353	0.078626	0.049486
1.450288	0.081475	0.079308	0.062066
1.449783	0.081581	0.078515	0.087838
1.449279	0.081727	0.078760	0.085000
1.448775	0.081805	0.079057	0.078727
1.448272	0.080960	0.078959	0.057334
1.447769	0.081856	0.078675	0.091156
1.447267	0.082506	0.079292	0.092053
1.446765	0.083265	0.080351	0.083469
1.446263	0.082566	0.079060	0.100448
1.445762	0.082522	0.079917	0.074608
1.445262	0.082076	0.080753	0.037926
1.444762	0.082093	0.080490	0.045915
1.444262	0.082064	0.079953	0.060494
1.443763	0.082314	0.080455	0.053238
1.443264	0.081979	0.079433	0.072920
1.442765	0.080977	0.079051	0.055194
1.442267	0.081090	0.079904	0.033973
1.441770	0.081449	0.079469	0.056736
1.441273	0.082733	0.079067	0.105019
1.440776	0.081637	0.079552	0.059750
1.440280	0.081679	0.079790	0.054115
1.439784	0.082017	0.079582	0.069763
1.439289	0.081933	0.079700	0.063963
1.438794	0.082404	0.080615	0.051249
1.438299	0.082742	0.079487	0.093251
1.437805	0.082965	0.080079	0.082705
1.437312	0.083389	0.081241	0.061533
1.436819	0.081787	0.081422	0.010453
1.436326	0.082486	0.081569	0.026251
1.435834	0.083070	0.081155	0.054884
1.435342	0.082924	0.080241	0.076856
1.434850	0.083451	0.080735	0.077795
1.434359	0.082520	0.080920	0.045823
1.433869	0.083803	0.080712	0.088537
1.433379	0.081979	0.081531	0.012819
1.432889	0.082779	0.079705	0.088079
1.432400	0.082479	0.080709	0.050703
1.431911	0.081948	0.080322	0.046581
1.431422	0.082103	0.080551	0.044452
1.430934	0.083726	0.081489	0.064090
1.430447	0.082903	0.080641	0.064802
1.429960	0.082008	0.079286	0.077992
1.429473	0.082956	0.080834	0.060788
1.428987	0.083235	0.081421	0.051949
1.428501	0.083113	0.081547	0.044878
1.428015	0.082669	0.080718	0.055905
1.427530	0.081827	0.081134	0.019867
1.427046	0.081705	0.080489	0.034837
1.426561	0.082921	0.081459	0.041876
1.426078	0.083863	0.080837	0.086680
1.425594	0.083209	0.080375	0.081196
1.425111	0.083144	0.080450	0.077187
1.424629	0.083260	0.080101	0.090498
1.424147	0.082375	0.081177	0.034320
1.423665	0.081799	0.080095	0.048824
1.423184	0.083481	0.080413	0.087909
1.422703	0.084492	0.081376	0.089272
1.422223	0.083873	0.082322	0.044442
1.421743	0.083806	0.080581	0.092379
1.421263	0.083673	0.081219	0.070318
1.420784	0.083628	0.080555	0.088034
1.420306	0.083433	0.080772	0.076236
1.419827	0.082788	0.081527	0.036112
1.419349	0.083195	0.081139	0.058891
1.418872	0.083507	0.081333	0.062289
1.418395	0.084205	0.081002	0.091753
1.417918	0.082664	0.081141	0.043652
1.417442	0.083802	0.082166	0.046878
1.416966	0.083062	0.083133	-0.002027
1.416491	0.084414	0.081144	0.093692
1.416016	0.082804	0.081838	0.027690
1.415541	0.082939	0.081748	0.034122
1.415067	0.083147	0.082345	0.022968
1.414593	0.083996	0.082135	0.053308
1.414120	0.082949	0.080982	0.056360
1.413647	0.083109	0.081334	0.050825
1.413174	0.083859	0.082559	0.037250
1.412702	0.083814	0.081294	0.072191
1.412231	0.083166	0.081742	0.040792
1.411759	0.083791	0.082170	0.046432
1.411288	0.085253	0.081395	0.110521
1.410818	0.083415	0.081779	0.046868
1.410348	0.084157	0.080779	0.096767
1.409878	0.084118	0.081565	0.073162
1.409409	0.083452	0.082294	0.033184
1.408940	0.085192	0.082498	0.077195
1.408472	0.084394	0.082709	0.048268
1.408004	0.084186	0.082825	0.039003
1.407536	0.083320	0.082120	0.034382
1.407069	0.084133	0.081941	0.062792
1.406602	0.083623	0.083374	0.007116
1.406135	0.084562	0.082452	0.060442
1.405669	0.085627	0.081243	0.125582
1.405204	0.084557	0.081195	0.096299
1.404738	0.085039	0.081918	0.089406
1.404274	0.082951	0.081871	0.030924
1.403809	0.083976	0.082088	0.054085
1.403345	0.083683	0.081571	0.060524
1.402882	0.083260	0.081954	0.037427
1.402418	0.083093	0.081208	0.053999
1.401955	0.083272	0.082220	0.030139
1.401493	0.083557	0.080912	0.075776
1.401031	0.083853	0.081587	0.064922
1.400569	0.083161	0.080844	0.066389
1.400108	0.085053	0.082118	0.084075
1.399647	0.083750	0.081505	0.064342
1.399187	0.084752	0.081201	0.101721
1.398727	0.083919	0.082442	0.042297
1.398267	0.083407	0.082107	0.037238
1.397808	0.083648	0.082112	0.044008
1.397349	0.085460	0.082437	0.086624
1.396890	0.083630	0.082254	0.039415
1.396432	0.083454	0.081726	0.049479
1.395974	0.084542	0.082495	0.058638
1.395517	0.084680	0.082592	0.059809
1.395060	0.082760	0.082560	0.005745
1.394604	0.083996	0.082419	0.045172
1.394147	0.082804	0.082308	0.014213
1.393692	0.083432	0.082850	0.016673
1.393236	0.083241	0.081643	0.045778
1.392781	0.082725	0.082251	0.013584
1.392327	0.084422	0.083174	0.035751
1.391873	0.085828	0.083594	0.064002
1.391419	0.083178	0.082725	0.012991
1.390965	0.084284	0.082734	0.044420
1.390512	0.083844	0.083126	0.020547
