6.542578	-0.171728	-0.171728	0.000000
6.529189	-0.171729	-0.171729	0.000000
6.515856	-0.889185	-0.681427	-5.951822
6.502578	-1.777365	-0.710340	-30.567998
6.489355	-1.184430	-0.950883	-6.690628
6.476188	-0.256062	-0.374688	3.398384
6.463075	-0.409231	-0.480519	2.042244
6.450016	-0.423913	-0.569174	4.161414
6.437011	-0.721333	-0.743230	0.627309
6.424060	-1.152032	-0.342142	-23.201635
6.411162	-0.277800	-1.053899	22.233605
6.398317	-5.594461	-3.109789	-71.180626
6.385525	-0.810206	-2.157727	38.603624
6.372785	0.771160	-0.761989	43.921472
6.360096	-0.446934	-7.087451	190.236797
6.347460	-0.357161	-0.555487	5.681603
6.334875	-1.538824	-2.345876	23.120335
6.322341	-0.430659	-0.647348	6.207681
6.309857	-0.487865	-1.411975	26.473820
6.297424	-0.270129	-0.366314	2.755500
6.285042	-0.267909	-0.265962	-0.055777
6.272709	-0.288561	-0.992985	20.180237
6.260425	-0.219163	-0.453583	6.715645
6.248191	-0.382221	-0.581612	5.712137
6.236005	-0.153524	-0.131388	-0.634137
6.223868	0.004347	-0.035066	1.129106
6.211780	-0.004674	-0.004993	0.009142
6.199740	-0.008721	-0.021316	0.360841
6.187747	-0.040003	-0.035901	-0.117489
6.175802	-0.000340	-0.025289	0.714719
6.163904	-0.024003	-0.042295	0.524010
6.152053	-0.029560	-0.025937	-0.103802
6.140248	-0.013330	-0.006612	-0.192477
6.128490	-0.006460	-0.040196	0.966454
6.116778	-0.009018	-0.006789	-0.063847
6.105112	-0.034206	-0.009834	-0.698193
6.093492	-0.025060	-0.025034	-0.000747
6.081916	-0.021357	-0.035030	0.391702
6.070386	-0.005824	-0.010396	0.130984
6.058901	-0.025721	-0.008767	-0.485707
6.047460	-0.011892	-0.006477	-0.155132
6.036063	-0.000322	-0.027421	0.776342
6.024710	-0.026064	-0.023617	-0.070125
6.013401	-0.025600	-0.027604	0.057411
6.002135	-0.017652	-0.029067	0.327008
5.990913	-0.029565	-0.009841	-0.565045
5.979734	-0.009222	-0.022232	0.372709
5.968597	-0.024187	-0.023641	-0.015637
5.957503	-0.006951	-0.025809	0.540241
5.946451	-0.027134	-0.044485	0.497077
5.935442	-0.010531	-0.019519	0.257493
5.924474	-0.008330	-0.023399	0.431700
5.913547	-0.031048	-0.014110	-0.485241
5.902662	-0.024073	-0.028785	0.135016
5.891818	-0.012601	-0.028725	0.461920
5.881015	0.000289	-0.031244	0.903355
5.870252	-0.017033	-0.021734	0.134687
5.859530	-0.006017	-0.011828	0.166471
5.848848	-0.013932	-0.034790	0.597539
5.838205	-0.033972	-0.020900	-0.374495
5.827603	-0.026091	-0.026517	0.012208
5.817040	0.011012	-0.001693	0.363970
5.806516	-0.029836	-0.005950	-0.684278
5.796031	-0.023790	-0.015055	-0.250248
5.785586	-0.043726	-0.027876	-0.454059
5.775178	-0.014577	-0.022857	0.237205
5.764810	0.000457	-0.012344	0.366715
5.754479	-0.031748	-0.004348	-0.784954
5.744186	-0.034663	-0.018374	-0.466649
5.733931	-0.008192	-0.016533	0.238955
5.723714	-0.011934	-0.030052	0.519047
5.713534	-0.006360	-0.021736	0.440486
5.703391	-0.025846	-0.016561	-0.265990
5.693285	-0.006383	-0.019007	0.361644
5.683216	0.006179	-0.019231	0.727961
5.673184	-0.018309	-0.030359	0.345209
5.663188	-0.005544	-0.010683	0.147228
5.653228	-0.009673	-0.030908	0.608354
5.643304	-0.014053	-0.008296	-0.164932
5.633415	0.003908	-0.024362	0.809869
5.623562	-0.011559	-0.011626	0.001926
5.613745	-0.016551	-0.028172	0.332940
5.603963	-0.012970	-0.038995	0.745548
5.594216	-0.011923	-0.014480	0.073275
5.584504	-0.038244	-0.039922	0.048081
5.574826	-0.011588	-0.024435	0.368030
5.565183	-0.030562	-0.027771	-0.079967
5.555574	-0.024273	-0.030532	0.179283
5.545999	-0.020331	-0.028952	0.246966
5.536458	-0.021912	-0.021387	-0.015049
5.526950	-0.015780	-0.029236	0.385466
5.517477	-0.025313	-0.024539	-0.022174
5.508036	-0.026031	-0.031302	0.150998
5.498629	-0.008834	-0.052151	1.240921
5.489255	-0.037264	-0.022171	-0.432388
5.479914	-0.021028	-0.019403	-0.046578
5.470605	-0.015495	-0.026675	0.320259
5.461329	-0.023676	-0.012944	-0.307446
5.452085	-0.017500	-0.021853	0.124701
5.442874	-0.035131	-0.021561	-0.388753
5.433694	-0.022536	-0.051505	0.829881
5.424546	-0.027019	-0.027177	0.004540
5.415430	-0.025561	-0.024232	-0.038054
5.406345	-0.007727	-0.021371	0.390875
5.397292	-0.029553	-0.026249	-0.094641
5.388270	-0.016655	-0.023859	0.206396
5.379279	-0.020050	-0.033912	0.397103
5.370319	-0.036025	-0.017407	-0.533367
5.361389	-0.029365	-0.024666	-0.134597
5.352490	-0.036650	-0.022301	-0.411061
5.343621	-0.020034	-0.023575	0.101459
5.334783	-0.018879	-0.039048	0.577790
5.325975	-0.032754	-0.038681	0.169775
5.317196	-0.032656	-0.022269	-0.297560
5.308448	-0.022285	-0.013764	-0.244119
5.299729	-0.023394	-0.020633	-0.079089
5.291039	-0.030352	-0.031026	0.019317
5.282379	-0.035872	-0.020288	-0.446447
5.273748	-0.013691	-0.027386	0.392307
5.265146	-0.020735	-0.025209	0.128181
5.256573	-0.014726	-0.031619	0.483936
5.248029	-0.034459	-0.014415	-0.574210
5.239513	-0.020030	-0.030239	0.292469
5.231026	-0.027090	-0.032665	0.159717
5.222567	-0.016041	-0.020886	0.138798
5.214136	-0.025642	-0.032427	0.194373
5.205733	-0.024794	-0.028310	0.100746
5.197358	-0.019381	-0.018562	-0.023471
5.189011	-0.010442	-0.020002	0.273872
5.180691	-0.023085	-0.017490	-0.160279
5.172399	-0.019284	-0.018677	-0.017382
5.164135	-0.027054	-0.014786	-0.351434
5.155897	-0.021690	-0.016718	-0.142437
5.147687	-0.027179	-0.026475	-0.020150
5.139503	-0.020396	-0.024656	0.122026
5.131346	-0.016474	-0.023281	0.195010
5.123216	-0.026477	-0.016993	-0.271691
5.115113	-0.019702	-0.023645	0.112945
5.107036	-0.018779	-0.019687	0.026004
5.098985	0.001246	-0.015575	0.481892
5.090960	-0.013691	-0.018484	0.137307
5.082962	-0.026774	-0.016889	-0.283158
5.074989	-0.012375	-0.016594	0.120874
5.067042	-0.016250	-0.021258	0.143455
5.059121	-0.024499	-0.016172	-0.238577
5.051225	-0.024841	-0.013228	-0.332681
5.043355	-0.014117	-0.015779	0.047606
5.035510	-0.015608	-0.012271	-0.095589
5.027690	-0.022071	-0.017605	-0.127937
5.019895	-0.014111	-0.021047	0.198699
5.012126	-0.011243	-0.019212	0.228288
5.004381	-0.011921	-0.014836	0.083521
4.996660	-0.009235	-0.012331	0.088694
4.988964	-0.015143	-0.010854	-0.122858
4.981293	-0.017129	-0.011552	-0.159779
4.973646	-0.015835	-0.014660	-0.033651
4.966023	-0.018152	-0.014001	-0.118929
4.958425	-0.019188	-0.013945	-0.150206
4.950850	-0.008228	-0.018134	0.283796
4.943299	-0.009521	-0.004913	-0.132023
4.935772	-0.009610	-0.011698	0.059820
4.928269	-0.018035	-0.016130	-0.054557
4.920789	-0.007044	-0.017420	0.297251
4.913333	-0.016668	-0.013989	-0.076759
4.905900	-0.016703	-0.012531	-0.119537
4.898490	-0.013099	-0.020672	0.216945
4.891103	-0.008753	-0.009422	0.019157
4.883739	-0.009130	-0.020372	0.322055
4.876399	-0.009263	-0.014336	0.145321
4.869081	-0.014420	-0.012657	-0.050507
4.861785	-0.010521	-0.016376	0.167740
4.854512	-0.010659	-0.012921	0.064808
4.847262	-0.014647	-0.013182	-0.041976
4.840034	-0.006425	-0.013896	0.214014
4.832829	-0.012174	-0.011467	-0.020262
4.825645	-0.008244	-0.014572	0.181281
4.818484	-0.010058	-0.011387	0.038083
4.811344	-0.009881	-0.009024	-0.024551
4.804227	-0.015019	-0.014078	-0.026948
4.797131	-0.018046	-0.016484	-0.044724
4.790057	-0.014658	-0.015599	0.026946
4.783004	-0.014908	-0.012866	-0.058492
4.775973	-0.013573	-0.013747	0.004990
4.768963	-0.007309	-0.013603	0.180310
4.761974	-0.013962	-0.017214	0.093149
4.755007	-0.011410	-0.011635	0.006452
4.748061	-0.014102	-0.013187	-0.026208
4.741136	-0.017437	-0.010247	-0.205988
4.734231	-0.008026	-0.012081	0.116168
4.727348	-0.012251	-0.015244	0.085740
4.720485	-0.009524	-0.014103	0.131174
4.713642	-0.012684	-0.015498	0.080619
4.706821	-0.013987	-0.011871	-0.060617
4.700019	-0.008574	-0.012926	0.124663
4.693238	-0.010827	-0.017208	0.182795
4.686478	-0.009907	-0.014975	0.145198
4.679737	-0.011282	-0.010730	-0.015813
4.673016	-0.012783	-0.008864	-0.112257
4.666316	-0.011030	-0.008978	-0.058774
4.659635	-0.016637	-0.010297	-0.181617
4.652974	-0.011708	-0.010609	-0.031510
4.646333	-0.013435	-0.014851	0.040565
4.639711	-0.011608	-0.013950	0.067098
4.633109	-0.010870	-0.014571	0.106029
4.626527	-0.011862	-0.009701	-0.061901
4.619963	-0.015146	-0.011577	-0.102249
4.613420	-0.009319	-0.011424	0.060319
4.606895	-0.008653	-0.013448	0.137388
4.600389	-0.014433	-0.010001	-0.126971
4.593902	-0.012869	-0.012741	-0.003667
4.587435	-0.012432	-0.013164	0.020966
4.580986	-0.009528	-0.012232	0.077478
4.574556	-0.013596	-0.009930	-0.105036
4.568145	-0.012456	-0.010103	-0.067425
4.561752	-0.012923	-0.008081	-0.138699
4.555378	-0.015044	-0.009665	-0.154091
4.549022	-0.011996	-0.011059	-0.026840
4.542685	-0.012465	-0.010681	-0.051116
4.536365	-0.014480	-0.012188	-0.065649
4.530065	-0.014147	-0.010425	-0.106629
4.523782	-0.011294	-0.014695	0.097441
4.517517	-0.012247	-0.014736	0.071308
4.511271	-0.010961	-0.010918	-0.001242
4.505042	-0.012353	-0.013710	0.038871
4.498831	-0.016370	-0.013575	-0.080047
4.492638	-0.013287	-0.009379	-0.111950
4.486462	-0.016180	-0.014431	-0.050102
4.480304	-0.013804	-0.014959	0.033106
4.474164	-0.012486	-0.009413	-0.088009
4.468041	-0.011812	-0.011415	-0.011364
4.461935	-0.013585	-0.012717	-0.024849
4.455847	-0.013445	-0.014046	0.017220
4.449776	-0.013110	-0.015763	0.076009
4.443722	-0.015797	-0.015322	-0.013595
4.437686	-0.013613	-0.013099	-0.014749
4.431666	-0.013129	-0.013906	0.022285
4.425663	-0.013856	-0.013694	-0.004668
4.419677	-0.014019	-0.011772	-0.064379
4.413708	-0.017150	-0.013173	-0.113921
4.407755	-0.012946	-0.011131	-0.051985
4.401820	-0.013440	-0.012795	-0.018495
4.395901	-0.014669	-0.013571	-0.031451
4.389998	-0.016443	-0.013888	-0.073197
4.384112	-0.015783	-0.012146	-0.104201
4.378242	-0.013535	-0.010380	-0.090381
4.372389	-0.013843	-0.012672	-0.033540
4.366551	-0.016158	-0.011933	-0.121061
4.360730	-0.014233	-0.013212	-0.029260
4.354925	-0.017120	-0.011863	-0.150607
4.349136	-0.016961	-0.010434	-0.186991
4.343364	-0.018664	-0.013673	-0.142977
4.337607	-0.017252	-0.012662	-0.131504
4.331865	-0.014978	-0.015673	0.019924
4.326140	-0.020439	-0.010241	-0.292145
4.320430	-0.015771	-0.014099	-0.047905
4.314736	-0.016688	-0.014905	-0.051090
4.309058	-0.017213	-0.010836	-0.182696
4.303395	-0.014627	-0.012970	-0.047459
4.297748	-0.014770	-0.012231	-0.072740
4.292116	-0.014838	-0.012149	-0.077027
4.286499	-0.015424	-0.013148	-0.065196
4.280898	-0.015378	-0.010407	-0.142407
4.275312	-0.017431	-0.012749	-0.134138
4.269741	-0.014961	-0.013554	-0.040310
4.264185	-0.016029	-0.013994	-0.058308
4.258644	-0.017691	-0.014841	-0.081635
4.253118	-0.017617	-0.013786	-0.109752
4.247607	-0.017570	-0.012526	-0.144494
4.242111	-0.016235	-0.012296	-0.112846
4.236629	-0.017498	-0.012417	-0.145576
4.231163	-0.015018	-0.012861	-0.061776
4.225711	-0.016375	-0.014118	-0.064659
4.220274	-0.016236	-0.015044	-0.034144
4.214851	-0.015751	-0.013014	-0.078420
4.209442	-0.016278	-0.013851	-0.069514
4.204049	-0.014691	-0.015306	0.017620
4.198669	-0.016858	-0.013705	-0.090325
4.193304	-0.017217	-0.012708	-0.129158
4.187953	-0.016635	-0.015251	-0.039639
4.182616	-0.017347	-0.014396	-0.084530
4.177294	-0.018624	-0.015492	-0.089712
4.171985	-0.017205	-0.014025	-0.091112
4.166691	-0.016896	-0.012601	-0.123043
4.161411	-0.017713	-0.014394	-0.095086
4.156144	-0.016971	-0.012981	-0.114286
4.150892	-0.018798	-0.013691	-0.146327
4.145653	-0.016853	-0.013626	-0.092435
4.140428	-0.018499	-0.013282	-0.149458
4.135217	-0.019217	-0.014029	-0.148639
4.130019	-0.019104	-0.016507	-0.074377
4.124835	-0.018956	-0.014393	-0.130718
4.119665	-0.018399	-0.015291	-0.089062
4.114508	-0.019616	-0.013856	-0.165006
4.109364	-0.017071	-0.015250	-0.052193
4.104234	-0.019332	-0.013648	-0.162833
4.099117	-0.019403	-0.015559	-0.110138
4.094014	-0.018544	-0.014755	-0.108544
4.088924	-0.017822	-0.014744	-0.088200
4.083846	-0.017838	-0.015132	-0.077499
4.078783	-0.020872	-0.017276	-0.103016
4.073732	-0.021498	-0.015682	-0.166626
4.068694	-0.019793	-0.015959	-0.109850
4.063669	-0.019689	-0.016112	-0.102451
4.058657	-0.021050	-0.015657	-0.154480
4.053658	-0.019156	-0.016572	-0.074022
4.048672	-0.021943	-0.016297	-0.161727
4.043699	-0.020150	-0.016499	-0.104611
4.038738	-0.019978	-0.016757	-0.092256
4.033790	-0.020819	-0.016082	-0.135710
4.028855	-0.019692	-0.017448	-0.064290
4.023933	-0.020972	-0.017048	-0.112412
4.019022	-0.020816	-0.016672	-0.118721
4.014125	-0.019590	-0.015923	-0.105045
4.009240	-0.022072	-0.017230	-0.138696
4.004367	-0.020052	-0.017213	-0.081355
3.999506	-0.020081	-0.015431	-0.133192
3.994658	-0.022731	-0.016877	-0.167724
3.989823	-0.020756	-0.016433	-0.123863
3.984999	-0.021633	-0.016185	-0.156085
3.980187	-0.021255	-0.016832	-0.126705
3.975388	-0.020174	-0.017210	-0.084910
3.970601	-0.021564	-0.016366	-0.148913
3.965826	-0.021301	-0.017654	-0.104452
3.961063	-0.022603	-0.017774	-0.138321
3.956311	-0.021391	-0.017329	-0.116385
3.951572	-0.022216	-0.017127	-0.145803
3.946844	-0.021443	-0.017419	-0.115281
3.942129	-0.021765	-0.017795	-0.113738
3.937425	-0.022553	-0.017634	-0.140921
3.932733	-0.021067	-0.018369	-0.077291
3.928052	-0.021899	-0.018046	-0.110376
3.923383	-0.021344	-0.017746	-0.103092
3.918726	-0.021607	-0.017680	-0.112504
3.914080	-0.021277	-0.017450	-0.109632
3.909446	-0.022829	-0.018488	-0.124353
3.904823	-0.020761	-0.018189	-0.073693
3.900212	-0.021891	-0.018532	-0.096214
3.895612	-0.021824	-0.018887	-0.084135
3.891023	-0.022774	-0.018815	-0.113424
3.886446	-0.021551	-0.018242	-0.094791
3.881880	-0.021307	-0.017964	-0.095772
3.877325	-0.022482	-0.018635	-0.110199
3.872781	-0.022753	-0.017988	-0.136502
3.868249	-0.022687	-0.017268	-0.155244
3.863727	-0.022345	-0.018268	-0.116788
3.859217	-0.024036	-0.017357	-0.191331
3.854718	-0.023151	-0.018398	-0.136166
3.850229	-0.022711	-0.018191	-0.129468
3.845752	-0.023146	-0.018946	-0.120320
3.841285	-0.022068	-0.018459	-0.103400
3.836829	-0.022736	-0.018050	-0.134238
3.832384	-0.021784	-0.018913	-0.082247
3.827950	-0.023041	-0.018718	-0.123820
3.823527	-0.023213	-0.018792	-0.126666
3.819114	-0.022481	-0.019075	-0.097586
3.814712	-0.023781	-0.018768	-0.143595
3.810321	-0.024030	-0.019163	-0.139433
3.805940	-0.024418	-0.019206	-0.149294
3.801570	-0.024176	-0.019452	-0.135329
3.797210	-0.022751	-0.019384	-0.096470
3.792860	-0.023866	-0.019586	-0.122595
3.788522	-0.023645	-0.019118	-0.129694
3.784193	-0.023534	-0.018712	-0.138137
3.779875	-0.023801	-0.019543	-0.122005
3.775567	-0.023859	-0.018333	-0.158328
3.771269	-0.025053	-0.018955	-0.174695
3.766982	-0.023497	-0.018581	-0.140809
3.762705	-0.023154	-0.019283	-0.110906
3.758438	-0.023115	-0.018859	-0.121931
3.754181	-0.023834	-0.019461	-0.125293
3.749935	-0.023304	-0.018515	-0.137176
3.745698	-0.023543	-0.019727	-0.109329
3.741472	-0.023722	-0.019786	-0.112747
3.737255	-0.024055	-0.020221	-0.109838
3.733048	-0.024079	-0.019827	-0.121790
3.728852	-0.024163	-0.020080	-0.116966
3.724665	-0.023791	-0.020117	-0.105242
3.720488	-0.023089	-0.019447	-0.104325
3.716321	-0.022810	-0.018933	-0.111071
3.712163	-0.022941	-0.018776	-0.119324
3.708016	-0.024945	-0.018772	-0.176865
3.703878	-0.024450	-0.019107	-0.153052
3.699750	-0.022927	-0.019452	-0.099544
3.695631	-0.023778	-0.020019	-0.107670
3.691522	-0.023376	-0.018481	-0.140231
3.687423	-0.024545	-0.020073	-0.128098
3.683333	-0.024199	-0.019311	-0.140042
3.679253	-0.023235	-0.018596	-0.132911
3.675182	-0.023665	-0.018929	-0.135671
3.671120	-0.024303	-0.020568	-0.106990
3.667069	-0.023668	-0.019918	-0.107447
3.663026	-0.024224	-0.019450	-0.136771
3.658993	-0.023499	-0.020004	-0.100112
3.654969	-0.023100	-0.019497	-0.103231
3.650954	-0.023579	-0.020360	-0.092220
3.646949	-0.022609	-0.019466	-0.090032
3.642953	-0.022956	-0.019916	-0.087087
3.638966	-0.023417	-0.018690	-0.135436
3.634988	-0.024045	-0.019643	-0.126102
3.631020	-0.024844	-0.020302	-0.130127
3.627060	-0.024702	-0.020271	-0.126927
3.623110	-0.024676	-0.020123	-0.130421
3.619168	-0.024041	-0.019991	-0.116034
3.615236	-0.023435	-0.020591	-0.081480
3.611312	-0.023477	-0.019075	-0.126103
3.607398	-0.023956	-0.019379	-0.131104
3.603492	-0.023392	-0.019957	-0.098402
3.599596	-0.023090	-0.018423	-0.133686
3.595708	-0.023441	-0.019078	-0.124975
3.591829	-0.022963	-0.019523	-0.098559
3.587959	-0.023307	-0.019771	-0.101293
3.584097	-0.022739	-0.019043	-0.105876
3.580244	-0.023165	-0.019531	-0.104086
3.576400	-0.023769	-0.018423	-0.153146
3.572565	-0.022607	-0.019370	-0.092727
3.568738	-0.024047	-0.020353	-0.105821
3.564920	-0.023299	-0.019436	-0.110654
3.561111	-0.023700	-0.019672	-0.115391
3.557310	-0.023190	-0.018775	-0.126489
3.553517	-0.023656	-0.018447	-0.149236
3.549734	-0.022229	-0.019594	-0.075501
3.545958	-0.023140	-0.019315	-0.109569
3.542191	-0.022086	-0.019765	-0.066492
3.538433	-0.022736	-0.018916	-0.109432
3.534683	-0.022690	-0.019211	-0.099671
3.530941	-0.022355	-0.019065	-0.094261
3.527207	-0.022750	-0.018012	-0.135746
3.523482	-0.022673	-0.018174	-0.128896
3.519765	-0.022785	-0.018553	-0.121232
3.516057	-0.022261	-0.018474	-0.108475
3.512356	-0.021810	-0.019406	-0.068867
3.508664	-0.022098	-0.019196	-0.083140
3.504980	-0.022274	-0.018681	-0.102913
3.501304	-0.023229	-0.018355	-0.139642
3.497636	-0.021987	-0.019178	-0.080472
3.493977	-0.021723	-0.018537	-0.091274
3.490325	-0.021966	-0.019406	-0.073337
3.486682	-0.022130	-0.018882	-0.093058
3.483046	-0.022892	-0.018305	-0.131414
3.479419	-0.022534	-0.018151	-0.125561
3.475799	-0.021978	-0.018277	-0.106009
3.472187	-0.022881	-0.017552	-0.152690
3.468583	-0.022443	-0.018517	-0.112455
3.464988	-0.021219	-0.017681	-0.101338
3.461400	-0.021165	-0.018249	-0.083534
3.457819	-0.021063	-0.017866	-0.091593
3.454247	-0.021365	-0.017869	-0.100146
3.450682	-0.022129	-0.017839	-0.122892
3.447125	-0.021159	-0.016900	-0.121999
3.443576	-0.020700	-0.017627	-0.088020
3.440035	-0.021462	-0.018083	-0.096828
3.436501	-0.020941	-0.017035	-0.111889
3.432975	-0.020374	-0.016980	-0.097223
3.429457	-0.020144	-0.016828	-0.094993
3.425946	-0.020375	-0.017287	-0.088477
3.422442	-0.020490	-0.017403	-0.088425
3.418947	-0.020496	-0.017487	-0.086202
3.415459	-0.020938	-0.016937	-0.114622
3.411978	-0.020796	-0.017823	-0.085185
3.408505	-0.021034	-0.017963	-0.087968
3.405039	-0.020805	-0.017283	-0.100877
3.401581	-0.020051	-0.016414	-0.104190
3.398130	-0.020849	-0.017887	-0.084842
3.394686	-0.020481	-0.016649	-0.109760
3.391250	-0.019878	-0.017048	-0.081090
3.387821	-0.018619	-0.017020	-0.045796
3.384400	-0.019522	-0.015802	-0.106565
3.380986	-0.018835	-0.015951	-0.082615
3.377579	-0.018992	-0.016472	-0.072215
3.374179	-0.018854	-0.016947	-0.054610
3.370787	-0.019198	-0.015782	-0.097870
3.367401	-0.019066	-0.016041	-0.086666
3.364023	-0.018632	-0.015618	-0.086364
3.360652	-0.019169	-0.015709	-0.099120
3.357289	-0.018779	-0.016621	-0.061833
3.353932	-0.018894	-0.016860	-0.058259
3.350582	-0.018365	-0.016272	-0.059978
3.347240	-0.018705	-0.015737	-0.085035
3.343904	-0.018442	-0.015272	-0.090831
3.340576	-0.019203	-0.015384	-0.109425
3.337255	-0.019073	-0.015198	-0.111009
3.333940	-0.018714	-0.015575	-0.089915
3.330633	-0.019049	-0.016057	-0.085698
3.327332	-0.018063	-0.015951	-0.060504
3.324038	-0.018985	-0.015765	-0.092237
3.320752	-0.018804	-0.015358	-0.098724
3.317472	-0.018237	-0.015459	-0.079589
3.314199	-0.018284	-0.014972	-0.094876
3.310933	-0.018098	-0.014660	-0.098495
3.307673	-0.017365	-0.014784	-0.073939
3.304421	-0.016680	-0.015004	-0.048028
3.301175	-0.017237	-0.014548	-0.077040
3.297936	-0.017174	-0.014706	-0.070705
3.294703	-0.016887	-0.014612	-0.065189
3.291478	-0.016166	-0.013873	-0.065711
3.288259	-0.016542	-0.013847	-0.077207
3.285046	-0.016491	-0.013941	-0.073048
3.281841	-0.015460	-0.014209	-0.035837
3.278642	-0.016443	-0.013757	-0.076963
3.275449	-0.016608	-0.013844	-0.079182
3.272263	-0.015712	-0.013436	-0.065222
3.269084	-0.016285	-0.014094	-0.062789
3.265911	-0.016262	-0.013461	-0.080246
3.262745	-0.016681	-0.013337	-0.095803
3.259585	-0.016011	-0.014533	-0.042336
3.256432	-0.016179	-0.013690	-0.071311
3.253285	-0.016139	-0.014218	-0.055024
3.250145	-0.015927	-0.013351	-0.073793
3.247011	-0.015669	-0.013798	-0.053585
3.243883	-0.015355	-0.012976	-0.068139
3.240762	-0.015069	-0.012943	-0.060909
3.237647	-0.014554	-0.012087	-0.070677
3.234539	-0.014899	-0.012316	-0.074010
3.231437	-0.015071	-0.012287	-0.079750
3.228341	-0.014570	-0.012142	-0.069542
3.225251	-0.014769	-0.011603	-0.090695
3.222168	-0.014212	-0.012227	-0.056843
3.219091	-0.013785	-0.012050	-0.049691
3.216020	-0.014048	-0.012317	-0.049611
3.212956	-0.014004	-0.012245	-0.050400
3.209897	-0.013796	-0.011089	-0.077550
3.206845	-0.013726	-0.011836	-0.054134
3.203799	-0.013826	-0.011735	-0.059910
3.200759	-0.013464	-0.011895	-0.044948
3.197725	-0.013323	-0.011599	-0.049377
3.194697	-0.013561	-0.011639	-0.055051
3.191676	-0.013104	-0.011335	-0.050684
3.188660	-0.013452	-0.011246	-0.063212
3.185651	-0.013855	-0.011130	-0.078046
3.182647	-0.013502	-0.011465	-0.058351
3.179650	-0.013384	-0.010901	-0.071124
3.176658	-0.012784	-0.010984	-0.051546
3.173673	-0.012896	-0.011068	-0.052374
3.170693	-0.013038	-0.010753	-0.065476
3.167720	-0.011582	-0.010356	-0.035140
3.164752	-0.012059	-0.010542	-0.043460
3.161790	-0.012166	-0.010318	-0.052918
3.158834	-0.011860	-0.009864	-0.057180
3.155884	-0.011786	-0.009573	-0.063388
3.152940	-0.011554	-0.009772	-0.051048
3.150001	-0.011098	-0.009763	-0.038242
3.147069	-0.011589	-0.009768	-0.052168
3.144142	-0.011008	-0.009607	-0.040122
3.141221	-0.010947	-0.009067	-0.053863
3.138306	-0.011736	-0.009126	-0.074775
3.135396	-0.011178	-0.009396	-0.051063
3.132493	-0.011184	-0.008836	-0.067274
3.129595	-0.010793	-0.009129	-0.047651
3.126702	-0.011450	-0.008819	-0.075371
3.123816	-0.010517	-0.008789	-0.049504
3.120935	-0.010587	-0.008513	-0.059401
3.118059	-0.010408	-0.007916	-0.071412
3.115190	-0.010115	-0.008346	-0.050669
3.112326	-0.010111	-0.008121	-0.057004
3.109467	-0.009383	-0.007762	-0.046441
3.106614	-0.010338	-0.008250	-0.059838
3.103767	-0.010598	-0.007486	-0.089151
3.100925	-0.009418	-0.007824	-0.045646
3.098089	-0.009414	-0.007474	-0.055568
3.095258	-0.009211	-0.007299	-0.054763
3.092433	-0.009039	-0.006601	-0.069865
3.089613	-0.008814	-0.006695	-0.060720
3.086799	-0.008293	-0.007063	-0.035237
3.083990	-0.008210	-0.007263	-0.027117
3.081187	-0.008867	-0.006844	-0.057949
3.078389	-0.008052	-0.007060	-0.028422
3.075596	-0.008430	-0.006774	-0.047451
3.072809	-0.008774	-0.006408	-0.067765
3.070027	-0.008148	-0.006825	-0.037914
3.067251	-0.007724	-0.006559	-0.033382
3.064480	-0.007569	-0.006113	-0.041725
3.061714	-0.007891	-0.006286	-0.045969
3.058954	-0.007931	-0.006385	-0.044304
3.056199	-0.007713	-0.005869	-0.052808
3.053449	-0.008544	-0.006390	-0.061715
3.050704	-0.008520	-0.006549	-0.056458
3.047965	-0.008144	-0.006333	-0.051882
3.045231	-0.007771	-0.006680	-0.031274
3.042502	-0.007825	-0.006052	-0.050795
3.039779	-0.008179	-0.006060	-0.060701
3.037060	-0.007718	-0.005694	-0.057978
3.034347	-0.007165	-0.005761	-0.040234
3.031639	-0.007664	-0.005967	-0.048607
3.028936	-0.007816	-0.005694	-0.060778
3.026238	-0.007325	-0.005400	-0.055151
3.023545	-0.007393	-0.005534	-0.053259
3.020858	-0.007043	-0.005515	-0.043780
3.018175	-0.007053	-0.005939	-0.031912
3.015498	-0.007162	-0.005068	-0.059997
3.012826	-0.006898	-0.004903	-0.057150
3.010158	-0.006787	-0.004865	-0.055048
3.007496	-0.006672	-0.004223	-0.070177
3.004839	-0.006556	-0.004002	-0.073177
3.002187	-0.005979	-0.004269	-0.048995
2.999540	-0.006030	-0.004007	-0.057968
2.996897	-0.006055	-0.004468	-0.045463
2.994260	-0.006007	-0.004108	-0.054386
2.991628	-0.005491	-0.003858	-0.046764
2.989000	-0.005472	-0.003601	-0.053605
2.986378	-0.005528	-0.003354	-0.062289
2.983760	-0.005269	-0.003541	-0.049504
2.981148	-0.005016	-0.003277	-0.049806
2.978540	-0.004650	-0.003456	-0.034205
2.975937	-0.005213	-0.002718	-0.071472
2.973339	-0.005005	-0.003411	-0.045666
2.970746	-0.004820	-0.002616	-0.063142
2.968158	-0.004376	-0.002735	-0.047009
2.965574	-0.004450	-0.001892	-0.073273
2.962995	-0.003135	-0.001994	-0.032697
2.960421	-0.003860	-0.002665	-0.034222
2.957852	-0.003844	-0.001538	-0.066074
2.955288	-0.003388	-0.001753	-0.046829
2.952728	-0.003090	-0.001675	-0.040540
2.950173	-0.002663	-0.001007	-0.047445
2.947623	-0.003078	-0.000825	-0.064545
2.945078	-0.002371	-0.000628	-0.049928
2.942537	-0.002311	-0.000230	-0.059605
2.940001	-0.001973	-0.000458	-0.043400
2.937469	-0.002245	-0.000464	-0.051046
2.934943	-0.001963	-0.000625	-0.038318
2.932421	-0.002635	-0.000247	-0.068397
2.929903	-0.002628	-0.000708	-0.055013
2.927390	-0.002316	-0.000284	-0.058220
2.924882	-0.002183	-0.000152	-0.058170
2.922378	-0.002142	0.000118	-0.064744
2.919879	-0.002680	-0.000295	-0.068305
2.917385	-0.002914	-0.000903	-0.057620
2.914895	-0.003150	-0.000334	-0.080682
2.912410	-0.002802	-0.000602	-0.063037
2.909929	-0.002689	-0.001140	-0.044374
2.907453	-0.002767	-0.000537	-0.063877
2.904981	-0.002854	-0.000947	-0.054637
2.902513	-0.002939	-0.000840	-0.060140
2.900051	-0.003335	-0.001167	-0.062111
2.897592	-0.003347	-0.001247	-0.060161
2.895138	-0.003824	-0.001808	-0.057764
2.892689	-0.003894	-0.002059	-0.052563
2.890244	-0.003690	-0.001348	-0.067089
2.887803	-0.003558	-0.001316	-0.064226
2.885367	-0.003506	-0.001104	-0.068813
2.882936	-0.004074	-0.001700	-0.068007
2.880508	-0.004342	-0.002109	-0.063965
2.878085	-0.004738	-0.002526	-0.063375
2.875667	-0.005382	-0.002731	-0.075936
2.873252	-0.005677	-0.003187	-0.071345
2.870842	-0.006150	-0.003935	-0.063443
2.868437	-0.006326	-0.003967	-0.067591
2.866036	-0.006726	-0.004220	-0.071791
2.863639	-0.006570	-0.004595	-0.056575
2.861246	-0.006254	-0.004384	-0.053591
2.858858	-0.006301	-0.004041	-0.064725
2.856474	-0.006591	-0.004363	-0.063842
2.854094	-0.006591	-0.004384	-0.063210
2.851718	-0.006421	-0.004244	-0.062381
2.849347	-0.006378	-0.004323	-0.058862
2.846980	-0.006051	-0.004042	-0.057568
2.844617	-0.006120	-0.004293	-0.052359
2.842258	-0.006224	-0.003707	-0.072126
2.839904	-0.005970	-0.003482	-0.071276
2.837553	-0.005949	-0.003519	-0.069602
2.835207	-0.005577	-0.003111	-0.070642
2.832865	-0.005150	-0.002985	-0.062033
2.830528	-0.005164	-0.002623	-0.072795
2.828194	-0.004867	-0.002570	-0.065812
2.825864	-0.004890	-0.002340	-0.073059
2.823539	-0.004525	-0.002103	-0.069408
2.821218	-0.004274	-0.001934	-0.067048
2.818901	-0.004045	-0.001625	-0.069327
2.816587	-0.003977	-0.001524	-0.070286
2.814278	-0.003734	-0.001601	-0.061115
2.811973	-0.003652	-0.001139	-0.072005
2.809673	-0.003420	-0.001102	-0.066404
2.807376	-0.003228	-0.001044	-0.062582
2.805083	-0.003359	-0.001118	-0.064220
2.802794	-0.003418	-0.000946	-0.070836
2.800509	-0.003365	-0.000915	-0.070183
2.798228	-0.002928	-0.000601	-0.066661
2.795952	-0.002946	-0.000628	-0.066412
2.793679	-0.003041	-0.000824	-0.063498
2.791410	-0.003066	-0.001056	-0.057587
2.789145	-0.003039	-0.000989	-0.058707
2.786884	-0.002986	-0.000748	-0.064112
2.784627	-0.003135	-0.000835	-0.065894
2.782374	-0.002904	-0.000752	-0.061663
2.780125	-0.002913	-0.000337	-0.073798
2.777880	-0.002983	-0.000678	-0.066036
2.775638	-0.002664	-0.000276	-0.068434
2.773401	-0.002452	-0.000039	-0.069130
2.771167	-0.002272	0.000138	-0.069041
2.768938	-0.001996	0.000370	-0.067803
2.766712	-0.001645	0.000656	-0.065919
2.764490	-0.001189	0.001158	-0.067238
2.762272	-0.000913	0.001474	-0.068367
2.760058	-0.000463	0.001877	-0.067021
2.757847	-0.000238	0.002245	-0.071143
2.755640	0.000249	0.002731	-0.071121
2.753437	0.000915	0.003246	-0.066775
2.751238	0.001153	0.003681	-0.072410
2.749043	0.001520	0.003763	-0.064251
2.746852	0.001560	0.003880	-0.066470
2.744664	0.001902	0.004291	-0.068445
2.742480	0.002041	0.004400	-0.067594
2.740300	0.002077	0.004443	-0.067782
2.738123	0.002171	0.004530	-0.067596
2.735950	0.002363	0.004682	-0.066430
2.733781	0.002478	0.004871	-0.068569
2.731616	0.002422	0.004819	-0.068688
2.729454	0.002439	0.004719	-0.065299
2.727296	0.002521	0.004928	-0.068972
2.725142	0.002604	0.004881	-0.065233
2.722991	0.002689	0.005092	-0.068834
2.720844	0.002818	0.005065	-0.064384
2.718701	0.002678	0.004964	-0.065485
2.716561	0.002921	0.005145	-0.063700
2.714425	0.002934	0.005109	-0.062319
2.712293	0.003138	0.005387	-0.064456
2.710164	0.003112	0.005475	-0.067692
2.708039	0.002943	0.005469	-0.072372
2.705917	0.003246	0.005593	-0.067233
2.703799	0.003330	0.005633	-0.065950
2.701685	0.003531	0.005927	-0.068654
2.699574	0.003409	0.005729	-0.066464
2.697466	0.003486	0.005940	-0.070319
2.695363	0.003888	0.006194	-0.066049
2.693262	0.003875	0.006268	-0.068546
2.691166	0.004291	0.006598	-0.066084
2.689072	0.004277	0.006536	-0.064717
2.686983	0.004469	0.006883	-0.069137
2.684897	0.004562	0.006871	-0.066131
2.682814	0.004661	0.007044	-0.068270
2.680735	0.004798	0.007176	-0.068112
2.678659	0.005072	0.007387	-0.066309
2.676587	0.005123	0.007545	-0.069378
2.674518	0.005349	0.007643	-0.065720
2.672453	0.005585	0.007846	-0.064764
2.670391	0.005592	0.007854	-0.064807
2.668333	0.005647	0.007962	-0.066316
2.666278	0.005654	0.008004	-0.067327
2.664226	0.005835	0.008040	-0.063161
2.662178	0.005951	0.008182	-0.063916
2.660133	0.006156	0.008370	-0.063424
2.658092	0.006318	0.008560	-0.064231
2.656054	0.006146	0.008454	-0.066100
2.654019	0.006230	0.008426	-0.062925
2.651988	0.006617	0.008827	-0.063323
2.649960	0.006598	0.008860	-0.064786
2.647936	0.006534	0.008821	-0.065521
2.645915	0.006623	0.008765	-0.061345
2.643897	0.006746	0.008864	-0.060686
2.641882	0.006941	0.008955	-0.057706
2.639871	0.007024	0.009324	-0.065880
2.637863	0.007131	0.009319	-0.062684
2.635859	0.007120	0.009347	-0.063804
2.633857	0.007252	0.009344	-0.059939
2.631859	0.007298	0.009520	-0.063644
2.629865	0.007425	0.009602	-0.062372
2.627873	0.007601	0.009650	-0.058717
2.625885	0.007702	0.009913	-0.063340
2.623900	0.007485	0.009577	-0.059923
2.621919	0.007600	0.009743	-0.061384
2.619940	0.007702	0.009912	-0.063321
2.617965	0.007905	0.010029	-0.060854
2.615993	0.007932	0.009975	-0.058521
2.614025	0.008119	0.010158	-0.058403
2.612059	0.008299	0.010353	-0.058828
2.610097	0.008443	0.010425	-0.056785
2.608138	0.008286	0.010446	-0.061892
2.606182	0.008312	0.010378	-0.059192
2.604229	0.008600	0.010668	-0.059239
2.602280	0.008799	0.010819	-0.057874
2.600333	0.008826	0.010890	-0.059119
2.598390	0.008961	0.010995	-0.058261
2.596450	0.009002	0.011051	-0.058682
2.594513	0.009195	0.011221	-0.058051
2.592579	0.009336	0.011374	-0.058393
2.590648	0.009296	0.011241	-0.055744
2.588721	0.009604	0.011633	-0.058127
2.586796	0.009682	0.011590	-0.054654
2.584875	0.009813	0.011742	-0.055257
2.582957	0.010058	0.012047	-0.056976
2.581042	0.010197	0.012127	-0.055279
2.579130	0.010096	0.012021	-0.055146
2.577221	0.010107	0.012038	-0.055309
2.575315	0.010200	0.012115	-0.054851
2.573412	0.010328	0.012223	-0.054299
2.571512	0.010398	0.012314	-0.054892
2.569615	0.010471	0.012389	-0.054939
2.567722	0.010599	0.012499	-0.054425
2.565831	0.010747	0.012571	-0.052254
2.563943	0.010837	0.012704	-0.053487
2.562058	0.010998	0.012799	-0.051586
2.560177	0.011003	0.012771	-0.050656
2.558298	0.011127	0.012951	-0.052266
2.556423	0.011282	0.013103	-0.052159
2.554550	0.011296	0.013041	-0.050007
2.552680	0.011516	0.013343	-0.052347
2.550813	0.011735	0.013477	-0.049899
2.548950	0.011563	0.013376	-0.051932
2.547089	0.011527	0.013315	-0.051233
2.545231	0.011574	0.013385	-0.051905
2.543376	0.012041	0.013716	-0.047975
2.541524	0.012004	0.013790	-0.051161
2.539675	0.012090	0.013883	-0.051353
2.537829	0.012092	0.013785	-0.048492
2.535986	0.012226	0.013887	-0.047599
2.534146	0.012187	0.013858	-0.047881
2.532308	0.012261	0.013941	-0.048146
2.530474	0.012402	0.014085	-0.048200
2.528642	0.012429	0.014112	-0.048221
2.526814	0.012485	0.014181	-0.048563
2.524988	0.012722	0.014429	-0.048908
2.523165	0.012685	0.014318	-0.046775
2.521345	0.012864	0.014575	-0.049007
2.519528	0.012777	0.014409	-0.046738
2.517714	0.012824	0.014443	-0.046381
2.515902	0.012857	0.014483	-0.046599
2.514093	0.012952	0.014647	-0.048569
2.512288	0.013135	0.014688	-0.044501
2.510485	0.013121	0.014819	-0.048649
2.508684	0.013217	0.014874	-0.047459
2.506887	0.013414	0.014987	-0.045074
2.505092	0.013400	0.014953	-0.044510
2.503301	0.013298	0.014884	-0.045429
2.501512	0.013394	0.014876	-0.042441
2.499726	0.013501	0.015011	-0.043261
2.497942	0.013696	0.015274	-0.045208
2.496162	0.013897	0.015415	-0.043488
2.494384	0.014016	0.015509	-0.042776
2.492609	0.014054	0.015508	-0.041677
2.490836	0.014094	0.015620	-0.043719
2.489067	0.014250	0.015733	-0.042504
2.487300	0.014444	0.015979	-0.043961
2.485536	0.014478	0.015959	-0.042407
2.483774	0.014582	0.015953	-0.039274
2.482016	0.014655	0.016077	-0.040736
2.480260	0.014811	0.016214	-0.040180
2.478507	0.014795	0.016140	-0.038527
2.476756	0.014887	0.016263	-0.039435
2.475008	0.015002	0.016348	-0.038560
2.473263	0.015041	0.016460	-0.040658
2.471521	0.015106	0.016466	-0.038971
2.469781	0.015187	0.016417	-0.035241
2.468044	0.015296	0.016645	-0.038667
2.466309	0.015320	0.016634	-0.037635
2.464578	0.015395	0.016677	-0.036717
2.462848	0.015324	0.016608	-0.036783
2.461122	0.015536	0.016787	-0.035833
2.459398	0.015556	0.016871	-0.037657
2.457677	0.015622	0.016896	-0.036493
2.455958	0.015895	0.017218	-0.037894
2.454243	0.015998	0.017267	-0.036344
2.452529	0.015980	0.017352	-0.039297
2.450819	0.016028	0.017320	-0.037008
2.449111	0.016110	0.017420	-0.037521
2.447405	0.016166	0.017365	-0.034331
2.445702	0.016227	0.017486	-0.036084
2.444002	0.016436	0.017724	-0.036914
2.442304	0.016536	0.017904	-0.039198
2.440609	0.016599	0.017902	-0.037331
2.438917	0.016577	0.017826	-0.035780
2.437227	0.016695	0.017949	-0.035926
2.435539	0.016721	0.017918	-0.034296
2.433854	0.016951	0.018124	-0.033613
2.432172	0.016952	0.018151	-0.034338
2.430492	0.016957	0.018142	-0.033933
2.428815	0.017035	0.018231	-0.034257
2.427140	0.017153	0.018249	-0.031386
2.425468	0.017225	0.018381	-0.033114
2.423799	0.017262	0.018556	-0.037069
2.422131	0.017427	0.018636	-0.034638
2.420467	0.017375	0.018527	-0.032998
2.418805	0.017485	0.018625	-0.032672
2.417145	0.017485	0.018748	-0.036164
2.415488	0.017620	0.018763	-0.032743
2.413833	0.017634	0.018821	-0.033996
2.412181	0.017768	0.018881	-0.031896
2.410532	0.017690	0.018779	-0.031194
2.408884	0.017796	0.018895	-0.031493
2.407240	0.017952	0.019074	-0.032148
2.405598	0.017900	0.018984	-0.031058
2.403958	0.018058	0.019209	-0.032962
2.402320	0.018206	0.019323	-0.032008
2.400685	0.018322	0.019460	-0.032607
2.399053	0.018431	0.019553	-0.032139
2.397423	0.018260	0.019369	-0.031775
2.395795	0.018360	0.019432	-0.030697
2.394170	0.018443	0.019576	-0.032431
2.392547	0.018494	0.019623	-0.032341
2.390927	0.018641	0.019750	-0.031766
2.389309	0.018704	0.019749	-0.029926
2.387694	0.018698	0.019857	-0.033205
2.386081	0.018741	0.019893	-0.032995
2.384470	0.018870	0.019944	-0.030767
2.382861	0.018771	0.019951	-0.033801
2.381255	0.018974	0.020033	-0.030326
2.379652	0.019142	0.020286	-0.032776
2.378051	0.019263	0.020420	-0.033150
2.376452	0.019285	0.020389	-0.031636
2.374855	0.019456	0.020530	-0.030767
2.373261	0.019507	0.020606	-0.031491
2.371669	0.019479	0.020632	-0.033011
2.370080	0.019522	0.020563	-0.029821
2.368493	0.019500	0.020563	-0.030458
2.366908	0.019511	0.020704	-0.034174
2.365326	0.019760	0.020817	-0.030264
2.363745	0.019942	0.021059	-0.032005
2.362168	0.020010	0.021081	-0.030678
2.360592	0.020102	0.021202	-0.031511
2.359019	0.020049	0.021255	-0.034544
2.357448	0.020198	0.021340	-0.032731
2.355880	0.020259	0.021375	-0.031996
2.354313	0.020327	0.021419	-0.031277
2.352749	0.020275	0.021414	-0.032639
2.351188	0.020444	0.021615	-0.033552
2.349628	0.020601	0.021757	-0.033115
2.348071	0.020651	0.021819	-0.033438
2.346516	0.020796	0.021898	-0.031590
2.344964	0.020910	0.022000	-0.031200
2.343413	0.021022	0.022149	-0.032289
2.341865	0.021015	0.022078	-0.030467
2.340319	0.021072	0.022214	-0.032717
2.338776	0.021122	0.022319	-0.034316
2.337235	0.021183	0.022395	-0.034708
2.335695	0.021188	0.022437	-0.035768
2.334159	0.021390	0.022541	-0.032953
2.332624	0.021474	0.022567	-0.031317
2.331091	0.021390	0.022648	-0.036052
2.329561	0.021521	0.022679	-0.033164
2.328033	0.021586	0.022774	-0.034043
2.326508	0.021654	0.022811	-0.033160
2.324984	0.021659	0.022822	-0.033321
2.323463	0.021776	0.022941	-0.033379
2.321943	0.021793	0.023102	-0.037507
2.320426	0.021935	0.023172	-0.035415
2.318912	0.022099	0.023356	-0.036019
2.317399	0.022007	0.023282	-0.036525
2.315888	0.022130	0.023350	-0.034970
2.314380	0.022188	0.023432	-0.035637
2.312874	0.022205	0.023461	-0.035980
2.311370	0.022424	0.023644	-0.034970
2.309868	0.022448	0.023751	-0.037314
2.308369	0.022574	0.023970	-0.039989
2.306871	0.022880	0.024123	-0.035608
2.305376	0.022808	0.024141	-0.038185
2.303883	0.022923	0.024227	-0.037357
2.302392	0.022913	0.024320	-0.040323
2.300903	0.023017	0.024401	-0.039661
2.299416	0.023114	0.024487	-0.039353
2.297931	0.023118	0.024491	-0.039324
2.296449	0.023144	0.024506	-0.039019
2.294968	0.023167	0.024483	-0.037693
2.293490	0.023221	0.024598	-0.039464
2.292013	0.023292	0.024750	-0.041772
2.290539	0.023405	0.024809	-0.040233
2.289067	0.023263	0.024695	-0.041002
2.287597	0.023191	0.024686	-0.042829
2.286129	0.023511	0.024970	-0.041782
2.284664	0.023571	0.025093	-0.043600
2.283200	0.023663	0.025264	-0.045843
2.281738	0.023679	0.025185	-0.043126
2.280279	0.023772	0.025306	-0.043936
2.278821	0.023606	0.025228	-0.046482
2.277366	0.023713	0.025341	-0.046625
2.275912	0.023791	0.025347	-0.044590
2.274461	0.023912	0.025684	-0.050764
2.273012	0.024037	0.025713	-0.047997
2.271564	0.024267	0.025823	-0.044583
2.270119	0.024307	0.026014	-0.048905
2.268676	0.024453	0.026106	-0.047341
2.267235	0.024463	0.026173	-0.048986
2.265796	0.024543	0.026330	-0.051204
2.264359	0.024586	0.026354	-0.050625
2.262923	0.024612	0.026385	-0.050791
2.261490	0.024765	0.026540	-0.050837
2.260059	0.024799	0.026515	-0.049179
2.258630	0.024730	0.026496	-0.050594
2.257203	0.024781	0.026567	-0.051165
2.255778	0.025015	0.026861	-0.052907
2.254355	0.025034	0.026952	-0.054957
2.252934	0.025117	0.027011	-0.054265
2.251515	0.025191	0.027105	-0.054850
2.250098	0.025190	0.027136	-0.055769
2.248683	0.025317	0.027236	-0.054987
2.247269	0.025085	0.027103	-0.057822
2.245858	0.025161	0.027105	-0.055690
2.244449	0.025132	0.027278	-0.061480
2.243042	0.025327	0.027306	-0.056690
2.241636	0.025365	0.027375	-0.057569
2.240233	0.025514	0.027477	-0.056229
2.238832	0.025699	0.027829	-0.061008
2.237432	0.025909	0.028013	-0.060269
2.236035	0.026007	0.028122	-0.060602
2.234639	0.025903	0.028044	-0.061331
2.233245	0.025936	0.028080	-0.061435
2.231854	0.025972	0.028200	-0.063830
2.230464	0.026152	0.028289	-0.061235
2.229076	0.026224	0.028453	-0.063847
2.227690	0.026153	0.028440	-0.065521
2.226306	0.026121	0.028421	-0.065890
2.224924	0.026129	0.028539	-0.069027
2.223544	0.026194	0.028492	-0.065819
2.222165	0.026199	0.028553	-0.067431
2.220789	0.026381	0.028716	-0.066900
2.219414	0.026251	0.028664	-0.069153
2.218042	0.026188	0.028598	-0.069039
2.216671	0.026240	0.028765	-0.072358
2.215302	0.026252	0.028726	-0.070849
2.213935	0.026337	0.028824	-0.071257
2.212570	0.026431	0.029070	-0.075581
2.211207	0.026623	0.029202	-0.073876
2.209845	0.026669	0.029210	-0.072774
2.208486	0.026708	0.029363	-0.076058
2.207128	0.026721	0.029340	-0.075036
2.205772	0.026925	0.029558	-0.075440
2.204418	0.026971	0.029692	-0.077952
2.203066	0.027089	0.029790	-0.077384
2.201716	0.027168	0.029967	-0.080189
2.200367	0.027227	0.030031	-0.080321
2.199021	0.027455	0.030221	-0.079253
2.197676	0.027446	0.030204	-0.079020
2.196333	0.027416	0.030359	-0.084303
2.194992	0.027564	0.030531	-0.084999
2.193653	0.027514	0.030450	-0.084095
2.192315	0.027573	0.030543	-0.085104
2.190980	0.027711	0.030682	-0.085117
2.189646	0.027678	0.030768	-0.088545
2.188314	0.027564	0.030621	-0.087568
2.186984	0.027604	0.030753	-0.090214
2.185655	0.027842	0.030986	-0.090078
2.184328	0.027782	0.030888	-0.088959
2.183004	0.027996	0.031174	-0.091032
2.181681	0.027955	0.031059	-0.088939
2.180359	0.027974	0.031247	-0.093771
2.179040	0.027985	0.031201	-0.092133
2.177722	0.028006	0.031191	-0.091243
2.176406	0.027919	0.031315	-0.097306
2.175092	0.028027	0.031442	-0.097845
2.173780	0.028054	0.031424	-0.096542
2.172469	0.028173	0.031593	-0.097970
2.171160	0.028358	0.031865	-0.100464
2.169853	0.028240	0.031709	-0.099373
2.168548	0.028160	0.031679	-0.100821
2.167244	0.028348	0.032037	-0.105673
2.165943	0.028473	0.032056	-0.102640
2.164643	0.028393	0.031945	-0.101773
2.163344	0.028399	0.032105	-0.106168
2.162048	0.028554	0.032315	-0.107745
2.160753	0.028706	0.032332	-0.103879
2.159460	0.028681	0.032504	-0.109501
2.158168	0.028677	0.032520	-0.110085
2.156879	0.028726	0.032537	-0.109162
2.155591	0.028931	0.032784	-0.110383
2.154304	0.028916	0.032842	-0.112487
2.153020	0.029027	0.033033	-0.114775
2.151737	0.029163	0.033181	-0.115112
2.150456	0.029146	0.033174	-0.115399
2.149177	0.029343	0.033322	-0.113990
2.147899	0.029390	0.033432	-0.115792
2.146623	0.029445	0.033608	-0.119265
2.145349	0.029308	0.033501	-0.120113
2.144076	0.029325	0.033516	-0.120068
2.142805	0.029337	0.033417	-0.116883
2.141536	0.029226	0.033514	-0.122844
2.140268	0.029437	0.033595	-0.119126
2.139002	0.029695	0.033797	-0.117538
2.137738	0.029570	0.033874	-0.123314
2.136476	0.029524	0.033933	-0.126317
2.135215	0.029614	0.034082	-0.127991
2.133956	0.029927	0.034374	-0.127392
2.132698	0.030080	0.034465	-0.125603
2.131442	0.029989	0.034422	-0.126992
2.130188	0.029894	0.034426	-0.129833
2.128935	0.029937	0.034443	-0.129076
2.127684	0.030139	0.034666	-0.129681
2.126435	0.030114	0.034703	-0.131473
2.125187	0.030015	0.034695	-0.134059
2.123941	0.030403	0.034955	-0.130428
2.122697	0.030283	0.034902	-0.132311
2.121454	0.030380	0.034993	-0.132150
2.120213	0.030354	0.035092	-0.135711
2.118974	0.030255	0.035080	-0.138227
2.117736	0.030487	0.035169	-0.134121
2.116500	0.030416	0.035262	-0.138844
2.115265	0.030506	0.035357	-0.138963
2.114032	0.030457	0.035318	-0.139273
2.112801	0.030473	0.035331	-0.139171
2.111571	0.030545	0.035443	-0.140324
2.110343	0.030554	0.035518	-0.142204
2.109116	0.030718	0.035679	-0.142126
2.107891	0.031004	0.035987	-0.142756
2.106668	0.030966	0.035974	-0.143461
2.105446	0.030991	0.035955	-0.142207
2.104226	0.030896	0.035923	-0.144008
2.103007	0.031073	0.036094	-0.143839
2.101790	0.031028	0.036133	-0.146230
2.100575	0.030991	0.036132	-0.147265
2.099361	0.030886	0.035995	-0.146356
2.098149	0.031142	0.036353	-0.149299
2.096938	0.031172	0.036398	-0.149730
2.095729	0.031215	0.036437	-0.149611
2.094521	0.031243	0.036460	-0.149477
2.093315	0.031280	0.036482	-0.149032
2.092111	0.031342	0.036628	-0.151418
2.090908	0.031471	0.036722	-0.150448
2.089707	0.031293	0.036762	-0.156678
2.088507	0.031488	0.036848	-0.153557
2.087309	0.031577	0.037022	-0.155994
2.086112	0.031835	0.037103	-0.150915
2.084917	0.031856	0.037367	-0.157901
2.083723	0.032021	0.037443	-0.155318
2.082531	0.031881	0.037414	-0.158491
2.081341	0.031873	0.037405	-0.158463
2.080152	0.032080	0.037622	-0.158750
2.078964	0.031951	0.037591	-0.161562
2.077778	0.032175	0.037704	-0.158384
2.076594	0.032176	0.037772	-0.160310
2.075411	0.032128	0.037855	-0.164071
2.074230	0.032282	0.037829	-0.158894
2.073050	0.032449	0.038156	-0.163476
2.071871	0.032557	0.038273	-0.163755
2.070694	0.032675	0.038421	-0.164621
2.069519	0.032905	0.038560	-0.161995
2.068345	0.033011	0.038718	-0.163492
2.067173	0.032859	0.038617	-0.164953
2.066002	0.032806	0.038571	-0.165148
2.064833	0.032730	0.038541	-0.166475
2.063665	0.032703	0.038606	-0.169130
2.062498	0.032790	0.038646	-0.167750
2.061333	0.032592	0.038611	-0.172446
2.060170	0.032821	0.038729	-0.169267
2.059008	0.032889	0.038968	-0.174164
2.057848	0.033094	0.039090	-0.171783
2.056689	0.033148	0.039149	-0.171921
2.055531	0.033058	0.039044	-0.171492
2.054375	0.033077	0.039081	-0.172000
2.053221	0.033079	0.039147	-0.173847
2.052067	0.033115	0.039212	-0.174672
2.050916	0.033263	0.039365	-0.174809
2.049766	0.033338	0.039372	-0.172869
2.048617	0.033213	0.039388	-0.176901
2.047470	0.033274	0.039498	-0.178305
2.046324	0.033560	0.039832	-0.179666
2.045179	0.033568	0.039740	-0.176821
2.044036	0.033656	0.039883	-0.178399
2.042895	0.033709	0.040005	-0.180360
2.041755	0.033722	0.040059	-0.181543
2.040616	0.033856	0.040247	-0.183092
2.039479	0.033754	0.040162	-0.183585
2.038343	0.033804	0.040268	-0.185157
2.037209	0.033816	0.040341	-0.186930
2.036076	0.033793	0.040291	-0.186142
2.034945	0.033890	0.040420	-0.187064
2.033815	0.034020	0.040541	-0.186804
2.032686	0.034051	0.040578	-0.186994
2.031559	0.034022	0.040743	-0.192531
2.030433	0.033994	0.040663	-0.191066
2.029309	0.033967	0.040658	-0.191677
2.028186	0.034037	0.040720	-0.191470
2.027064	0.034033	0.040809	-0.194143
2.025944	0.034233	0.040852	-0.189621
2.024825	0.034299	0.041068	-0.193927
2.023708	0.034318	0.041225	-0.197870
2.022592	0.034428	0.041326	-0.197637
2.021477	0.034387	0.041351	-0.199485
2.020364	0.034489	0.041513	-0.201221
2.019252	0.034615	0.041654	-0.201638
2.018142	0.034670	0.041819	-0.204784
2.017033	0.034762	0.041900	-0.204482
2.015925	0.034724	0.041767	-0.201756
2.014819	0.034568	0.041816	-0.207662
2.013714	0.034796	0.041934	-0.204494
2.012610	0.034602	0.041792	-0.205976
2.011508	0.034408	0.041776	-0.211070
2.010407	0.034393	0.041725	-0.210054
2.009308	0.034439	0.041844	-0.212153
2.008210	0.034427	0.041868	-0.213174
2.007113	0.034579	0.042093	-0.215266
2.006018	0.034617	0.042156	-0.215967
2.004924	0.034875	0.042456	-0.217171
2.003831	0.034998	0.042578	-0.217147
2.002740	0.034774	0.042558	-0.222997
2.001650	0.034848	0.042547	-0.220548
2.000561	0.034785	0.042559	-0.222691
1.999474	0.034869	0.042728	-0.225135
1.998388	0.034857	0.042786	-0.227138
1.997303	0.034951	0.042931	-0.228604
1.996220	0.035071	0.043033	-0.228093
1.995138	0.035044	0.043166	-0.232682
1.994058	0.035166	0.043278	-0.232391
1.992978	0.035175	0.043316	-0.233220
1.991901	0.035375	0.043485	-0.232338
1.990824	0.035261	0.043517	-0.236534
1.989749	0.035264	0.043671	-0.240835
1.988675	0.035323	0.043602	-0.237197
1.987602	0.035264	0.043668	-0.240763
1.986531	0.035261	0.043639	-0.239997
1.985461	0.035205	0.043629	-0.241325
1.984392	0.035214	0.043674	-0.242368
1.983325	0.035202	0.043754	-0.244979
1.982259	0.035242	0.044014	-0.251308
1.981194	0.035358	0.044010	-0.247871
1.980130	0.035512	0.044270	-0.250887
1.979068	0.035593	0.044442	-0.253532
1.978007	0.035910	0.044775	-0.253986
1.976948	0.036011	0.044983	-0.257039
1.975889	0.036027	0.044939	-0.255319
1.974832	0.036128	0.045173	-0.259135
1.973777	0.036244	0.045374	-0.261572
1.972722	0.035985	0.045223	-0.264663
1.971669	0.036134	0.045358	-0.264261
1.970617	0.036207	0.045480	-0.265647
1.969566	0.036281	0.045522	-0.264709
1.968517	0.036137	0.045514	-0.268614
1.967469	0.036041	0.045492	-0.270755
1.966422	0.036243	0.045644	-0.269336
1.965377	0.036032	0.045607	-0.274317
1.964333	0.036184	0.045709	-0.272892
1.963290	0.036269	0.045943	-0.277132
1.962248	0.036325	0.045969	-0.276284
1.961207	0.036344	0.046115	-0.279904
1.960168	0.036485	0.046315	-0.281616
1.959130	0.036660	0.046474	-0.281174
1.958094	0.036504	0.046370	-0.282627
1.957058	0.036530	0.046444	-0.284016
1.956024	0.036586	0.046559	-0.285700
1.954991	0.036594	0.046670	-0.288662
1.953959	0.036708	0.046885	-0.291548
1.952929	0.036989	0.047123	-0.290334
1.951900	0.036992	0.047269	-0.294408
1.950872	0.037089	0.047315	-0.292928
1.949845	0.037117	0.047457	-0.296229
1.948819	0.037147	0.047426	-0.294476
1.947795	0.037038	0.047475	-0.299013
1.946772	0.036845	0.047340	-0.300680
1.945750	0.036674	0.047278	-0.303809
1.944729	0.036672	0.047253	-0.303114
1.943710	0.036666	0.047343	-0.305894
1.942692	0.036745	0.047418	-0.305746
1.941675	0.036825	0.047621	-0.309294
1.940659	0.036874	0.047687	-0.309779
1.939645	0.036961	0.047830	-0.311375
1.938631	0.036967	0.047886	-0.312785
1.937619	0.036940	0.047843	-0.312369
1.936608	0.036821	0.047813	-0.314888
1.935599	0.036870	0.047974	-0.318083
1.934590	0.037089	0.048216	-0.318782
1.933583	0.037243	0.048280	-0.316185
1.932577	0.037444	0.048675	-0.321734
1.931572	0.037491	0.048713	-0.321474
1.930568	0.037526	0.048802	-0.323042
1.929566	0.037449	0.048680	-0.321728
1.928565	0.037275	0.048722	-0.327945
1.927565	0.037352	0.048892	-0.330604
1.926566	0.037440	0.049032	-0.332085
1.925568	0.037386	0.048977	-0.332058
1.924571	0.037482	0.048981	-0.329423
1.923576	0.037385	0.049102	-0.335657
1.922582	0.037478	0.049233	-0.336755
1.921589	0.037290	0.049174	-0.340457
1.920597	0.037283	0.049062	-0.337440
1.919606	0.037327	0.049110	-0.337538
1.918617	0.037520	0.049289	-0.337175
1.917629	0.037517	0.049477	-0.342607
1.916641	0.037614	0.049571	-0.342549
1.915655	0.037421	0.049561	-0.347804
1.914671	0.037576	0.049612	-0.344794
1.913687	0.037490	0.049711	-0.350101
1.912704	0.037494	0.049648	-0.348174
1.911723	0.037639	0.049804	-0.348523
1.910743	0.037470	0.049690	-0.350081
1.909764	0.037498	0.049781	-0.351906
1.908786	0.037569	0.049909	-0.353504
1.907809	0.037521	0.049899	-0.354601
1.906834	0.037634	0.050029	-0.355076
1.905859	0.037633	0.050099	-0.357143
1.904886	0.037502	0.050001	-0.358061
1.903914	0.037654	0.050137	-0.357622
1.902943	0.037590	0.050247	-0.362584
1.901973	0.037786	0.050468	-0.363306
1.901004	0.037903	0.050610	-0.364021
1.900036	0.037951	0.050644	-0.363621
1.899070	0.037799	0.050723	-0.370265
1.898105	0.037638	0.050608	-0.371571
1.897140	0.037610	0.050578	-0.371510
1.896177	0.037663	0.050629	-0.371441
1.895215	0.037783	0.050735	-0.371055
1.894254	0.037842	0.050921	-0.374710
1.893295	0.037793	0.050929	-0.376316
1.892336	0.037816	0.050887	-0.374453
1.891378	0.037754	0.051018	-0.379976
1.890422	0.037885	0.050982	-0.375203
1.889467	0.037936	0.051172	-0.379186
1.888513	0.038049	0.051303	-0.379705
1.887560	0.038046	0.051404	-0.382661
1.886608	0.037909	0.051172	-0.379965
1.885657	0.037881	0.051319	-0.384987
1.884707	0.037737	0.051188	-0.385335
1.883758	0.037825	0.051382	-0.388361
1.882811	0.038019	0.051470	-0.385340
1.881864	0.038014	0.051515	-0.386785
1.880919	0.037997	0.051544	-0.388084
1.879975	0.038037	0.051697	-0.391331
1.879032	0.038013	0.051903	-0.397915
1.878090	0.037898	0.051645	-0.393834
1.877149	0.037795	0.051465	-0.391612
1.876209	0.037742	0.051572	-0.396177
1.875270	0.037755	0.051648	-0.397989
1.874332	0.037705	0.051672	-0.400124
1.873396	0.037836	0.051778	-0.399407
1.872460	0.037807	0.051790	-0.400584
1.871525	0.037865	0.051927	-0.402841
1.870592	0.038021	0.052117	-0.403827
1.869660	0.038082	0.052148	-0.402950
1.868728	0.038109	0.052344	-0.407807
1.867798	0.038230	0.052390	-0.405662
1.866869	0.038350	0.052580	-0.407661
1.865941	0.038338	0.052565	-0.407584
1.865014	0.038266	0.052635	-0.411636
1.864088	0.038187	0.052570	-0.412031
1.863163	0.038103	0.052417	-0.410067
1.862239	0.038187	0.052558	-0.411708
1.861317	0.037996	0.052473	-0.414715
1.860395	0.038124	0.052567	-0.413761
1.859474	0.038062	0.052698	-0.419295
1.858555	0.038076	0.052715	-0.419376
1.857636	0.038002	0.052729	-0.421893
1.856719	0.038054	0.052772	-0.421626
1.855802	0.038073	0.052788	-0.421540
1.854887	0.038050	0.052908	-0.425654
1.853973	0.038005	0.052799	-0.423803
1.853059	0.037920	0.052811	-0.426583
1.852147	0.038106	0.052933	-0.424767
1.851236	0.038153	0.053090	-0.427924
1.850326	0.038073	0.052996	-0.427512
1.849416	0.038100	0.053131	-0.430599
1.848508	0.038182	0.053297	-0.433022
1.847601	0.038117	0.053241	-0.433282
1.846695	0.038198	0.053362	-0.434423
1.845790	0.037977	0.053202	-0.436171
1.844886	0.038107	0.053301	-0.435280
1.843983	0.038058	0.053384	-0.439067
1.843081	0.038150	0.053435	-0.437899
1.842180	0.038231	0.053493	-0.437225
1.841280	0.038352	0.053743	-0.440939
1.840381	0.038103	0.053647	-0.445287
1.839484	0.038067	0.053611	-0.445299
1.838587	0.038032	0.053701	-0.448884
1.837691	0.038030	0.053717	-0.449407
1.836796	0.038151	0.053760	-0.447182
1.835902	0.038217	0.053863	-0.448233
1.835009	0.038157	0.053742	-0.446484
1.834118	0.038198	0.053917	-0.450311
1.833227	0.038226	0.054016	-0.452351
1.832337	0.038318	0.054145	-0.453389
1.831448	0.038291	0.054269	-0.457750
1.830560	0.038383	0.054443	-0.460086
1.829674	0.038634	0.054644	-0.458666
1.828788	0.038579	0.054605	-0.459108
1.827903	0.038541	0.054769	-0.464872
1.827019	0.038572	0.054635	-0.460188
1.826136	0.038543	0.054625	-0.460720
1.825255	0.038328	0.054517	-0.463794
1.824374	0.038248	0.054378	-0.462088
1.823494	0.037954	0.054252	-0.466891
1.822615	0.037800	0.054156	-0.468575
1.821737	0.037877	0.054085	-0.464336
1.820860	0.038184	0.054615	-0.470728
1.819984	0.038331	0.054671	-0.468099
1.819109	0.038426	0.054787	-0.468706
1.818235	0.038244	0.054746	-0.472732
1.817362	0.038147	0.054658	-0.473016
1.816490	0.038097	0.054606	-0.472952
1.815619	0.038253	0.054881	-0.476360
1.814749	0.038411	0.054977	-0.474573
1.813880	0.038390	0.055020	-0.476408
1.813012	0.038334	0.054995	-0.477295
1.812145	0.038504	0.055226	-0.479055
1.811279	0.038596	0.055397	-0.481320
1.810413	0.038423	0.055306	-0.483669
1.809549	0.038404	0.055321	-0.484638
1.808686	0.038494	0.055357	-0.483102
1.807824	0.038670	0.055400	-0.479285
1.806962	0.038595	0.055533	-0.485244
1.806102	0.038572	0.055470	-0.484090
1.805242	0.038558	0.055690	-0.490799
1.804384	0.038572	0.055665	-0.489699
1.803526	0.038574	0.055395	-0.481907
1.802670	0.038318	0.055430	-0.490208
1.801814	0.038149	0.055299	-0.491310
1.800959	0.038306	0.055358	-0.488511
1.800105	0.038302	0.055406	-0.489981
1.799252	0.038208	0.055316	-0.490122
1.798401	0.038261	0.055332	-0.489065
1.797550	0.038248	0.055460	-0.493088
1.796700	0.038326	0.055489	-0.491689
1.795851	0.038268	0.055618	-0.497044
1.795002	0.038388	0.055590	-0.492807
1.794155	0.038333	0.055717	-0.498025
1.793309	0.038269	0.055544	-0.494874
1.792464	0.038337	0.055703	-0.497490
1.791619	0.038465	0.055770	-0.495735
1.790776	0.038517	0.055898	-0.497924
1.789933	0.038498	0.055772	-0.494879
1.789092	0.038313	0.055669	-0.497227
1.788251	0.038391	0.055847	-0.500077
1.787411	0.038598	0.055990	-0.498258
1.786572	0.038507	0.055912	-0.498626
1.785734	0.038648	0.056085	-0.499529
1.784897	0.038764	0.056278	-0.501730
1.784061	0.038733	0.056144	-0.498781
1.783226	0.038532	0.055916	-0.498002
1.782392	0.038332	0.055732	-0.498493
1.781558	0.038215	0.055716	-0.501375
1.780726	0.038328	0.055954	-0.504932
1.779894	0.038540	0.056027	-0.500966
1.779064	0.038678	0.056071	-0.498259
1.778234	0.038776	0.056316	-0.502473
1.777405	0.038950	0.056324	-0.497711
1.776577	0.038807	0.056306	-0.501296
1.775750	0.038705	0.056166	-0.500238
1.774924	0.038576	0.056019	-0.499708
1.774099	0.038534	0.055949	-0.498907
1.773275	0.038346	0.055877	-0.502238
1.772451	0.038292	0.055752	-0.500196
1.771629	0.038357	0.055773	-0.498937
1.770807	0.038762	0.056204	-0.499664
1.769986	0.038967	0.056341	-0.497741
1.769167	0.038793	0.056168	-0.497745
1.768348	0.038593	0.055904	-0.495912
1.767530	0.038642	0.056110	-0.500417
1.766712	0.038585	0.055991	-0.498622
1.765896	0.038667	0.055953	-0.495207
1.765081	0.038690	0.055964	-0.494844
1.764266	0.038576	0.055829	-0.494256
1.763453	0.038752	0.055929	-0.492077
1.762640	0.038636	0.055808	-0.491922
1.761828	0.038486	0.055510	-0.487701
1.761017	0.038637	0.055797	-0.491601
1.760207	0.038740	0.055812	-0.489080
1.759398	0.038698	0.055715	-0.487484
1.758589	0.038643	0.055638	-0.486882
1.757782	0.038737	0.055691	-0.485697
1.756975	0.038933	0.055873	-0.485302
1.756169	0.038924	0.055780	-0.482896
1.755365	0.038655	0.055419	-0.480254
1.754560	0.038617	0.055423	-0.481437
1.753757	0.038698	0.055451	-0.479952
1.752955	0.038705	0.055371	-0.477438
1.752154	0.038826	0.055417	-0.475286
1.751353	0.038952	0.055527	-0.474846
1.750553	0.039138	0.055702	-0.474523
1.749755	0.039108	0.055728	-0.476123
1.748957	0.039142	0.055600	-0.471478
1.748159	0.039057	0.055436	-0.469204
1.747363	0.039146	0.055454	-0.467186
1.746568	0.039097	0.055291	-0.463942
1.745773	0.038948	0.055266	-0.467467
1.744979	0.039245	0.055365	-0.461790
1.744187	0.039206	0.055497	-0.466708
1.743395	0.039351	0.055434	-0.460749
1.742603	0.039219	0.055180	-0.457260
1.741813	0.039221	0.055138	-0.455983
1.741024	0.039321	0.055186	-0.454493
1.740235	0.039258	0.055153	-0.455354
1.739447	0.039405	0.055109	-0.449896
1.738660	0.039413	0.055022	-0.447155
1.737874	0.039639	0.055128	-0.443726
1.737089	0.039514	0.055166	-0.448414
1.736304	0.039499	0.054900	-0.441229
1.735521	0.039391	0.054832	-0.442367
1.734738	0.039367	0.054713	-0.439638
1.733956	0.039303	0.054664	-0.440043
1.733175	0.039665	0.054849	-0.434985
1.732395	0.039621	0.054678	-0.431359
1.731615	0.039485	0.054385	-0.426872
1.730837	0.039334	0.054235	-0.426868
1.730059	0.039304	0.054134	-0.424846
1.729282	0.039403	0.054172	-0.423114
1.728506	0.039577	0.054206	-0.419082
1.727730	0.039573	0.054228	-0.419838
1.726956	0.039664	0.054239	-0.417546
1.726182	0.039852	0.054290	-0.413621
1.725409	0.039888	0.054286	-0.412451
1.724637	0.040028	0.054267	-0.407929
1.723866	0.039990	0.054099	-0.404199
1.723096	0.039904	0.053937	-0.402004
1.722326	0.040040	0.053800	-0.394214
1.721557	0.040034	0.053801	-0.394399
1.720789	0.039977	0.053794	-0.395846
1.720022	0.040219	0.053917	-0.392426
1.719256	0.040146	0.053937	-0.395072
1.718490	0.040417	0.053734	-0.381506
1.717726	0.040461	0.053788	-0.381803
1.716962	0.040559	0.053819	-0.379880
1.716199	0.040449	0.053685	-0.379179
1.715436	0.040575	0.053684	-0.375555
1.714675	0.040691	0.053341	-0.362393
1.713914	0.040764	0.053490	-0.364547
1.713154	0.040790	0.053422	-0.361892
1.712395	0.040635	0.053254	-0.361505
1.711637	0.040619	0.053170	-0.359537
1.710879	0.040766	0.052993	-0.350277
1.710122	0.040579	0.052817	-0.350602
1.709366	0.040519	0.052724	-0.349655
1.708611	0.040538	0.052571	-0.344713
1.707857	0.040254	0.052359	-0.346767
1.707103	0.040378	0.052151	-0.337293
1.706351	0.040406	0.052068	-0.334077
1.705599	0.040457	0.052086	-0.333156
1.704847	0.040585	0.052029	-0.327830
1.704097	0.040411	0.051514	-0.318089
1.703347	0.040593	0.051672	-0.317367
1.702599	0.040592	0.051577	-0.314687
1.701850	0.040444	0.051558	-0.318407
1.701103	0.040559	0.051428	-0.311351
1.700357	0.040981	0.051582	-0.303718
1.699611	0.040825	0.051577	-0.308035
1.698866	0.041117	0.051740	-0.304311
1.698122	0.041055	0.051505	-0.299394
1.697378	0.041216	0.051564	-0.296468
1.696636	0.041324	0.051476	-0.290852
1.695894	0.041120	0.051189	-0.288458
1.695153	0.041151	0.050989	-0.281823
1.694412	0.041010	0.050885	-0.282885
1.693673	0.041083	0.050872	-0.280427
1.692934	0.041253	0.050757	-0.272279
1.692196	0.041042	0.050598	-0.273764
1.691459	0.041243	0.050319	-0.260015
1.690722	0.041104	0.050350	-0.264871
1.689987	0.041316	0.050304	-0.257461
1.689252	0.041249	0.050000	-0.250707
1.688518	0.041185	0.050002	-0.252593
1.687784	0.041264	0.049857	-0.246159
1.687051	0.041411	0.049904	-0.243314
1.686320	0.041634	0.050001	-0.239679
1.685588	0.041743	0.050083	-0.238912
1.684858	0.041800	0.049878	-0.231438
1.684128	0.041742	0.049770	-0.229976
1.683399	0.041606	0.049417	-0.223763
1.682671	0.041388	0.049135	-0.221919
1.681944	0.041449	0.049066	-0.218197
1.681217	0.041556	0.048842	-0.208721
1.680491	0.041559	0.048864	-0.209295
1.679766	0.041464	0.048579	-0.203849
1.679042	0.041451	0.048646	-0.206123
1.678318	0.041522	0.048578	-0.202124
1.677595	0.041513	0.048422	-0.197938
1.676873	0.041663	0.048475	-0.195155
1.676152	0.042039	0.048429	-0.183049
1.675431	0.041837	0.048247	-0.183639
1.674711	0.041976	0.048220	-0.178860
1.673992	0.041792	0.047992	-0.177615
1.673273	0.042098	0.047872	-0.165419
1.672556	0.041789	0.047888	-0.174731
1.671839	0.041855	0.047593	-0.164380
1.671122	0.041918	0.047489	-0.159599
1.670407	0.041863	0.047385	-0.158204
1.669692	0.041560	0.047037	-0.156917
1.668978	0.041448	0.046903	-0.156275
1.668265	0.041780	0.046983	-0.149056
1.667552	0.041727	0.046617	-0.140091
1.666840	0.041901	0.046657	-0.136231
1.666129	0.041801	0.046486	-0.134207
1.665418	0.041790	0.046620	-0.138378
1.664709	0.042003	0.046792	-0.137200
1.664000	0.042086	0.046622	-0.129950
1.663292	0.042218	0.046607	-0.125715
1.662584	0.042232	0.046359	-0.118236
1.661877	0.042363	0.046356	-0.114398
1.661171	0.042477	0.046357	-0.111154
1.660466	0.042568	0.046365	-0.108783
1.659761	0.042745	0.046370	-0.103853
1.659057	0.042898	0.046527	-0.103962
1.658354	0.043049	0.046354	-0.094683
1.657651	0.043016	0.046394	-0.096760
1.656950	0.042897	0.046191	-0.094377
1.656249	0.042856	0.045702	-0.081509
1.655548	0.042962	0.045735	-0.079436
1.654848	0.042797	0.045613	-0.080681
1.654150	0.042518	0.045194	-0.076665
1.653451	0.042621	0.045033	-0.069099
1.652754	0.042264	0.044867	-0.074545
1.652057	0.042258	0.044333	-0.059457
1.651361	0.042436	0.044398	-0.056199
1.650665	0.042858	0.044775	-0.054921
1.649971	0.042557	0.044389	-0.052469
1.649277	0.042577	0.044294	-0.049200
1.648583	0.042236	0.043880	-0.047089
1.647891	0.042150	0.043674	-0.043658
1.647199	0.042190	0.043705	-0.043391
1.646508	0.042219	0.043601	-0.039605
1.645817	0.042168	0.043385	-0.034844
1.645127	0.042115	0.043198	-0.031022
1.644438	0.042016	0.042979	-0.027570
1.643750	0.041955	0.042714	-0.021756
1.643062	0.041711	0.042282	-0.016372
1.642375	0.041686	0.042280	-0.017008
1.641689	0.041213	0.041911	-0.020019
1.641003	0.041127	0.041505	-0.010826
1.640318	0.040972	0.041328	-0.010195
1.639634	0.041178	0.041117	0.001755
1.638950	0.041074	0.040920	0.004421
1.638267	0.041107	0.040923	0.005270
1.637585	0.041108	0.040822	0.008194
1.636903	0.041093	0.040619	0.013574
1.636222	0.040849	0.040282	0.016236
1.635542	0.040656	0.040020	0.018222
1.634863	0.040465	0.039801	0.019010
1.634184	0.040695	0.039821	0.025051
1.633506	0.040649	0.039839	0.023194
1.632828	0.040823	0.039681	0.032735
1.632151	0.040454	0.039454	0.028654
1.631475	0.040294	0.038945	0.038634
1.630800	0.040054	0.038536	0.043495
1.630125	0.040074	0.038702	0.039291
1.629451	0.040223	0.038521	0.048749
1.628778	0.040148	0.038409	0.049830
1.628105	0.040029	0.038216	0.051941
1.627433	0.040107	0.038138	0.056415
1.626761	0.039564	0.037480	0.059691
1.626091	0.039609	0.037477	0.061075
1.625421	0.039301	0.037188	0.060543
1.624751	0.039411	0.037015	0.068654
1.624083	0.039410	0.036943	0.070660
1.623414	0.039254	0.036679	0.073764
1.622747	0.039113	0.036579	0.072607
1.622080	0.038901	0.036214	0.076980
1.621414	0.038996	0.036026	0.085087
1.620749	0.038791	0.035886	0.083211
1.620084	0.038837	0.035670	0.090724
1.619420	0.038554	0.035437	0.089289
1.618757	0.038444	0.034997	0.098759
1.618094	0.038413	0.035266	0.090152
1.617432	0.037871	0.034692	0.091064
1.616770	0.038459	0.034798	0.104869
1.616109	0.038213	0.034803	0.097706
1.615449	0.038188	0.034499	0.105672
1.614790	0.038079	0.034139	0.112873
1.614131	0.037815	0.033758	0.116232
1.613473	0.038014	0.034151	0.110678
1.612815	0.038337	0.033954	0.125566
1.612158	0.037670	0.033650	0.115169
1.611502	0.037946	0.033796	0.118885
1.610846	0.037640	0.033325	0.123610
1.610191	0.037734	0.033298	0.127102
1.609537	0.037471	0.032716	0.136214
1.608883	0.037666	0.032946	0.135221
1.608230	0.037224	0.032466	0.136306
1.607578	0.036771	0.031852	0.140927
1.606926	0.036548	0.031858	0.134349
1.606275	0.036169	0.031465	0.134751
1.605625	0.036431	0.031347	0.145666
1.604975	0.036410	0.031311	0.146081
1.604326	0.036343	0.031104	0.150094
1.603677	0.036265	0.030990	0.151114
1.603029	0.036626	0.031004	0.161060
1.602382	0.036098	0.030532	0.159431
1.601735	0.036035	0.030471	0.159388
1.601089	0.035795	0.030110	0.162862
1.600444	0.035684	0.029894	0.165871
1.599799	0.035410	0.029508	0.169093
1.599155	0.035466	0.029817	0.161823
1.598512	0.035567	0.029555	0.172231
1.597869	0.035370	0.029195	0.176888
1.597227	0.035368	0.028937	0.184241
1.596585	0.035001	0.028702	0.180453
1.595944	0.035056	0.029061	0.171723
1.595304	0.034983	0.028825	0.176413
1.594664	0.034987	0.028663	0.181153
1.594025	0.034735	0.028468	0.179527
1.593386	0.034703	0.027991	0.192298
1.592749	0.034763	0.027830	0.198636
1.592111	0.034367	0.027865	0.186249
1.591475	0.034413	0.027976	0.184398
1.590839	0.034542	0.027559	0.200057
1.590203	0.034264	0.027321	0.198925
1.589569	0.034205	0.027173	0.201463
1.588935	0.033807	0.026765	0.201719
1.588301	0.033608	0.026472	0.204418
1.587668	0.033503	0.026609	0.197484
1.587036	0.033526	0.026301	0.206984
1.586404	0.033096	0.025749	0.210499
1.585773	0.032874	0.025402	0.214049
1.585143	0.032839	0.025822	0.201042
1.584513	0.033013	0.025796	0.206764
1.583884	0.033040	0.025457	0.217226
1.583255	0.032461	0.024990	0.214011
1.582627	0.032252	0.024445	0.223658
1.582000	0.032165	0.024720	0.213294
1.581373	0.032427	0.024369	0.230848
1.580747	0.032275	0.024299	0.228494
1.580121	0.032103	0.024337	0.222452
1.579496	0.031565	0.023613	0.227812
1.578872	0.031738	0.023414	0.238490
1.578248	0.030885	0.023414	0.214016
1.577625	0.031003	0.022988	0.229605
1.577002	0.030560	0.023048	0.215213
1.576380	0.030818	0.022788	0.230038
1.575759	0.030912	0.022691	0.235534
1.575138	0.030705	0.022590	0.232479
1.574518	0.030711	0.022633	0.231420
1.573899	0.030251	0.021807	0.241903
1.573280	0.029881	0.021633	0.236285
1.572661	0.029656	0.021290	0.239658
1.572044	0.029416	0.020768	0.247743
1.571426	0.029162	0.020916	0.236237
1.570810	0.029044	0.021054	0.228905
1.570194	0.029240	0.020460	0.251505
1.569578	0.029121	0.020940	0.234374
1.568964	0.029333	0.021007	0.238534
1.568349	0.029327	0.020530	0.252006
1.567736	0.029059	0.020350	0.249481
1.567123	0.028732	0.019926	0.252280
1.566510	0.028286	0.020314	0.228389
1.565899	0.028039	0.019848	0.234681
1.565287	0.028330	0.019880	0.242083
1.564677	0.028609	0.019716	0.254779
1.564066	0.027975	0.019661	0.238194
1.563457	0.027723	0.019384	0.238892
1.562848	0.027723	0.018653	0.259856
1.562240	0.027128	0.018769	0.239443
1.561632	0.027304	0.018843	0.242384
1.561025	0.027017	0.018646	0.239829
1.560418	0.026568	0.017905	0.248204
1.559812	0.026483	0.017800	0.248747
1.559207	0.026704	0.018403	0.237817
1.558602	0.026618	0.017695	0.255631
1.557997	0.026403	0.017324	0.260085
1.557394	0.026350	0.017444	0.255128
1.556791	0.026216	0.017492	0.249929
1.556188	0.026042	0.017429	0.246720
1.555586	0.025883	0.017278	0.246507
1.554985	0.025926	0.017181	0.250504
1.554384	0.025390	0.016939	0.242079
1.553783	0.024951	0.016879	0.231250
1.553184	0.025377	0.016282	0.260548
1.552585	0.025208	0.015897	0.266742
1.551986	0.025066	0.016310	0.250844
1.551388	0.024768	0.015548	0.264134
1.550791	0.024456	0.015494	0.256744
1.550194	0.024279	0.015323	0.256575
1.549597	0.024430	0.015993	0.241721
1.549002	0.024695	0.015612	0.260197
1.548406	0.023783	0.015188	0.246247
1.547812	0.023849	0.015237	0.246700
1.547218	0.024033	0.014951	0.260188
1.546624	0.024092	0.014799	0.266219
1.546031	0.023591	0.014885	0.249402
1.545439	0.023214	0.014756	0.242288
1.544847	0.023353	0.014039	0.266822
1.544256	0.023273	0.013704	0.274131
1.543665	0.022933	0.013858	0.259976
1.543075	0.022235	0.014431	0.223573
1.542486	0.022608	0.013975	0.247323
1.541897	0.022933	0.013620	0.266785
1.541308	0.022680	0.013453	0.264324
1.540720	0.022657	0.013566	0.260439
1.540133	0.022970	0.014284	0.248837
1.539546	0.022623	0.014073	0.244960
1.538960	0.021849	0.013591	0.236586
1.538374	0.022277	0.013488	0.251781
1.537789	0.021946	0.013096	0.253543
1.537204	0.021870	0.012877	0.257648
1.536620	0.021609	0.012520	0.260375
1.536037	0.021326	0.012863	0.242444
1.535454	0.021484	0.012844	0.247515
1.534872	0.020932	0.012872	0.230895
1.534290	0.021121	0.012504	0.246845
1.533708	0.020926	0.012454	0.242724
1.533128	0.020373	0.011903	0.242624
1.532548	0.020940	0.012160	0.251535
1.531968	0.020314	0.012377	0.227362
1.531389	0.020238	0.011671	0.245425
1.530810	0.019520	0.011841	0.219984
1.530232	0.020230	0.011146	0.260251
1.529655	0.020050	0.011665	0.240215
1.529078	0.020350	0.011688	0.248144
1.528501	0.019834	0.011802	0.230101
1.527925	0.019364	0.011441	0.226982
1.527350	0.020077	0.011892	0.234473
1.526775	0.019465	0.011661	0.223573
1.526201	0.019664	0.011023	0.247541
1.525627	0.019497	0.011418	0.231435
1.525054	0.019036	0.010709	0.238528
1.524481	0.019645	0.011395	0.236362
1.523909	0.019704	0.011437	0.236827
1.523338	0.019379	0.011363	0.229640
1.522767	0.019770	0.011204	0.245389
1.522196	0.019011	0.011193	0.223975
1.521626	0.018662	0.010730	0.227214
1.521057	0.018352	0.010641	0.220914
1.520488	0.018699	0.010549	0.233485
1.519919	0.018194	0.010411	0.222972
1.519351	0.018239	0.010369	0.225434
1.518784	0.018422	0.010511	0.226633
1.518217	0.018203	0.010649	0.216418
1.517651	0.017688	0.010479	0.206522
1.517085	0.018237	0.009657	0.245789
1.516520	0.018107	0.009656	0.242114
1.515955	0.018213	0.010050	0.233860
1.515391	0.017496	0.009896	0.217711
1.514827	0.018131	0.010093	0.230289
1.514264	0.017422	0.009519	0.226385
1.513702	0.017653	0.009310	0.238991
1.513139	0.017718	0.009796	0.226942
1.512578	0.016439	0.009490	0.199076
1.512017	0.017042	0.009538	0.214953
1.511456	0.016081	0.009633	0.184731
1.510896	0.016540	0.009475	0.202383
1.510337	0.016945	0.009405	0.216022
1.509778	0.017084	0.010161	0.198333
1.509219	0.016723	0.009675	0.201898
1.508661	0.016767	0.009400	0.211046
1.508104	0.017197	0.010138	0.202216
1.507547	0.017386	0.010283	0.203484
1.506990	0.016792	0.009910	0.197171
1.506435	0.016682	0.009544	0.204505
1.505879	0.016396	0.009763	0.190025
1.505324	0.015412	0.009899	0.157949
1.504770	0.016345	0.009202	0.204621
1.504216	0.016063	0.008910	0.204899
1.503663	0.016188	0.009312	0.196982
1.503110	0.016006	0.009095	0.197987
1.502558	0.015998	0.009011	0.200158
1.502006	0.015761	0.008789	0.199741
1.501454	0.015996	0.009208	0.194480
1.500904	0.016302	0.009089	0.206638
1.500353	0.015588	0.009945	0.161652
1.499803	0.015627	0.009007	0.189644
1.499254	0.015645	0.009615	0.172761
1.498705	0.015614	0.009305	0.180757
1.498157	0.014560	0.009424	0.147125
1.497609	0.015280	0.008642	0.190144
1.497062	0.015113	0.009063	0.173341
1.496515	0.015493	0.009001	0.185976
1.495969	0.015111	0.008963	0.176124
1.495423	0.015720	0.008913	0.194997
1.494878	0.015273	0.009205	0.173829
1.494333	0.015193	0.008656	0.187265
1.493789	0.015576	0.008980	0.188957
1.493245	0.015097	0.009692	0.154845
1.492702	0.015225	0.009274	0.170496
1.492159	0.015118	0.009039	0.174161
1.491617	0.014861	0.009810	0.144696
1.491075	0.015271	0.009460	0.166467
1.490533	0.015445	0.009707	0.164370
1.489993	0.015410	0.009089	0.181103
1.489452	0.014914	0.009210	0.163389
1.488912	0.015361	0.009184	0.176944
1.488373	0.014706	0.008453	0.179147
1.487834	0.015496	0.008531	0.199524
1.487296	0.014811	0.008553	0.179276
1.486758	0.014290	0.009682	0.132018
1.486221	0.014620	0.009411	0.149214
1.485684	0.014706	0.009540	0.147988
1.485147	0.014727	0.009157	0.159564
1.484611	0.015282	0.009602	0.162713
1.484076	0.014963	0.010074	0.140071
1.483541	0.015030	0.010492	0.130004
1.483007	0.014588	0.009796	0.137284
1.482473	0.015540	0.010284	0.150567
1.481939	0.015120	0.009437	0.162827
1.481406	0.015205	0.009916	0.151531
1.480874	0.014537	0.009894	0.133011
1.480341	0.014753	0.010029	0.135343
1.479810	0.015123	0.010221	0.140424
1.479279	0.014502	0.009792	0.134933
1.478748	0.014482	0.009994	0.128553
1.478218	0.014813	0.009767	0.144568
1.477688	0.015310	0.010231	0.145518
1.477159	0.015064	0.010614	0.127482
1.476631	0.014983	0.009948	0.144249
1.476102	0.014914	0.010144	0.136642
1.475575	0.014788	0.010843	0.113022
1.475047	0.014107	0.010374	0.106922
1.474521	0.015594	0.010569	0.143930
1.473994	0.014736	0.010678	0.116239
1.473469	0.014566	0.010429	0.118515
1.472943	0.014655	0.010800	0.110422
1.472418	0.014743	0.010008	0.135659
1.471894	0.014778	0.010837	0.112902
1.471370	0.014799	0.010421	0.125426
1.470846	0.015340	0.010510	0.138351
1.470323	0.014430	0.010686	0.107258
1.469801	0.014875	0.010485	0.125761
1.469279	0.015046	0.010771	0.122488
1.468757	0.015403	0.011555	0.110252
1.468236	0.015154	0.012062	0.088571
1.467716	0.015573	0.012052	0.100846
1.467195	0.015193	0.011742	0.098875
1.466676	0.015217	0.012210	0.086153
1.466156	0.015118	0.011543	0.102398
1.465638	0.015164	0.011274	0.111440
1.465119	0.015551	0.011376	0.119605
1.464601	0.016188	0.011666	0.129556
1.464084	0.015065	0.011231	0.109812
1.463567	0.015264	0.012159	0.088949
1.463051	0.014820	0.012555	0.064894
1.462535	0.015159	0.011541	0.103647
1.462019	0.015805	0.011882	0.112386
1.461504	0.015786	0.011825	0.113488
1.460989	0.015701	0.011973	0.106795
1.460475	0.014267	0.012043	0.063733
1.459962	0.014994	0.011712	0.094008
1.459448	0.015337	0.012167	0.090821
1.458936	0.015713	0.011886	0.109636
1.458423	0.015430	0.012682	0.078731
1.457911	0.014679	0.012553	0.060916
1.457400	0.015120	0.012481	0.075597
1.456889	0.015671	0.013174	0.071536
1.456379	0.014750	0.013632	0.032040
1.455869	0.015660	0.013015	0.075789
1.455359	0.016479	0.012208	0.122373
1.454850	0.016084	0.012345	0.107123
1.454341	0.015331	0.012489	0.081414
1.453833	0.016069	0.012586	0.099787
1.453325	0.015461	0.013278	0.062558
1.452818	0.016161	0.013641	0.072180
1.452311	0.016194	0.013496	0.077285
1.451805	0.015571	0.013716	0.053137
1.451299	0.015971	0.012782	0.091384
1.450793	0.015930	0.013028	0.083120
1.450288	0.015931	0.013296	0.075478
1.449783	0.015079	0.013164	0.054865
1.449279	0.015269	0.013341	0.055234
1.448775	0.014968	0.013251	0.049196
1.448272	0.015181	0.013686	0.042826
1.447769	0.015416	0.013314	0.060216
1.447267	0.016592	0.013550	0.087166
1.446765	0.015918	0.013126	0.079987
1.446263	0.015804	0.013814	0.057016
1.445762	0.016707	0.013345	0.096317
1.445262	0.015528	0.013518	0.057587
1.444762	0.016434	0.013282	0.090293
1.444262	0.015795	0.014366	0.040934
1.443763	0.015815	0.013629	0.062625
1.443264	0.016310	0.014520	0.051300
1.442765	0.016166	0.015004	0.033282
1.442267	0.016038	0.014546	0.042757
1.441770	0.016685	0.014787	0.054368
1.441273	0.016102	0.015091	0.028966
1.440776	0.016046	0.014749	0.037149
1.440280	0.016162	0.015904	0.007383
1.439784	0.016443	0.015272	0.033531
1.439289	0.016317	0.015333	0.028189
1.438794	0.016870	0.015862	0.028866
1.438299	0.016963	0.015877	0.031120
1.437805	0.016891	0.016601	0.008316
1.437312	0.017069	0.015589	0.042426
1.436819	0.015717	0.015464	0.007253
1.436326	0.017252	0.015685	0.044906
1.435834	0.016904	0.015737	0.033442
1.435342	0.017052	0.015788	0.036221
1.434850	0.017674	0.015917	0.050339
1.434359	0.018536	0.016374	0.061940
1.433869	0.018699	0.015967	0.078268
1.433379	0.017453	0.016922	0.015229
1.432889	0.017909	0.016538	0.039280
1.432400	0.018227	0.016857	0.039254
1.431911	0.017851	0.016724	0.032296
1.431422	0.017672	0.017160	0.014679
1.430934	0.018055	0.017236	0.023467
1.430447	0.017734	0.017660	0.002110
1.429960	0.018418	0.016943	0.042232
1.429473	0.017443	0.017171	0.007807
1.428987	0.018106	0.017095	0.028965
1.428501	0.019035	0.017079	0.056031
1.428015	0.018567	0.017179	0.039770
1.427530	0.018339	0.017590	0.021468
1.427046	0.018793	0.017749	0.029899
1.426561	0.018458	0.018239	0.006268
1.426078	0.018021	0.017431	0.016909
1.425594	0.018096	0.018606	-0.014613
1.425111	0.018560	0.018281	0.007999
1.424629	0.018897	0.017956	0.026944
1.424147	0.019087	0.019127	-0.001141
1.423665	0.018981	0.019126	-0.004148
1.423184	0.019826	0.017586	0.064173
1.422703	0.019541	0.018093	0.041480
1.422223	0.018480	0.018974	-0.014157
1.421743	0.018723	0.019488	-0.021899
1.421263	0.019594	0.019102	0.014086
1.420784	0.018574	0.019736	-0.033298
1.420306	0.019621	0.018916	0.020192
1.419827	0.019530	0.018920	0.017476
1.419349	0.018999	0.018467	0.015242
1.418872	0.020112	0.019729	0.010975
1.418395	0.019034	0.019878	-0.024185
1.417918	0.020576	0.019286	0.036955
1.417442	0.020069	0.018917	0.033010
1.416966	0.018323	0.018979	-0.018783
1.416491	0.019385	0.018191	0.034195
1.416016	0.019503	0.018062	0.041271
1.415541	0.018715	0.019196	-0.013781
1.415067	0.020540	0.019254	0.036857
1.414593	0.019845	0.019604	0.006892
1.414120	0.020011	0.019445	0.016218
1.413647	0.019785	0.018696	0.031200
1.413174	0.019762	0.020082	-0.009173
1.412702	0.020069	0.020066	0.000100
1.412231	0.021107	0.019482	0.046548
1.411759	0.020043	0.021051	-0.028869
1.411288	0.020563	0.020270	0.008385
1.410818	0.020529	0.020477	0.001500
1.410348	0.019691	0.020995	-0.037348
1.409878	0.021718	0.020641	0.030860
1.409409	0.020256	0.020511	-0.007306
1.408940	0.020262	0.021287	-0.029367
1.408472	0.021774	0.020336	0.041192
1.408004	0.021282	0.021896	-0.017593
1.407536	0.020776	0.021056	-0.008000
1.407069	0.020653	0.021038	-0.011034
1.406602	0.021339	0.022307	-0.027734
1.406135	0.021012	0.021873	-0.024682
1.405669	0.022420	0.021522	0.025738
1.405204	0.022017	0.021138	0.025191
1.404738	0.021406	0.022357	-0.027241
1.404274	0.020048	0.021322	-0.036482
1.403809	0.020926	0.022190	-0.036195
1.403345	0.020504	0.022503	-0.057271
1.402882	0.021462	0.021046	0.011916
1.402418	0.023027	0.022294	0.021018
1.401955	0.022704	0.021705	0.028596
1.401493	0.021657	0.022495	-0.024021
1.401031	0.021560	0.022942	-0.039593
1.400569	0.021963	0.021005	0.027434
1.400108	0.022624	0.021979	0.018483
1.399647	0.022361	0.022204	0.004498
1.399187	0.022586	0.023931	-0.038552
1.398727	0.022304	0.022905	-0.017225
1.398267	0.021358	0.023126	-0.050655
1.397808	0.022170	0.022799	-0.018023
1.397349	0.021918	0.023061	-0.032736
1.396890	0.022272	0.023181	-0.026047
1.396432	0.022055	0.022515	-0.013162
1.395974	0.022075	0.022631	-0.015933
1.395517	0.021324	0.024341	-0.086443
1.395060	0.023261	0.023585	-0.009300
1.394604	0.022860	0.022557	0.008681
1.394147	0.023724	0.023131	0.016985
1.393692	0.023445	0.024432	-0.028261
1.393236	0.023077	0.024371	-0.037065
1.392781	0.023938	0.024463	-0.015044
1.392327	0.024071	0.024255	-0.005274
1.391873	0.023692	0.023459	0.006665
1.391419	0.023712	0.024371	-0.018877
1.390965	0.023562	0.024237	-0.019336
1.390512	0.024118	0.023809	0.008849
