6.542578	-2675379863352993.000000	-2675379863352993.000000	0.000000
6.529189	-0.004064	-0.004064	0.000000
6.515856	-0.241227	-0.110941	-3.732419
6.502578	-0.146812	-0.114444	-0.927284
6.489355	-0.375712	-0.188780	-5.355208
6.476188	-0.201282	-0.118499	-2.371571
6.463075	-0.177404	-0.108866	-1.963473
6.450016	-0.062992	-0.109395	1.329339
6.437011	-0.250509	-0.437691	5.362344
6.424060	-0.110793	-0.162010	1.467242
6.411162	-0.121914	-0.125623	0.106266
6.398317	-0.178340	-0.224326	1.317400
6.385525	-0.185897	-0.038633	-4.218822
6.372785	-0.152167	-0.148546	-0.103750
6.360096	-0.089284	-0.222023	3.802693
6.347460	-0.355074	-0.048024	-8.796334
6.334875	-0.304504	-0.082823	-6.350697
6.322341	-0.089279	-0.291125	5.782463
6.309857	-0.157850	-0.083514	-2.129563
6.297424	-0.038952	-0.493837	13.031480
6.285042	-0.042907	-0.350589	8.814457
6.272709	-0.099855	-0.098010	-0.052847
6.260425	-0.294117	-0.058760	-6.742487
6.248191	-0.210420	-0.049919	-4.598017
6.236005	-0.069900	-0.056651	-0.379570
6.223868	-0.007013	-0.032827	0.739521
6.211780	0.009086	-0.021962	0.889457
6.199740	-0.044544	-0.009182	-1.013050
6.187747	-0.005175	-0.021306	0.462119
6.175802	-0.014996	-0.008615	-0.182796
6.163904	-0.019900	0.000715	-0.590591
6.152053	-0.034225	-0.014543	-0.563863
6.140248	-0.047255	-0.009962	-1.068368
6.128490	-0.012222	-0.017822	0.160441
6.116778	-0.016582	0.009185	-0.738180
6.105112	-0.020055	-0.002183	-0.511992
6.093492	-0.019045	0.001435	-0.586701
6.081916	-0.015683	0.024598	-1.153962
6.070386	-0.022430	0.010034	-0.930035
6.058901	-0.013835	-0.006541	-0.208958
6.047460	-0.019804	-0.028656	0.253602
6.036063	-0.008229	-0.017874	0.276288
6.024710	-0.014256	-0.001088	-0.377237
6.013401	-0.029374	-0.017542	-0.338966
6.002135	-0.014459	-0.030857	0.469771
5.990913	-0.030156	-0.007685	-0.643756
5.979734	-0.029063	-0.007708	-0.611759
5.968597	0.006797	0.020392	-0.389467
5.957503	-0.035817	-0.028713	-0.203515
5.946451	-0.003194	0.006595	-0.280434
5.935442	-0.010014	-0.008304	-0.049005
5.924474	-0.021872	0.007724	-0.847841
5.913547	-0.016766	-0.005224	-0.330654
5.902662	-0.000523	-0.011491	0.314187
5.891818	-0.003794	-0.036611	0.940139
5.881015	0.017436	0.000278	0.491550
5.870252	-0.011889	-0.001804	-0.288913
5.859530	-0.034414	0.005473	-1.142672
5.848848	-0.008920	-0.002307	-0.189437
5.838205	-0.003396	-0.033763	0.869962
5.827603	-0.010401	-0.001753	-0.247729
5.817040	-0.006256	-0.005808	-0.012842
5.806516	0.002407	-0.002655	0.145028
5.796031	0.003179	-0.004754	0.227243
5.785586	-0.002602	-0.004060	0.041789
5.775178	-0.031480	-0.010540	-0.599890
5.764810	-0.009959	-0.002792	-0.205340
5.754479	0.006709	0.005887	0.023545
5.744186	0.015543	-0.012288	0.797292
5.733931	-0.033446	-0.000199	-0.952464
5.723714	-0.010384	-0.010246	-0.003964
5.713534	-0.016288	0.005996	-0.638387
5.703391	-0.037563	0.029930	-1.933525
5.693285	-0.006506	-0.001894	-0.132137
5.683216	-0.011664	-0.002198	-0.271178
5.673184	-0.013232	-0.006777	-0.184925
5.663188	-0.011316	0.010239	-0.617508
5.653228	-0.003905	-0.017033	0.376075
5.643304	-0.006075	-0.027521	0.614357
5.633415	-0.003550	-0.005081	0.043857
5.623562	0.005787	-0.007446	0.379076
5.613745	-0.035057	0.006668	-1.195330
5.603963	-0.027360	0.000039	-0.784917
5.594216	0.009427	-0.013277	0.650419
5.584504	-0.001804	-0.018607	0.481384
5.574826	-0.016573	0.001860	-0.528064
5.565183	-0.013171	0.009044	-0.636417
5.555574	-0.010419	-0.007993	-0.069491
5.545999	-0.009150	0.006825	-0.457650
5.536458	0.007167	-0.004070	0.321933
5.526950	-0.000925	0.002056	-0.085392
5.517477	-0.011579	-0.002034	-0.273451
5.508036	0.009699	-0.017494	0.779005
5.498629	0.008314	-0.007184	0.443998
5.489255	0.010149	0.001175	0.257102
5.479914	-0.004003	0.002394	-0.183248
5.470605	-0.020176	0.021185	-1.184914
5.461329	0.009171	-0.003795	0.371459
5.452085	0.009300	0.005004	0.123074
5.442874	-0.005412	-0.012207	0.194664
5.433694	-0.001542	-0.000422	-0.032082
5.424546	-0.016376	0.006793	-0.663750
5.415430	-0.005822	0.009888	-0.450062
5.406345	-0.003283	0.008083	-0.325633
5.397292	-0.004118	0.011419	-0.445086
5.388270	0.013016	0.002655	0.296818
5.379279	0.001709	-0.003121	0.138365
5.370319	0.008637	0.009038	-0.011494
5.361389	-0.005925	0.008387	-0.409993
5.352490	0.002816	-0.002289	0.146229
5.343621	0.012618	0.001933	0.306124
5.334783	0.007871	-0.003875	0.336523
5.325975	-0.000185	-0.010037	0.282231
5.317196	-0.001501	0.002342	-0.110085
5.308448	0.009320	-0.002276	0.332205
5.299729	0.001008	0.003237	-0.063845
5.291039	-0.007769	0.008050	-0.453195
5.282379	-0.004601	-0.004053	-0.015683
5.273748	-0.005156	0.004756	-0.283972
5.265146	-0.008429	-0.002849	-0.159872
5.256573	0.000505	-0.005662	0.176665
5.248029	0.005858	0.007066	-0.034620
5.239513	0.001509	0.001567	-0.001659
5.231026	0.009068	-0.002830	0.340844
5.222567	0.000531	0.005974	-0.155932
5.214136	-0.006601	0.001974	-0.245642
5.205733	-0.004079	-0.003332	-0.021423
5.197358	-0.003816	0.006479	-0.294932
5.189011	-0.004985	0.000783	-0.165244
5.180691	-0.002548	0.007963	-0.301105
5.172399	0.000447	0.000651	-0.005854
5.164135	-0.005784	0.004588	-0.297155
5.155897	0.002740	0.000266	0.070863
5.147687	0.003846	0.000881	0.084967
5.139503	0.008266	-0.003455	0.335762
5.131346	-0.003759	0.001382	-0.147280
5.123216	0.006780	0.007015	-0.006721
5.115113	0.004541	0.004067	0.013588
5.107036	-0.000698	0.003542	-0.121465
5.098985	0.000332	-0.000296	0.018001
5.090960	-0.004750	0.002430	-0.205693
5.082962	0.002558	-0.002085	0.133018
5.074989	0.002754	-0.000749	0.100356
5.067042	0.005309	0.009753	-0.127317
5.059121	0.003041	0.007489	-0.127404
5.051225	0.000553	0.008960	-0.240847
5.043355	0.002251	0.004539	-0.065532
5.035510	0.003338	0.005709	-0.067936
5.027690	0.000269	0.000489	-0.006305
5.019895	0.002203	0.001046	0.033147
5.012126	-0.000299	0.001827	-0.060902
5.004381	-0.000365	0.002794	-0.090514
4.996660	0.003498	0.008172	-0.133898
4.988964	-0.001484	0.004545	-0.172729
4.981293	0.003001	0.004424	-0.040751
4.973646	-0.002190	0.007722	-0.283966
4.966023	0.000955	0.001002	-0.001346
4.958425	0.003983	0.002471	0.043303
4.950850	0.001133	0.004125	-0.085724
4.943299	0.005879	0.000925	0.141920
4.935772	-0.000154	0.004595	-0.136043
4.928269	-0.000628	0.000149	-0.022274
4.920789	0.000436	0.004358	-0.112369
4.913333	0.001836	0.004362	-0.072372
4.905900	0.000005	0.000610	-0.017351
4.898490	-0.002044	0.001660	-0.106093
4.891103	0.001403	0.002042	-0.018286
4.883739	0.003768	0.005279	-0.043296
4.876399	0.001066	-0.000687	0.050220
4.869081	0.000450	0.004285	-0.109885
4.861785	-0.001598	0.002435	-0.115531
4.854512	0.003014	0.003374	-0.010322
4.847262	0.004552	0.000697	0.110431
4.840034	-0.000091	0.001587	-0.048087
4.832829	-0.000478	0.000200	-0.019421
4.825645	0.001958	0.002366	-0.011706
4.818484	0.002555	0.002348	0.005934
4.811344	0.001926	-0.000051	0.056638
4.804227	-0.000216	-0.001127	0.026079
4.797131	0.002016	0.000021	0.057163
4.790057	0.001781	0.004414	-0.075446
4.783004	0.001640	0.001875	-0.006737
4.775973	0.001825	0.001080	0.021350
4.768963	-0.002111	-0.000213	-0.054365
4.761974	-0.000075	0.001961	-0.058315
4.755007	0.003016	0.001598	0.040629
4.748061	-0.000235	0.001871	-0.060330
4.741136	0.001940	0.001834	0.003046
4.734231	0.001494	0.001121	0.010688
4.727348	0.001116	-0.001240	0.067495
4.720485	0.001232	0.002382	-0.032932
4.713642	-0.000750	0.000328	-0.030874
4.706821	0.000206	0.001518	-0.037575
4.700019	-0.003282	0.001234	-0.129385
4.693238	0.002087	0.002112	-0.000706
4.686478	0.000188	0.000269	-0.002308
4.679737	0.002987	0.002654	0.009553
4.673016	-0.002213	0.000235	-0.070134
4.666316	0.001110	-0.000444	0.044498
4.659635	-0.002945	-0.000421	-0.072315
4.652974	0.000054	0.001466	-0.040446
4.646333	-0.000363	0.002165	-0.072437
4.639711	-0.002202	0.000473	-0.076624
4.633109	-0.001438	-0.000313	-0.032216
4.626527	-0.001352	0.000559	-0.054737
4.619963	-0.000029	0.001175	-0.034493
4.613420	0.000592	-0.002595	0.091312
4.606895	-0.002380	0.000156	-0.072647
4.600389	-0.000018	0.000885	-0.025877
4.593902	-0.002315	0.000554	-0.082175
4.587435	-0.000092	-0.001133	0.029811
4.580986	-0.002375	0.000268	-0.075713
4.574556	-0.002216	-0.000662	-0.044526
4.568145	-0.001753	-0.001145	-0.017414
4.561752	-0.001608	-0.002077	0.013422
4.555378	-0.001528	0.000619	-0.061487
4.549022	-0.000372	0.000211	-0.016687
4.542685	-0.002956	-0.002348	-0.017425
4.536365	-0.000999	-0.002383	0.039636
4.530065	-0.003666	-0.001195	-0.070799
4.523782	-0.002089	0.001125	-0.092057
4.517517	-0.001403	0.000151	-0.044516
4.511271	-0.002117	-0.001363	-0.021594
4.505042	-0.001757	-0.000829	-0.026581
4.498831	-0.001739	-0.000264	-0.042257
4.492638	-0.001498	-0.000926	-0.016384
4.486462	-0.001935	-0.002085	0.004277
4.480304	-0.001083	-0.002609	0.043731
4.474164	-0.002239	-0.002148	-0.002610
4.468041	-0.001172	-0.000630	-0.015530
4.461935	-0.001872	-0.002916	0.029914
4.455847	-0.002559	-0.003108	0.015705
4.449776	-0.003019	-0.002555	-0.013299
4.443722	-0.004171	-0.002291	-0.053853
4.437686	-0.004921	-0.002537	-0.068321
4.431666	-0.002100	-0.002438	0.009698
4.425663	-0.003479	-0.002077	-0.040166
4.419677	-0.003043	-0.001780	-0.036185
4.413708	-0.003533	-0.003510	-0.000661
4.407755	-0.003372	-0.002702	-0.019197
4.401820	-0.003856	-0.002809	-0.030007
4.395901	-0.004588	-0.003818	-0.022056
4.389998	-0.004046	-0.001992	-0.058844
4.384112	-0.005620	-0.001952	-0.105084
4.378242	-0.003921	-0.002081	-0.052726
4.372389	-0.005137	-0.002470	-0.076419
4.366551	-0.004225	-0.002898	-0.038010
4.360730	-0.005684	-0.001518	-0.119357
4.354925	-0.006089	-0.001277	-0.137875
4.349136	-0.005054	-0.002387	-0.076385
4.343364	-0.006482	-0.002653	-0.109690
4.337607	-0.004218	-0.003752	-0.013356
4.331865	-0.004843	-0.003479	-0.039089
4.326140	-0.006904	-0.005974	-0.026631
4.320430	-0.003371	-0.004115	0.021306
4.314736	-0.006742	-0.002867	-0.111009
4.309058	-0.005719	-0.002885	-0.081189
4.303395	-0.005450	-0.003656	-0.051412
4.297748	-0.005684	-0.004601	-0.031019
4.292116	-0.004836	-0.003837	-0.028622
4.286499	-0.003887	-0.003650	-0.006776
4.280898	-0.005423	-0.005658	0.006737
4.275312	-0.004272	-0.004622	0.010017
4.269741	-0.006077	-0.004387	-0.048437
4.264185	-0.004994	-0.004271	-0.020715
4.258644	-0.006013	-0.004348	-0.047698
4.253118	-0.005825	-0.003142	-0.076874
4.247607	-0.005513	-0.005522	0.000254
4.242111	-0.007166	-0.003678	-0.099939
4.236629	-0.004393	-0.005133	0.021196
4.231163	-0.005422	-0.005051	-0.010632
4.225711	-0.006512	-0.004442	-0.059288
4.220274	-0.006927	-0.006357	-0.016325
4.214851	-0.006250	-0.003940	-0.066185
4.209442	-0.008060	-0.005789	-0.065059
4.204049	-0.007279	-0.005001	-0.065274
4.198669	-0.006565	-0.005345	-0.034947
4.193304	-0.005588	-0.006473	0.025337
4.187953	-0.007484	-0.006363	-0.032125
4.182616	-0.007542	-0.005126	-0.069211
4.177294	-0.007937	-0.005098	-0.081342
4.171985	-0.006679	-0.005504	-0.033647
4.166691	-0.006811	-0.005572	-0.035510
4.161411	-0.008416	-0.005474	-0.084270
4.156144	-0.008764	-0.005069	-0.105853
4.150892	-0.007129	-0.004915	-0.063443
4.145653	-0.008053	-0.005513	-0.072767
4.140428	-0.008961	-0.006378	-0.073994
4.135217	-0.008886	-0.007053	-0.052499
4.130019	-0.008407	-0.006570	-0.052636
4.124835	-0.008570	-0.006508	-0.059092
4.119665	-0.008390	-0.005560	-0.081073
4.114508	-0.008391	-0.007672	-0.020604
4.109364	-0.009773	-0.007413	-0.067626
4.104234	-0.007816	-0.007110	-0.020233
4.099117	-0.009713	-0.008652	-0.030386
4.094014	-0.009415	-0.007856	-0.044654
4.088924	-0.007553	-0.007760	0.005922
4.083846	-0.008221	-0.007337	-0.025332
4.078783	-0.010170	-0.007408	-0.079115
4.073732	-0.009399	-0.007232	-0.062065
4.068694	-0.009594	-0.008175	-0.040641
4.063669	-0.008087	-0.008020	-0.001917
4.058657	-0.010079	-0.009633	-0.012771
4.053658	-0.009449	-0.007660	-0.051224
4.048672	-0.011419	-0.008750	-0.076456
4.043699	-0.012460	-0.008784	-0.105299
4.038738	-0.010476	-0.008108	-0.067825
4.033790	-0.011125	-0.008574	-0.073081
4.028855	-0.010881	-0.008426	-0.070337
4.023933	-0.009675	-0.008062	-0.046200
4.019022	-0.009709	-0.008850	-0.024615
4.014125	-0.010051	-0.008506	-0.044283
4.009240	-0.010468	-0.008649	-0.052091
4.004367	-0.010566	-0.008782	-0.051105
3.999506	-0.009942	-0.008936	-0.028823
3.994658	-0.010375	-0.008259	-0.060634
3.989823	-0.010364	-0.011425	0.030393
3.984999	-0.011055	-0.009956	-0.031489
3.980187	-0.011324	-0.008108	-0.092129
3.975388	-0.012878	-0.009922	-0.084689
3.970601	-0.011678	-0.009987	-0.048452
3.965826	-0.011840	-0.009634	-0.063178
3.961063	-0.012051	-0.010326	-0.049414
3.956311	-0.011024	-0.009773	-0.035856
3.951572	-0.010763	-0.009202	-0.044719
3.946844	-0.011857	-0.009044	-0.080605
3.942129	-0.011834	-0.009452	-0.068239
3.937425	-0.011846	-0.009413	-0.069673
3.932733	-0.011973	-0.010447	-0.043715
3.928052	-0.011814	-0.010237	-0.045201
3.923383	-0.011069	-0.011220	0.004344
3.918726	-0.011508	-0.010130	-0.039471
3.914080	-0.011753	-0.010196	-0.044629
3.909446	-0.012419	-0.009853	-0.073505
3.904823	-0.012606	-0.010603	-0.057373
3.900212	-0.012068	-0.011150	-0.026285
3.895612	-0.012015	-0.010982	-0.029597
3.891023	-0.012781	-0.010947	-0.052529
3.886446	-0.012480	-0.010793	-0.048309
3.881880	-0.012722	-0.012177	-0.015608
3.877325	-0.013269	-0.011161	-0.060372
3.872781	-0.012636	-0.011742	-0.025591
3.868249	-0.013112	-0.010298	-0.080612
3.863727	-0.013079	-0.011656	-0.040767
3.859217	-0.014139	-0.011252	-0.082719
3.854718	-0.015108	-0.011455	-0.104657
3.850229	-0.014317	-0.012605	-0.049059
3.845752	-0.014164	-0.011315	-0.081627
3.841285	-0.014939	-0.010803	-0.118492
3.836829	-0.013481	-0.012748	-0.020995
3.832384	-0.013797	-0.011912	-0.053997
3.827950	-0.013781	-0.011825	-0.056020
3.823527	-0.014122	-0.011345	-0.079564
3.819114	-0.013334	-0.011467	-0.053498
3.814712	-0.012756	-0.012078	-0.019420
3.810321	-0.012789	-0.013150	0.010336
3.805940	-0.014091	-0.012839	-0.035866
3.801570	-0.014978	-0.012087	-0.082842
3.797210	-0.014386	-0.012466	-0.054995
3.792860	-0.014342	-0.012978	-0.039077
3.788522	-0.014230	-0.012812	-0.040630
3.784193	-0.014995	-0.012444	-0.073072
3.779875	-0.014827	-0.012998	-0.052376
3.775567	-0.014023	-0.013292	-0.020927
3.771269	-0.013894	-0.013608	-0.008196
3.766982	-0.015350	-0.012697	-0.075987
3.762705	-0.014649	-0.012128	-0.072231
3.758438	-0.014492	-0.012334	-0.061822
3.754181	-0.014215	-0.012768	-0.041451
3.749935	-0.013012	-0.012519	-0.014121
3.745698	-0.014308	-0.013915	-0.011252
3.741472	-0.015589	-0.012624	-0.084940
3.737255	-0.015108	-0.013872	-0.035407
3.733048	-0.014560	-0.012740	-0.052158
3.728852	-0.014410	-0.013295	-0.031942
3.724665	-0.015413	-0.013035	-0.068117
3.720488	-0.014754	-0.012699	-0.058875
3.716321	-0.015221	-0.014157	-0.030495
3.712163	-0.015532	-0.014066	-0.041986
3.708016	-0.015384	-0.014654	-0.020906
3.703878	-0.015947	-0.014892	-0.030230
3.699750	-0.015925	-0.013881	-0.058566
3.695631	-0.015207	-0.013415	-0.051337
3.691522	-0.015443	-0.013857	-0.045441
3.687423	-0.016062	-0.014066	-0.057192
3.683333	-0.016059	-0.013444	-0.074911
3.679253	-0.015487	-0.014569	-0.026295
3.675182	-0.015979	-0.014101	-0.053798
3.671120	-0.016506	-0.013109	-0.097326
3.667069	-0.015487	-0.014911	-0.016514
3.663026	-0.014656	-0.013498	-0.033169
3.658993	-0.015583	-0.013692	-0.054177
3.654969	-0.016580	-0.014665	-0.054874
3.650954	-0.014838	-0.013655	-0.033906
3.646949	-0.016217	-0.014249	-0.056381
3.642953	-0.016155	-0.014780	-0.039409
3.638966	-0.016522	-0.014375	-0.061518
3.634988	-0.016516	-0.014927	-0.045502
3.631020	-0.017757	-0.014440	-0.095038
3.627060	-0.017120	-0.015375	-0.050008
3.623110	-0.016713	-0.015991	-0.020685
3.619168	-0.016510	-0.015066	-0.041374
3.615236	-0.015171	-0.014193	-0.028009
3.611312	-0.016714	-0.014097	-0.074962
3.607398	-0.016233	-0.015193	-0.029801
3.603492	-0.015297	-0.014063	-0.035335
3.599596	-0.017426	-0.014680	-0.078654
3.595708	-0.015919	-0.015122	-0.022844
3.591829	-0.016604	-0.015663	-0.026961
3.587959	-0.016943	-0.015077	-0.053438
3.584097	-0.017409	-0.014951	-0.070413
3.580244	-0.017158	-0.015706	-0.041613
3.576400	-0.016985	-0.014881	-0.060266
3.572565	-0.016731	-0.015905	-0.023680
3.568738	-0.017377	-0.015399	-0.056674
3.564920	-0.017100	-0.015678	-0.040731
3.561111	-0.017591	-0.015746	-0.052860
3.557310	-0.018052	-0.016806	-0.035713
3.553517	-0.018316	-0.016172	-0.061409
3.549734	-0.016825	-0.016602	-0.006383
3.545958	-0.017468	-0.015309	-0.061842
3.542191	-0.016958	-0.015382	-0.045158
3.538433	-0.017266	-0.015860	-0.040288
3.534683	-0.018040	-0.016205	-0.052570
3.530941	-0.018144	-0.015153	-0.085693
3.527207	-0.017364	-0.016213	-0.032999
3.523482	-0.018051	-0.015575	-0.070949
3.519765	-0.017151	-0.015921	-0.035227
3.516057	-0.017509	-0.016706	-0.023012
3.512356	-0.017817	-0.015395	-0.069375
3.508664	-0.018969	-0.015620	-0.095959
3.504980	-0.018186	-0.016403	-0.051081
3.501304	-0.018439	-0.016734	-0.048834
3.497636	-0.018764	-0.016584	-0.062473
3.493977	-0.019115	-0.017039	-0.059463
3.490325	-0.019048	-0.017774	-0.036517
3.486682	-0.019216	-0.017143	-0.059385
3.483046	-0.018814	-0.017474	-0.038367
3.479419	-0.019185	-0.017351	-0.052518
3.475799	-0.018852	-0.017843	-0.028883
3.472187	-0.019379	-0.017434	-0.055713
3.468583	-0.018890	-0.017620	-0.036363
3.464988	-0.018696	-0.017506	-0.034090
3.461400	-0.019837	-0.016946	-0.082814
3.457819	-0.018511	-0.016768	-0.049935
3.454247	-0.019020	-0.016999	-0.057878
3.450682	-0.018231	-0.016143	-0.059805
3.447125	-0.018811	-0.016976	-0.052558
3.443576	-0.018173	-0.016607	-0.044865
3.440035	-0.018523	-0.017303	-0.034929
3.436501	-0.018297	-0.017137	-0.033233
3.432975	-0.019472	-0.017371	-0.060169
3.429457	-0.019150	-0.016805	-0.067176
3.425946	-0.019099	-0.017302	-0.051486
3.422442	-0.019494	-0.016821	-0.076560
3.418947	-0.019826	-0.017995	-0.052454
3.415459	-0.019148	-0.017751	-0.040039
3.411978	-0.019545	-0.017720	-0.052272
3.408505	-0.019696	-0.017986	-0.048963
3.405039	-0.020236	-0.018360	-0.053761
3.401581	-0.020423	-0.017875	-0.073010
3.398130	-0.019980	-0.018142	-0.052658
3.394686	-0.019816	-0.017519	-0.065800
3.391250	-0.019735	-0.017911	-0.052252
3.387821	-0.020542	-0.017112	-0.098270
3.384400	-0.019363	-0.017735	-0.046640
3.380986	-0.019376	-0.017050	-0.066625
3.377579	-0.019661	-0.018143	-0.043486
3.374179	-0.019912	-0.017909	-0.057391
3.370787	-0.019524	-0.018025	-0.042956
3.367401	-0.019913	-0.017702	-0.063355
3.364023	-0.019806	-0.017973	-0.052531
3.360652	-0.020079	-0.017972	-0.060364
3.357289	-0.020903	-0.017733	-0.090803
3.353932	-0.020214	-0.018240	-0.056550
3.350582	-0.019942	-0.017847	-0.060028
3.347240	-0.020832	-0.018307	-0.072327
3.343904	-0.020678	-0.018207	-0.070785
3.340576	-0.021671	-0.019019	-0.075971
3.337255	-0.021046	-0.018611	-0.069762
3.333940	-0.020760	-0.019842	-0.026287
3.330633	-0.021396	-0.019672	-0.049365
3.327332	-0.021450	-0.019017	-0.069696
3.324038	-0.021724	-0.019553	-0.062196
3.320752	-0.020873	-0.020328	-0.015607
3.317472	-0.021184	-0.019684	-0.042992
3.314199	-0.020825	-0.018352	-0.070857
3.310933	-0.020976	-0.017830	-0.090112
3.307673	-0.021357	-0.019696	-0.047580
3.304421	-0.020366	-0.019096	-0.036383
3.301175	-0.020876	-0.018835	-0.058482
3.297936	-0.020349	-0.017887	-0.070538
3.294703	-0.020836	-0.017842	-0.085774
3.291478	-0.020392	-0.017532	-0.081920
3.288259	-0.020883	-0.018210	-0.076556
3.285046	-0.020462	-0.017910	-0.073122
3.281841	-0.021008	-0.019084	-0.055130
3.278642	-0.020421	-0.018761	-0.047529
3.275449	-0.021187	-0.019371	-0.052030
3.272263	-0.021143	-0.018498	-0.075772
3.269084	-0.021688	-0.019615	-0.059411
3.265911	-0.022308	-0.019550	-0.079012
3.262745	-0.021328	-0.019357	-0.056454
3.259585	-0.021533	-0.019575	-0.056095
3.256432	-0.022244	-0.019077	-0.090722
3.253285	-0.021909	-0.019643	-0.064928
3.250145	-0.022255	-0.020335	-0.055010
3.247011	-0.022297	-0.019618	-0.076728
3.243883	-0.021824	-0.019532	-0.065649
3.240762	-0.021277	-0.020173	-0.031621
3.237647	-0.021562	-0.019169	-0.068553
3.234539	-0.021833	-0.019368	-0.070628
3.231437	-0.021906	-0.018618	-0.094200
3.228341	-0.021441	-0.018647	-0.080037
3.225251	-0.021129	-0.018988	-0.061339
3.222168	-0.021288	-0.018708	-0.073911
3.219091	-0.021251	-0.018709	-0.072812
3.216020	-0.021309	-0.018679	-0.075361
3.212956	-0.020807	-0.018849	-0.056093
3.209897	-0.021567	-0.019096	-0.070789
3.206845	-0.021361	-0.019804	-0.044611
3.203799	-0.021172	-0.019100	-0.059381
3.200759	-0.021969	-0.018920	-0.087353
3.197725	-0.020995	-0.019136	-0.053264
3.194697	-0.021279	-0.019029	-0.064477
3.191676	-0.022978	-0.019525	-0.098930
3.188660	-0.021736	-0.020039	-0.048625
3.185651	-0.021303	-0.019776	-0.043753
3.182647	-0.022399	-0.019948	-0.070213
3.179650	-0.022174	-0.020203	-0.056476
3.176658	-0.021883	-0.019265	-0.075022
3.173673	-0.022200	-0.019960	-0.064187
3.170693	-0.022034	-0.020691	-0.038489
3.167720	-0.021104	-0.019584	-0.043540
3.164752	-0.021612	-0.020201	-0.040428
3.161790	-0.021658	-0.019420	-0.064126
3.158834	-0.022684	-0.018966	-0.106537
3.155884	-0.021490	-0.018938	-0.073103
3.152940	-0.021459	-0.019423	-0.058312
3.150001	-0.021108	-0.018635	-0.070850
3.147069	-0.022067	-0.018783	-0.094071
3.144142	-0.020872	-0.018134	-0.078435
3.141221	-0.021680	-0.019120	-0.073331
3.138306	-0.021340	-0.019381	-0.056130
3.135396	-0.020850	-0.019176	-0.047958
3.132493	-0.021893	-0.019180	-0.077716
3.129595	-0.020599	-0.019499	-0.031511
3.126702	-0.020958	-0.018273	-0.076909
3.123816	-0.021651	-0.019570	-0.059603
3.120935	-0.021864	-0.017923	-0.112890
3.118059	-0.021575	-0.019481	-0.059969
3.115190	-0.020984	-0.019161	-0.052229
3.112326	-0.021173	-0.018124	-0.087351
3.109467	-0.021202	-0.018869	-0.066834
3.106614	-0.020868	-0.018391	-0.070965
3.103767	-0.021627	-0.018126	-0.100280
3.100925	-0.020593	-0.018401	-0.062813
3.098089	-0.020455	-0.018529	-0.055184
3.095258	-0.020623	-0.018470	-0.061686
3.092433	-0.020001	-0.017771	-0.063864
3.089613	-0.020466	-0.017961	-0.071769
3.086799	-0.020601	-0.018142	-0.070451
3.083990	-0.020164	-0.018204	-0.056141
3.081187	-0.020570	-0.018935	-0.046858
3.078389	-0.020536	-0.018252	-0.065436
3.075596	-0.020419	-0.017971	-0.070125
3.072809	-0.021021	-0.017615	-0.097578
3.070027	-0.020168	-0.018335	-0.052521
3.067251	-0.020324	-0.018148	-0.062356
3.064480	-0.020478	-0.017949	-0.072452
3.061714	-0.019858	-0.018056	-0.051617
3.058954	-0.020770	-0.018242	-0.072402
3.056199	-0.020176	-0.017655	-0.072217
3.053449	-0.020854	-0.018297	-0.073239
3.050704	-0.021285	-0.019015	-0.065028
3.047965	-0.020872	-0.018938	-0.055408
3.045231	-0.020487	-0.017951	-0.072653
3.042502	-0.020678	-0.018817	-0.053326
3.039779	-0.021279	-0.017882	-0.097304
3.037060	-0.020896	-0.018086	-0.080490
3.034347	-0.021401	-0.018046	-0.096102
3.031639	-0.021043	-0.018780	-0.064824
3.028936	-0.021237	-0.019175	-0.059089
3.026238	-0.021008	-0.018121	-0.082689
3.023545	-0.021033	-0.018602	-0.069648
3.020858	-0.020661	-0.017980	-0.076805
3.018175	-0.020438	-0.018799	-0.046968
3.015498	-0.020413	-0.017651	-0.079147
3.012826	-0.019452	-0.017904	-0.044344
3.010158	-0.020772	-0.017014	-0.107656
3.007496	-0.020169	-0.017211	-0.084742
3.004839	-0.019754	-0.017490	-0.064867
3.002187	-0.020117	-0.017295	-0.080850
2.999540	-0.019426	-0.017058	-0.067859
2.996897	-0.020115	-0.017143	-0.085134
2.994260	-0.019695	-0.016287	-0.097622
2.991628	-0.018954	-0.016965	-0.056987
2.989000	-0.019974	-0.016590	-0.096943
2.986378	-0.019989	-0.017200	-0.079894
2.983760	-0.019641	-0.017054	-0.074113
2.981148	-0.019726	-0.016881	-0.081503
2.978540	-0.019397	-0.016307	-0.088537
2.975937	-0.019238	-0.016408	-0.081076
2.973339	-0.018969	-0.015965	-0.086080
2.970746	-0.018416	-0.015864	-0.073098
2.968158	-0.018056	-0.016322	-0.049663
2.965574	-0.017736	-0.015502	-0.063991
2.962995	-0.017908	-0.015586	-0.066505
2.960421	-0.018241	-0.015403	-0.081303
2.957852	-0.017557	-0.015411	-0.061491
2.955288	-0.018562	-0.015028	-0.101250
2.952728	-0.017497	-0.015302	-0.062879
2.950173	-0.017293	-0.015067	-0.063793
2.947623	-0.017586	-0.014073	-0.100635
2.945078	-0.016486	-0.014045	-0.069916
2.942537	-0.016647	-0.014005	-0.075682
2.940001	-0.016875	-0.014690	-0.062588
2.937469	-0.016848	-0.014178	-0.076468
2.934943	-0.016644	-0.014456	-0.062677
2.932421	-0.016666	-0.014398	-0.064969
2.929903	-0.017319	-0.014931	-0.068423
2.927390	-0.017409	-0.014639	-0.079343
2.924882	-0.017245	-0.014165	-0.088219
2.922378	-0.017538	-0.015282	-0.064633
2.919879	-0.017387	-0.014915	-0.070821
2.917385	-0.017527	-0.014675	-0.081708
2.914895	-0.018005	-0.015000	-0.086089
2.912410	-0.017596	-0.015414	-0.062518
2.909929	-0.018346	-0.015748	-0.074427
2.907453	-0.018132	-0.014971	-0.090569
2.904981	-0.018501	-0.014995	-0.100439
2.902513	-0.018915	-0.015688	-0.092441
2.900051	-0.018619	-0.015961	-0.076151
2.897592	-0.018895	-0.015961	-0.084055
2.895138	-0.019049	-0.016302	-0.078687
2.892689	-0.020080	-0.016015	-0.116447
2.890244	-0.019559	-0.016483	-0.088113
2.887803	-0.019664	-0.016245	-0.097940
2.885367	-0.019813	-0.016540	-0.093775
2.882936	-0.019587	-0.017554	-0.058235
2.880508	-0.020387	-0.017188	-0.091653
2.878085	-0.020722	-0.017775	-0.084408
2.875667	-0.021329	-0.018504	-0.080923
2.873252	-0.022311	-0.018685	-0.103884
2.870842	-0.022374	-0.019941	-0.069698
2.868437	-0.022768	-0.020283	-0.071214
2.866036	-0.022581	-0.020009	-0.073701
2.863639	-0.023237	-0.020260	-0.085292
2.861246	-0.023152	-0.020326	-0.080969
2.858858	-0.023032	-0.020181	-0.081666
2.856474	-0.023468	-0.020510	-0.084735
2.854094	-0.023629	-0.020825	-0.080355
2.851718	-0.023077	-0.020744	-0.066844
2.849347	-0.023547	-0.020515	-0.086835
2.846980	-0.023409	-0.020583	-0.080935
2.844617	-0.022943	-0.020161	-0.079685
2.842258	-0.022953	-0.019875	-0.088172
2.839904	-0.022294	-0.019597	-0.077275
2.837553	-0.022601	-0.020005	-0.074350
2.835207	-0.022495	-0.019484	-0.086259
2.832865	-0.022252	-0.019335	-0.083545
2.830528	-0.021788	-0.018787	-0.085990
2.828194	-0.021524	-0.018845	-0.076732
2.825864	-0.021384	-0.018233	-0.090265
2.823539	-0.021330	-0.018161	-0.090810
2.821218	-0.020777	-0.017841	-0.084114
2.818901	-0.020989	-0.018294	-0.077215
2.816587	-0.020751	-0.017952	-0.080209
2.814278	-0.020930	-0.017627	-0.094607
2.811973	-0.020803	-0.017664	-0.089930
2.809673	-0.020453	-0.017448	-0.086085
2.807376	-0.020052	-0.017204	-0.081601
2.805083	-0.020148	-0.017169	-0.085357
2.802794	-0.020073	-0.017211	-0.082000
2.800509	-0.020024	-0.017384	-0.075620
2.798228	-0.019989	-0.017206	-0.079735
2.795952	-0.019969	-0.017342	-0.075254
2.793679	-0.020340	-0.017220	-0.089372
2.791410	-0.020462	-0.017707	-0.078947
2.789145	-0.020413	-0.017660	-0.078868
2.786884	-0.020237	-0.017349	-0.082737
2.784627	-0.020690	-0.017753	-0.084145
2.782374	-0.020530	-0.017699	-0.081099
2.780125	-0.020787	-0.017665	-0.089449
2.777880	-0.020803	-0.018036	-0.079267
2.775638	-0.020416	-0.017517	-0.083037
2.773401	-0.020449	-0.017579	-0.082233
2.771167	-0.020447	-0.017510	-0.084151
2.768938	-0.020079	-0.017200	-0.082455
2.766712	-0.020032	-0.016955	-0.088151
2.764490	-0.019686	-0.016518	-0.090755
2.762272	-0.019256	-0.016323	-0.084029
2.760058	-0.018882	-0.016020	-0.081980
2.757847	-0.018590	-0.015574	-0.086419
2.755640	-0.018121	-0.014835	-0.094133
2.753437	-0.017398	-0.014486	-0.083425
2.751238	-0.016906	-0.013870	-0.086977
2.749043	-0.016474	-0.013531	-0.084293
2.746852	-0.016634	-0.013660	-0.085197
2.744664	-0.016361	-0.013292	-0.087899
2.742480	-0.016025	-0.012875	-0.090241
2.740300	-0.016132	-0.012978	-0.090376
2.738123	-0.016324	-0.013088	-0.092725
2.735950	-0.016088	-0.012911	-0.091006
2.733781	-0.015635	-0.012909	-0.078099
2.731616	-0.015927	-0.012797	-0.089670
2.729454	-0.015531	-0.012772	-0.079040
2.727296	-0.015771	-0.012814	-0.084707
2.725142	-0.015818	-0.012870	-0.084458
2.722991	-0.015798	-0.012985	-0.080577
2.720844	-0.015492	-0.012636	-0.081825
2.718701	-0.015732	-0.012830	-0.083115
2.716561	-0.015692	-0.012547	-0.090099
2.714425	-0.015508	-0.012411	-0.088726
2.712293	-0.015534	-0.012347	-0.091307
2.710164	-0.015527	-0.012394	-0.089758
2.708039	-0.015592	-0.012469	-0.089495
2.705917	-0.015457	-0.012452	-0.086065
2.703799	-0.015453	-0.012157	-0.094419
2.701685	-0.015284	-0.011980	-0.094653
2.699574	-0.015334	-0.012053	-0.093981
2.697466	-0.015133	-0.012056	-0.088154
2.695363	-0.014811	-0.011770	-0.087125
2.693262	-0.014933	-0.012030	-0.083157
2.691166	-0.014936	-0.011657	-0.093931
2.689072	-0.014757	-0.011770	-0.085551
2.686983	-0.014391	-0.011418	-0.085166
2.684897	-0.014274	-0.011064	-0.091962
2.682814	-0.014110	-0.011030	-0.088231
2.680735	-0.014228	-0.011068	-0.090545
2.678659	-0.013703	-0.010807	-0.082942
2.676587	-0.013898	-0.010752	-0.090122
2.674518	-0.013675	-0.010675	-0.085951
2.672453	-0.013716	-0.010497	-0.092219
2.670391	-0.013728	-0.010513	-0.092092
2.668333	-0.013710	-0.010703	-0.086154
2.666278	-0.013534	-0.010579	-0.084676
2.664226	-0.013371	-0.010372	-0.085905
2.662178	-0.013413	-0.010100	-0.094911
2.660133	-0.013098	-0.010015	-0.088315
2.658092	-0.012966	-0.009868	-0.088759
2.656054	-0.013120	-0.010090	-0.086802
2.654019	-0.013234	-0.009951	-0.094057
2.651988	-0.012710	-0.009578	-0.089718
2.649960	-0.012766	-0.009893	-0.082317
2.647936	-0.012972	-0.009878	-0.088610
2.645915	-0.012985	-0.009817	-0.090765
2.643897	-0.012818	-0.009690	-0.089609
2.641882	-0.012585	-0.009547	-0.087048
2.639871	-0.012531	-0.009584	-0.084439
2.637863	-0.012439	-0.009300	-0.089950
2.635859	-0.012417	-0.009199	-0.092190
2.633857	-0.012209	-0.009135	-0.088066
2.631859	-0.012187	-0.009204	-0.085470
2.629865	-0.012169	-0.009146	-0.086593
2.627873	-0.012270	-0.009018	-0.093171
2.625885	-0.012182	-0.008905	-0.093869
2.623900	-0.012371	-0.009268	-0.088889
2.621919	-0.012131	-0.008836	-0.094404
2.619940	-0.011897	-0.008734	-0.090616
2.617965	-0.011615	-0.008556	-0.087612
2.615993	-0.011754	-0.008582	-0.090851
2.614025	-0.011567	-0.008402	-0.090688
2.612059	-0.011357	-0.008291	-0.087838
2.610097	-0.011033	-0.007934	-0.088789
2.608138	-0.010879	-0.007985	-0.082893
2.606182	-0.010733	-0.007568	-0.090673
2.604229	-0.010353	-0.007297	-0.087536
2.602280	-0.010272	-0.007200	-0.088009
2.600333	-0.010084	-0.007083	-0.085977
2.598390	-0.009814	-0.006808	-0.086133
2.596450	-0.009854	-0.006806	-0.087330
2.594513	-0.009358	-0.006460	-0.083030
2.592579	-0.009279	-0.006287	-0.085718
2.590648	-0.009274	-0.006343	-0.083973
2.588721	-0.009134	-0.006045	-0.088465
2.586796	-0.009199	-0.006156	-0.087171
2.584875	-0.008810	-0.005944	-0.082101
2.582957	-0.008574	-0.005519	-0.087520
2.581042	-0.008297	-0.005353	-0.084339
2.579130	-0.008381	-0.005322	-0.087639
2.577221	-0.008241	-0.005153	-0.088449
2.575315	-0.007979	-0.004972	-0.086144
2.573412	-0.007952	-0.004799	-0.090322
2.571512	-0.008101	-0.004952	-0.090197
2.569615	-0.007846	-0.004867	-0.085337
2.567722	-0.007774	-0.004659	-0.089219
2.565831	-0.007668	-0.004679	-0.085626
2.563943	-0.007628	-0.004515	-0.089180
2.562058	-0.007380	-0.004436	-0.084345
2.560177	-0.007461	-0.004368	-0.088625
2.558298	-0.007184	-0.004174	-0.086220
2.556423	-0.007277	-0.004167	-0.089093
2.554550	-0.007235	-0.004079	-0.090394
2.552680	-0.007278	-0.004132	-0.090125
2.550813	-0.007044	-0.003971	-0.088056
2.548950	-0.006917	-0.004043	-0.082344
2.547089	-0.006818	-0.003825	-0.085738
2.545231	-0.006921	-0.003940	-0.085402
2.543376	-0.006742	-0.003766	-0.085244
2.541524	-0.006872	-0.003797	-0.088080
2.539675	-0.006659	-0.003639	-0.086514
2.537829	-0.006517	-0.003401	-0.089266
2.535986	-0.006358	-0.003193	-0.090665
2.534146	-0.006092	-0.003039	-0.087463
2.532308	-0.006044	-0.002994	-0.087359
2.530474	-0.006002	-0.002892	-0.089096
2.528642	-0.005765	-0.002758	-0.086128
2.526814	-0.005703	-0.002769	-0.084067
2.524988	-0.005610	-0.002723	-0.082712
2.523165	-0.005712	-0.002758	-0.084648
2.521345	-0.005540	-0.002561	-0.085355
2.519528	-0.005658	-0.002674	-0.085483
2.517714	-0.005509	-0.002517	-0.085706
2.515902	-0.005452	-0.002446	-0.086138
2.514093	-0.005427	-0.002460	-0.084989
2.512288	-0.005650	-0.002634	-0.086417
2.510485	-0.005795	-0.002668	-0.089597
2.508684	-0.005764	-0.002723	-0.087116
2.506887	-0.005746	-0.002843	-0.083155
2.505092	-0.005758	-0.002776	-0.085418
2.503301	-0.005940	-0.002943	-0.085861
2.501512	-0.005832	-0.002886	-0.084408
2.499726	-0.005866	-0.002698	-0.090768
2.497942	-0.005849	-0.002731	-0.089331
2.496162	-0.005795	-0.002918	-0.082412
2.494384	-0.005654	-0.002497	-0.090421
2.492609	-0.005771	-0.002785	-0.085518
2.490836	-0.005863	-0.002741	-0.089453
2.489067	-0.005864	-0.002636	-0.092472
2.487300	-0.005573	-0.002534	-0.087059
2.485536	-0.005546	-0.002499	-0.087299
2.483774	-0.005411	-0.002342	-0.087912
2.482016	-0.005301	-0.002215	-0.088422
2.480260	-0.005400	-0.002243	-0.090440
2.478507	-0.005150	-0.002135	-0.086363
2.476756	-0.005274	-0.002014	-0.093402
2.475008	-0.005130	-0.001958	-0.090861
2.473263	-0.005008	-0.001936	-0.088009
2.471521	-0.005137	-0.001863	-0.093804
2.469781	-0.005211	-0.001955	-0.093282
2.468044	-0.004941	-0.001780	-0.090566
2.466309	-0.004996	-0.001867	-0.089614
2.464578	-0.004688	-0.001568	-0.089367
2.462848	-0.004763	-0.001701	-0.087722
2.461122	-0.004471	-0.001248	-0.092321
2.459398	-0.004547	-0.001345	-0.091734
2.457677	-0.004386	-0.001312	-0.088044
2.455958	-0.004250	-0.001196	-0.087484
2.454243	-0.004211	-0.001142	-0.087930
2.452529	-0.004209	-0.000981	-0.092469
2.450819	-0.004035	-0.000998	-0.087005
2.449111	-0.003894	-0.000790	-0.088923
2.447405	-0.003838	-0.000600	-0.092766
2.445702	-0.003734	-0.000507	-0.092460
2.444002	-0.003705	-0.000545	-0.090527
2.442304	-0.003605	-0.000484	-0.089409
2.440609	-0.003480	-0.000313	-0.090745
2.438917	-0.003416	-0.000232	-0.091214
2.437227	-0.003500	-0.000194	-0.094720
2.435539	-0.003430	-0.000212	-0.092180
2.433854	-0.003442	-0.000079	-0.096345
2.432172	-0.003156	0.000022	-0.091060
2.430492	-0.003004	0.000215	-0.092206
2.428815	-0.002909	0.000281	-0.091371
2.427140	-0.002830	0.000332	-0.090601
2.425468	-0.002816	0.000302	-0.089331
2.423799	-0.002714	0.000220	-0.084050
2.422131	-0.002647	0.000681	-0.095330
2.420467	-0.002469	0.000852	-0.095130
2.418805	-0.002715	0.000487	-0.091737
2.417145	-0.002739	0.000463	-0.091738
2.415488	-0.002645	0.000511	-0.090429
2.413833	-0.002413	0.000658	-0.087980
2.412181	-0.002258	0.000771	-0.086757
2.410532	-0.002433	0.000825	-0.093329
2.408884	-0.002269	0.000789	-0.087609
2.407240	-0.002385	0.000895	-0.093967
2.405598	-0.002411	0.000708	-0.089358
2.403958	-0.002440	0.000820	-0.093397
2.402320	-0.002152	0.001073	-0.092390
2.400685	-0.001892	0.001212	-0.088919
2.399053	-0.002057	0.001334	-0.097149
2.397423	-0.001971	0.001201	-0.090885
2.395795	-0.001819	0.001268	-0.088436
2.394170	-0.001633	0.001554	-0.091310
2.392547	-0.001680	0.001578	-0.093326
2.390927	-0.001566	0.001565	-0.089713
2.389309	-0.001683	0.001587	-0.093670
2.387694	-0.001550	0.001775	-0.095265
2.386081	-0.001231	0.001799	-0.086807
2.384470	-0.001234	0.002072	-0.094714
2.382861	-0.001450	0.001918	-0.096470
2.381255	-0.001397	0.001689	-0.088412
2.379652	-0.001398	0.001977	-0.096691
2.378051	-0.001134	0.002151	-0.094116
2.376452	-0.001171	0.002040	-0.092001
2.374855	-0.000702	0.002585	-0.094169
2.373261	-0.000618	0.002575	-0.091487
2.371669	-0.000685	0.002655	-0.095687
2.370080	-0.000646	0.002778	-0.098086
2.368493	-0.000665	0.002628	-0.094357
2.366908	-0.000219	0.002877	-0.088707
2.365326	-0.000263	0.003016	-0.093939
2.363745	-0.000124	0.003064	-0.091316
2.362168	-0.000086	0.003171	-0.093306
2.360592	0.000192	0.003423	-0.092558
2.359019	0.000279	0.003486	-0.091886
2.357448	0.000418	0.003546	-0.089601
2.355880	0.000169	0.003479	-0.094845
2.354313	0.000225	0.003714	-0.099958
2.352749	0.000446	0.003685	-0.092803
2.351188	0.000638	0.003785	-0.090176
2.349628	0.000664	0.003873	-0.091933
2.348071	0.000702	0.003723	-0.086524
2.346516	0.000661	0.003852	-0.091425
2.344964	0.000724	0.004143	-0.097956
2.343413	0.000798	0.004109	-0.094852
2.341865	0.000850	0.004194	-0.095816
2.340319	0.001093	0.004326	-0.092623
2.338776	0.001202	0.004185	-0.085467
2.337235	0.001029	0.004228	-0.091663
2.335695	0.001142	0.004322	-0.091090
2.334159	0.001370	0.004626	-0.093271
2.332624	0.001179	0.004678	-0.100226
2.331091	0.001415	0.004788	-0.096631
2.329561	0.001751	0.004928	-0.091031
2.328033	0.001714	0.005025	-0.094849
2.326508	0.001889	0.005044	-0.090399
2.324984	0.001622	0.005161	-0.101406
2.323463	0.001843	0.005184	-0.095719
2.321943	0.001785	0.005111	-0.095268
2.320426	0.001926	0.005161	-0.092679
2.318912	0.002106	0.005347	-0.092844
2.317399	0.002142	0.005369	-0.092458
2.315888	0.002160	0.005432	-0.093744
2.314380	0.002052	0.005480	-0.098203
2.312874	0.002282	0.005590	-0.094780
2.311370	0.002349	0.005686	-0.095621
2.309868	0.002397	0.005828	-0.098295
2.308369	0.002512	0.005615	-0.088892
2.306871	0.002707	0.005826	-0.089350
2.305376	0.002839	0.006210	-0.096558
2.303883	0.002942	0.006111	-0.090790
2.302392	0.002919	0.006434	-0.100700
2.300903	0.003189	0.006507	-0.095071
2.299416	0.003187	0.006519	-0.095473
2.297931	0.003205	0.006545	-0.095673
2.296449	0.003275	0.006737	-0.099165
2.294968	0.003542	0.006887	-0.095814
2.293490	0.003602	0.006723	-0.089401
2.292013	0.003569	0.006956	-0.097025
2.290539	0.003698	0.006847	-0.090203
2.289067	0.003657	0.007122	-0.099261
2.287597	0.003932	0.007145	-0.092033
2.286129	0.003814	0.007117	-0.094604
2.284664	0.003694	0.007159	-0.099266
2.283200	0.004120	0.007414	-0.094379
2.281738	0.003992	0.007469	-0.099612
2.280279	0.004089	0.007673	-0.102670
2.278821	0.004106	0.007433	-0.095307
2.277366	0.004323	0.007563	-0.092809
2.275912	0.004198	0.007678	-0.099704
2.274461	0.004359	0.007707	-0.095905
2.273012	0.004316	0.007458	-0.090015
2.271564	0.004541	0.007810	-0.093663
2.270119	0.004367	0.007779	-0.097743
2.268676	0.004617	0.008001	-0.096946
2.267235	0.004624	0.008164	-0.101407
2.265796	0.004771	0.007914	-0.090048
2.264359	0.004570	0.008198	-0.103916
2.262923	0.004841	0.008139	-0.094466
2.261490	0.004882	0.008321	-0.098515
2.260059	0.005111	0.008511	-0.097402
2.258630	0.005193	0.008357	-0.090630
2.257203	0.004966	0.008553	-0.102738
2.255778	0.005070	0.008638	-0.102213
2.254355	0.005425	0.008624	-0.091662
2.252934	0.005422	0.008647	-0.092381
2.251515	0.005323	0.008697	-0.096664
2.250098	0.005273	0.008607	-0.095518
2.248683	0.005193	0.008608	-0.097854
2.247269	0.005269	0.008690	-0.098002
2.245858	0.005328	0.008901	-0.102366
2.244449	0.005407	0.008887	-0.099689
2.243042	0.005602	0.008965	-0.096350
2.241636	0.005677	0.008974	-0.094456
2.240233	0.005760	0.009046	-0.094161
2.238832	0.006218	0.009334	-0.089251
2.237432	0.005996	0.009441	-0.098685
2.236035	0.006201	0.009532	-0.095423
2.234639	0.006317	0.009680	-0.096321
2.233245	0.006171	0.009909	-0.107103
2.231854	0.006264	0.009634	-0.096525
2.230464	0.006419	0.009677	-0.093326
2.229076	0.006238	0.009741	-0.100350
2.227690	0.006359	0.009670	-0.094865
2.226306	0.006366	0.009816	-0.098830
2.224924	0.006578	0.009908	-0.095422
2.223544	0.006603	0.010027	-0.098094
2.222165	0.006690	0.010075	-0.096993
2.220789	0.006814	0.010309	-0.100129
2.219414	0.006902	0.010364	-0.099181
2.218042	0.006949	0.010487	-0.101361
2.216671	0.007209	0.010479	-0.093680
2.215302	0.007193	0.010547	-0.096084
2.213935	0.007212	0.010525	-0.094936
2.212570	0.007259	0.010693	-0.098374
2.211207	0.007125	0.010781	-0.104738
2.209845	0.007294	0.010670	-0.096738
2.208486	0.007226	0.010606	-0.096830
2.207128	0.007085	0.010716	-0.104009
2.205772	0.007565	0.010916	-0.096004
2.204418	0.007569	0.010885	-0.095003
2.203066	0.007549	0.011010	-0.099168
2.201716	0.007556	0.010971	-0.097844
2.200367	0.007585	0.011200	-0.103563
2.199021	0.007655	0.011001	-0.095870
2.197676	0.007426	0.010928	-0.100336
2.196333	0.007600	0.011364	-0.107839
2.194992	0.008141	0.011405	-0.093489
2.193653	0.007818	0.011241	-0.098064
2.192315	0.008006	0.011458	-0.098903
2.190980	0.008304	0.011677	-0.096626
2.189646	0.008143	0.011700	-0.101922
2.188314	0.008298	0.011961	-0.104931
2.186984	0.008456	0.011816	-0.096260
2.185655	0.008340	0.011836	-0.100145
2.184328	0.008336	0.011791	-0.098975
2.183004	0.008467	0.012014	-0.101626
2.181681	0.008360	0.012257	-0.111624
2.180359	0.008544	0.012027	-0.099786
2.179040	0.008400	0.011908	-0.100515
2.177722	0.008558	0.012098	-0.101414
2.176406	0.008467	0.011758	-0.094265
2.175092	0.008747	0.012129	-0.096875
2.173780	0.008972	0.012421	-0.098828
2.172469	0.008805	0.012414	-0.103386
2.171160	0.008929	0.012448	-0.100803
2.169853	0.008924	0.012559	-0.104135
2.168548	0.008984	0.012501	-0.100738
2.167244	0.009168	0.012739	-0.102299
2.165943	0.009095	0.012747	-0.104631
2.164643	0.008925	0.012440	-0.100713
2.163344	0.009184	0.012542	-0.096193
2.162048	0.009183	0.012629	-0.098718
2.160753	0.009324	0.012724	-0.097393
2.159460	0.009648	0.013015	-0.096456
2.158168	0.009536	0.013125	-0.102791
2.156879	0.009528	0.012863	-0.095527
2.155591	0.009666	0.013163	-0.100168
2.154304	0.009678	0.013246	-0.102203
2.153020	0.009620	0.013360	-0.107147
2.151737	0.009890	0.013525	-0.104120
2.150456	0.010179	0.013766	-0.102747
2.149177	0.010347	0.013834	-0.099883
2.147899	0.010268	0.013819	-0.101727
2.146623	0.010344	0.013764	-0.097977
2.145349	0.010292	0.014043	-0.107473
2.144076	0.010254	0.013896	-0.104358
2.142805	0.010470	0.013930	-0.099121
2.141536	0.010352	0.014079	-0.106769
2.140268	0.010637	0.013983	-0.095870
2.139002	0.010697	0.014432	-0.106992
2.137738	0.010699	0.014485	-0.108465
2.136476	0.010907	0.014435	-0.101060
2.135215	0.010751	0.014557	-0.109035
2.133956	0.010762	0.014433	-0.105154
2.132698	0.010991	0.014506	-0.100679
2.131442	0.011155	0.014524	-0.096512
2.130188	0.010814	0.014327	-0.100642
2.128935	0.010870	0.014312	-0.098617
2.127684	0.010813	0.014341	-0.101084
2.126435	0.011406	0.014762	-0.096133
2.125187	0.011365	0.014872	-0.100474
2.123941	0.011283	0.015055	-0.108080
2.122697	0.011563	0.014949	-0.097010
2.121454	0.011623	0.014887	-0.093511
2.120213	0.011746	0.015142	-0.097303
2.118974	0.011723	0.015367	-0.104380
2.117736	0.011879	0.015531	-0.104624
2.116500	0.011801	0.015370	-0.102238
2.115265	0.011939	0.015486	-0.101606
2.114032	0.011971	0.015454	-0.099770
2.112801	0.012058	0.015602	-0.101520
2.111571	0.012231	0.015986	-0.107569
2.110343	0.012036	0.015762	-0.106723
2.109116	0.012301	0.015691	-0.097101
2.107891	0.012443	0.016094	-0.104596
2.106668	0.012549	0.015838	-0.094226
2.105446	0.012434	0.015922	-0.099922
2.104226	0.012585	0.016005	-0.097984
2.103007	0.012302	0.015803	-0.100289
2.101790	0.012205	0.015787	-0.102594
2.100575	0.012476	0.015994	-0.100808
2.099361	0.012429	0.015881	-0.098883
2.098149	0.012634	0.016193	-0.101982
2.096938	0.012702	0.016359	-0.104747
2.095729	0.012685	0.016172	-0.099892
2.094521	0.012629	0.016387	-0.107672
2.093315	0.012762	0.016569	-0.109036
2.092111	0.013085	0.016650	-0.102119
2.090908	0.013302	0.016926	-0.103839
2.089707	0.013055	0.016734	-0.105410
2.088507	0.013082	0.016668	-0.102721
2.087309	0.013177	0.016720	-0.101485
2.086112	0.013190	0.016991	-0.108916
2.084917	0.013424	0.017119	-0.105852
2.083723	0.013340	0.017142	-0.108921
2.082531	0.013378	0.016644	-0.093568
2.081341	0.013592	0.016925	-0.095482
2.080152	0.013732	0.017359	-0.103914
2.078964	0.013703	0.017238	-0.101282
2.077778	0.013630	0.017534	-0.111859
2.076594	0.013942	0.017556	-0.103534
2.075411	0.014071	0.017729	-0.104786
2.074230	0.013956	0.017623	-0.105075
2.073050	0.014016	0.017744	-0.106792
2.071871	0.014127	0.017750	-0.103794
2.070694	0.013979	0.017699	-0.106570
2.069519	0.013993	0.017822	-0.109691
2.068345	0.014217	0.017761	-0.101551
2.067173	0.014031	0.017700	-0.105095
2.066002	0.014312	0.017953	-0.104300
2.064833	0.014478	0.018160	-0.105485
2.063665	0.014532	0.018195	-0.104947
2.062498	0.014695	0.018264	-0.102226
2.061333	0.014707	0.018216	-0.100519
2.060170	0.014451	0.018195	-0.107252
2.059008	0.014595	0.018238	-0.104386
2.057848	0.014750	0.018214	-0.099251
2.056689	0.014712	0.018297	-0.102700
2.055531	0.014732	0.018353	-0.103752
2.054375	0.014765	0.018434	-0.105107
2.053221	0.014677	0.018361	-0.105529
2.052067	0.014811	0.018386	-0.102430
2.050916	0.014972	0.018554	-0.102633
2.049766	0.014941	0.018549	-0.103379
2.048617	0.014862	0.018526	-0.104951
2.047470	0.014858	0.018649	-0.108610
2.046324	0.014846	0.018639	-0.108663
2.045179	0.015259	0.018742	-0.099775
2.044036	0.015333	0.019070	-0.107049
2.042895	0.015478	0.019222	-0.107265
2.041755	0.015697	0.019446	-0.107410
2.040616	0.015821	0.019621	-0.108861
2.039479	0.015848	0.019546	-0.105946
2.038343	0.015699	0.019590	-0.111477
2.037209	0.015659	0.019260	-0.103176
2.036076	0.015559	0.019397	-0.109967
2.034945	0.015437	0.019501	-0.116415
2.033815	0.015825	0.019556	-0.106889
2.032686	0.015867	0.019759	-0.111494
2.031559	0.016153	0.019707	-0.101811
2.030433	0.016074	0.019810	-0.107024
2.029309	0.016182	0.019982	-0.108865
2.028186	0.016047	0.019944	-0.111645
2.027064	0.016271	0.019954	-0.105528
2.025944	0.016047	0.019673	-0.103887
2.024825	0.016048	0.019807	-0.107700
2.023708	0.015964	0.019998	-0.115562
2.022592	0.016094	0.019967	-0.110953
2.021477	0.016245	0.020266	-0.115182
2.020364	0.016725	0.020603	-0.111082
2.019252	0.016683	0.020624	-0.112902
2.018142	0.016657	0.020511	-0.110399
2.017033	0.016779	0.020361	-0.102620
2.015925	0.016733	0.020371	-0.104242
2.014819	0.016695	0.020565	-0.110860
2.013714	0.017005	0.020599	-0.102976
2.012610	0.016741	0.020472	-0.106879
2.011508	0.016871	0.020514	-0.104379
2.010407	0.016855	0.020578	-0.106663
2.009308	0.016785	0.020487	-0.106077
2.008210	0.016674	0.020514	-0.109986
2.007113	0.016644	0.020691	-0.115930
2.006018	0.017041	0.020821	-0.108279
2.004924	0.017029	0.020779	-0.107437
2.003831	0.017166	0.020958	-0.108647
2.002740	0.017047	0.020933	-0.111309
2.001650	0.017014	0.020922	-0.111958
2.000561	0.017060	0.020810	-0.107413
1.999474	0.017259	0.020775	-0.100724
1.998388	0.017233	0.021163	-0.112603
1.997303	0.017435	0.021239	-0.108966
1.996220	0.017451	0.021279	-0.109660
1.995138	0.017363	0.021216	-0.110380
1.994058	0.017713	0.021444	-0.106880
1.992978	0.017598	0.021342	-0.107262
1.991901	0.017871	0.021583	-0.106334
1.990824	0.017677	0.021766	-0.117142
1.989749	0.017934	0.021734	-0.108855
1.988675	0.017751	0.021492	-0.107183
1.987602	0.017833	0.021695	-0.110629
1.986531	0.017608	0.021328	-0.106594
1.985461	0.017812	0.021378	-0.102177
1.984392	0.017652	0.021496	-0.110136
1.983325	0.017745	0.021540	-0.108720
1.982259	0.017694	0.021623	-0.112557
1.981194	0.017906	0.021681	-0.108136
1.980130	0.017906	0.021700	-0.108681
1.979068	0.017831	0.021750	-0.112261
1.978007	0.017984	0.021830	-0.110169
1.976948	0.018026	0.021844	-0.109364
1.975889	0.017913	0.021656	-0.107222
1.974832	0.018063	0.021841	-0.108234
1.973777	0.018234	0.022101	-0.110785
1.972722	0.018094	0.021983	-0.111407
1.971669	0.018018	0.021770	-0.107496
1.970617	0.018116	0.021950	-0.109813
1.969566	0.018154	0.022193	-0.115727
1.968517	0.018822	0.022519	-0.105915
1.967469	0.018407	0.022452	-0.115881
1.966422	0.018585	0.022570	-0.114167
1.965377	0.018586	0.022488	-0.111770
1.964333	0.018385	0.022391	-0.114757
1.963290	0.018721	0.022399	-0.105374
1.962248	0.018769	0.022702	-0.112661
1.961207	0.018866	0.022800	-0.112704
1.960168	0.018955	0.022735	-0.108285
1.959130	0.019245	0.023107	-0.110629
1.958094	0.019609	0.023374	-0.107852
1.957058	0.019586	0.023400	-0.109249
1.956024	0.019582	0.023410	-0.109671
1.954991	0.019367	0.023390	-0.115255
1.953959	0.019231	0.023278	-0.115916
1.952929	0.019441	0.023123	-0.105493
1.951900	0.019558	0.023429	-0.110897
1.950872	0.019535	0.023407	-0.110911
1.949845	0.019375	0.023150	-0.108121
1.948819	0.019456	0.023368	-0.112060
1.947795	0.019558	0.023248	-0.105692
1.946772	0.019417	0.023337	-0.112301
1.945750	0.019538	0.023278	-0.107140
1.944729	0.019749	0.023844	-0.117329
1.943710	0.019688	0.023461	-0.108079
1.942692	0.019740	0.023713	-0.113804
1.941675	0.019912	0.023813	-0.111764
1.940659	0.020020	0.023886	-0.110738
1.939645	0.019937	0.023962	-0.115290
1.938631	0.019934	0.023704	-0.107997
1.937619	0.019948	0.023905	-0.113378
1.936608	0.020123	0.024128	-0.114736
1.935599	0.020279	0.024287	-0.114833
1.934590	0.020401	0.024363	-0.113485
1.933583	0.020324	0.024190	-0.110766
1.932577	0.020275	0.024327	-0.116095
1.931572	0.020455	0.024400	-0.113021
1.930568	0.020672	0.024520	-0.110216
1.929566	0.020634	0.024491	-0.110494
1.928565	0.020330	0.024329	-0.114577
1.927565	0.020379	0.024295	-0.112182
1.926566	0.020505	0.024456	-0.113199
1.925568	0.020783	0.024764	-0.114044
1.924571	0.021004	0.024736	-0.106924
1.923576	0.021328	0.025033	-0.106131
1.922582	0.020957	0.025038	-0.116932
1.921589	0.020514	0.024757	-0.121562
1.920597	0.020499	0.024566	-0.116499
1.919606	0.020537	0.024659	-0.118069
1.918617	0.020663	0.024609	-0.113049
1.917629	0.020816	0.024834	-0.115110
1.916641	0.020867	0.024856	-0.114275
1.915655	0.020866	0.024995	-0.118296
1.914671	0.021119	0.025082	-0.113515
1.913687	0.021148	0.025084	-0.112767
1.912704	0.021047	0.025059	-0.114930
1.911723	0.021024	0.025149	-0.118166
1.910743	0.020645	0.024677	-0.115516
1.909764	0.020601	0.024826	-0.121048
1.908786	0.020937	0.024841	-0.111838
1.907809	0.021098	0.025135	-0.115644
1.906834	0.021065	0.025110	-0.115868
1.905859	0.021159	0.025157	-0.114549
1.904886	0.021136	0.025182	-0.115902
1.903914	0.021268	0.025202	-0.112681
1.902943	0.021156	0.025074	-0.112236
1.901973	0.021073	0.025166	-0.117258
1.901004	0.021192	0.025289	-0.117375
1.900036	0.021379	0.025446	-0.116498
1.899070	0.021302	0.025047	-0.107292
1.898105	0.021047	0.024996	-0.113143
1.897140	0.021094	0.025328	-0.121288
1.896177	0.021444	0.025190	-0.107314
1.895215	0.021178	0.025198	-0.115154
1.894254	0.021180	0.025251	-0.116624
1.893295	0.021364	0.025225	-0.110622
1.892336	0.021419	0.025547	-0.118251
1.891378	0.021842	0.025857	-0.115037
1.890422	0.021539	0.025842	-0.123279
1.889467	0.021740	0.025855	-0.117905
1.888513	0.021651	0.025757	-0.117623
1.887560	0.021574	0.025492	-0.112233
1.886608	0.021672	0.025849	-0.119683
1.885657	0.021944	0.025926	-0.114077
1.884707	0.021893	0.025974	-0.116902
1.883758	0.022014	0.026201	-0.119930
1.882811	0.022064	0.025943	-0.111119
1.881864	0.021847	0.025919	-0.116665
1.880919	0.021788	0.025897	-0.117713
1.879975	0.021724	0.025820	-0.117326
1.879032	0.021589	0.025900	-0.123482
1.878090	0.021633	0.025801	-0.119413
1.877149	0.021769	0.025944	-0.119611
1.876209	0.022133	0.025974	-0.110062
1.875270	0.022185	0.025968	-0.108376
1.874332	0.022279	0.026130	-0.110321
1.873396	0.022539	0.026543	-0.114713
1.872460	0.022419	0.026609	-0.120047
1.871525	0.022701	0.026706	-0.114741
1.870592	0.022511	0.026485	-0.113837
1.869660	0.022347	0.026576	-0.121135
1.868728	0.022586	0.026614	-0.115387
1.867798	0.022877	0.026892	-0.115021
1.866869	0.022642	0.026778	-0.118479
1.865941	0.022633	0.026708	-0.116741
1.865014	0.022678	0.026706	-0.115397
1.864088	0.022368	0.026606	-0.121419
1.863163	0.022506	0.026446	-0.112868
1.862239	0.022548	0.026624	-0.116751
1.861317	0.022570	0.026521	-0.113171
1.860395	0.022588	0.026698	-0.117735
1.859474	0.022422	0.026780	-0.124862
1.858555	0.022392	0.026256	-0.110713
1.857636	0.022510	0.026634	-0.118138
1.856719	0.022852	0.027009	-0.119113
1.855802	0.022721	0.026901	-0.119740
1.854887	0.022905	0.027007	-0.117515
1.853973	0.022516	0.026708	-0.120097
1.853059	0.022498	0.026767	-0.122290
1.852147	0.022614	0.026889	-0.122466
1.851236	0.022671	0.026955	-0.122737
1.850326	0.022885	0.027025	-0.118592
1.849416	0.022736	0.027017	-0.122647
1.848508	0.022834	0.026783	-0.113137
1.847601	0.022390	0.026535	-0.118744
1.846695	0.022590	0.026907	-0.123661
1.845790	0.022792	0.026802	-0.114887
1.844886	0.022999	0.027078	-0.116864
1.843983	0.022966	0.027119	-0.118970
1.843081	0.022754	0.027430	-0.133942
1.842180	0.022984	0.026900	-0.112187
1.841280	0.023160	0.027251	-0.117199
1.840381	0.023280	0.027646	-0.125068
1.839484	0.023436	0.027639	-0.120402
1.838587	0.023456	0.027729	-0.122403
1.837691	0.023650	0.027576	-0.112485
1.836796	0.023534	0.027836	-0.123255
1.835902	0.023547	0.027810	-0.122133
1.835009	0.023516	0.027595	-0.116834
1.834118	0.023569	0.027662	-0.117259
1.833227	0.023452	0.027759	-0.123381
1.832337	0.023484	0.027837	-0.124692
1.831448	0.023541	0.027864	-0.123851
1.830560	0.023771	0.027893	-0.118096
1.829674	0.023836	0.028066	-0.121180
1.828788	0.023924	0.028161	-0.121386
1.827903	0.024275	0.028317	-0.115801
1.827019	0.024516	0.028487	-0.113762
1.826136	0.024166	0.028289	-0.118126
1.825255	0.023946	0.028436	-0.128632
1.824374	0.023853	0.027892	-0.115705
1.823494	0.023241	0.027507	-0.122204
1.822615	0.023519	0.027720	-0.120355
1.821737	0.023444	0.027612	-0.119412
1.820860	0.023574	0.028025	-0.127526
1.819984	0.023501	0.027977	-0.128227
1.819109	0.023449	0.027880	-0.126923
1.818235	0.023731	0.028240	-0.129173
1.817362	0.023913	0.028186	-0.122401
1.816490	0.023911	0.028206	-0.123018
1.815619	0.024129	0.028314	-0.119903
1.814749	0.024149	0.028548	-0.126029
1.813880	0.023996	0.028130	-0.118448
1.813012	0.023786	0.028110	-0.123864
1.812145	0.023842	0.027887	-0.115901
1.811279	0.024019	0.028369	-0.124620
1.810413	0.023958	0.028125	-0.119370
1.809549	0.023866	0.028327	-0.127781
1.808686	0.023931	0.028309	-0.125426
1.807824	0.023823	0.028257	-0.127028
1.806962	0.024179	0.028504	-0.123890
1.806102	0.024403	0.028745	-0.124387
1.805242	0.024454	0.028833	-0.125451
1.804384	0.024116	0.028704	-0.131443
1.803526	0.024357	0.028534	-0.119673
1.802670	0.024193	0.028489	-0.123061
1.801814	0.024106	0.028629	-0.129576
1.800959	0.023922	0.028191	-0.122309
1.800105	0.024130	0.028325	-0.120186
1.799252	0.023981	0.028328	-0.124512
1.798401	0.024011	0.028094	-0.116962
1.797550	0.024008	0.028168	-0.119171
1.796700	0.024386	0.028508	-0.118093
1.795851	0.024526	0.028739	-0.120688
1.795002	0.024564	0.029087	-0.129576
1.794155	0.024657	0.028896	-0.121433
1.793309	0.024462	0.028677	-0.120762
1.792464	0.024466	0.028721	-0.121885
1.791619	0.024395	0.028776	-0.125495
1.790776	0.024568	0.028683	-0.117888
1.789933	0.024737	0.028936	-0.120313
1.789092	0.024876	0.029092	-0.120781
1.788251	0.024750	0.029231	-0.128365
1.787411	0.024924	0.029194	-0.122342
1.786572	0.024734	0.029367	-0.132748
1.785734	0.025008	0.029561	-0.130423
1.784897	0.025012	0.029338	-0.123916
1.784061	0.024813	0.029084	-0.122357
1.783226	0.024539	0.029205	-0.133692
1.782392	0.024776	0.029212	-0.127070
1.781558	0.024996	0.029467	-0.128098
1.780726	0.024744	0.029061	-0.123675
1.779894	0.024809	0.029216	-0.126236
1.779064	0.024835	0.029304	-0.128019
1.778234	0.024953	0.029315	-0.124966
1.777405	0.024998	0.029461	-0.127853
1.776577	0.025027	0.029458	-0.126931
1.775750	0.025064	0.029506	-0.127245
1.774924	0.025187	0.029399	-0.120654
1.774099	0.025057	0.029609	-0.130396
1.773275	0.025431	0.029892	-0.127789
1.772451	0.025363	0.029774	-0.126370
1.771629	0.025253	0.029762	-0.129157
1.770807	0.025511	0.029875	-0.125014
1.769986	0.025572	0.029948	-0.125341
1.769167	0.025453	0.030107	-0.133324
1.768348	0.025173	0.029896	-0.135328
1.767530	0.025170	0.029549	-0.125460
1.766712	0.024805	0.029357	-0.130408
1.765896	0.024867	0.029511	-0.133021
1.765081	0.025085	0.029409	-0.123859
1.764266	0.025480	0.029726	-0.121631
1.763453	0.025609	0.030239	-0.132644
1.762640	0.025495	0.030012	-0.129403
1.761828	0.025054	0.029902	-0.138883
1.761017	0.025363	0.029819	-0.127656
1.760207	0.025215	0.029945	-0.135514
1.759398	0.025079	0.029620	-0.130073
1.758589	0.024889	0.029499	-0.132065
1.757782	0.025022	0.029660	-0.132862
1.756975	0.025116	0.029776	-0.133489
1.756169	0.025176	0.029518	-0.124413
1.755365	0.025138	0.029390	-0.121808
1.754560	0.025429	0.029782	-0.124703
1.753757	0.025591	0.029805	-0.120739
1.752955	0.026091	0.030158	-0.116501
1.752154	0.025532	0.030157	-0.132511
1.751353	0.025736	0.030344	-0.132000
1.750553	0.025669	0.030281	-0.132107
1.749755	0.025616	0.029917	-0.123196
1.748957	0.025523	0.030015	-0.128688
1.748159	0.025766	0.030263	-0.128822
1.747363	0.025609	0.030305	-0.134510
1.746568	0.025728	0.030123	-0.125913
1.745773	0.025782	0.030227	-0.127344
1.744979	0.026081	0.030253	-0.119530
1.744187	0.025690	0.030249	-0.130621
1.743395	0.025895	0.030303	-0.126252
1.742603	0.025303	0.030100	-0.137414
1.741813	0.025423	0.030129	-0.134822
1.741024	0.025557	0.030121	-0.130747
1.740235	0.025723	0.030057	-0.124147
1.739447	0.025798	0.030155	-0.124817
1.738660	0.025794	0.030755	-0.142111
1.737874	0.025753	0.030252	-0.128870
1.737089	0.025849	0.030318	-0.128034
1.736304	0.025629	0.030271	-0.133006
1.735521	0.025815	0.030290	-0.128203
1.734738	0.025672	0.030500	-0.138315
1.733956	0.025606	0.030218	-0.132125
1.733175	0.025864	0.030489	-0.132502
1.732395	0.025985	0.030276	-0.122941
1.731615	0.025596	0.030153	-0.130545
1.730837	0.025520	0.029883	-0.125008
1.730059	0.025716	0.029970	-0.121891
1.729282	0.025423	0.029895	-0.128127
1.728506	0.025291	0.029745	-0.127608
1.727730	0.025452	0.029844	-0.125827
1.726956	0.025482	0.030053	-0.130944
1.726182	0.025876	0.030273	-0.125978
1.725409	0.025387	0.030122	-0.135637
1.724637	0.025797	0.030181	-0.125594
1.723866	0.025747	0.030457	-0.134926
1.723096	0.025870	0.030397	-0.129670
1.722326	0.026026	0.030584	-0.130588
1.721557	0.025850	0.030496	-0.133103
1.720789	0.025933	0.030802	-0.139477
1.720022	0.025917	0.030660	-0.135890
1.719256	0.025746	0.030432	-0.134242
1.718490	0.025824	0.030117	-0.122973
1.717726	0.025613	0.030196	-0.131305
1.716962	0.025408	0.030193	-0.137076
1.716199	0.025286	0.030028	-0.135845
1.715436	0.025791	0.030283	-0.128686
1.714675	0.025612	0.030251	-0.132887
1.713914	0.025765	0.030274	-0.129176
1.713154	0.026021	0.030261	-0.121459
1.712395	0.025903	0.030522	-0.132329
1.711637	0.026006	0.030604	-0.131727
1.710879	0.025593	0.030472	-0.139781
1.710122	0.025814	0.030209	-0.125900
1.709366	0.025812	0.030408	-0.131687
1.708611	0.026040	0.030818	-0.136883
1.707857	0.026132	0.030772	-0.132907
1.707103	0.026075	0.030543	-0.128016
1.706351	0.025530	0.030177	-0.133117
1.705599	0.026022	0.030453	-0.126917
1.704847	0.025619	0.030542	-0.141053
1.704097	0.025878	0.030627	-0.136042
1.703347	0.025779	0.030414	-0.132795
1.702599	0.026000	0.030533	-0.129855
1.701850	0.025607	0.030280	-0.133864
1.701103	0.025474	0.030229	-0.136233
1.700357	0.025624	0.030216	-0.131553
1.699611	0.026065	0.030744	-0.134036
1.698866	0.026196	0.030865	-0.133769
1.698122	0.026442	0.030965	-0.129570
1.697378	0.026580	0.030950	-0.125188
1.696636	0.026267	0.030751	-0.128456
1.695894	0.025942	0.030655	-0.135017
1.695153	0.026105	0.031245	-0.147236
1.694412	0.026017	0.030330	-0.123551
1.693673	0.025719	0.030276	-0.130560
1.692934	0.025699	0.030669	-0.142358
1.692196	0.026332	0.030596	-0.122152
1.691459	0.026373	0.031029	-0.133398
1.690722	0.026183	0.030885	-0.134702
1.689987	0.026218	0.030916	-0.134579
1.689252	0.026068	0.030901	-0.138457
1.688518	0.026177	0.031014	-0.138555
1.687784	0.026573	0.031169	-0.131686
1.687051	0.026554	0.031009	-0.127632
1.686320	0.026464	0.031182	-0.135146
1.685588	0.026405	0.030904	-0.128894
1.684858	0.026401	0.030865	-0.127901
1.684128	0.026579	0.030995	-0.126508
1.683399	0.026419	0.031120	-0.134682
1.682671	0.026173	0.031112	-0.141504
1.681944	0.026271	0.030986	-0.135062
1.681217	0.026334	0.031199	-0.139368
1.680491	0.026679	0.031098	-0.126617
1.679766	0.026595	0.030965	-0.125209
1.679042	0.026514	0.031083	-0.130907
1.678318	0.026611	0.031440	-0.138338
1.677595	0.026384	0.031229	-0.138794
1.676873	0.026515	0.031280	-0.136506
1.676152	0.026605	0.031360	-0.136233
1.675431	0.026594	0.031108	-0.129319
1.674711	0.026516	0.031280	-0.136487
1.673992	0.026681	0.031334	-0.133297
1.673273	0.026722	0.031262	-0.130074
1.672556	0.026795	0.031858	-0.145040
1.671839	0.026841	0.031676	-0.138502
1.671122	0.026905	0.031774	-0.139484
1.670407	0.026916	0.031346	-0.126899
1.669692	0.027115	0.031730	-0.132233
1.668978	0.026988	0.031296	-0.123416
1.668265	0.026703	0.031505	-0.137578
1.667552	0.026934	0.031413	-0.128299
1.666840	0.027053	0.031506	-0.127560
1.666129	0.027234	0.031694	-0.127777
1.665418	0.027185	0.031750	-0.130798
1.664709	0.027206	0.031714	-0.129151
1.664000	0.026733	0.031650	-0.140840
1.663292	0.027281	0.031903	-0.132396
1.662584	0.027118	0.032109	-0.142986
1.661877	0.027186	0.032175	-0.142909
1.661171	0.027136	0.031957	-0.138101
1.660466	0.027163	0.031828	-0.133664
1.659761	0.027437	0.032060	-0.132461
1.659057	0.027818	0.032371	-0.130453
1.658354	0.027921	0.032307	-0.125646
1.657651	0.027949	0.032643	-0.134483
1.656950	0.027721	0.032936	-0.149414
1.656249	0.028188	0.032790	-0.131835
1.655548	0.028745	0.033860	-0.146534
1.654848	0.028932	0.033453	-0.129539
1.654150	0.028486	0.033128	-0.132991
1.653451	0.028317	0.032900	-0.131309
1.652754	0.028120	0.032829	-0.134916
1.652057	0.028133	0.032836	-0.134740
1.651361	0.028414	0.032808	-0.125873
1.650665	0.028239	0.033232	-0.143041
1.649971	0.028270	0.032849	-0.131194
1.649277	0.028382	0.032733	-0.124657
1.648583	0.028567	0.032978	-0.126356
1.647891	0.028315	0.033030	-0.135097
1.647199	0.028050	0.033016	-0.142274
1.646508	0.027833	0.032751	-0.140906
1.645817	0.027849	0.032524	-0.133919
1.645127	0.027832	0.032460	-0.132575
1.644438	0.028068	0.032569	-0.128934
1.643750	0.027871	0.032455	-0.131320
1.643062	0.027857	0.032599	-0.135830
1.642375	0.028306	0.032796	-0.128619
1.641689	0.028127	0.032957	-0.138364
1.641003	0.028037	0.032866	-0.138340
1.640318	0.028052	0.032552	-0.128915
1.639634	0.027968	0.032770	-0.137586
1.638950	0.027624	0.032630	-0.143406
1.638267	0.027473	0.032265	-0.137278
1.637585	0.026988	0.031818	-0.138351
1.636903	0.027173	0.032011	-0.138591
1.636222	0.027187	0.031848	-0.133525
1.635542	0.027127	0.032030	-0.140450
1.634863	0.027332	0.031974	-0.132975
1.634184	0.027499	0.031984	-0.128491
1.633506	0.027305	0.032106	-0.137550
1.632828	0.027958	0.032220	-0.122095
1.632151	0.027928	0.032705	-0.136856
1.631475	0.028157	0.032916	-0.136354
1.630800	0.028248	0.032809	-0.130669
1.630125	0.028573	0.033255	-0.134124
1.629451	0.028379	0.033031	-0.133273
1.628778	0.028060	0.033057	-0.143154
1.628105	0.027954	0.032521	-0.130826
1.627433	0.027614	0.032208	-0.131606
1.626761	0.027411	0.032320	-0.140630
1.626091	0.027261	0.031889	-0.132584
1.625421	0.027221	0.031938	-0.135124
1.624751	0.027695	0.032579	-0.139910
1.624083	0.027991	0.032297	-0.123339
1.623414	0.027649	0.032408	-0.136332
1.622747	0.028107	0.032746	-0.132884
1.622080	0.028136	0.033147	-0.143534
1.621414	0.028021	0.032755	-0.135633
1.620749	0.028072	0.032587	-0.129356
1.620084	0.027825	0.032376	-0.130382
1.619420	0.027576	0.032307	-0.135510
1.618757	0.027424	0.032061	-0.132841
1.618094	0.027517	0.032246	-0.135463
1.617432	0.027092	0.031811	-0.135188
1.616770	0.027460	0.031487	-0.115353
1.616109	0.027304	0.031945	-0.132962
1.615449	0.027214	0.032306	-0.145871
1.614790	0.027517	0.032078	-0.130685
1.614131	0.027133	0.031769	-0.132795
1.613473	0.027300	0.031630	-0.124060
1.612815	0.027424	0.031799	-0.125336
1.612158	0.027284	0.032134	-0.138958
1.611502	0.027095	0.031389	-0.123026
1.610846	0.026897	0.031704	-0.137714
1.610191	0.027022	0.031740	-0.135154
1.609537	0.027392	0.032286	-0.140175
1.608883	0.027630	0.032215	-0.131368
1.608230	0.027500	0.031909	-0.126303
1.607578	0.027477	0.032199	-0.135279
1.606926	0.027372	0.031904	-0.129850
1.606275	0.027591	0.031884	-0.122978
1.605625	0.027641	0.032081	-0.127213
1.604975	0.027496	0.031915	-0.126596
1.604326	0.027471	0.031622	-0.118912
1.603677	0.027441	0.031970	-0.129760
1.603029	0.027122	0.031945	-0.138169
1.602382	0.027116	0.031918	-0.137565
1.601735	0.027096	0.031810	-0.135066
1.601089	0.027454	0.032466	-0.143593
1.600444	0.027757	0.032552	-0.137370
1.599799	0.027715	0.032418	-0.134745
1.599155	0.027798	0.032090	-0.122949
1.598512	0.028023	0.032494	-0.128109
1.597869	0.028019	0.032198	-0.119716
1.597227	0.027591	0.032041	-0.127484
1.596585	0.027671	0.032245	-0.131037
1.595944	0.028028	0.032492	-0.127887
1.595304	0.028304	0.032667	-0.124982
1.594664	0.027789	0.032458	-0.133747
1.594025	0.028140	0.032782	-0.133004
1.593386	0.027575	0.031996	-0.126638
1.592749	0.027498	0.032182	-0.134195
1.592111	0.027358	0.032008	-0.133229
1.591475	0.027360	0.031849	-0.128600
1.590839	0.027674	0.032214	-0.130073
1.590203	0.027576	0.032186	-0.132072
1.589569	0.027951	0.032280	-0.124019
1.588935	0.027717	0.032537	-0.138096
1.588301	0.028218	0.032603	-0.125624
1.587668	0.028012	0.032227	-0.120762
1.587036	0.027562	0.032235	-0.133880
1.586404	0.027887	0.032538	-0.133217
1.585773	0.028249	0.032523	-0.122437
1.585143	0.028357	0.032486	-0.118303
1.584513	0.028016	0.032845	-0.138315
1.583884	0.027885	0.032520	-0.132786
1.583255	0.027724	0.032533	-0.137789
1.582627	0.027530	0.032318	-0.137168
1.582000	0.027633	0.032090	-0.127678
1.581373	0.028276	0.032036	-0.107723
1.580747	0.027912	0.032496	-0.131343
1.580121	0.027828	0.032860	-0.144142
1.579496	0.027786	0.032232	-0.127357
1.578872	0.027225	0.032068	-0.138739
1.578248	0.027905	0.032254	-0.124600
1.577625	0.027733	0.032405	-0.133837
1.577002	0.027938	0.032204	-0.122217
1.576380	0.027679	0.031760	-0.116929
1.575759	0.027547	0.032287	-0.135783
1.575138	0.028047	0.031915	-0.110816
1.574518	0.028169	0.032486	-0.123675
1.573899	0.028418	0.032777	-0.124891
1.573280	0.027953	0.032205	-0.121809
1.572661	0.027614	0.032297	-0.134169
1.572044	0.027818	0.032089	-0.122345
1.571426	0.027736	0.032267	-0.129812
1.570810	0.028271	0.032527	-0.121945
1.570194	0.027679	0.032435	-0.136236
1.569578	0.027801	0.032675	-0.139615
1.568964	0.028579	0.033221	-0.132985
1.568349	0.028461	0.032985	-0.129587
1.567736	0.028420	0.033080	-0.133503
1.567123	0.028230	0.033134	-0.140492
1.566510	0.028394	0.032739	-0.124466
1.565899	0.028356	0.032473	-0.117956
1.565287	0.027963	0.032445	-0.128395
1.564677	0.028154	0.032764	-0.132068
1.564066	0.028014	0.032759	-0.135946
1.563457	0.027954	0.032701	-0.135990
1.562848	0.027808	0.032440	-0.132691
1.562240	0.027578	0.031884	-0.123360
1.561632	0.027500	0.031899	-0.126022
1.561025	0.027499	0.031947	-0.127416
1.560418	0.028038	0.032504	-0.127968
1.559812	0.027962	0.032109	-0.118817
1.559207	0.028427	0.032947	-0.129489
1.558602	0.028383	0.033102	-0.135179
1.557997	0.028844	0.033693	-0.138915
1.557394	0.028276	0.033130	-0.139042
1.556791	0.028949	0.033354	-0.126178
1.556188	0.029152	0.033559	-0.126254
1.555586	0.028454	0.032910	-0.127679
1.554985	0.028351	0.032941	-0.131483
1.554384	0.028489	0.032614	-0.118190
1.553783	0.029262	0.033290	-0.115383
1.553184	0.029482	0.033076	-0.102951
1.552585	0.028678	0.033705	-0.144015
1.551986	0.028365	0.033241	-0.139680
1.551388	0.028785	0.033109	-0.123873
1.550791	0.029070	0.033370	-0.123160
1.550194	0.029155	0.033101	-0.113022
1.549597	0.029297	0.033605	-0.123419
1.549002	0.028982	0.033114	-0.118390
1.548406	0.028409	0.033181	-0.136697
1.547812	0.028132	0.033014	-0.139864
1.547218	0.028524	0.032850	-0.123913
1.546624	0.029016	0.033071	-0.116167
1.546031	0.029172	0.032888	-0.106481
1.545439	0.029303	0.033317	-0.115003
1.544847	0.029079	0.033349	-0.122335
1.544256	0.028408	0.033701	-0.151616
1.543665	0.028957	0.032992	-0.115586
1.543075	0.029504	0.033256	-0.107507
1.542486	0.029392	0.033541	-0.118859
1.541897	0.029170	0.033588	-0.126573
1.541308	0.029352	0.033217	-0.110700
1.540720	0.029095	0.033648	-0.130424
1.540133	0.029243	0.033717	-0.128187
1.539546	0.029253	0.033532	-0.122601
1.538960	0.029279	0.033515	-0.121346
1.538374	0.029016	0.033926	-0.140677
1.537789	0.029303	0.033713	-0.126342
1.537204	0.030044	0.034053	-0.114834
1.536620	0.029751	0.033991	-0.121452
1.536037	0.029090	0.034421	-0.152714
1.535454	0.029515	0.034017	-0.128976
1.534872	0.030131	0.034329	-0.120289
1.534290	0.029852	0.034701	-0.138917
1.533708	0.029874	0.034291	-0.126554
1.533128	0.030011	0.034360	-0.124606
1.532548	0.030325	0.034195	-0.110870
1.531968	0.029725	0.034134	-0.126309
1.531389	0.030629	0.034865	-0.121360
1.530810	0.030835	0.034941	-0.117651
1.530232	0.030124	0.034892	-0.136590
1.529655	0.029726	0.034797	-0.145270
1.529078	0.030723	0.034518	-0.108708
1.528501	0.030482	0.034618	-0.118512
1.527925	0.030059	0.034858	-0.137477
1.527350	0.030700	0.035124	-0.126743
1.526775	0.030247	0.034770	-0.129580
1.526201	0.030552	0.035252	-0.134668
1.525627	0.031422	0.035208	-0.108457
1.525054	0.031286	0.035623	-0.124239
1.524481	0.030956	0.035821	-0.139365
1.523909	0.031280	0.035455	-0.119601
1.523338	0.030069	0.035895	-0.166896
1.522767	0.031273	0.035199	-0.112460
1.522196	0.030794	0.035344	-0.130357
1.521626	0.030900	0.035029	-0.118284
1.521057	0.031558	0.035910	-0.124688
1.520488	0.030937	0.035407	-0.128056
1.519919	0.031232	0.035377	-0.118768
1.519351	0.031414	0.036029	-0.132201
1.518784	0.031299	0.035778	-0.128301
1.518217	0.031905	0.035713	-0.109114
1.517651	0.031895	0.035470	-0.102421
1.517085	0.031709	0.035621	-0.112045
1.516520	0.031411	0.035719	-0.123420
1.515955	0.031613	0.035639	-0.115331
1.515391	0.031988	0.036221	-0.121252
1.514827	0.031957	0.036459	-0.128962
1.514264	0.031638	0.036217	-0.131177
1.513702	0.032454	0.036386	-0.112648
1.513139	0.032296	0.036964	-0.133729
1.512578	0.032294	0.036526	-0.121232
1.512017	0.031771	0.036287	-0.129355
1.511456	0.032634	0.036538	-0.111828
1.510896	0.032392	0.036952	-0.130624
1.510337	0.032744	0.036627	-0.111226
1.509778	0.032703	0.036900	-0.120212
1.509219	0.032858	0.036770	-0.112072
1.508661	0.032743	0.036641	-0.111658
1.508104	0.032611	0.037340	-0.135487
1.507547	0.031867	0.036837	-0.142381
1.506990	0.031889	0.036111	-0.120949
1.506435	0.032190	0.036675	-0.128477
1.505879	0.032215	0.036433	-0.120850
1.505324	0.032032	0.036665	-0.132704
1.504770	0.032443	0.036444	-0.114616
1.504216	0.032796	0.036151	-0.096120
1.503663	0.032977	0.036057	-0.088222
1.503110	0.032451	0.037078	-0.132546
1.502558	0.032112	0.036282	-0.119466
1.502006	0.032703	0.037233	-0.129776
1.501454	0.032623	0.037020	-0.125964
1.500904	0.033058	0.036708	-0.104570
1.500353	0.033214	0.035953	-0.078467
1.499803	0.032417	0.036547	-0.118333
1.499254	0.032074	0.036555	-0.128393
1.498705	0.032043	0.036499	-0.127645
1.498157	0.032261	0.036168	-0.111950
1.497609	0.032325	0.036542	-0.120795
1.497062	0.032784	0.036488	-0.106098
1.496515	0.033360	0.037689	-0.124005
1.495969	0.033200	0.037586	-0.125631
1.495423	0.033118	0.037998	-0.139821
1.494878	0.033236	0.037624	-0.125680
1.494333	0.034019	0.038283	-0.122161
1.493789	0.033177	0.038516	-0.152944
1.493245	0.033332	0.037812	-0.128334
1.492702	0.033708	0.037340	-0.104048
1.492159	0.033457	0.037412	-0.113291
1.491617	0.033655	0.037895	-0.121478
1.491075	0.034435	0.037737	-0.094592
1.490533	0.034766	0.038357	-0.102883
1.489993	0.034014	0.038040	-0.115341
1.489452	0.033916	0.037962	-0.115919
1.488912	0.034076	0.037608	-0.101187
1.488373	0.033639	0.038223	-0.131350
1.487834	0.034018	0.038570	-0.130420
1.487296	0.035066	0.038968	-0.111784
1.486758	0.034529	0.038331	-0.108919
1.486221	0.035325	0.039411	-0.117061
1.485684	0.034824	0.039264	-0.127190
1.485147	0.035076	0.039080	-0.114726
1.484611	0.034622	0.039849	-0.149744
1.484076	0.035117	0.039121	-0.114697
1.483541	0.035582	0.038858	-0.093864
1.483007	0.036035	0.038763	-0.078134
1.482473	0.035569	0.039699	-0.118331
1.481939	0.035502	0.039766	-0.122154
1.481406	0.036109	0.039750	-0.104315
1.480874	0.036010	0.040086	-0.116781
1.480341	0.036746	0.039883	-0.089877
1.479810	0.037050	0.041324	-0.122448
1.479279	0.036764	0.040880	-0.117914
1.478748	0.036854	0.040150	-0.094412
1.478218	0.036180	0.040350	-0.119458
1.477688	0.035768	0.040729	-0.142105
1.477159	0.036728	0.040407	-0.105390
1.476631	0.036141	0.040287	-0.118775
1.476102	0.036481	0.040004	-0.100943
1.475575	0.036486	0.040128	-0.104337
1.475047	0.036561	0.041137	-0.131093
1.474521	0.036842	0.041177	-0.124171
1.473994	0.037105	0.040565	-0.099113
1.473469	0.037620	0.041255	-0.104123
1.472943	0.037185	0.040645	-0.099119
1.472418	0.036674	0.040771	-0.117381
1.471894	0.035962	0.040302	-0.124328
1.471370	0.036370	0.039673	-0.094616
1.470846	0.036162	0.039911	-0.107385
1.470323	0.036294	0.040345	-0.116063
1.469801	0.037011	0.041141	-0.118312
1.469279	0.037043	0.040835	-0.108650
1.468757	0.036107	0.041254	-0.147449
1.468236	0.035729	0.041110	-0.154150
1.467716	0.036509	0.040763	-0.121871
1.467195	0.036851	0.041848	-0.143155
1.466676	0.037773	0.041772	-0.114557
1.466156	0.038262	0.042221	-0.113438
1.465638	0.037788	0.041574	-0.108467
1.465119	0.038157	0.042361	-0.120423
1.464601	0.039298	0.042979	-0.105461
1.464084	0.038075	0.042255	-0.119723
1.463567	0.038609	0.042321	-0.106352
1.463051	0.037388	0.041754	-0.125061
1.462535	0.038177	0.041978	-0.108897
1.462019	0.038535	0.042498	-0.113544
1.461504	0.038681	0.042493	-0.109189
1.460989	0.038763	0.042517	-0.107561
1.460475	0.039779	0.042856	-0.088138
1.459962	0.039360	0.041646	-0.065488
1.459448	0.038041	0.041909	-0.110804
1.458936	0.039124	0.041659	-0.072629
1.458423	0.038273	0.042656	-0.125560
1.457911	0.039582	0.042453	-0.082245
1.457400	0.039138	0.042854	-0.106449
1.456889	0.038932	0.043001	-0.116556
1.456379	0.039878	0.043589	-0.106303
1.455869	0.039251	0.042990	-0.107119
1.455359	0.039388	0.042588	-0.091687
1.454850	0.039671	0.043026	-0.096127
1.454341	0.039040	0.042559	-0.100807
1.453833	0.038404	0.043031	-0.132550
1.453325	0.040476	0.043157	-0.076792
1.452818	0.040549	0.044425	-0.111064
1.452311	0.040042	0.043465	-0.098063
1.451805	0.040615	0.044297	-0.105459
1.451299	0.040164	0.043586	-0.098020
1.450793	0.039142	0.043951	-0.137790
1.450288	0.039634	0.044274	-0.132928
1.449783	0.039531	0.043237	-0.106176
1.449279	0.040477	0.043785	-0.094763
1.448775	0.040635	0.043610	-0.085243
1.448272	0.041212	0.043815	-0.074559
1.447769	0.041120	0.044769	-0.104538
1.447267	0.040278	0.044831	-0.130443
1.446765	0.040269	0.045559	-0.151533
1.446263	0.040406	0.045256	-0.138942
1.445762	0.040362	0.044841	-0.128327
1.445262	0.040601	0.044371	-0.108015
1.444762	0.039966	0.044283	-0.123684
1.444262	0.040194	0.044051	-0.110503
1.443763	0.040075	0.044786	-0.134958
1.443264	0.041334	0.043728	-0.068577
1.442765	0.041281	0.044752	-0.099445
1.442267	0.041050	0.044860	-0.109138
1.441770	0.040669	0.044329	-0.104842
1.441273	0.039496	0.045143	-0.161780
1.440776	0.041012	0.045097	-0.117021
1.440280	0.041807	0.044892	-0.088382
1.439784	0.041594	0.045022	-0.098210
1.439289	0.041337	0.045048	-0.106326
1.438794	0.042115	0.044565	-0.070194
1.438299	0.041934	0.046552	-0.132293
1.437805	0.042942	0.045891	-0.084495
1.437312	0.042410	0.045158	-0.078722
1.436819	0.042273	0.045850	-0.102470
1.436326	0.041975	0.046433	-0.127730
1.435834	0.042027	0.045789	-0.107771
1.435342	0.042077	0.044522	-0.070036
1.434850	0.042451	0.046339	-0.111380
1.434359	0.042711	0.046323	-0.103471
1.433869	0.042848	0.047113	-0.122176
1.433379	0.042232	0.046880	-0.133161
1.432889	0.043537	0.046417	-0.082499
1.432400	0.042933	0.046871	-0.112804
1.431911	0.041534	0.045398	-0.110684
1.431422	0.041962	0.045157	-0.091545
1.430934	0.043030	0.046086	-0.087537
1.430447	0.043191	0.045629	-0.069838
1.429960	0.041977	0.046360	-0.125570
1.429473	0.041810	0.045369	-0.101935
1.428987	0.041974	0.046040	-0.116487
1.428501	0.042129	0.046820	-0.134381
1.428015	0.043811	0.045578	-0.050625
1.427530	0.043026	0.046296	-0.093682
1.427046	0.043648	0.046690	-0.087138
1.426561	0.043882	0.047111	-0.092506
1.426078	0.042884	0.047668	-0.137040
1.425594	0.042634	0.047617	-0.142751
1.425111	0.043256	0.046846	-0.102863
1.424629	0.043562	0.045857	-0.065745
1.424147	0.043573	0.047639	-0.116480
1.423665	0.045731	0.046802	-0.030657
1.423184	0.043432	0.046873	-0.098577
1.422703	0.043561	0.046237	-0.076651
1.422223	0.043073	0.047055	-0.114087
1.421743	0.043083	0.047124	-0.115754
1.421263	0.044397	0.046839	-0.069964
1.420784	0.043909	0.047666	-0.107631
1.420306	0.043843	0.048070	-0.121098
1.419827	0.042689	0.047940	-0.150422
1.419349	0.045491	0.048632	-0.090004
1.418872	0.044706	0.047392	-0.076924
1.418395	0.044373	0.046744	-0.067930
1.417918	0.043568	0.047269	-0.106029
1.417442	0.043968	0.047648	-0.105436
1.416966	0.044178	0.047491	-0.094924
1.416491	0.042607	0.046249	-0.104329
1.416016	0.044606	0.046746	-0.061295
1.415541	0.044352	0.047035	-0.076861
1.415067	0.043897	0.047082	-0.091252
1.414593	0.044059	0.047750	-0.105756
1.414120	0.043874	0.047324	-0.098846
1.413647	0.046012	0.047598	-0.045445
1.413174	0.044564	0.047764	-0.091668
1.412702	0.043540	0.047991	-0.127513
1.412231	0.042741	0.048243	-0.157627
1.411759	0.046266	0.048573	-0.066092
1.411288	0.043834	0.046867	-0.086891
1.410818	0.045023	0.047954	-0.083989
1.410348	0.044257	0.047763	-0.100428
1.409878	0.043201	0.047157	-0.113311
1.409409	0.044141	0.047995	-0.110385
1.408940	0.044229	0.046889	-0.076192
1.408472	0.045853	0.048436	-0.073998
1.408004	0.046182	0.047906	-0.049403
1.407536	0.042653	0.047543	-0.140095
1.407069	0.043388	0.048337	-0.141764
1.406602	0.042378	0.048947	-0.188173
1.406135	0.044255	0.048596	-0.124382
1.405669	0.042599	0.047761	-0.147883
1.405204	0.045206	0.047414	-0.063265
1.404738	0.045448	0.048114	-0.076377
1.404274	0.043777	0.048591	-0.137896
1.403809	0.044116	0.049095	-0.142628
1.403345	0.044263	0.047664	-0.097442
1.402882	0.044369	0.047705	-0.095566
1.402418	0.044301	0.047116	-0.080659
1.401955	0.044339	0.048071	-0.106927
1.401493	0.042814	0.048865	-0.173363
1.401031	0.045182	0.048513	-0.095443
1.400569	0.044256	0.048422	-0.119366
1.400108	0.044595	0.047332	-0.078397
1.399647	0.046169	0.046929	-0.021768
1.399187	0.044704	0.047820	-0.089262
1.398727	0.043937	0.049656	-0.163828
1.398267	0.043581	0.048666	-0.145678
1.397808	0.044192	0.049158	-0.142277
1.397349	0.044356	0.047497	-0.089976
1.396890	0.044420	0.048857	-0.127116
1.396432	0.045905	0.048683	-0.079577
1.395974	0.044646	0.049505	-0.139191
1.395517	0.046061	0.050137	-0.116762
1.395060	0.045624	0.048717	-0.088602
1.394604	0.044945	0.050021	-0.145422
1.394147	0.044449	0.048767	-0.123712
1.393692	0.044926	0.048542	-0.103593
1.393236	0.043466	0.046527	-0.087709
1.392781	0.044720	0.047604	-0.082615
1.392327	0.044293	0.048947	-0.133320
1.391873	0.045454	0.049761	-0.123392
1.391419	0.046350	0.048306	-0.056019
1.390965	0.045119	0.046480	-0.038983
1.390512	0.044124	0.047732	-0.103355
