6.542578	-0.054048	-0.054048	0.000000
6.529189	0.057455	0.057455	0.000000
6.515856	-1.080932	-1.025582	-1.585676
6.502578	-1.023472	-0.982128	-1.184398
6.489355	-1.046474	-1.019744	-0.765752
6.476188	-1.059247	-1.012134	-1.349675
6.463075	-1.062925	-0.994918	-1.948257
6.450016	-1.083416	-1.026100	-1.641976
6.437011	-1.044597	-0.947875	-2.770882
6.424060	-0.951148	-0.970151	0.544402
6.411162	-0.996385	-1.023789	0.785058
6.398317	-1.047819	-1.006199	-1.192338
6.385525	-0.976048	-0.948634	-0.785354
6.372785	-0.960755	-0.942538	-0.521892
6.360096	-0.959400	-1.008780	1.414637
6.347460	-0.955339	-1.063693	3.104128
6.334875	-1.007042	-0.971530	-1.017345
6.322341	-0.953420	-1.049419	2.750166
6.309857	-0.959089	-0.953144	-0.170316
6.297424	-1.026324	-0.951011	-2.157556
6.285042	-0.973469	-0.944594	-0.827183
6.272709	-0.960091	-0.936245	-0.683140
6.260425	-0.989617	-0.939640	-1.431751
6.248191	-0.995925	-0.965371	-0.875324
6.236005	-0.482123	-0.474011	-0.232363
6.223868	-0.218995	-0.213537	-0.156385
6.211780	-0.210251	-0.204616	-0.161427
6.199740	-0.208360	-0.201658	-0.192009
6.187747	-0.204932	-0.199745	-0.148603
6.175802	-0.205071	-0.203203	-0.053511
6.163904	-0.202416	-0.196552	-0.167989
6.152053	-0.196634	-0.198201	0.044911
6.140248	-0.196979	-0.196277	-0.020111
6.128490	-0.196888	-0.203748	0.196509
6.116778	-0.202223	-0.196980	-0.150202
6.105112	-0.201194	-0.196592	-0.131815
6.093492	-0.204640	-0.199684	-0.141976
6.081916	-0.204245	-0.201315	-0.083957
6.070386	-0.203935	-0.196674	-0.208014
6.058901	-0.205749	-0.205429	-0.009170
6.047460	-0.203074	-0.192375	-0.306519
6.036063	-0.198506	-0.197526	-0.028070
6.024710	-0.198512	-0.198455	-0.001622
6.013401	-0.206813	-0.204238	-0.073777
6.002135	-0.209887	-0.198041	-0.339377
5.990913	-0.200367	-0.197502	-0.082077
5.979734	-0.194217	-0.192906	-0.037541
5.968597	-0.194185	-0.197412	0.092444
5.957503	-0.198483	-0.194920	-0.102080
5.946451	-0.205153	-0.198348	-0.194950
5.935442	-0.195309	-0.195009	-0.008607
5.924474	-0.200309	-0.192166	-0.233296
5.913547	-0.200709	-0.191672	-0.258897
5.902662	-0.197105	-0.190948	-0.176393
5.891818	-0.194656	-0.193794	-0.024687
5.881015	-0.198026	-0.194507	-0.100804
5.870252	-0.198921	-0.194725	-0.120210
5.859530	-0.192787	-0.187056	-0.164192
5.848848	-0.190834	-0.188022	-0.080578
5.838205	-0.195049	-0.189841	-0.149174
5.827603	-0.183508	-0.187101	0.102933
5.817040	-0.192288	-0.189602	-0.076938
5.806516	-0.190855	-0.193229	0.068007
5.796031	-0.192551	-0.189822	-0.078182
5.785586	-0.202095	-0.191125	-0.314280
5.775178	-0.183386	-0.189571	0.177165
5.764810	-0.191373	-0.192326	0.027310
5.754479	-0.191661	-0.182645	-0.258298
5.744186	-0.192503	-0.189248	-0.093248
5.733931	-0.195825	-0.192930	-0.082921
5.723714	-0.190053	-0.189119	-0.026738
5.713534	-0.190442	-0.187860	-0.073988
5.703391	-0.184183	-0.186879	0.077241
5.693285	-0.191371	-0.185769	-0.160479
5.683216	-0.185346	-0.184769	-0.016521
5.673184	-0.178794	-0.183131	0.124244
5.663188	-0.176975	-0.176560	-0.011881
5.653228	-0.185358	-0.175905	-0.270796
5.643304	-0.177019	-0.180199	0.091104
5.633415	-0.173076	-0.167676	-0.154713
5.623562	-0.169103	-0.164191	-0.140723
5.613745	-0.165347	-0.157338	-0.229442
5.603963	-0.156679	-0.159048	0.067849
5.594216	-0.150377	-0.151204	0.023713
5.584504	-0.146539	-0.147381	0.024121
5.574826	-0.140818	-0.140492	-0.009360
5.565183	-0.136130	-0.135750	-0.010892
5.555574	-0.129318	-0.129722	0.011584
5.545999	-0.130807	-0.124063	-0.193196
5.536458	-0.122784	-0.124168	0.039642
5.526950	-0.121184	-0.119264	-0.055008
5.517477	-0.115607	-0.116164	0.015983
5.508036	-0.113787	-0.113945	0.004530
5.498629	-0.109318	-0.106935	-0.068272
5.489255	-0.105485	-0.104333	-0.033014
5.479914	-0.104910	-0.107031	0.060768
5.470605	-0.101295	-0.100300	-0.028511
5.461329	-0.097996	-0.096477	-0.043514
5.452085	-0.097966	-0.096622	-0.038500
5.442874	-0.092625	-0.091865	-0.021762
5.433694	-0.092199	-0.090817	-0.039615
5.424546	-0.089186	-0.089537	0.010066
5.415430	-0.085430	-0.083836	-0.045666
5.406345	-0.084814	-0.083651	-0.033319
5.397292	-0.080744	-0.081892	0.032898
5.388270	-0.082558	-0.079636	-0.083703
5.379279	-0.078743	-0.078164	-0.016582
5.370319	-0.077195	-0.074805	-0.068467
5.361389	-0.074443	-0.074753	0.008890
5.352490	-0.072361	-0.073522	0.033281
5.343621	-0.070146	-0.071164	0.029144
5.334783	-0.069199	-0.071014	0.052010
5.325975	-0.065998	-0.069356	0.096194
5.317196	-0.067014	-0.066427	-0.016804
5.308448	-0.066774	-0.066880	0.003040
5.299729	-0.064314	-0.063414	-0.025761
5.291039	-0.062569	-0.063758	0.034070
5.282379	-0.061195	-0.062311	0.031984
5.273748	-0.059496	-0.059196	-0.008594
5.265146	-0.058191	-0.059041	0.024342
5.256573	-0.057247	-0.057902	0.018765
5.248029	-0.055797	-0.056155	0.010273
5.239513	-0.053735	-0.054215	0.013745
5.231026	-0.052189	-0.053948	0.050365
5.222567	-0.052244	-0.052199	-0.001279
5.214136	-0.049897	-0.051089	0.034158
5.205733	-0.048679	-0.048950	0.007781
5.197358	-0.048990	-0.048749	-0.006887
5.189011	-0.047966	-0.048794	0.023721
5.180691	-0.045910	-0.046575	0.019038
5.172399	-0.047040	-0.045616	-0.040782
5.164135	-0.044705	-0.044110	-0.017054
5.155897	-0.043934	-0.044739	0.023042
5.147687	-0.041895	-0.042791	0.025659
5.139503	-0.042490	-0.043089	0.017161
5.131346	-0.040707	-0.042083	0.039401
5.123216	-0.040834	-0.041309	0.013612
5.115113	-0.040093	-0.039914	-0.005131
5.107036	-0.038662	-0.040494	0.052495
5.098985	-0.038292	-0.039487	0.034246
5.090960	-0.039190	-0.039724	0.015314
5.082962	-0.038303	-0.039535	0.035294
5.074989	-0.037449	-0.037577	0.003668
5.067042	-0.037085	-0.037385	0.008588
5.059121	-0.036689	-0.036567	-0.003472
5.051225	-0.035393	-0.035602	0.005990
5.043355	-0.035036	-0.035315	0.007991
5.035510	-0.034003	-0.034781	0.022291
5.027690	-0.033514	-0.034196	0.019527
5.019895	-0.033261	-0.033319	0.001682
5.012126	-0.033182	-0.034004	0.023550
5.004381	-0.032947	-0.033181	0.006683
4.996660	-0.032154	-0.032992	0.024006
4.988964	-0.031825	-0.033013	0.034025
4.981293	-0.032126	-0.032166	0.001153
4.973646	-0.031568	-0.031782	0.006135
4.966023	-0.030710	-0.031375	0.019047
4.958425	-0.029711	-0.030837	0.032254
4.950850	-0.030673	-0.030932	0.007440
4.943299	-0.030275	-0.030153	-0.003489
4.935772	-0.029528	-0.029687	0.004565
4.928269	-0.029916	-0.029616	-0.008590
4.920789	-0.029507	-0.029989	0.013825
4.913333	-0.028974	-0.029212	0.006799
4.905900	-0.029357	-0.028960	-0.011349
4.898490	-0.028409	-0.028604	0.005570
4.891103	-0.028468	-0.029288	0.023473
4.883739	-0.028333	-0.028902	0.016294
4.876399	-0.028201	-0.027587	-0.017590
4.869081	-0.027741	-0.028862	0.032120
4.861785	-0.028078	-0.028279	0.005754
4.854512	-0.028109	-0.028040	-0.001985
4.847262	-0.027280	-0.027940	0.018924
4.840034	-0.027550	-0.028085	0.015324
4.832829	-0.027416	-0.027614	0.005679
4.825645	-0.027794	-0.027009	-0.022502
4.818484	-0.027701	-0.027646	-0.001573
4.811344	-0.028322	-0.027959	-0.010383
4.804227	-0.027321	-0.028271	0.027203
4.797131	-0.028296	-0.028213	-0.002369
4.790057	-0.027997	-0.028059	0.001782
4.783004	-0.028255	-0.028604	0.009991
4.775973	-0.028051	-0.027811	-0.006871
4.768963	-0.028098	-0.028415	0.009079
4.761974	-0.027904	-0.028569	0.019050
4.755007	-0.028089	-0.029003	0.026179
4.748061	-0.028429	-0.027948	-0.013775
4.741136	-0.028623	-0.028481	-0.004044
4.734231	-0.028260	-0.028116	-0.004108
4.727348	-0.028053	-0.028112	0.001675
4.720485	-0.028707	-0.027744	-0.027608
4.713642	-0.028464	-0.028149	-0.009022
4.706821	-0.027971	-0.028202	0.006611
4.700019	-0.027966	-0.028672	0.020232
4.693238	-0.028784	-0.028153	-0.018098
4.686478	-0.028685	-0.028642	-0.001232
4.679737	-0.028689	-0.028561	-0.003645
4.673016	-0.029318	-0.028710	-0.017427
4.666316	-0.028412	-0.028947	0.015336
4.659635	-0.028817	-0.028491	-0.009364
4.652974	-0.028882	-0.028728	-0.004407
4.646333	-0.028491	-0.028575	0.002412
4.639711	-0.028963	-0.028417	-0.015642
4.633109	-0.029265	-0.029033	-0.006643
4.626527	-0.028842	-0.028989	0.004223
4.619963	-0.029105	-0.028873	-0.006622
4.613420	-0.029344	-0.028980	-0.010416
4.606895	-0.028950	-0.028705	-0.007026
4.600389	-0.029325	-0.029270	-0.001593
4.593902	-0.030032	-0.028970	-0.030427
4.587435	-0.029597	-0.029706	0.003127
4.580986	-0.029758	-0.029061	-0.019973
4.574556	-0.030066	-0.029505	-0.016049
4.568145	-0.030098	-0.029115	-0.028178
4.561752	-0.029428	-0.029038	-0.011192
4.555378	-0.029539	-0.029033	-0.014507
4.549022	-0.029803	-0.029384	-0.011996
4.542685	-0.029302	-0.029268	-0.000996
4.536365	-0.030093	-0.029358	-0.021063
4.530065	-0.029464	-0.029240	-0.006415
4.523782	-0.029749	-0.029310	-0.012557
4.517517	-0.030078	-0.029366	-0.020403
4.511271	-0.030260	-0.029588	-0.019269
4.505042	-0.030352	-0.029824	-0.015114
4.498831	-0.030750	-0.029375	-0.039406
4.492638	-0.030187	-0.029595	-0.016962
4.486462	-0.030831	-0.030225	-0.017358
4.480304	-0.031224	-0.030523	-0.020098
4.474164	-0.031435	-0.030711	-0.020746
4.468041	-0.031075	-0.030213	-0.024713
4.461935	-0.031373	-0.030914	-0.013167
4.455847	-0.031925	-0.031620	-0.008760
4.449776	-0.032562	-0.031715	-0.024270
4.443722	-0.032967	-0.031927	-0.029806
4.437686	-0.032809	-0.032138	-0.019248
4.431666	-0.033184	-0.032463	-0.020656
4.425663	-0.033045	-0.032474	-0.016378
4.419677	-0.033518	-0.032775	-0.021288
4.413708	-0.033805	-0.032623	-0.033858
4.407755	-0.034042	-0.032992	-0.030093
4.401820	-0.034155	-0.032703	-0.041600
4.395901	-0.034021	-0.033222	-0.022884
4.389998	-0.034170	-0.032897	-0.036482
4.384112	-0.034331	-0.033174	-0.033157
4.378242	-0.034520	-0.033036	-0.042509
4.372389	-0.034424	-0.033278	-0.032834
4.366551	-0.034183	-0.033546	-0.018231
4.360730	-0.034611	-0.034196	-0.011883
4.354925	-0.034858	-0.033866	-0.028398
4.349136	-0.035229	-0.033948	-0.036695
4.343364	-0.035317	-0.034460	-0.024538
4.337607	-0.036192	-0.034558	-0.046797
4.331865	-0.035893	-0.035066	-0.023672
4.326140	-0.035926	-0.035190	-0.021079
4.320430	-0.036445	-0.035262	-0.033881
4.314736	-0.036493	-0.035471	-0.029267
4.309058	-0.035844	-0.035106	-0.021135
4.303395	-0.035980	-0.034980	-0.028659
4.297748	-0.036036	-0.034777	-0.036066
4.292116	-0.035732	-0.034473	-0.036062
4.286499	-0.035728	-0.034305	-0.040755
4.280898	-0.035739	-0.034833	-0.025977
4.275312	-0.035541	-0.034314	-0.035149
4.269741	-0.035594	-0.034532	-0.030420
4.264185	-0.035486	-0.034384	-0.031556
4.258644	-0.035556	-0.034363	-0.034187
4.253118	-0.035678	-0.034112	-0.044855
4.247607	-0.035815	-0.034218	-0.045756
4.242111	-0.035602	-0.034375	-0.035162
4.236629	-0.035379	-0.034418	-0.027533
4.231163	-0.035674	-0.034658	-0.029124
4.225711	-0.035708	-0.034498	-0.034654
4.220274	-0.035903	-0.034846	-0.030293
4.214851	-0.035793	-0.034641	-0.033006
4.209442	-0.036019	-0.034713	-0.037415
4.204049	-0.036216	-0.034747	-0.042091
4.198669	-0.036027	-0.035223	-0.023036
4.193304	-0.036372	-0.034994	-0.039474
4.187953	-0.036451	-0.034915	-0.044005
4.182616	-0.036621	-0.035098	-0.043617
4.177294	-0.036669	-0.035315	-0.038799
4.171985	-0.036589	-0.035159	-0.040958
4.166691	-0.036792	-0.035377	-0.040518
4.161411	-0.037100	-0.035606	-0.042785
4.156144	-0.036950	-0.035716	-0.035366
4.150892	-0.037082	-0.035859	-0.035014
4.145653	-0.037222	-0.035788	-0.041093
4.140428	-0.037245	-0.035606	-0.046955
4.135217	-0.036978	-0.035978	-0.028669
4.130019	-0.037584	-0.035971	-0.046207
4.124835	-0.037097	-0.036056	-0.029805
4.119665	-0.037673	-0.036087	-0.045441
4.114508	-0.037791	-0.036196	-0.045704
4.109364	-0.037826	-0.036521	-0.037387
4.104234	-0.038292	-0.036895	-0.040041
4.099117	-0.038214	-0.037009	-0.034526
4.094014	-0.038578	-0.037390	-0.034050
4.088924	-0.038735	-0.037418	-0.037734
4.083846	-0.038897	-0.037626	-0.036420
4.078783	-0.039013	-0.037598	-0.040550
4.073732	-0.039179	-0.037678	-0.042993
4.068694	-0.039300	-0.038028	-0.036453
4.063669	-0.039315	-0.037884	-0.040996
4.058657	-0.039690	-0.038085	-0.046000
4.053658	-0.039763	-0.037974	-0.051233
4.048672	-0.039521	-0.038054	-0.042045
4.043699	-0.039739	-0.037952	-0.051198
4.038738	-0.039449	-0.038125	-0.037918
4.033790	-0.039483	-0.037994	-0.042649
4.028855	-0.039344	-0.037887	-0.041753
4.023933	-0.039272	-0.037549	-0.049346
4.019022	-0.039136	-0.037850	-0.036834
4.014125	-0.039212	-0.037869	-0.038472
4.009240	-0.039165	-0.037773	-0.039880
4.004367	-0.039091	-0.037825	-0.036269
3.999506	-0.039587	-0.037854	-0.049640
3.994658	-0.039606	-0.037862	-0.049951
3.989823	-0.039434	-0.038072	-0.038994
3.984999	-0.039628	-0.038245	-0.039619
3.980187	-0.039838	-0.038630	-0.034612
3.975388	-0.039891	-0.038677	-0.034795
3.970601	-0.040212	-0.038775	-0.041171
3.965826	-0.040271	-0.038704	-0.044909
3.961063	-0.040547	-0.038947	-0.045834
3.956311	-0.040223	-0.039199	-0.029325
3.951572	-0.040335	-0.039042	-0.037041
3.946844	-0.040260	-0.038723	-0.044036
3.942129	-0.040183	-0.038849	-0.038211
3.937425	-0.040082	-0.038554	-0.043772
3.932733	-0.039976	-0.038322	-0.047380
3.928052	-0.039884	-0.038550	-0.038212
3.923383	-0.040040	-0.038288	-0.050199
3.918726	-0.040125	-0.038328	-0.051489
3.914080	-0.040097	-0.038371	-0.049443
3.909446	-0.040229	-0.038943	-0.036840
3.904823	-0.040062	-0.038814	-0.035752
3.900212	-0.040135	-0.038576	-0.044652
3.895612	-0.040296	-0.038581	-0.049137
3.891023	-0.040407	-0.038820	-0.045458
3.886446	-0.040124	-0.039021	-0.031608
3.881880	-0.040358	-0.038886	-0.042170
3.877325	-0.040621	-0.038938	-0.048211
3.872781	-0.040561	-0.038917	-0.047111
3.868249	-0.040809	-0.039134	-0.048009
3.863727	-0.040766	-0.039251	-0.043397
3.859217	-0.040772	-0.039258	-0.043376
3.854718	-0.040676	-0.039531	-0.032789
3.850229	-0.040908	-0.039279	-0.046673
3.845752	-0.040850	-0.039353	-0.042890
3.841285	-0.041017	-0.039413	-0.045945
3.836829	-0.041111	-0.039351	-0.050412
3.832384	-0.041166	-0.039351	-0.052002
3.827950	-0.041264	-0.039734	-0.043828
3.823527	-0.041276	-0.039871	-0.040244
3.819114	-0.041357	-0.039742	-0.046276
3.814712	-0.041332	-0.039867	-0.041978
3.810321	-0.041258	-0.039657	-0.045867
3.805940	-0.041112	-0.039894	-0.034889
3.801570	-0.041237	-0.039998	-0.035497
3.797210	-0.041470	-0.039918	-0.044466
3.792860	-0.041644	-0.040105	-0.044101
3.788522	-0.041470	-0.039928	-0.044174
3.784193	-0.041558	-0.040103	-0.041684
3.779875	-0.041598	-0.040054	-0.044244
3.775567	-0.041671	-0.040077	-0.045684
3.771269	-0.041751	-0.039928	-0.052239
3.766982	-0.041444	-0.039984	-0.041812
3.762705	-0.041445	-0.040105	-0.038387
3.758438	-0.041357	-0.040226	-0.032406
3.754181	-0.041782	-0.040207	-0.045130
3.749935	-0.041489	-0.040095	-0.039947
3.745698	-0.041786	-0.040204	-0.045314
3.741472	-0.041677	-0.040037	-0.046960
3.737255	-0.041658	-0.040193	-0.041970
3.733048	-0.041779	-0.040128	-0.047298
3.728852	-0.041551	-0.039942	-0.046100
3.724665	-0.041534	-0.040208	-0.038010
3.720488	-0.041449	-0.040103	-0.038567
3.716321	-0.041864	-0.040227	-0.046891
3.712163	-0.041881	-0.039947	-0.055401
3.708016	-0.041717	-0.040310	-0.040300
3.703878	-0.041798	-0.040188	-0.046117
3.699750	-0.041985	-0.040461	-0.043654
3.695631	-0.042127	-0.040537	-0.045551
3.691522	-0.041934	-0.040578	-0.038841
3.687423	-0.042233	-0.040792	-0.041282
3.683333	-0.041856	-0.040568	-0.036906
3.679253	-0.042098	-0.040706	-0.039889
3.675182	-0.042361	-0.040857	-0.043096
3.671120	-0.042301	-0.040940	-0.038985
3.667069	-0.042307	-0.040730	-0.045193
3.663026	-0.042388	-0.041042	-0.038543
3.658993	-0.042291	-0.040744	-0.044330
3.654969	-0.042258	-0.040627	-0.046726
3.650954	-0.041936	-0.040359	-0.045160
3.646949	-0.041885	-0.040292	-0.045650
3.642953	-0.042045	-0.040351	-0.048532
3.638966	-0.042070	-0.040517	-0.044514
3.634988	-0.042348	-0.040915	-0.041073
3.631020	-0.042563	-0.040989	-0.045102
3.627060	-0.042581	-0.041302	-0.036662
3.623110	-0.042772	-0.041322	-0.041543
3.619168	-0.042623	-0.041091	-0.043881
3.615236	-0.042534	-0.040976	-0.044656
3.611312	-0.042435	-0.040881	-0.044525
3.607398	-0.042295	-0.040896	-0.040082
3.603492	-0.042318	-0.040699	-0.046388
3.599596	-0.042587	-0.040979	-0.046055
3.595708	-0.042739	-0.041295	-0.041355
3.591829	-0.042751	-0.041236	-0.043399
3.587959	-0.042923	-0.041293	-0.046705
3.584097	-0.042720	-0.041003	-0.049210
3.580244	-0.042817	-0.041310	-0.043194
3.576400	-0.042772	-0.041355	-0.040576
3.572565	-0.042945	-0.041106	-0.052669
3.568738	-0.042938	-0.041077	-0.053326
3.564920	-0.042706	-0.041320	-0.039705
3.561111	-0.042983	-0.041151	-0.052488
3.557310	-0.042691	-0.041373	-0.037775
3.553517	-0.042793	-0.041061	-0.049629
3.549734	-0.042671	-0.041276	-0.039966
3.545958	-0.043016	-0.041343	-0.047916
3.542191	-0.042667	-0.041236	-0.040994
3.538433	-0.042630	-0.041314	-0.037708
3.534683	-0.042600	-0.041199	-0.040116
3.530941	-0.042640	-0.041076	-0.044806
3.527207	-0.042765	-0.041299	-0.041993
3.523482	-0.042839	-0.041201	-0.046941
3.519765	-0.043077	-0.041403	-0.047968
3.516057	-0.043042	-0.041528	-0.043356
3.512356	-0.043155	-0.041723	-0.041029
3.508664	-0.043409	-0.041729	-0.048112
3.504980	-0.043360	-0.041797	-0.044782
3.501304	-0.043293	-0.041795	-0.042890
3.497636	-0.043498	-0.042190	-0.037484
3.493977	-0.043735	-0.042107	-0.046616
3.490325	-0.043842	-0.042162	-0.048108
3.486682	-0.043713	-0.042269	-0.041346
3.483046	-0.043678	-0.042281	-0.040008
3.479419	-0.043728	-0.042244	-0.042505
3.475799	-0.043678	-0.042135	-0.044212
3.472187	-0.043750	-0.042361	-0.039789
3.468583	-0.043854	-0.042191	-0.047635
3.464988	-0.043838	-0.042211	-0.046611
3.461400	-0.043512	-0.041877	-0.046837
3.457819	-0.043693	-0.041923	-0.050724
3.454247	-0.043670	-0.041856	-0.051948
3.450682	-0.043608	-0.041844	-0.050535
3.447125	-0.043544	-0.041729	-0.051987
3.443576	-0.043646	-0.041833	-0.051933
3.440035	-0.043487	-0.041803	-0.048232
3.436501	-0.043423	-0.041862	-0.044711
3.432975	-0.043363	-0.041768	-0.045674
3.429457	-0.043545	-0.041843	-0.048746
3.425946	-0.043639	-0.041864	-0.050850
3.422442	-0.043686	-0.042094	-0.045620
3.418947	-0.043766	-0.042169	-0.045764
3.415459	-0.043934	-0.042283	-0.047322
3.411978	-0.044136	-0.042493	-0.047071
3.408505	-0.044072	-0.042285	-0.051211
3.405039	-0.044134	-0.042430	-0.048823
3.401581	-0.043876	-0.042313	-0.044774
3.398130	-0.043905	-0.042352	-0.044489
3.394686	-0.043786	-0.042173	-0.046206
3.391250	-0.043895	-0.042205	-0.048402
3.387821	-0.043868	-0.042096	-0.050749
3.384400	-0.043583	-0.041772	-0.051858
3.380986	-0.043720	-0.041758	-0.056206
3.377579	-0.043559	-0.041924	-0.046818
3.374179	-0.043567	-0.041952	-0.046276
3.370787	-0.043689	-0.041734	-0.055989
3.367401	-0.043670	-0.041971	-0.048673
3.364023	-0.043634	-0.041922	-0.049052
3.360652	-0.043723	-0.041925	-0.051528
3.357289	-0.043908	-0.042153	-0.050278
3.353932	-0.043890	-0.042225	-0.047699
3.350582	-0.044019	-0.042298	-0.049320
3.347240	-0.043929	-0.042414	-0.043396
3.343904	-0.044012	-0.042357	-0.047423
3.340576	-0.044178	-0.042494	-0.048246
3.337255	-0.044371	-0.042628	-0.049920
3.333940	-0.044531	-0.042767	-0.050554
3.330633	-0.044545	-0.042854	-0.048445
3.327332	-0.044643	-0.043022	-0.046440
3.324038	-0.044572	-0.043022	-0.044423
3.320752	-0.044554	-0.042946	-0.046064
3.317472	-0.044698	-0.043032	-0.047740
3.314199	-0.044608	-0.042978	-0.046687
3.310933	-0.044545	-0.042732	-0.051937
3.307673	-0.044605	-0.042616	-0.056986
3.304421	-0.044421	-0.042616	-0.051710
3.301175	-0.044505	-0.042433	-0.059335
3.297936	-0.044357	-0.042487	-0.053576
3.294703	-0.044150	-0.042303	-0.052917
3.291478	-0.044154	-0.042180	-0.056554
3.288259	-0.044044	-0.042292	-0.050176
3.285046	-0.044250	-0.042342	-0.054648
3.281841	-0.044029	-0.042054	-0.056554
3.278642	-0.044052	-0.042115	-0.055491
3.275449	-0.044192	-0.042479	-0.049096
3.272263	-0.044214	-0.042453	-0.050428
3.269084	-0.044333	-0.042450	-0.053937
3.265911	-0.044472	-0.042553	-0.054997
3.262745	-0.044525	-0.042715	-0.051844
3.259585	-0.044469	-0.042412	-0.058926
3.256432	-0.044626	-0.042589	-0.058355
3.253285	-0.044824	-0.042693	-0.061047
3.250145	-0.044586	-0.042823	-0.050507
3.247011	-0.044606	-0.042727	-0.053832
3.243883	-0.044615	-0.042611	-0.057406
3.240762	-0.044377	-0.042420	-0.056082
3.237647	-0.044131	-0.042194	-0.055491
3.234539	-0.044188	-0.042271	-0.054924
3.231437	-0.044140	-0.042154	-0.056904
3.228341	-0.044100	-0.041994	-0.060322
3.225251	-0.044125	-0.042011	-0.060554
3.222168	-0.043980	-0.042074	-0.054630
3.219091	-0.043988	-0.041847	-0.061311
3.216020	-0.043903	-0.041861	-0.058490
3.212956	-0.043783	-0.041782	-0.057306
3.209897	-0.043947	-0.041891	-0.058919
3.206845	-0.043837	-0.041867	-0.056443
3.203799	-0.043883	-0.041887	-0.057188
3.200759	-0.043847	-0.041773	-0.059413
3.197725	-0.043694	-0.041971	-0.049344
3.194697	-0.043845	-0.041755	-0.059870
3.191676	-0.043647	-0.041664	-0.056821
3.188660	-0.043465	-0.041691	-0.050845
3.185651	-0.043612	-0.041698	-0.054819
3.182647	-0.043684	-0.041620	-0.059144
3.179650	-0.043637	-0.041651	-0.056897
3.176658	-0.043738	-0.041566	-0.062206
3.173673	-0.043557	-0.041638	-0.054989
3.170693	-0.043639	-0.041325	-0.066295
3.167720	-0.043540	-0.041344	-0.062907
3.164752	-0.043418	-0.041165	-0.064538
3.161790	-0.043116	-0.041057	-0.059004
3.158834	-0.043156	-0.040822	-0.066870
3.155884	-0.042848	-0.040591	-0.064646
3.152940	-0.042707	-0.040682	-0.058002
3.150001	-0.042767	-0.040634	-0.061095
3.147069	-0.042697	-0.040607	-0.059878
3.144142	-0.042428	-0.040177	-0.064465
3.141221	-0.042512	-0.040448	-0.059144
3.138306	-0.042647	-0.040313	-0.066867
3.135396	-0.042588	-0.040309	-0.065299
3.132493	-0.042477	-0.040328	-0.061565
3.129595	-0.042346	-0.040130	-0.063470
3.126702	-0.042289	-0.039921	-0.067832
3.123816	-0.042108	-0.039889	-0.063557
3.120935	-0.042190	-0.039765	-0.069473
3.118059	-0.041864	-0.039647	-0.063521
3.115190	-0.041625	-0.039211	-0.069157
3.112326	-0.041412	-0.039244	-0.062103
3.109467	-0.041674	-0.039135	-0.072731
3.106614	-0.041312	-0.038962	-0.067318
3.103767	-0.041157	-0.038913	-0.064292
3.100925	-0.040986	-0.038793	-0.062833
3.098089	-0.040987	-0.038636	-0.067344
3.095258	-0.040988	-0.038524	-0.070612
3.092433	-0.040706	-0.038398	-0.066116
3.089613	-0.040737	-0.038354	-0.068273
3.086799	-0.040692	-0.038317	-0.068017
3.083990	-0.040378	-0.038061	-0.066375
3.081187	-0.040271	-0.037875	-0.068642
3.078389	-0.040345	-0.037954	-0.068497
3.075596	-0.040135	-0.037987	-0.061546
3.072809	-0.040168	-0.037861	-0.066089
3.070027	-0.040117	-0.037606	-0.071942
3.067251	-0.040066	-0.037576	-0.071350
3.064480	-0.039882	-0.037395	-0.071247
3.061714	-0.039633	-0.037407	-0.063765
3.058954	-0.039501	-0.037181	-0.066454
3.056199	-0.039354	-0.037120	-0.064023
3.053449	-0.039530	-0.037010	-0.072197
3.050704	-0.039546	-0.036838	-0.077579
3.047965	-0.039432	-0.036982	-0.070187
3.045231	-0.039352	-0.036872	-0.071058
3.042502	-0.039320	-0.036980	-0.067017
3.039779	-0.039258	-0.036779	-0.071039
3.037060	-0.039031	-0.036594	-0.069814
3.034347	-0.038938	-0.036563	-0.068021
3.031639	-0.038910	-0.036427	-0.071135
3.028936	-0.038779	-0.036344	-0.069757
3.026238	-0.038597	-0.036124	-0.070842
3.023545	-0.038515	-0.036113	-0.068816
3.020858	-0.038433	-0.035980	-0.070272
3.018175	-0.038334	-0.035835	-0.071585
3.015498	-0.038165	-0.035531	-0.075453
3.012826	-0.037906	-0.035363	-0.072854
3.010158	-0.037670	-0.035008	-0.076247
3.007496	-0.037496	-0.034992	-0.071718
3.004839	-0.037236	-0.034942	-0.065707
3.002187	-0.037305	-0.034731	-0.073727
2.999540	-0.037010	-0.034474	-0.072655
2.996897	-0.036943	-0.034546	-0.068681
2.994260	-0.036787	-0.034286	-0.071645
2.991628	-0.036786	-0.034069	-0.077839
2.989000	-0.036543	-0.033926	-0.074959
2.986378	-0.036412	-0.033904	-0.071851
2.983760	-0.036278	-0.033578	-0.077329
2.981148	-0.036051	-0.033480	-0.073653
2.978540	-0.035906	-0.033269	-0.075533
2.975937	-0.035800	-0.033216	-0.074028
2.973339	-0.035481	-0.032923	-0.073265
2.970746	-0.035301	-0.032678	-0.075139
2.968158	-0.035194	-0.032659	-0.072630
2.965574	-0.035060	-0.032429	-0.075374
2.962995	-0.034924	-0.032411	-0.071988
2.960421	-0.034720	-0.032227	-0.071406
2.957852	-0.034490	-0.031835	-0.076062
2.955288	-0.034419	-0.031605	-0.080636
2.952728	-0.034212	-0.031712	-0.071634
2.950173	-0.033957	-0.031296	-0.076233
2.947623	-0.033669	-0.031146	-0.072277
2.945078	-0.033446	-0.030725	-0.077954
2.942537	-0.033313	-0.030631	-0.076844
2.940001	-0.033180	-0.030440	-0.078504
2.937469	-0.033033	-0.030162	-0.082247
2.934943	-0.032715	-0.030075	-0.075645
2.932421	-0.032441	-0.029795	-0.075793
2.929903	-0.032486	-0.029730	-0.078937
2.927390	-0.032308	-0.029524	-0.079760
2.924882	-0.032054	-0.029342	-0.077695
2.922378	-0.032003	-0.029292	-0.077670
2.919879	-0.031974	-0.029310	-0.076329
2.917385	-0.032056	-0.029382	-0.076584
2.914895	-0.031908	-0.029153	-0.078923
2.912410	-0.031775	-0.029029	-0.078667
2.909929	-0.031838	-0.029096	-0.078540
2.907453	-0.031805	-0.028969	-0.081255
2.904981	-0.031613	-0.028821	-0.079985
2.902513	-0.031398	-0.028612	-0.079824
2.900051	-0.031488	-0.028725	-0.079160
2.897592	-0.031440	-0.028713	-0.078110
2.895138	-0.031263	-0.028582	-0.076800
2.892689	-0.031083	-0.028244	-0.081345
2.890244	-0.030905	-0.028157	-0.078706
2.887803	-0.030537	-0.027880	-0.076134
2.885367	-0.030727	-0.027927	-0.080225
2.882936	-0.030493	-0.027748	-0.078623
2.880508	-0.030627	-0.027776	-0.081666
2.878085	-0.030554	-0.027717	-0.081267
2.875667	-0.030620	-0.027893	-0.078124
2.873252	-0.030661	-0.027944	-0.077854
2.870842	-0.030503	-0.027809	-0.077191
2.868437	-0.030419	-0.027816	-0.074569
2.866036	-0.030425	-0.027742	-0.076883
2.863639	-0.030418	-0.027668	-0.078791
2.861246	-0.030243	-0.027545	-0.077303
2.858858	-0.030025	-0.027302	-0.078006
2.856474	-0.030285	-0.027513	-0.079405
2.854094	-0.030144	-0.027265	-0.082462
2.851718	-0.029893	-0.027224	-0.076469
2.849347	-0.029664	-0.026853	-0.080520
2.846980	-0.029408	-0.026573	-0.081193
2.844617	-0.029328	-0.026565	-0.079143
2.842258	-0.029126	-0.026308	-0.080705
2.839904	-0.028837	-0.026050	-0.079850
2.837553	-0.028816	-0.025992	-0.080921
2.835207	-0.028338	-0.025615	-0.078020
2.832865	-0.028153	-0.025351	-0.080275
2.830528	-0.028011	-0.025283	-0.078159
2.828194	-0.027808	-0.025008	-0.080205
2.825864	-0.027604	-0.024798	-0.080373
2.823539	-0.027458	-0.024586	-0.082260
2.821218	-0.027323	-0.024437	-0.082684
2.818901	-0.027223	-0.024375	-0.081604
2.816587	-0.027150	-0.024217	-0.084013
2.814278	-0.026641	-0.023794	-0.081543
2.811973	-0.026613	-0.023783	-0.081086
2.809673	-0.026373	-0.023555	-0.080711
2.807376	-0.026163	-0.023273	-0.082778
2.805083	-0.025990	-0.023162	-0.081015
2.802794	-0.025913	-0.023004	-0.083337
2.800509	-0.025776	-0.022938	-0.081293
2.798228	-0.025461	-0.022592	-0.082196
2.795952	-0.025369	-0.022498	-0.082250
2.793679	-0.025196	-0.022380	-0.080680
2.791410	-0.025154	-0.022190	-0.084909
2.789145	-0.025057	-0.022111	-0.084405
2.786884	-0.024687	-0.021764	-0.083734
2.784627	-0.024694	-0.021803	-0.082830
2.782374	-0.024424	-0.021484	-0.084223
2.780125	-0.024007	-0.021147	-0.081951
2.777880	-0.024007	-0.021088	-0.083610
2.775638	-0.023662	-0.020784	-0.082440
2.773401	-0.023472	-0.020523	-0.084471
2.771167	-0.023228	-0.020358	-0.082216
2.768938	-0.023067	-0.020117	-0.084502
2.766712	-0.022792	-0.019835	-0.084736
2.764490	-0.022421	-0.019471	-0.084490
2.762272	-0.022347	-0.019406	-0.084253
2.760058	-0.022191	-0.019260	-0.083991
2.757847	-0.022028	-0.019060	-0.085035
2.755640	-0.021831	-0.018840	-0.085684
2.753437	-0.021481	-0.018504	-0.085265
2.751238	-0.021242	-0.018251	-0.085697
2.749043	-0.020910	-0.017997	-0.083438
2.746852	-0.021050	-0.018065	-0.085524
2.744664	-0.020723	-0.017773	-0.084504
2.742480	-0.020593	-0.017642	-0.084536
2.740300	-0.020489	-0.017533	-0.084694
2.738123	-0.020380	-0.017410	-0.085094
2.735950	-0.020161	-0.017225	-0.084111
2.733781	-0.020145	-0.017150	-0.085790
2.731616	-0.019953	-0.016961	-0.085702
2.729454	-0.019872	-0.016830	-0.087159
2.727296	-0.019833	-0.016825	-0.086157
2.725142	-0.019812	-0.016815	-0.085867
2.722991	-0.019633	-0.016605	-0.086756
2.720844	-0.019328	-0.016404	-0.083785
2.718701	-0.019468	-0.016447	-0.086523
2.716561	-0.019187	-0.016194	-0.085759
2.714425	-0.019122	-0.016126	-0.085805
2.712293	-0.018869	-0.015855	-0.086352
2.710164	-0.018636	-0.015662	-0.085187
2.708039	-0.018521	-0.015537	-0.085478
2.705917	-0.018316	-0.015313	-0.086025
2.703799	-0.018220	-0.015223	-0.085879
2.701685	-0.018165	-0.015099	-0.087854
2.699574	-0.018191	-0.015176	-0.086353
2.697466	-0.017966	-0.014942	-0.086646
2.695363	-0.017611	-0.014657	-0.084616
2.693262	-0.017494	-0.014469	-0.086660
2.691166	-0.017354	-0.014331	-0.086598
2.689072	-0.017252	-0.014282	-0.085092
2.686983	-0.017086	-0.014091	-0.085808
2.684897	-0.016874	-0.013825	-0.087351
2.682814	-0.016710	-0.013691	-0.086506
2.680735	-0.016572	-0.013610	-0.084853
2.678659	-0.016436	-0.013403	-0.086885
2.676587	-0.016448	-0.013431	-0.086435
2.674518	-0.016252	-0.013181	-0.087980
2.672453	-0.016128	-0.013073	-0.087502
2.670391	-0.016098	-0.013037	-0.087707
2.668333	-0.016046	-0.012990	-0.087551
2.666278	-0.015933	-0.012901	-0.086859
2.664226	-0.015719	-0.012643	-0.088110
2.662178	-0.015599	-0.012556	-0.087160
2.660133	-0.015344	-0.012363	-0.085404
2.658092	-0.015321	-0.012278	-0.087176
2.656054	-0.015341	-0.012324	-0.086430
2.654019	-0.015363	-0.012328	-0.086941
2.651988	-0.014912	-0.011858	-0.087478
2.649960	-0.014887	-0.011786	-0.088810
2.647936	-0.014826	-0.011781	-0.087218
2.645915	-0.014661	-0.011616	-0.087215
2.643897	-0.014439	-0.011417	-0.086551
2.641882	-0.014329	-0.011273	-0.087567
2.639871	-0.014271	-0.011221	-0.087367
2.637863	-0.014198	-0.011178	-0.086515
2.635859	-0.014169	-0.011108	-0.087696
2.633857	-0.014008	-0.010942	-0.087857
2.631859	-0.013979	-0.010900	-0.088216
2.629865	-0.013874	-0.010806	-0.087908
2.627873	-0.013766	-0.010696	-0.087954
2.625885	-0.013482	-0.010415	-0.087879
2.623900	-0.013558	-0.010539	-0.086501
2.621919	-0.013317	-0.010226	-0.088525
2.619940	-0.013211	-0.010147	-0.087771
2.617965	-0.013059	-0.009989	-0.087940
2.615993	-0.013018	-0.009948	-0.087951
2.614025	-0.012591	-0.009565	-0.086667
2.612059	-0.012343	-0.009305	-0.087049
2.610097	-0.012048	-0.009033	-0.086379
2.608138	-0.012045	-0.008982	-0.087755
2.606182	-0.011666	-0.008641	-0.086656
2.604229	-0.011149	-0.008121	-0.086729
2.602280	-0.010758	-0.007757	-0.085983
2.600333	-0.010418	-0.007378	-0.087089
2.598390	-0.009895	-0.006888	-0.086134
2.596450	-0.009695	-0.006694	-0.085989
2.594513	-0.009103	-0.006139	-0.084900
2.592579	-0.008733	-0.005749	-0.085468
2.590648	-0.008260	-0.005295	-0.084941
2.588721	-0.007788	-0.004841	-0.084416
2.586796	-0.007627	-0.004675	-0.084580
2.584875	-0.007289	-0.004335	-0.084630
2.582957	-0.006883	-0.003919	-0.084902
2.581042	-0.006578	-0.003594	-0.085497
2.579130	-0.006542	-0.003600	-0.084280
2.577221	-0.006269	-0.003322	-0.084430
2.575315	-0.006094	-0.003170	-0.083776
2.573412	-0.006170	-0.003197	-0.085177
2.571512	-0.005975	-0.003016	-0.084766
2.569615	-0.005927	-0.002946	-0.085406
2.567722	-0.005728	-0.002758	-0.085066
2.565831	-0.005670	-0.002692	-0.085311
2.563943	-0.005606	-0.002647	-0.084769
2.562058	-0.005347	-0.002388	-0.084759
2.560177	-0.005487	-0.002512	-0.085216
2.558298	-0.005315	-0.002377	-0.084169
2.556423	-0.005040	-0.002089	-0.084523
2.554550	-0.005117	-0.002128	-0.085644
2.552680	-0.005129	-0.002158	-0.085109
2.550813	-0.004810	-0.001830	-0.085380
2.548950	-0.004800	-0.001828	-0.085138
2.547089	-0.004690	-0.001725	-0.084936
2.545231	-0.004524	-0.001530	-0.085783
2.543376	-0.004169	-0.001229	-0.084230
2.541524	-0.004000	-0.001054	-0.084394
2.539675	-0.003878	-0.000921	-0.084725
2.537829	-0.003695	-0.000781	-0.083482
2.535986	-0.003397	-0.000462	-0.084066
2.534146	-0.003170	-0.000252	-0.083598
2.532308	-0.002978	-0.000057	-0.083685
2.530474	-0.002693	0.000213	-0.083250
2.528642	-0.002453	0.000466	-0.083620
2.526814	-0.002333	0.000579	-0.083430
2.524988	-0.002239	0.000697	-0.084120
2.523165	-0.002163	0.000758	-0.083666
2.521345	-0.001951	0.000957	-0.083300
2.519528	-0.002025	0.000885	-0.083357
2.517714	-0.002108	0.000834	-0.084264
2.515902	-0.002178	0.000766	-0.084327
2.514093	-0.002315	0.000644	-0.084795
2.512288	-0.002323	0.000616	-0.084187
2.510485	-0.002660	0.000330	-0.085674
2.508684	-0.002718	0.000281	-0.085906
2.506887	-0.002801	0.000222	-0.086610
2.505092	-0.003054	-0.000049	-0.086076
2.503301	-0.003152	-0.000163	-0.085624
2.501512	-0.003434	-0.000426	-0.086189
2.499726	-0.003638	-0.000632	-0.086129
2.497942	-0.004022	-0.001009	-0.086315
2.496162	-0.004261	-0.001211	-0.087389
2.494384	-0.004353	-0.001276	-0.088140
2.492609	-0.004624	-0.001545	-0.088203
2.490836	-0.004735	-0.001650	-0.088403
2.489067	-0.004727	-0.001669	-0.087615
2.487300	-0.004783	-0.001722	-0.087690
2.485536	-0.004947	-0.001834	-0.089202
2.483774	-0.004873	-0.001772	-0.088819
2.482016	-0.004930	-0.001811	-0.089360
2.480260	-0.004844	-0.001726	-0.089324
2.478507	-0.004869	-0.001745	-0.089486
2.476756	-0.004839	-0.001719	-0.089365
2.475008	-0.004706	-0.001579	-0.089571
2.473263	-0.004721	-0.001629	-0.088587
2.471521	-0.004780	-0.001666	-0.089187
2.469781	-0.004629	-0.001545	-0.088342
2.468044	-0.004474	-0.001311	-0.090603
2.466309	-0.004464	-0.001307	-0.090427
2.464578	-0.004414	-0.001298	-0.089268
2.462848	-0.004316	-0.001214	-0.088852
2.461122	-0.004074	-0.000952	-0.089422
2.459398	-0.004065	-0.000931	-0.089781
2.457677	-0.003987	-0.000852	-0.089821
2.455958	-0.003829	-0.000711	-0.089335
2.454243	-0.003757	-0.000602	-0.090371
2.452529	-0.003680	-0.000549	-0.089688
2.450819	-0.003607	-0.000501	-0.088963
2.449111	-0.003670	-0.000543	-0.089605
2.447405	-0.003668	-0.000503	-0.090653
2.445702	-0.003531	-0.000399	-0.089752
2.444002	-0.003393	-0.000254	-0.089933
2.442304	-0.003177	-0.000040	-0.089851
2.440609	-0.002924	0.000205	-0.089632
2.438917	-0.002802	0.000352	-0.090359
2.437227	-0.002867	0.000263	-0.089663
2.435539	-0.002967	0.000171	-0.089916
2.433854	-0.002885	0.000239	-0.089514
2.432172	-0.002765	0.000412	-0.091020
2.430492	-0.002697	0.000457	-0.090357
2.428815	-0.002546	0.000620	-0.090706
2.427140	-0.002489	0.000656	-0.090077
2.425468	-0.002437	0.000726	-0.090616
2.423799	-0.002336	0.000808	-0.090068
2.422131	-0.002122	0.001007	-0.089634
2.420467	-0.002095	0.001042	-0.089852
2.418805	-0.002078	0.001087	-0.090671
2.417145	-0.001996	0.001178	-0.090933
2.415488	-0.001893	0.001279	-0.090861
2.413833	-0.001791	0.001397	-0.091330
2.412181	-0.001691	0.001469	-0.090525
2.410532	-0.001723	0.001466	-0.091373
2.408884	-0.001602	0.001571	-0.090892
2.407240	-0.001541	0.001660	-0.091684
2.405598	-0.001630	0.001561	-0.091412
2.403958	-0.001644	0.001497	-0.090003
2.402320	-0.001467	0.001727	-0.091494
2.400685	-0.001330	0.001844	-0.090937
2.399053	-0.001313	0.001880	-0.091474
2.397423	-0.001361	0.001797	-0.090482
2.395795	-0.001217	0.002004	-0.092265
2.394170	-0.001004	0.002195	-0.091663
2.392547	-0.000993	0.002218	-0.091990
2.390927	-0.000851	0.002359	-0.091948
2.389309	-0.000671	0.002517	-0.091344
2.387694	-0.000643	0.002572	-0.092100
2.386081	-0.000565	0.002614	-0.091070
2.384470	-0.000401	0.002762	-0.090615
2.382861	-0.000355	0.002835	-0.091375
2.381255	-0.000095	0.003110	-0.091818
2.379652	-0.000010	0.003157	-0.090724
2.378051	0.000135	0.003306	-0.090847
2.376452	0.000193	0.003372	-0.091063
2.374855	0.000314	0.003546	-0.092597
2.373261	0.000350	0.003582	-0.092584
2.371669	0.000249	0.003418	-0.090787
2.370080	0.000318	0.003557	-0.092788
2.368493	0.000392	0.003556	-0.090632
2.366908	0.000451	0.003649	-0.091611
2.365326	0.000653	0.003847	-0.091500
2.363745	0.000612	0.003833	-0.092290
2.362168	0.000694	0.003883	-0.091380
2.360592	0.000902	0.004089	-0.091319
2.359019	0.000936	0.004158	-0.092316
2.357448	0.001030	0.004207	-0.091024
2.355880	0.001002	0.004215	-0.092036
2.354313	0.000927	0.004169	-0.092895
2.352749	0.001007	0.004246	-0.092787
2.351188	0.001261	0.004473	-0.092015
2.349628	0.001371	0.004615	-0.092920
2.348071	0.001346	0.004586	-0.092826
2.346516	0.001561	0.004784	-0.092328
2.344964	0.001644	0.004870	-0.092426
2.343413	0.001640	0.004856	-0.092113
2.341865	0.001661	0.004903	-0.092869
2.340319	0.001749	0.004979	-0.092541
2.338776	0.001857	0.005093	-0.092710
2.337235	0.002067	0.005317	-0.093106
2.335695	0.002066	0.005309	-0.092886
2.334159	0.002081	0.005342	-0.093441
2.332624	0.002054	0.005280	-0.092416
2.331091	0.002058	0.005328	-0.093696
2.329561	0.002229	0.005487	-0.093331
2.328033	0.002314	0.005578	-0.093503
2.326508	0.002346	0.005623	-0.093897
2.324984	0.002351	0.005592	-0.092849
2.323463	0.002426	0.005655	-0.092513
2.321943	0.002644	0.005903	-0.093343
2.320426	0.002827	0.006111	-0.094092
2.318912	0.002909	0.006167	-0.093315
2.317399	0.002948	0.006207	-0.093350
2.315888	0.002932	0.006189	-0.093310
2.314380	0.003032	0.006291	-0.093377
2.312874	0.003170	0.006402	-0.092601
2.311370	0.003143	0.006396	-0.093165
2.309868	0.003186	0.006443	-0.093304
2.308369	0.003243	0.006492	-0.093066
2.306871	0.003532	0.006821	-0.094204
2.305376	0.003561	0.006896	-0.095538
2.303883	0.003679	0.006978	-0.094495
2.302392	0.003782	0.007062	-0.093962
2.300903	0.003866	0.007161	-0.094396
2.299416	0.003959	0.007260	-0.094543
2.297931	0.004011	0.007309	-0.094500
2.296449	0.003987	0.007287	-0.094545
2.294968	0.004066	0.007363	-0.094448
2.293490	0.004074	0.007367	-0.094334
2.292013	0.004109	0.007392	-0.094054
2.290539	0.004245	0.007572	-0.095321
2.289067	0.004302	0.007585	-0.094043
2.287597	0.004275	0.007541	-0.093550
2.286129	0.004310	0.007614	-0.094642
2.284664	0.004213	0.007478	-0.093531
2.283200	0.004439	0.007744	-0.094682
2.281738	0.004574	0.007850	-0.093856
2.280279	0.004777	0.008099	-0.095152
2.278821	0.004722	0.008006	-0.094080
2.277366	0.004742	0.008025	-0.094063
2.275912	0.004767	0.008125	-0.096190
2.274461	0.004992	0.008296	-0.094662
2.273012	0.004976	0.008325	-0.095947
2.271564	0.005150	0.008513	-0.096347
2.270119	0.005265	0.008565	-0.094554
2.268676	0.005393	0.008727	-0.095523
2.267235	0.005312	0.008627	-0.094970
2.265796	0.005291	0.008597	-0.094719
2.264359	0.005369	0.008668	-0.094502
2.262923	0.005375	0.008723	-0.095907
2.261490	0.005400	0.008744	-0.095809
2.260059	0.005577	0.008950	-0.096628
2.258630	0.005758	0.009079	-0.095156
2.257203	0.005785	0.009126	-0.095715
2.255778	0.005839	0.009163	-0.095227
2.254355	0.005763	0.009086	-0.095205
2.252934	0.005832	0.009147	-0.094962
2.251515	0.005955	0.009305	-0.095959
2.250098	0.005857	0.009244	-0.097010
2.248683	0.005972	0.009303	-0.095399
2.247269	0.006061	0.009379	-0.095052
2.245858	0.006118	0.009471	-0.096055
2.244449	0.006173	0.009516	-0.095771
2.243042	0.006441	0.009794	-0.096058
2.241636	0.006563	0.009894	-0.095420
2.240233	0.006768	0.010097	-0.095391
2.238832	0.006959	0.010292	-0.095472
2.237432	0.007036	0.010434	-0.097342
2.236035	0.007119	0.010468	-0.095954
2.234639	0.006983	0.010317	-0.095512
2.233245	0.006955	0.010377	-0.098035
2.231854	0.007049	0.010373	-0.095248
2.230464	0.007175	0.010550	-0.096674
2.229076	0.007229	0.010580	-0.095982
2.227690	0.007227	0.010590	-0.096347
2.226306	0.007206	0.010581	-0.096696
2.224924	0.007207	0.010585	-0.096751
2.223544	0.007333	0.010686	-0.096071
2.222165	0.007249	0.010720	-0.099415
2.220789	0.007368	0.010761	-0.097196
2.219414	0.007323	0.010701	-0.096765
2.218042	0.007435	0.010790	-0.096115
2.216671	0.007685	0.011069	-0.096930
2.215302	0.007628	0.011048	-0.097978
2.213935	0.007644	0.011040	-0.097279
2.212570	0.007797	0.011190	-0.097210
2.211207	0.007819	0.011237	-0.097930
2.209845	0.008082	0.011449	-0.096446
2.208486	0.008009	0.011375	-0.096445
2.207128	0.007855	0.011296	-0.098580
2.205772	0.008069	0.011507	-0.098497
2.204418	0.008249	0.011674	-0.098107
2.203066	0.008488	0.011877	-0.097108
2.201716	0.008454	0.011952	-0.100229
2.200367	0.008403	0.011828	-0.098132
2.199021	0.008596	0.012063	-0.099321
2.197676	0.008664	0.012114	-0.098849
2.196333	0.008786	0.012194	-0.097620
2.194992	0.008636	0.012094	-0.099063
2.193653	0.008644	0.012030	-0.097013
2.192315	0.008712	0.012129	-0.097906
2.190980	0.008692	0.012159	-0.099339
2.189646	0.008838	0.012231	-0.097193
2.188314	0.008840	0.012290	-0.098844
2.186984	0.008828	0.012269	-0.098581
2.185655	0.008913	0.012393	-0.099693
2.184328	0.009010	0.012428	-0.097940
2.183004	0.009166	0.012605	-0.098522
2.181681	0.009271	0.012752	-0.099704
2.180359	0.009367	0.012802	-0.098399
2.179040	0.009297	0.012717	-0.097967
2.177722	0.009342	0.012804	-0.099190
2.176406	0.009387	0.012881	-0.100090
2.175092	0.009639	0.013080	-0.098590
2.173780	0.009721	0.013168	-0.098755
2.172469	0.009883	0.013356	-0.099488
2.171160	0.009961	0.013493	-0.101204
2.169853	0.009948	0.013468	-0.100844
2.168548	0.010048	0.013527	-0.099678
2.167244	0.010002	0.013511	-0.100502
2.165943	0.009920	0.013346	-0.098130
2.164643	0.009881	0.013309	-0.098216
2.163344	0.010024	0.013537	-0.100617
2.162048	0.010210	0.013683	-0.099470
2.160753	0.010159	0.013675	-0.100727
2.159460	0.010328	0.013804	-0.099584
2.158168	0.010307	0.013806	-0.100223
2.156879	0.010242	0.013760	-0.100772
2.155591	0.010625	0.014112	-0.099885
2.154304	0.010641	0.014174	-0.101219
2.153020	0.010469	0.013975	-0.100429
2.151737	0.010500	0.013994	-0.100103
2.150456	0.010511	0.014023	-0.100631
2.149177	0.010682	0.014184	-0.100328
2.147899	0.010741	0.014225	-0.099794
2.146623	0.010894	0.014402	-0.100476
2.145349	0.010824	0.014323	-0.100229
2.144076	0.010784	0.014308	-0.100967
2.142805	0.010705	0.014229	-0.100931
2.141536	0.010816	0.014323	-0.100470
2.140268	0.010917	0.014444	-0.101026
2.139002	0.011096	0.014622	-0.101009
2.137738	0.011277	0.014801	-0.100953
2.136476	0.011372	0.014922	-0.101704
2.135215	0.011352	0.014879	-0.101035
2.133956	0.011222	0.014743	-0.100884
2.132698	0.011248	0.014774	-0.101032
2.131442	0.011436	0.014930	-0.100079
2.130188	0.011591	0.015102	-0.100568
2.128935	0.011616	0.015120	-0.100397
2.127684	0.011724	0.015282	-0.101944
2.126435	0.011734	0.015312	-0.102484
2.125187	0.011845	0.015346	-0.100323
2.123941	0.012010	0.015564	-0.101807
2.122697	0.011935	0.015477	-0.101454
2.121454	0.012057	0.015596	-0.101385
2.120213	0.012069	0.015615	-0.101604
2.118974	0.012107	0.015673	-0.102140
2.117736	0.012169	0.015663	-0.100116
2.116500	0.012150	0.015680	-0.101120
2.115265	0.012138	0.015701	-0.102063
2.114032	0.012067	0.015606	-0.101387
2.112801	0.012028	0.015574	-0.101596
2.111571	0.012249	0.015819	-0.102266
2.110343	0.012362	0.015925	-0.102088
2.109116	0.012366	0.015951	-0.102711
2.107891	0.012625	0.016180	-0.101841
2.106668	0.012864	0.016432	-0.102195
2.105446	0.012930	0.016470	-0.101426
2.104226	0.012876	0.016426	-0.101708
2.103007	0.012793	0.016362	-0.102264
2.101790	0.012802	0.016415	-0.103506
2.100575	0.012925	0.016522	-0.103053
2.099361	0.012898	0.016528	-0.103980
2.098149	0.013091	0.016672	-0.102600
2.096938	0.013210	0.016791	-0.102581
2.095729	0.013293	0.016888	-0.102989
2.094521	0.013294	0.016894	-0.103132
2.093315	0.013408	0.016979	-0.102326
2.092111	0.013399	0.016997	-0.103081
2.090908	0.013544	0.017154	-0.103418
2.089707	0.013441	0.017049	-0.103359
2.088507	0.013601	0.017213	-0.103470
2.087309	0.013536	0.017142	-0.103309
2.086112	0.013605	0.017196	-0.102881
2.084917	0.013846	0.017444	-0.103097
2.083723	0.013792	0.017378	-0.102734
2.082531	0.013802	0.017424	-0.103764
2.081341	0.013810	0.017384	-0.102389
2.080152	0.013905	0.017491	-0.102741
2.078964	0.013896	0.017473	-0.102481
2.077778	0.013935	0.017592	-0.104767
2.076594	0.014073	0.017660	-0.102752
2.075411	0.014216	0.017813	-0.103048
2.074230	0.014263	0.017881	-0.103637
2.073050	0.014298	0.017983	-0.105544
2.071871	0.014359	0.018005	-0.104461
2.070694	0.014284	0.017917	-0.104081
2.069519	0.014432	0.018073	-0.104300
2.068345	0.014603	0.018223	-0.103720
2.067173	0.014548	0.018208	-0.104847
2.066002	0.014711	0.018336	-0.103849
2.064833	0.014647	0.018306	-0.104821
2.063665	0.014790	0.018478	-0.105660
2.062498	0.014706	0.018363	-0.104749
2.061333	0.014648	0.018270	-0.103762
2.060170	0.014793	0.018485	-0.105744
2.059008	0.014919	0.018527	-0.103382
2.057848	0.015034	0.018663	-0.103976
2.056689	0.015048	0.018689	-0.104318
2.055531	0.015081	0.018728	-0.104482
2.054375	0.015370	0.018986	-0.103607
2.053221	0.015380	0.019029	-0.104537
2.052067	0.015338	0.018982	-0.104403
2.050916	0.015328	0.019021	-0.105808
2.049766	0.015477	0.019127	-0.104573
2.048617	0.015489	0.019153	-0.104969
2.047470	0.015475	0.019134	-0.104812
2.046324	0.015651	0.019251	-0.103135
2.045179	0.015572	0.019268	-0.105886
2.044036	0.015521	0.019162	-0.104314
2.042895	0.015505	0.019145	-0.104284
2.041755	0.015557	0.019278	-0.106596
2.040616	0.015841	0.019500	-0.104821
2.039479	0.015927	0.019588	-0.104880
2.038343	0.015972	0.019667	-0.105866
2.037209	0.015986	0.019670	-0.105528
2.036076	0.016086	0.019766	-0.105419
2.034945	0.016225	0.019884	-0.104813
2.033815	0.016129	0.019832	-0.106076
2.032686	0.016111	0.019799	-0.105673
2.031559	0.016103	0.019787	-0.105536
2.030433	0.016152	0.019785	-0.104085
2.029309	0.016112	0.019821	-0.106260
2.028186	0.016264	0.019970	-0.106180
2.027064	0.016343	0.020020	-0.105330
2.025944	0.016261	0.019987	-0.106742
2.024825	0.016214	0.019914	-0.105996
2.023708	0.016279	0.019926	-0.104474
2.022592	0.016251	0.019989	-0.107078
2.021477	0.016259	0.019968	-0.106249
2.020364	0.016339	0.020044	-0.106136
2.019252	0.016402	0.020146	-0.107248
2.018142	0.016539	0.020248	-0.106269
2.017033	0.016727	0.020470	-0.107232
2.015925	0.016830	0.020610	-0.108281
2.014819	0.017028	0.020731	-0.106076
2.013714	0.017054	0.020829	-0.108124
2.012610	0.017136	0.020861	-0.106705
2.011508	0.017169	0.020868	-0.105957
2.010407	0.017159	0.020925	-0.107875
2.009308	0.017145	0.020877	-0.106931
2.008210	0.017040	0.020771	-0.106885
2.007113	0.016945	0.020691	-0.107315
2.006018	0.016932	0.020665	-0.106945
2.004924	0.017022	0.020744	-0.106626
2.003831	0.017191	0.020932	-0.107171
2.002740	0.017255	0.020997	-0.107203
2.001650	0.017245	0.021014	-0.107986
2.000561	0.017185	0.020957	-0.108060
1.999474	0.017254	0.020990	-0.107022
1.998388	0.017273	0.021052	-0.108255
1.997303	0.017343	0.021062	-0.106558
1.996220	0.017327	0.021164	-0.109936
1.995138	0.017333	0.021080	-0.107321
1.994058	0.017313	0.021079	-0.107879
1.992978	0.017271	0.021047	-0.108162
1.991901	0.017254	0.021032	-0.108214
1.990824	0.017261	0.021079	-0.109369
1.989749	0.017439	0.021186	-0.107343
1.988675	0.017556	0.021320	-0.107846
1.987602	0.017656	0.021370	-0.106401
1.986531	0.017598	0.021379	-0.108335
1.985461	0.017541	0.021334	-0.108666
1.984392	0.017639	0.021424	-0.108414
1.983325	0.017739	0.021490	-0.107468
1.982259	0.017750	0.021523	-0.108096
1.981194	0.017804	0.021595	-0.108605
1.980130	0.017913	0.021712	-0.108856
1.979068	0.018034	0.021842	-0.109086
1.978007	0.018351	0.022110	-0.107691
1.976948	0.018226	0.022014	-0.108516
1.975889	0.018222	0.022009	-0.108502
1.974832	0.018451	0.022252	-0.108871
1.973777	0.018544	0.022335	-0.108625
1.972722	0.018409	0.022255	-0.110179
1.971669	0.018487	0.022269	-0.108322
1.970617	0.018549	0.022322	-0.108080
1.969566	0.018560	0.022324	-0.107821
1.968517	0.018629	0.022394	-0.107870
1.967469	0.018425	0.022246	-0.109457
1.966422	0.018766	0.022594	-0.109643
1.965377	0.018856	0.022631	-0.108131
1.964333	0.018902	0.022708	-0.109013
1.963290	0.018974	0.022796	-0.109505
1.962248	0.018757	0.022580	-0.109530
1.961207	0.018563	0.022371	-0.109089
1.960168	0.018590	0.022378	-0.108521
1.959130	0.018769	0.022616	-0.110204
1.958094	0.018817	0.022644	-0.109629
1.957058	0.018810	0.022676	-0.110746
1.956024	0.018685	0.022522	-0.109923
1.954991	0.018792	0.022657	-0.110726
1.953959	0.018800	0.022626	-0.109612
1.952929	0.018718	0.022537	-0.109402
1.951900	0.018695	0.022548	-0.110388
1.950872	0.018708	0.022559	-0.110307
1.949845	0.018735	0.022594	-0.110569
1.948819	0.018846	0.022711	-0.110715
1.947795	0.019066	0.022922	-0.110485
1.946772	0.019160	0.023025	-0.110732
1.945750	0.019280	0.023182	-0.111798
1.944729	0.019407	0.023253	-0.110188
1.943710	0.019309	0.023167	-0.110527
1.942692	0.019528	0.023361	-0.109818
1.941675	0.019772	0.023620	-0.110243
1.940659	0.019733	0.023611	-0.111085
1.939645	0.019648	0.023562	-0.112142
1.938631	0.019318	0.023200	-0.111208
1.937619	0.019019	0.022945	-0.112478
1.936608	0.019227	0.023097	-0.110852
1.935599	0.019525	0.023448	-0.112386
1.934590	0.019704	0.023602	-0.111692
1.933583	0.019719	0.023618	-0.111694
1.932577	0.019804	0.023743	-0.112848
1.931572	0.019853	0.023750	-0.111624
1.930568	0.019870	0.023741	-0.110917
1.929566	0.019778	0.023662	-0.111274
1.928565	0.019756	0.023651	-0.111603
1.927565	0.019704	0.023625	-0.112314
1.926566	0.019793	0.023696	-0.111815
1.925568	0.019744	0.023599	-0.110434
1.924571	0.019568	0.023487	-0.112295
1.923576	0.019634	0.023593	-0.113409
1.922582	0.019641	0.023515	-0.110972
1.921589	0.019632	0.023566	-0.112682
1.920597	0.019721	0.023613	-0.111482
1.919606	0.019822	0.023721	-0.111676
1.918617	0.019901	0.023828	-0.112518
1.917629	0.019908	0.023780	-0.110914
1.916641	0.019712	0.023661	-0.113128
1.915655	0.019689	0.023660	-0.113781
1.914671	0.019917	0.023886	-0.113687
1.913687	0.019949	0.023902	-0.113250
1.912704	0.019868	0.023830	-0.113490
1.911723	0.019952	0.023937	-0.114165
1.910743	0.019812	0.023773	-0.113485
1.909764	0.019814	0.023803	-0.114262
1.908786	0.020029	0.023966	-0.112770
1.907809	0.020094	0.024077	-0.114116
1.906834	0.020326	0.024275	-0.113152
1.905859	0.020466	0.024414	-0.113093
1.904886	0.020347	0.024326	-0.113993
1.903914	0.020172	0.024165	-0.114398
1.902943	0.020114	0.024077	-0.113548
1.901973	0.020156	0.024144	-0.114239
1.901004	0.020229	0.024247	-0.115102
1.900036	0.020321	0.024277	-0.113345
1.899070	0.020435	0.024339	-0.111830
1.898105	0.020520	0.024454	-0.112699
1.897140	0.020536	0.024545	-0.114848
1.896177	0.020566	0.024593	-0.115360
1.895215	0.020551	0.024579	-0.115402
1.894254	0.020602	0.024590	-0.114245
1.893295	0.020610	0.024577	-0.113639
1.892336	0.020609	0.024656	-0.115938
1.891378	0.020799	0.024817	-0.115110
1.890422	0.020737	0.024756	-0.115130
1.889467	0.020753	0.024708	-0.113310
1.888513	0.020708	0.024730	-0.115236
1.887560	0.020895	0.024902	-0.114775
1.886608	0.020804	0.024792	-0.114241
1.885657	0.020844	0.024848	-0.114711
1.884707	0.020928	0.024946	-0.115124
1.883758	0.021024	0.025063	-0.115717
1.882811	0.020923	0.024945	-0.115234
1.881864	0.020771	0.024813	-0.115797
1.880919	0.020659	0.024698	-0.115710
1.879975	0.020757	0.024786	-0.115419
1.879032	0.020818	0.024842	-0.115276
1.878090	0.020806	0.024896	-0.117168
1.877149	0.020897	0.024908	-0.114916
1.876209	0.020887	0.024963	-0.116786
1.875270	0.021045	0.025104	-0.116307
1.874332	0.021118	0.025168	-0.116035
1.873396	0.021336	0.025334	-0.114525
1.872460	0.021256	0.025333	-0.116795
1.871525	0.021215	0.025283	-0.116534
1.870592	0.021144	0.025196	-0.116076
1.869660	0.021080	0.025195	-0.117874
1.868728	0.021278	0.025350	-0.116655
1.867798	0.021218	0.025343	-0.118174
1.866869	0.021050	0.025117	-0.116512
1.865941	0.020852	0.024927	-0.116731
1.865014	0.020893	0.024966	-0.116672
1.864088	0.021099	0.025219	-0.118025
1.863163	0.021234	0.025304	-0.116595
1.862239	0.021294	0.025361	-0.116509
1.861317	0.021444	0.025566	-0.118083
1.860395	0.021593	0.025672	-0.116867
1.859474	0.021383	0.025426	-0.115822
1.858555	0.021206	0.025341	-0.118465
1.857636	0.021350	0.025400	-0.116024
1.856719	0.021554	0.025676	-0.118089
1.855802	0.021485	0.025576	-0.117186
1.854887	0.021376	0.025508	-0.118387
1.853973	0.021556	0.025661	-0.117612
1.853059	0.021530	0.025641	-0.117766
1.852147	0.021419	0.025530	-0.117771
1.851236	0.021379	0.025526	-0.118817
1.850326	0.021343	0.025442	-0.117420
1.849416	0.021285	0.025419	-0.118453
1.848508	0.021432	0.025592	-0.119155
1.847601	0.021493	0.025606	-0.117834
1.846695	0.021664	0.025782	-0.117980
1.845790	0.021828	0.025948	-0.118033
1.844886	0.021828	0.025942	-0.117844
1.843983	0.021773	0.025911	-0.118522
1.843081	0.021888	0.026000	-0.117798
1.842180	0.021874	0.025961	-0.117099
1.841280	0.022042	0.026144	-0.117516
1.840381	0.021974	0.026120	-0.118753
1.839484	0.021913	0.026090	-0.119655
1.838587	0.021917	0.026105	-0.119976
1.837691	0.021919	0.026058	-0.118560
1.836796	0.021860	0.025989	-0.118268
1.835902	0.021892	0.026060	-0.119398
1.835009	0.021836	0.026073	-0.121393
1.834118	0.022046	0.026169	-0.118123
1.833227	0.021913	0.026011	-0.117402
1.832337	0.021661	0.025832	-0.119507
1.831448	0.021638	0.025813	-0.119605
1.830560	0.021750	0.025925	-0.119595
1.829674	0.021985	0.026247	-0.122102
1.828788	0.022400	0.026528	-0.118257
1.827903	0.022420	0.026595	-0.119607
1.827019	0.022257	0.026434	-0.119668
1.826136	0.022227	0.026362	-0.118471
1.825255	0.022145	0.026328	-0.119827
1.824374	0.022192	0.026400	-0.120568
1.823494	0.021957	0.026150	-0.120097
1.822615	0.021930	0.026151	-0.120935
1.821737	0.022070	0.026234	-0.119283
1.820860	0.022130	0.026319	-0.120011
1.819984	0.022124	0.026301	-0.119656
1.819109	0.022201	0.026407	-0.120511
1.818235	0.022285	0.026513	-0.121115
1.817362	0.022241	0.026384	-0.118670
1.816490	0.022166	0.026394	-0.121109
1.815619	0.022295	0.026538	-0.121536
1.814749	0.022386	0.026577	-0.120064
1.813880	0.022333	0.026561	-0.121143
1.813012	0.022287	0.026544	-0.121952
1.812145	0.022387	0.026612	-0.121038
1.811279	0.022741	0.026936	-0.120187
1.810413	0.022622	0.026870	-0.121690
1.809549	0.022731	0.026943	-0.120660
1.808686	0.022743	0.026943	-0.120322
1.807824	0.022579	0.026872	-0.122997
1.806962	0.022722	0.026967	-0.121607
1.806102	0.022745	0.027013	-0.122258
1.805242	0.022705	0.026944	-0.121443
1.804384	0.022644	0.026872	-0.121110
1.803526	0.022682	0.026888	-0.120488
1.802670	0.022605	0.026863	-0.121971
1.801814	0.022789	0.026992	-0.120418
1.800959	0.022791	0.027086	-0.123035
1.800105	0.022585	0.026857	-0.122388
1.799252	0.022458	0.026725	-0.122236
1.798401	0.022509	0.026712	-0.120413
1.797550	0.022721	0.027028	-0.123401
1.796700	0.023002	0.027285	-0.122714
1.795851	0.023202	0.027482	-0.122635
1.795002	0.023275	0.027539	-0.122143
1.794155	0.023219	0.027548	-0.124016
1.793309	0.023223	0.027507	-0.122720
1.792464	0.023376	0.027665	-0.122888
1.791619	0.023386	0.027667	-0.122653
1.790776	0.023389	0.027699	-0.123487
1.789933	0.023245	0.027522	-0.122516
1.789092	0.023180	0.027471	-0.122948
1.788251	0.023219	0.027532	-0.123538
1.787411	0.023244	0.027454	-0.120600
1.786572	0.023437	0.027739	-0.123217
1.785734	0.023882	0.028154	-0.122391
1.784897	0.023960	0.028276	-0.123632
1.784061	0.023732	0.028038	-0.123363
1.783226	0.023615	0.027963	-0.124551
1.782392	0.023646	0.027965	-0.123718
1.781558	0.023735	0.028061	-0.123946
1.780726	0.023995	0.028383	-0.125708
1.779894	0.023966	0.028323	-0.124812
1.779064	0.023745	0.028047	-0.123237
1.778234	0.023747	0.028069	-0.123815
1.777405	0.023668	0.028016	-0.124571
1.776577	0.023706	0.028002	-0.123085
1.775750	0.023605	0.027943	-0.124256
1.774924	0.023646	0.027949	-0.123273
1.774099	0.023739	0.028073	-0.124143
1.773275	0.023764	0.028162	-0.125990
1.772451	0.023726	0.028106	-0.125467
1.771629	0.023601	0.027944	-0.124436
1.770807	0.023656	0.027996	-0.124330
1.769986	0.023755	0.028115	-0.124900
1.769167	0.023786	0.028181	-0.125910
1.768348	0.023699	0.028042	-0.124415
1.767530	0.023548	0.027906	-0.124841
1.766712	0.023369	0.027736	-0.125096
1.765896	0.023428	0.027760	-0.124095
1.765081	0.023530	0.027866	-0.124220
1.764266	0.023538	0.027950	-0.126397
1.763453	0.023522	0.027864	-0.124385
1.762640	0.023494	0.027859	-0.125030
1.761828	0.023316	0.027686	-0.125198
1.761017	0.023445	0.027769	-0.123886
1.760207	0.023625	0.028044	-0.126599
1.759398	0.023941	0.028321	-0.125486
1.758589	0.023988	0.028372	-0.125618
1.757782	0.023963	0.028408	-0.127337
1.756975	0.023954	0.028333	-0.125449
1.756169	0.023999	0.028379	-0.125501
1.755365	0.023887	0.028263	-0.125372
1.754560	0.023951	0.028312	-0.124924
1.753757	0.024043	0.028396	-0.124687
1.752955	0.024190	0.028563	-0.125256
1.752154	0.024398	0.028838	-0.127200
1.751353	0.024417	0.028852	-0.127050
1.750553	0.024275	0.028708	-0.126994
1.749755	0.024241	0.028664	-0.126696
1.748957	0.024295	0.028645	-0.124613
1.748159	0.024171	0.028586	-0.126503
1.747363	0.024054	0.028509	-0.127641
1.746568	0.024082	0.028532	-0.127471
1.745773	0.024231	0.028621	-0.125776
1.744979	0.024369	0.028759	-0.125762
1.744187	0.024423	0.028845	-0.126664
1.743395	0.024235	0.028669	-0.127038
1.742603	0.023972	0.028413	-0.127216
1.741813	0.024131	0.028543	-0.126388
1.741024	0.024242	0.028607	-0.125044
1.740235	0.024348	0.028726	-0.125424
1.739447	0.024455	0.028917	-0.127842
1.738660	0.024524	0.028944	-0.126633
1.737874	0.024601	0.028996	-0.125908
1.737089	0.024476	0.028966	-0.128647
1.736304	0.024405	0.028820	-0.126473
1.735521	0.024324	0.028798	-0.128192
1.734738	0.024369	0.028769	-0.126055
1.733956	0.024280	0.028732	-0.127540
1.733175	0.024357	0.028824	-0.127981
1.732395	0.024542	0.028979	-0.127090
1.731615	0.024497	0.028975	-0.128288
1.730837	0.024547	0.028977	-0.126910
1.730059	0.024669	0.029093	-0.126754
1.729282	0.024527	0.029064	-0.129979
1.728506	0.024621	0.029138	-0.129401
1.727730	0.024641	0.029143	-0.128963
1.726956	0.024761	0.029273	-0.129259
1.726182	0.024843	0.029370	-0.129694
1.725409	0.024973	0.029433	-0.127760
1.724637	0.025226	0.029673	-0.127381
1.723866	0.025254	0.029761	-0.129104
1.723096	0.025034	0.029543	-0.129165
1.722326	0.025168	0.029672	-0.129016
1.721557	0.025121	0.029608	-0.128544
1.720789	0.025164	0.029646	-0.128393
1.720022	0.025121	0.029596	-0.128192
1.719256	0.024934	0.029402	-0.127994
1.718490	0.024724	0.029181	-0.127677
1.717726	0.024730	0.029206	-0.128227
1.716962	0.024923	0.029445	-0.129566
1.716199	0.025009	0.029464	-0.127624
1.715436	0.025163	0.029671	-0.129138
1.714675	0.025188	0.029708	-0.129475
1.713914	0.025194	0.029709	-0.129333
1.713154	0.025077	0.029609	-0.129840
1.712395	0.025066	0.029545	-0.128320
1.711637	0.025074	0.029536	-0.127828
1.710879	0.024955	0.029471	-0.129373
1.710122	0.024844	0.029370	-0.129683
1.709366	0.024835	0.029286	-0.127515
1.708611	0.024959	0.029443	-0.128482
1.707857	0.025084	0.029577	-0.128733
1.707103	0.025140	0.029591	-0.127510
1.706351	0.024988	0.029457	-0.128038
1.705599	0.025205	0.029692	-0.128538
1.704847	0.025456	0.029939	-0.128411
1.704097	0.025686	0.030258	-0.130999
1.703347	0.025702	0.030213	-0.129231
1.702599	0.025518	0.030006	-0.128558
1.701850	0.025452	0.029938	-0.128541
1.701103	0.025496	0.029978	-0.128417
1.700357	0.025559	0.030151	-0.131538
1.699611	0.025862	0.030445	-0.131290
1.698866	0.026077	0.030568	-0.128673
1.698122	0.025787	0.030394	-0.131979
1.697378	0.025734	0.030289	-0.130496
1.696636	0.025796	0.030305	-0.129169
1.695894	0.025510	0.030057	-0.130264
1.695153	0.025497	0.030095	-0.131721
1.694412	0.025491	0.030056	-0.130769
1.693673	0.025327	0.029870	-0.130144
1.692934	0.025424	0.029979	-0.130499
1.692196	0.025586	0.030109	-0.129577
1.691459	0.025634	0.030130	-0.128798
1.690722	0.025440	0.029944	-0.129029
1.689987	0.025553	0.030049	-0.128813
1.689252	0.025616	0.030097	-0.128363
1.688518	0.025662	0.030242	-0.131208
1.687784	0.025419	0.029957	-0.130002
1.687051	0.025343	0.029925	-0.131251
1.686320	0.025381	0.029959	-0.131143
1.685588	0.025457	0.029982	-0.129646
1.684858	0.025614	0.030146	-0.129842
1.684128	0.025766	0.030341	-0.131077
1.683399	0.025696	0.030301	-0.131911
1.682671	0.025520	0.030166	-0.133106
1.681944	0.025476	0.030009	-0.129858
1.681217	0.025701	0.030285	-0.131325
1.680491	0.025804	0.030414	-0.132078
1.679766	0.025754	0.030316	-0.130688
1.679042	0.025860	0.030402	-0.130105
1.678318	0.025831	0.030376	-0.130201
1.677595	0.025680	0.030282	-0.131837
1.676873	0.025662	0.030238	-0.131100
1.676152	0.025712	0.030303	-0.131538
1.675431	0.025631	0.030164	-0.129850
1.674711	0.025479	0.030040	-0.130658
1.673992	0.025477	0.030007	-0.129785
1.673273	0.025748	0.030210	-0.127836
1.672556	0.025991	0.030559	-0.130879
1.671839	0.026052	0.030596	-0.130178
1.671122	0.026252	0.030795	-0.130123
1.670407	0.026566	0.031103	-0.129972
1.669692	0.026588	0.031110	-0.129557
1.668978	0.026276	0.030844	-0.130859
1.668265	0.026247	0.030736	-0.128610
1.667552	0.026204	0.030741	-0.129984
1.666840	0.026351	0.030899	-0.130288
1.666129	0.026480	0.030982	-0.128987
1.665418	0.026455	0.031010	-0.130472
1.664709	0.026411	0.030963	-0.130399
1.664000	0.026350	0.030931	-0.131244
1.663292	0.026443	0.030981	-0.129998
1.662584	0.026352	0.030918	-0.130801
1.661877	0.026342	0.030948	-0.131964
1.661171	0.026417	0.030944	-0.129688
1.660466	0.026513	0.031051	-0.130003
1.659761	0.026626	0.031215	-0.131479
1.659057	0.026840	0.031400	-0.130648
1.658354	0.027026	0.031554	-0.129731
1.657651	0.027098	0.031611	-0.129300
1.656950	0.026996	0.031565	-0.130886
1.656249	0.027053	0.031631	-0.131147
1.655548	0.027111	0.031644	-0.129846
1.654848	0.026961	0.031542	-0.131237
1.654150	0.026927	0.031511	-0.131321
1.653451	0.027109	0.031742	-0.132728
1.652754	0.027268	0.031857	-0.131476
1.652057	0.027293	0.031921	-0.132580
1.651361	0.027284	0.031849	-0.130788
1.650665	0.027205	0.031790	-0.131342
1.649971	0.027080	0.031696	-0.132257
1.649277	0.027207	0.031758	-0.130385
1.648583	0.027165	0.031778	-0.132161
1.647891	0.027060	0.031600	-0.130068
1.647199	0.027100	0.031671	-0.130949
1.646508	0.027099	0.031676	-0.131147
1.645817	0.026977	0.031583	-0.131946
1.645127	0.027089	0.031650	-0.130667
1.644438	0.027107	0.031691	-0.131308
1.643750	0.027097	0.031711	-0.132203
1.643062	0.026980	0.031559	-0.131203
1.642375	0.027274	0.031818	-0.130166
1.641689	0.027528	0.032062	-0.129879
1.641003	0.027715	0.032333	-0.132297
1.640318	0.027794	0.032352	-0.130586
1.639634	0.027931	0.032524	-0.131589
1.638950	0.028030	0.032580	-0.130370
1.638267	0.028024	0.032608	-0.131310
1.637585	0.027774	0.032357	-0.131291
1.636903	0.027698	0.032158	-0.127772
1.636222	0.027668	0.032306	-0.132867
1.635542	0.027858	0.032496	-0.132883
1.634863	0.027866	0.032507	-0.132957
1.634184	0.027861	0.032511	-0.133216
1.633506	0.028211	0.032727	-0.129377
1.632828	0.028082	0.032711	-0.132626
1.632151	0.027892	0.032475	-0.131287
1.631475	0.027831	0.032503	-0.133833
1.630800	0.027670	0.032295	-0.132493
1.630125	0.027688	0.032253	-0.130771
1.629451	0.027508	0.032088	-0.131197
1.628778	0.027483	0.032000	-0.129397
1.628105	0.027513	0.032050	-0.129991
1.627433	0.027535	0.032034	-0.128895
1.626761	0.027448	0.032054	-0.131974
1.626091	0.027230	0.031827	-0.131691
1.625421	0.027137	0.031653	-0.129383
1.624751	0.027263	0.031807	-0.130167
1.624083	0.027378	0.031912	-0.129880
1.623414	0.027481	0.032123	-0.132960
1.622747	0.027693	0.032241	-0.130306
1.622080	0.027653	0.032186	-0.129887
1.621414	0.027490	0.032027	-0.129954
1.620749	0.027245	0.031898	-0.133318
1.620084	0.027047	0.031675	-0.132563
1.619420	0.027193	0.031711	-0.129431
1.618757	0.027413	0.031957	-0.130163
1.618094	0.027640	0.032271	-0.132676
1.617432	0.027710	0.032279	-0.130889
1.616770	0.027509	0.032075	-0.130790
1.616109	0.027240	0.031789	-0.130333
1.615449	0.027129	0.031732	-0.131852
1.614790	0.027208	0.031705	-0.128842
1.614131	0.027249	0.031854	-0.131944
1.613473	0.027239	0.031823	-0.131337
1.612815	0.027411	0.031938	-0.129693
1.612158	0.027285	0.031815	-0.129776
1.611502	0.027318	0.031872	-0.130462
1.610846	0.027187	0.031751	-0.130745
1.610191	0.027050	0.031594	-0.130163
1.609537	0.026883	0.031463	-0.131202
1.608883	0.026846	0.031474	-0.132596
1.608230	0.026859	0.031318	-0.127747
1.607578	0.026893	0.031471	-0.131151
1.606926	0.027148	0.031692	-0.130180
1.606275	0.027247	0.031782	-0.129906
1.605625	0.027388	0.031901	-0.129269
1.604975	0.027553	0.032030	-0.128265
1.604326	0.027546	0.032099	-0.130418
1.603677	0.027347	0.031847	-0.128906
1.603029	0.027320	0.031873	-0.130416
1.602382	0.027117	0.031733	-0.132244
1.601735	0.027168	0.031695	-0.129690
1.601089	0.027413	0.031913	-0.128916
1.600444	0.027295	0.031845	-0.130353
1.599799	0.027579	0.032040	-0.127791
1.599155	0.027529	0.032121	-0.131562
1.598512	0.027682	0.032216	-0.129898
1.597869	0.027492	0.031985	-0.128698
1.597227	0.027291	0.031792	-0.128964
1.596585	0.027215	0.031780	-0.130791
1.595944	0.027278	0.031744	-0.127954
1.595304	0.027300	0.031952	-0.133275
1.594664	0.027364	0.031836	-0.128110
1.594025	0.027512	0.032052	-0.130051
1.593386	0.027534	0.032053	-0.129461
1.592749	0.027362	0.031757	-0.125918
1.592111	0.027084	0.031561	-0.128261
1.591475	0.026971	0.031494	-0.129573
1.590839	0.026937	0.031373	-0.127095
1.590203	0.027155	0.031609	-0.127572
1.589569	0.027527	0.032041	-0.129326
1.588935	0.027734	0.032174	-0.127205
1.588301	0.027596	0.032153	-0.130547
1.587668	0.027480	0.032030	-0.130349
1.587036	0.027347	0.031816	-0.128049
1.586404	0.027080	0.031546	-0.127946
1.585773	0.027061	0.031558	-0.128843
1.585143	0.027047	0.031470	-0.126724
1.584513	0.026968	0.031405	-0.127128
1.583884	0.026980	0.031549	-0.130873
1.583255	0.027049	0.031517	-0.127997
1.582627	0.027000	0.031533	-0.129842
1.582000	0.026945	0.031444	-0.128891
1.581373	0.027321	0.031827	-0.129083
1.580747	0.027505	0.032040	-0.129901
1.580121	0.027738	0.032156	-0.126563
1.579496	0.027422	0.032000	-0.131129
1.578872	0.027091	0.031555	-0.127882
1.578248	0.027032	0.031504	-0.128109
1.577625	0.027088	0.031576	-0.128571
1.577002	0.026906	0.031284	-0.125420
1.576380	0.026772	0.031275	-0.128997
1.575759	0.026988	0.031462	-0.128171
1.575138	0.027352	0.031818	-0.127939
1.574518	0.027559	0.031961	-0.126100
1.573899	0.027868	0.032354	-0.128513
1.573280	0.027892	0.032443	-0.130362
1.572661	0.027848	0.032320	-0.128116
1.572044	0.027855	0.032296	-0.127234
1.571426	0.027681	0.032146	-0.127930
1.570810	0.027292	0.031776	-0.128455
1.570194	0.027011	0.031482	-0.128076
1.569578	0.027089	0.031577	-0.128583
1.568964	0.027170	0.031748	-0.131162
1.568349	0.027402	0.031824	-0.126655
1.567736	0.027484	0.031859	-0.125343
1.567123	0.027469	0.031805	-0.124212
1.566510	0.027564	0.031919	-0.124743
1.565899	0.027459	0.031851	-0.125828
1.565287	0.027583	0.032100	-0.129396
1.564677	0.027709	0.032051	-0.124405
1.564066	0.027600	0.031957	-0.124822
1.563457	0.027541	0.031913	-0.125240
1.562848	0.027453	0.031841	-0.125700
1.562240	0.027284	0.031708	-0.126717
1.561632	0.027479	0.031873	-0.125894
1.561025	0.027403	0.031688	-0.122783
1.560418	0.027323	0.031658	-0.124189
1.559812	0.027364	0.031769	-0.126190
1.559207	0.027823	0.032240	-0.126540
1.558602	0.028084	0.032513	-0.126887
1.557997	0.027971	0.032285	-0.123587
1.557394	0.027913	0.032189	-0.122521
1.556791	0.027737	0.032022	-0.122757
1.556188	0.027721	0.032040	-0.123730
1.555586	0.027621	0.032098	-0.128245
1.554985	0.027778	0.032061	-0.122699
1.554384	0.028002	0.032338	-0.124215
1.553783	0.028246	0.032438	-0.120092
1.553184	0.028168	0.032616	-0.127430
1.552585	0.027969	0.032391	-0.126699
1.551986	0.028124	0.032537	-0.126423
1.551388	0.028055	0.032462	-0.126230
1.550791	0.028061	0.032422	-0.124929
1.550194	0.027975	0.032332	-0.124824
1.549597	0.027955	0.032286	-0.124078
1.549002	0.027968	0.032305	-0.124263
1.548406	0.028069	0.032333	-0.122167
1.547812	0.028064	0.032427	-0.124998
1.547218	0.027946	0.032327	-0.125526
1.546624	0.027927	0.032222	-0.123019
1.546031	0.028023	0.032293	-0.122323
1.545439	0.028133	0.032383	-0.121775
1.544847	0.028181	0.032603	-0.126676
1.544256	0.028202	0.032427	-0.121011
1.543665	0.028257	0.032555	-0.123127
1.543075	0.028648	0.032753	-0.117598
1.542486	0.028836	0.033063	-0.121095
1.541897	0.028658	0.032905	-0.121661
1.541308	0.028548	0.032802	-0.121877
1.540720	0.028650	0.032963	-0.123579
1.540133	0.028657	0.033066	-0.126313
1.539546	0.028637	0.032932	-0.123044
1.538960	0.028636	0.033001	-0.125061
1.538374	0.028480	0.032814	-0.124177
1.537789	0.028344	0.032655	-0.123508
1.537204	0.028263	0.032649	-0.125667
1.536620	0.028554	0.032845	-0.122933
1.536037	0.028296	0.032707	-0.126379
1.535454	0.028286	0.032473	-0.119952
1.534872	0.028327	0.032510	-0.119827
1.534290	0.028255	0.032567	-0.123552
1.533708	0.028396	0.032546	-0.118871
1.533128	0.028302	0.032590	-0.122819
1.532548	0.028420	0.032755	-0.124197
1.531968	0.028407	0.032746	-0.124315
1.531389	0.028566	0.032764	-0.120247
1.530810	0.028885	0.033065	-0.119735
1.530232	0.028775	0.033169	-0.125873
1.529655	0.028875	0.033107	-0.121231
1.529078	0.028695	0.033115	-0.126620
1.528501	0.028954	0.033223	-0.122311
1.527925	0.029000	0.033349	-0.124595
1.527350	0.029124	0.033377	-0.121826
1.526775	0.029092	0.033334	-0.121531
1.526201	0.029199	0.033379	-0.119735
1.525627	0.029209	0.033399	-0.120035
1.525054	0.029156	0.033266	-0.117751
1.524481	0.029339	0.033368	-0.115419
1.523909	0.029103	0.033314	-0.120633
1.523338	0.029001	0.033248	-0.121659
1.522767	0.028963	0.033222	-0.122025
1.522196	0.028795	0.033052	-0.121970
1.521626	0.029160	0.033117	-0.113354
1.521057	0.029050	0.033307	-0.121969
1.520488	0.028842	0.032924	-0.116930
1.519919	0.028981	0.033219	-0.121392
1.519351	0.029233	0.033585	-0.124694
1.518784	0.029458	0.033508	-0.116020
1.518217	0.029422	0.033736	-0.123603
1.517651	0.029742	0.034043	-0.123230
1.517085	0.029906	0.033969	-0.116379
1.516520	0.029853	0.034146	-0.122968
1.515955	0.029924	0.034039	-0.117870
1.515391	0.029857	0.034023	-0.119367
1.514827	0.029655	0.033908	-0.121827
1.514264	0.029647	0.033704	-0.116219
1.513702	0.029472	0.033663	-0.120052
1.513139	0.029309	0.033528	-0.120843
1.512578	0.029286	0.033232	-0.113041
1.512017	0.029164	0.033250	-0.117056
1.511456	0.028967	0.033171	-0.120427
1.510896	0.029412	0.033495	-0.116951
1.510337	0.029925	0.034090	-0.119333
1.509778	0.030230	0.034483	-0.121839
1.509219	0.030513	0.034769	-0.121936
1.508661	0.030536	0.034679	-0.118685
1.508104	0.030284	0.034341	-0.116223
1.507547	0.029910	0.034065	-0.119010
1.506990	0.030076	0.034140	-0.116425
1.506435	0.030076	0.034217	-0.118616
1.505879	0.030326	0.034320	-0.114419
1.505324	0.030168	0.034327	-0.119142
1.504770	0.030220	0.034256	-0.115633
1.504216	0.030073	0.034280	-0.120536
1.503663	0.030211	0.034132	-0.112322
1.503110	0.030035	0.034358	-0.123847
1.502558	0.030215	0.034328	-0.117853
1.502006	0.030048	0.034140	-0.117228
1.501454	0.030112	0.034066	-0.113265
1.500904	0.029884	0.034104	-0.120913
1.500353	0.029976	0.034080	-0.117557
1.499803	0.030099	0.033965	-0.110743
1.499254	0.030214	0.034346	-0.118380
1.498705	0.030411	0.034478	-0.116511
1.498157	0.030342	0.034402	-0.116300
1.497609	0.030362	0.034371	-0.114835
1.497062	0.030503	0.034368	-0.110709
1.496515	0.030701	0.034729	-0.115396
1.495969	0.030661	0.034722	-0.116314
1.495423	0.030706	0.034666	-0.113458
1.494878	0.030674	0.034665	-0.114341
1.494333	0.030783	0.034865	-0.116919
1.493789	0.030912	0.034756	-0.110128
1.493245	0.030713	0.034649	-0.112758
1.492702	0.030398	0.034502	-0.117562
1.492159	0.030418	0.034618	-0.120344
1.491617	0.030558	0.034649	-0.117200
1.491075	0.030613	0.034611	-0.114551
1.490533	0.030842	0.034748	-0.111894
1.489993	0.030831	0.034775	-0.112992
1.489452	0.031018	0.035007	-0.114271
1.488912	0.031226	0.035342	-0.117900
1.488373	0.031300	0.035554	-0.121867
1.487834	0.031552	0.035580	-0.115385
1.487296	0.031653	0.035426	-0.108090
1.486758	0.031543	0.035463	-0.112313
1.486221	0.031600	0.035382	-0.108350
1.485684	0.031337	0.035226	-0.111433
1.485147	0.031036	0.034951	-0.112143
1.484611	0.031115	0.035035	-0.112295
1.484076	0.031098	0.034893	-0.108741
1.483541	0.031126	0.035109	-0.114104
1.483007	0.031377	0.035043	-0.105046
1.482473	0.031367	0.035329	-0.113513
1.481939	0.031383	0.035097	-0.106407
1.481406	0.031213	0.035137	-0.112432
1.480874	0.031377	0.035145	-0.107944
1.480341	0.031359	0.035491	-0.118378
1.479810	0.031644	0.035404	-0.107694
1.479279	0.031490	0.035402	-0.112064
1.478748	0.031362	0.035490	-0.118273
1.478218	0.031505	0.035488	-0.114106
1.477688	0.032127	0.035735	-0.103363
1.477159	0.032452	0.036273	-0.109474
1.476631	0.032396	0.036116	-0.106574
1.476102	0.032172	0.036148	-0.113901
1.475575	0.032352	0.036078	-0.106750
1.475047	0.032326	0.036300	-0.113850
1.474521	0.032249	0.036259	-0.114900
1.473994	0.032478	0.036180	-0.106062
1.473469	0.032516	0.036254	-0.107064
1.472943	0.032616	0.036009	-0.097213
1.472418	0.032388	0.036194	-0.109030
1.471894	0.032568	0.036382	-0.109264
1.471370	0.032609	0.036746	-0.118519
1.470846	0.033008	0.036738	-0.106848
1.470323	0.033138	0.036787	-0.104547
1.469801	0.032983	0.036954	-0.113773
1.469279	0.032872	0.036770	-0.111672
1.468757	0.033126	0.036770	-0.104411
1.468236	0.032971	0.036665	-0.105823
1.467716	0.033119	0.036857	-0.107103
1.467195	0.033077	0.036702	-0.103858
1.466676	0.032966	0.036704	-0.107075
1.466156	0.032941	0.036750	-0.109127
1.465638	0.032465	0.036233	-0.107947
1.465119	0.032374	0.036264	-0.111437
1.464601	0.032729	0.036364	-0.104136
1.464084	0.032745	0.036763	-0.115123
1.463567	0.033065	0.036631	-0.102147
1.463051	0.032790	0.036402	-0.103474
1.462535	0.033042	0.036582	-0.101410
1.462019	0.032919	0.036625	-0.106174
1.461504	0.032953	0.036719	-0.107882
1.460989	0.033137	0.036707	-0.102276
1.460475	0.033059	0.036551	-0.100043
1.459962	0.033026	0.036725	-0.105956
1.459448	0.032772	0.036441	-0.105115
1.458936	0.032973	0.036614	-0.104304
1.458423	0.032981	0.036591	-0.103397
1.457911	0.033050	0.036739	-0.105691
1.457400	0.032708	0.036549	-0.110037
1.456889	0.032969	0.036510	-0.101426
1.456379	0.033043	0.036770	-0.106756
1.455869	0.033151	0.036714	-0.102051
1.455359	0.033151	0.036843	-0.105777
1.454850	0.033412	0.036768	-0.096161
1.454341	0.033363	0.037003	-0.104290
1.453833	0.033326	0.036882	-0.101876
1.453325	0.033411	0.037066	-0.104683
1.452818	0.033461	0.037004	-0.101506
1.452311	0.033506	0.037039	-0.101210
1.451805	0.033524	0.037072	-0.101632
1.451299	0.033633	0.037051	-0.097923
1.450793	0.033100	0.036857	-0.107634
1.450288	0.033226	0.036905	-0.105403
1.449783	0.033055	0.036881	-0.109620
1.449279	0.033226	0.036832	-0.103288
1.448775	0.032877	0.036508	-0.104019
1.448272	0.033007	0.036478	-0.099449
1.447769	0.033014	0.036481	-0.099335
1.447267	0.032915	0.036492	-0.102476
1.446765	0.033276	0.037029	-0.107530
1.446263	0.033442	0.037186	-0.107265
1.445762	0.033760	0.037089	-0.095375
1.445262	0.033571	0.036978	-0.097608
1.444762	0.033390	0.036842	-0.098893
1.444262	0.033364	0.037001	-0.104197
1.443763	0.033622	0.036954	-0.095464
1.443264	0.033354	0.036935	-0.102580
1.442765	0.033605	0.037035	-0.098264
1.442267	0.033544	0.036957	-0.097764
1.441770	0.033116	0.036798	-0.105463
1.441273	0.033305	0.036572	-0.093586
1.440776	0.033065	0.036795	-0.106846
1.440280	0.033337	0.036907	-0.102261
1.439784	0.033164	0.036809	-0.104417
1.439289	0.033295	0.036741	-0.098696
1.438794	0.033258	0.036633	-0.096701
1.438299	0.033350	0.036607	-0.093307
1.437805	0.033641	0.036971	-0.095382
1.437312	0.033588	0.037062	-0.099525
1.436819	0.033717	0.037171	-0.098943
1.436326	0.034169	0.037605	-0.098452
1.435834	0.034308	0.037782	-0.099513
1.435342	0.034277	0.037553	-0.093865
1.434850	0.034063	0.037614	-0.101730
1.434359	0.034278	0.037699	-0.098010
1.433869	0.034239	0.037981	-0.107199
1.433379	0.034503	0.037898	-0.097259
1.432889	0.034195	0.037696	-0.100276
1.432400	0.034067	0.037551	-0.099810
1.431911	0.033865	0.037499	-0.104097
1.431422	0.033641	0.037301	-0.104842
1.430934	0.033937	0.037462	-0.100985
1.430447	0.034273	0.037396	-0.089475
1.429960	0.034108	0.037382	-0.093784
1.429473	0.034188	0.037513	-0.095267
1.428987	0.033827	0.037674	-0.110184
1.428501	0.033996	0.037497	-0.100288
1.428015	0.033895	0.037157	-0.093439
1.427530	0.033840	0.037252	-0.097743
1.427046	0.033860	0.037073	-0.092031
1.426561	0.033755	0.037006	-0.093107
1.426078	0.033291	0.036629	-0.095647
1.425594	0.033127	0.036558	-0.098292
1.425111	0.032986	0.036301	-0.094990
1.424629	0.032773	0.036447	-0.105261
1.424147	0.032937	0.036407	-0.099417
1.423665	0.033374	0.036312	-0.084178
1.423184	0.033298	0.036616	-0.095056
1.422703	0.032877	0.036208	-0.095430
1.422223	0.032975	0.036234	-0.093344
1.421743	0.033209	0.036427	-0.092198
1.421263	0.032916	0.036510	-0.102976
1.420784	0.033005	0.036344	-0.095662
1.420306	0.033234	0.036602	-0.096478
1.419827	0.033183	0.036748	-0.102133
1.419349	0.033072	0.036669	-0.103033
1.418872	0.033245	0.036142	-0.082992
1.418395	0.032882	0.036130	-0.093057
1.417918	0.032876	0.035926	-0.087386
1.417442	0.032541	0.036158	-0.103607
1.416966	0.033020	0.036030	-0.086233
1.416491	0.032822	0.035945	-0.089472
1.416016	0.032526	0.035790	-0.093513
1.415541	0.032727	0.035632	-0.083216
1.415067	0.032514	0.036125	-0.103458
1.414593	0.032616	0.035933	-0.095027
1.414120	0.032534	0.035844	-0.094833
1.413647	0.032938	0.036034	-0.088689
1.413174	0.032675	0.035697	-0.086573
1.412702	0.032497	0.035777	-0.093965
1.412231	0.032487	0.035542	-0.087497
1.411759	0.032096	0.035443	-0.095875
1.411288	0.031743	0.035185	-0.098593
1.410818	0.031758	0.034900	-0.090015
1.410348	0.031800	0.035052	-0.093173
1.409878	0.031589	0.035070	-0.099716
1.409409	0.031751	0.034982	-0.092578
1.408940	0.031539	0.034885	-0.095871
1.408472	0.031330	0.034518	-0.091322
1.408004	0.031309	0.034401	-0.088568
1.407536	0.031627	0.034731	-0.088913
1.407069	0.032045	0.034957	-0.083429
1.406602	0.031885	0.035373	-0.099929
1.406135	0.031597	0.034621	-0.086617
1.405669	0.031456	0.034995	-0.101366
1.405204	0.031974	0.034801	-0.080991
1.404738	0.031420	0.034615	-0.091528
1.404274	0.031755	0.034582	-0.081007
1.403809	0.031377	0.034357	-0.085388
1.403345	0.031137	0.034532	-0.097250
1.402882	0.030800	0.034080	-0.093991
1.402418	0.031055	0.034327	-0.093735
1.401955	0.031043	0.033939	-0.082966
1.401493	0.030932	0.034234	-0.094596
1.401031	0.030879	0.034205	-0.095282
1.400569	0.030897	0.034334	-0.098476
1.400108	0.030813	0.034221	-0.097632
1.399647	0.030585	0.034259	-0.105274
1.399187	0.030398	0.033966	-0.102197
1.398727	0.030735	0.033750	-0.086346
1.398267	0.030629	0.033910	-0.093984
1.397808	0.030798	0.033577	-0.079632
1.397349	0.030879	0.033727	-0.081595
1.396890	0.030606	0.033810	-0.091794
1.396432	0.030822	0.034200	-0.096777
1.395974	0.030856	0.034313	-0.099038
1.395517	0.030877	0.034343	-0.099277
1.395060	0.031029	0.034038	-0.086193
1.394604	0.030645	0.034231	-0.102735
1.394147	0.030392	0.033913	-0.100855
1.393692	0.030620	0.033869	-0.093075
1.393236	0.030788	0.033537	-0.078725
1.392781	0.030690	0.033081	-0.068523
1.392327	0.030598	0.033619	-0.086541
1.391873	0.030484	0.034004	-0.100829
1.391419	0.030519	0.033894	-0.096668
1.390965	0.030913	0.033221	-0.066109
1.390512	0.030245	0.033273	-0.086766
