6.542578	-0.054048	-0.054048	0.000000
6.529189	0.057455	0.057455	0.000000
6.515856	-1.248179	-1.354004	3.031652
6.502578	-1.356241	-1.490399	3.843345
6.489355	-1.301182	-1.416099	3.292140
6.476188	-1.178036	-1.446594	7.693635
6.463075	-1.248746	-1.256172	0.212763
6.450016	-1.164757	-1.208838	1.262829
6.437011	-1.223285	-1.414469	5.477021
6.424060	-1.233155	-1.309304	2.181520
6.411162	-1.099499	-1.371125	7.781519
6.398317	-1.303247	-1.483278	5.157511
6.385525	-1.178996	-1.106364	-2.080765
6.372785	-1.333998	-1.380325	1.327184
6.360096	-1.034354	-1.350997	9.071173
6.347460	-1.103047	-1.220907	3.376450
6.334875	-1.097553	-1.324770	6.509292
6.322341	-0.959692	-1.395907	12.496649
6.309857	-1.054812	-1.091705	1.056915
6.297424	-1.152836	-1.379201	6.484888
6.285042	-1.172834	-1.186243	0.384128
6.272709	-1.122048	-1.211335	2.557896
6.260425	-1.045963	-1.325477	8.007495
6.248191	-1.012077	-1.202678	5.460318
6.236005	-0.392476	-0.398619	0.175982
6.223868	-0.137108	-0.142481	0.153949
6.211780	-0.129464	-0.139175	0.278202
6.199740	-0.125923	-0.137319	0.326468
6.187747	-0.137213	-0.131812	-0.154704
6.175802	-0.127647	-0.128720	0.030721
6.163904	-0.132429	-0.136763	0.124140
6.152053	-0.131365	-0.140314	0.256366
6.140248	-0.132135	-0.138372	0.178696
6.128490	-0.129602	-0.134845	0.150199
6.116778	-0.121693	-0.123781	0.059827
6.105112	-0.125377	-0.134022	0.247649
6.093492	-0.128708	-0.130820	0.060499
6.081916	-0.137467	-0.132988	-0.128299
6.070386	-0.129268	-0.127034	-0.064018
6.058901	-0.127873	-0.127311	-0.016097
6.047460	-0.127537	-0.139170	0.333256
6.036063	-0.130679	-0.130349	-0.009467
6.024710	-0.132677	-0.131253	-0.040793
6.013401	-0.121257	-0.131568	0.295393
6.002135	-0.129892	-0.131517	0.046548
5.990913	-0.121730	-0.130363	0.247313
5.979734	-0.130358	-0.132339	0.056755
5.968597	-0.127286	-0.138708	0.327240
5.957503	-0.125670	-0.135585	0.284049
5.946451	-0.132833	-0.134000	0.033419
5.935442	-0.127663	-0.130096	0.069693
5.924474	-0.123424	-0.136794	0.383014
5.913547	-0.127955	-0.128555	0.017180
5.902662	-0.127691	-0.131297	0.103298
5.891818	-0.125133	-0.131915	0.194275
5.881015	-0.128434	-0.135549	0.203812
5.870252	-0.129488	-0.130605	0.031998
5.859530	-0.124877	-0.130651	0.165420
5.848848	-0.124884	-0.128673	0.108541
5.838205	-0.128931	-0.126883	-0.058683
5.827603	-0.131701	-0.126590	-0.146438
5.817040	-0.124874	-0.131170	0.180356
5.806516	-0.117302	-0.126538	0.264584
5.796031	-0.124945	-0.129729	0.137039
5.785586	-0.130566	-0.124493	-0.173999
5.775178	-0.126279	-0.123999	-0.065316
5.764810	-0.120600	-0.126863	0.179422
5.754479	-0.132468	-0.127333	-0.147112
5.744186	-0.119368	-0.128762	0.269121
5.733931	-0.118909	-0.126219	0.209408
5.723714	-0.122832	-0.125448	0.074963
5.713534	-0.126188	-0.127777	0.045531
5.703391	-0.120784	-0.128497	0.220973
5.693285	-0.131164	-0.131536	0.010651
5.683216	-0.123479	-0.128584	0.146248
5.673184	-0.124866	-0.123953	-0.026142
5.663188	-0.124376	-0.123999	-0.010803
5.653228	-0.126417	-0.122383	-0.115550
5.643304	-0.121732	-0.125008	0.093857
5.633415	-0.117760	-0.115384	-0.068056
5.623562	-0.115841	-0.118289	0.070120
5.613745	-0.116231	-0.116711	0.013771
5.603963	-0.108891	-0.112919	0.115401
5.594216	-0.112762	-0.111097	-0.047708
5.584504	-0.110998	-0.110938	-0.001713
5.574826	-0.103833	-0.110651	0.195313
5.565183	-0.104669	-0.110144	0.156851
5.555574	-0.101048	-0.110328	0.265864
5.545999	-0.102291	-0.105181	0.082804
5.536458	-0.103471	-0.104820	0.038641
5.526950	-0.100323	-0.102160	0.052619
5.517477	-0.100767	-0.100444	-0.009245
5.508036	-0.096222	-0.104637	0.241084
5.498629	-0.094516	-0.101386	0.196787
5.489255	-0.096354	-0.099171	0.080711
5.479914	-0.096166	-0.098643	0.070970
5.470605	-0.091463	-0.096359	0.140267
5.461329	-0.090710	-0.093915	0.091804
5.452085	-0.089750	-0.091393	0.047080
5.442874	-0.086516	-0.090542	0.115321
5.433694	-0.084358	-0.091644	0.208730
5.424546	-0.083635	-0.088300	0.133639
5.415430	-0.082026	-0.088244	0.178136
5.406345	-0.086716	-0.087076	0.010323
5.397292	-0.083595	-0.084769	0.033637
5.388270	-0.084019	-0.084203	0.005285
5.379279	-0.083534	-0.088006	0.128097
5.370319	-0.085214	-0.086695	0.042420
5.361389	-0.081622	-0.085201	0.102545
5.352490	-0.083791	-0.087900	0.117706
5.343621	-0.082385	-0.086216	0.109763
5.334783	-0.083080	-0.084723	0.047088
5.325975	-0.081113	-0.082906	0.051380
5.317196	-0.080960	-0.081844	0.025320
5.308448	-0.080920	-0.081847	0.026553
5.299729	-0.078029	-0.082216	0.119937
5.291039	-0.076456	-0.078204	0.050072
5.282379	-0.075241	-0.076898	0.047480
5.273748	-0.074361	-0.077938	0.102457
5.265146	-0.072349	-0.075561	0.091995
5.256573	-0.071510	-0.075106	0.103027
5.248029	-0.070449	-0.072054	0.046002
5.239513	-0.068074	-0.073080	0.143409
5.231026	-0.069038	-0.072091	0.087465
5.222567	-0.068934	-0.071705	0.079379
5.214136	-0.067992	-0.070552	0.073352
5.205733	-0.069364	-0.072596	0.092588
5.197358	-0.067510	-0.072571	0.144994
5.189011	-0.070440	-0.073129	0.077050
5.180691	-0.069844	-0.074775	0.141280
5.172399	-0.072110	-0.075126	0.086403
5.164135	-0.071874	-0.074043	0.062126
5.155897	-0.071399	-0.073987	0.074140
5.147687	-0.070303	-0.075109	0.137698
5.139503	-0.071939	-0.072969	0.029506
5.131346	-0.070522	-0.072794	0.065097
5.123216	-0.069870	-0.071940	0.059301
5.115113	-0.068722	-0.070859	0.061237
5.107036	-0.067079	-0.070394	0.094952
5.098985	-0.065575	-0.068770	0.091522
5.090960	-0.064083	-0.067311	0.092485
5.082962	-0.062886	-0.067102	0.120770
5.074989	-0.061825	-0.064955	0.089678
5.067042	-0.060095	-0.063865	0.108000
5.059121	-0.060426	-0.063822	0.097290
5.051225	-0.060126	-0.063840	0.106425
5.043355	-0.059739	-0.062608	0.082193
5.035510	-0.059718	-0.063507	0.108557
5.027690	-0.059924	-0.062823	0.083048
5.019895	-0.059871	-0.063328	0.099053
5.012126	-0.060672	-0.065381	0.134892
5.004381	-0.062282	-0.065688	0.097576
4.996660	-0.063096	-0.066256	0.090526
4.988964	-0.063731	-0.067554	0.109520
4.981293	-0.065096	-0.067332	0.064051
4.973646	-0.064736	-0.068373	0.104193
4.966023	-0.065116	-0.068893	0.108191
4.958425	-0.066069	-0.068995	0.083825
4.950850	-0.065206	-0.068461	0.093240
4.943299	-0.065787	-0.067421	0.046799
4.935772	-0.064449	-0.069123	0.133909
4.928269	-0.064647	-0.067566	0.083643
4.920789	-0.064004	-0.067248	0.092937
4.913333	-0.063219	-0.065852	0.075416
4.905900	-0.061846	-0.064930	0.088340
4.898490	-0.060246	-0.064094	0.110223
4.891103	-0.059370	-0.062245	0.082366
4.883739	-0.058783	-0.062618	0.109883
4.876399	-0.058288	-0.061854	0.102180
4.869081	-0.056848	-0.060253	0.097548
4.861785	-0.056468	-0.059809	0.095706
4.854512	-0.056178	-0.058944	0.079254
4.847262	-0.055993	-0.059414	0.097998
4.840034	-0.055874	-0.059002	0.089635
4.832829	-0.055771	-0.059343	0.102330
4.825645	-0.056357	-0.059036	0.076730
4.818484	-0.056468	-0.059898	0.098258
4.811344	-0.057576	-0.060704	0.089589
4.804227	-0.058778	-0.061870	0.088574
4.797131	-0.059560	-0.062772	0.091995
4.790057	-0.060649	-0.063766	0.089311
4.783004	-0.061814	-0.064703	0.082780
4.775973	-0.062549	-0.065951	0.097482
4.768963	-0.063705	-0.066265	0.073326
4.761974	-0.064272	-0.067381	0.089070
4.755007	-0.064239	-0.067805	0.102170
4.748061	-0.064433	-0.068497	0.116453
4.741136	-0.064932	-0.068775	0.110090
4.734231	-0.064575	-0.068069	0.100080
4.727348	-0.065377	-0.067330	0.055941
4.720485	-0.064359	-0.067118	0.079030
4.713642	-0.063684	-0.067086	0.097468
4.706821	-0.062511	-0.066511	0.114601
4.700019	-0.061636	-0.065032	0.097290
4.693238	-0.061148	-0.064314	0.090705
4.686478	-0.060850	-0.063395	0.072910
4.679737	-0.059120	-0.062731	0.103452
4.673016	-0.059360	-0.061952	0.074252
4.666316	-0.058356	-0.060929	0.073707
4.659635	-0.056644	-0.060179	0.101273
4.652974	-0.056993	-0.059724	0.078226
4.646333	-0.055717	-0.058875	0.090481
4.639711	-0.055412	-0.058605	0.091462
4.633109	-0.055822	-0.058134	0.066234
4.626527	-0.055122	-0.058363	0.092848
4.619963	-0.055672	-0.058689	0.086436
4.613420	-0.055972	-0.059214	0.092879
4.606895	-0.056035	-0.058705	0.076490
4.600389	-0.056590	-0.060247	0.104761
4.593902	-0.057361	-0.060635	0.093786
4.587435	-0.058253	-0.061235	0.085427
4.580986	-0.059361	-0.061730	0.067858
4.574556	-0.059843	-0.062920	0.088138
4.568145	-0.060964	-0.064153	0.091354
4.561752	-0.062066	-0.064802	0.078379
4.555378	-0.062511	-0.065463	0.084578
4.549022	-0.063633	-0.066672	0.087062
4.542685	-0.064124	-0.067333	0.091943
4.536365	-0.064046	-0.067368	0.095169
4.530065	-0.064739	-0.067361	0.075122
4.523782	-0.064577	-0.067938	0.096294
4.517517	-0.065253	-0.068123	0.082229
4.511271	-0.065064	-0.067595	0.072510
4.505042	-0.064488	-0.067387	0.083040
4.498831	-0.064197	-0.066930	0.078297
4.492638	-0.063908	-0.066615	0.077564
4.486462	-0.062831	-0.066225	0.097225
4.480304	-0.062079	-0.065229	0.090229
4.474164	-0.061409	-0.064210	0.080236
4.468041	-0.060586	-0.064087	0.100286
4.461935	-0.060131	-0.062704	0.073701
4.455847	-0.059524	-0.062452	0.083899
4.449776	-0.058599	-0.061566	0.085010
4.443722	-0.058417	-0.060986	0.073596
4.437686	-0.057475	-0.059865	0.068478
4.431666	-0.056406	-0.059269	0.082044
4.425663	-0.056213	-0.059147	0.084061
4.419677	-0.055646	-0.058718	0.087996
4.413708	-0.055310	-0.058068	0.078995
4.407755	-0.055383	-0.058095	0.077684
4.401820	-0.055230	-0.057577	0.067234
4.395901	-0.055000	-0.058384	0.096946
4.389998	-0.055311	-0.057599	0.065565
4.384112	-0.055690	-0.058205	0.072068
4.378242	-0.055680	-0.058319	0.075614
4.372389	-0.056359	-0.058820	0.070493
4.366551	-0.056596	-0.059715	0.089353
4.360730	-0.057485	-0.059706	0.063632
4.354925	-0.058549	-0.061111	0.073414
4.349136	-0.058998	-0.062165	0.090708
4.343364	-0.060167	-0.062626	0.070429
4.337607	-0.060860	-0.064052	0.091445
4.331865	-0.061960	-0.064516	0.073247
4.326140	-0.062973	-0.065363	0.068487
4.320430	-0.063210	-0.065944	0.078306
4.314736	-0.064230	-0.066704	0.070869
4.309058	-0.064393	-0.067211	0.080750
4.303395	-0.064863	-0.066853	0.056998
4.297748	-0.064899	-0.067721	0.080864
4.292116	-0.064881	-0.067653	0.079419
4.286499	-0.064480	-0.066745	0.064885
4.280898	-0.064705	-0.067219	0.072015
4.275312	-0.064141	-0.066525	0.068300
4.269741	-0.064274	-0.066556	0.065370
4.264185	-0.063631	-0.066254	0.075142
4.258644	-0.063264	-0.065682	0.069273
4.253118	-0.062428	-0.064846	0.069245
4.247607	-0.061682	-0.064076	0.068582
4.242111	-0.061095	-0.063811	0.077801
4.236629	-0.060655	-0.062722	0.059191
4.231163	-0.059674	-0.062054	0.068176
4.225711	-0.058683	-0.061045	0.067682
4.220274	-0.057834	-0.060335	0.071668
4.214851	-0.057346	-0.059576	0.063870
4.209442	-0.056796	-0.058909	0.060525
4.204049	-0.056177	-0.058019	0.052760
4.198669	-0.055436	-0.057468	0.058192
4.193304	-0.054579	-0.056951	0.067948
4.187953	-0.054278	-0.055646	0.039191
4.182616	-0.053618	-0.055963	0.067184
4.177294	-0.053227	-0.055396	0.062134
4.171985	-0.052811	-0.055126	0.066325
4.166691	-0.052468	-0.054610	0.061364
4.161411	-0.052488	-0.054440	0.055922
4.156144	-0.052477	-0.054344	0.053478
4.150892	-0.052476	-0.054640	0.062004
4.145653	-0.052754	-0.054766	0.057631
4.140428	-0.053058	-0.055094	0.058337
4.135217	-0.053408	-0.055406	0.057254
4.130019	-0.053641	-0.055610	0.056407
4.124835	-0.054128	-0.056090	0.056198
4.119665	-0.054467	-0.056817	0.067308
4.114508	-0.055063	-0.057042	0.056701
4.109364	-0.055765	-0.057577	0.051882
4.104234	-0.056467	-0.058512	0.058582
4.099117	-0.057304	-0.059095	0.051312
4.094014	-0.057919	-0.059980	0.059043
4.088924	-0.058487	-0.060343	0.053164
4.083846	-0.058922	-0.061051	0.060988
4.078783	-0.059907	-0.061781	0.053714
4.073732	-0.060429	-0.062819	0.068475
4.068694	-0.061151	-0.063155	0.057402
4.063669	-0.061779	-0.063778	0.057269
4.058657	-0.061769	-0.063857	0.059806
4.053658	-0.062331	-0.063869	0.044060
4.048672	-0.062674	-0.064294	0.046428
4.043699	-0.062144	-0.064221	0.059514
4.038738	-0.062080	-0.064034	0.055984
4.033790	-0.061963	-0.064107	0.061427
4.028855	-0.062297	-0.063671	0.039367
4.023933	-0.061723	-0.063538	0.052001
4.019022	-0.061355	-0.062991	0.046870
4.014125	-0.061130	-0.062770	0.046979
4.009240	-0.060356	-0.062115	0.050379
4.004367	-0.060037	-0.062009	0.056482
3.999506	-0.059581	-0.061203	0.046481
3.994658	-0.058966	-0.060488	0.043598
3.989823	-0.058479	-0.060313	0.052526
3.984999	-0.058051	-0.059659	0.046052
3.980187	-0.057621	-0.059117	0.042876
3.975388	-0.056796	-0.058462	0.047704
3.970601	-0.056273	-0.057818	0.044258
3.965826	-0.055747	-0.057117	0.039249
3.961063	-0.054931	-0.056708	0.050917
3.956311	-0.054122	-0.055956	0.052546
3.951572	-0.053690	-0.055005	0.037687
3.946844	-0.052854	-0.054582	0.049525
3.942129	-0.052201	-0.053763	0.044770
3.937425	-0.051560	-0.053120	0.044693
3.932733	-0.051064	-0.052461	0.040018
3.928052	-0.050557	-0.051633	0.030829
3.923383	-0.050169	-0.051696	0.043757
3.918726	-0.049347	-0.050950	0.045941
3.914080	-0.049349	-0.050932	0.045363
3.909446	-0.049354	-0.050667	0.037641
3.904823	-0.049014	-0.050346	0.038172
3.900212	-0.049231	-0.050481	0.035819
3.895612	-0.049283	-0.050725	0.041316
3.891023	-0.049297	-0.050659	0.039023
3.886446	-0.049124	-0.050939	0.051998
3.881880	-0.049619	-0.050945	0.037980
3.877325	-0.050131	-0.051147	0.029120
3.872781	-0.050237	-0.051783	0.044274
3.868249	-0.050584	-0.051966	0.039587
3.863727	-0.051289	-0.052628	0.038335
3.859217	-0.051383	-0.052877	0.042805
3.854718	-0.052101	-0.053649	0.044363
3.850229	-0.052536	-0.053750	0.034760
3.845752	-0.052800	-0.054323	0.043630
3.841285	-0.053451	-0.054937	0.042559
3.836829	-0.054281	-0.055265	0.028193
3.832384	-0.054808	-0.055997	0.034060
3.827950	-0.054815	-0.056240	0.040825
3.823527	-0.055774	-0.057051	0.036567
3.819114	-0.056200	-0.057095	0.025653
3.814712	-0.056630	-0.057720	0.031217
3.810321	-0.057117	-0.058275	0.033157
3.805940	-0.057716	-0.058574	0.024574
3.801570	-0.057769	-0.059368	0.045802
3.797210	-0.058166	-0.059371	0.034541
3.792860	-0.058311	-0.059890	0.045219
3.788522	-0.058611	-0.059906	0.037102
3.784193	-0.058818	-0.060170	0.038736
3.779875	-0.058872	-0.060182	0.037525
3.775567	-0.058773	-0.060288	0.043394
3.771269	-0.058808	-0.060308	0.042976
3.766982	-0.058736	-0.059927	0.034139
3.762705	-0.058548	-0.059820	0.036440
3.758438	-0.058598	-0.059454	0.024509
3.754181	-0.058172	-0.059326	0.033070
3.749935	-0.057772	-0.059225	0.041602
3.745698	-0.057606	-0.058786	0.033796
3.741472	-0.057181	-0.058156	0.027928
3.737255	-0.056766	-0.057742	0.027957
3.733048	-0.055925	-0.057338	0.040477
3.728852	-0.055652	-0.056906	0.035924
3.724665	-0.055178	-0.056401	0.035025
3.720488	-0.054331	-0.055752	0.040701
3.716321	-0.053841	-0.055194	0.038756
3.712163	-0.053432	-0.054625	0.034165
3.708016	-0.053024	-0.054014	0.028365
3.703878	-0.052112	-0.053507	0.039950
3.699750	-0.051719	-0.053177	0.041778
3.695631	-0.051499	-0.052552	0.030163
3.691522	-0.050795	-0.051911	0.031989
3.687423	-0.050093	-0.051670	0.045162
3.683333	-0.049712	-0.051023	0.037544
3.679253	-0.049292	-0.050676	0.039653
3.675182	-0.048891	-0.050081	0.034106
3.671120	-0.048587	-0.049646	0.030332
3.667069	-0.048269	-0.049260	0.028377
3.663026	-0.047802	-0.048940	0.032609
3.658993	-0.047558	-0.048779	0.034985
3.654969	-0.047001	-0.048071	0.030663
3.650954	-0.046037	-0.047288	0.035829
3.646949	-0.045829	-0.046951	0.032147
3.642953	-0.045523	-0.046701	0.033749
3.638966	-0.045491	-0.046998	0.043171
3.634988	-0.045828	-0.047058	0.035219
3.631020	-0.046202	-0.047308	0.031674
3.627060	-0.046168	-0.047381	0.034754
3.623110	-0.046294	-0.047184	0.025492
3.619168	-0.045950	-0.047275	0.037940
3.615236	-0.045961	-0.047043	0.031006
3.611312	-0.046032	-0.047076	0.029922
3.607398	-0.045905	-0.047456	0.044429
3.603492	-0.046423	-0.047600	0.033701
3.599596	-0.047086	-0.048113	0.029427
3.595708	-0.047612	-0.048490	0.025148
3.591829	-0.047966	-0.048982	0.029115
3.587959	-0.048366	-0.049455	0.031200
3.584097	-0.048321	-0.049611	0.036971
3.580244	-0.049007	-0.050035	0.029454
3.576400	-0.049214	-0.050377	0.033310
3.572565	-0.049587	-0.050633	0.029978
3.568738	-0.050260	-0.051074	0.023303
3.564920	-0.050662	-0.051736	0.030755
3.561111	-0.051103	-0.051957	0.024475
3.557310	-0.051364	-0.052635	0.036402
3.553517	-0.051757	-0.052960	0.034455
3.549734	-0.052154	-0.053340	0.033962
3.545958	-0.052513	-0.053745	0.035305
3.542191	-0.053179	-0.054083	0.025903
3.538433	-0.053532	-0.054530	0.028605
3.534683	-0.053947	-0.055113	0.033414
3.530941	-0.054110	-0.055302	0.034142
3.527207	-0.054343	-0.055611	0.036316
3.523482	-0.054694	-0.055876	0.033881
3.519765	-0.055051	-0.056200	0.032928
3.516057	-0.055264	-0.056561	0.037147
3.512356	-0.055694	-0.056740	0.029971
3.508664	-0.055783	-0.057070	0.036891
3.504980	-0.056262	-0.057133	0.024944
3.501304	-0.056517	-0.057101	0.016735
3.497636	-0.056305	-0.057429	0.032197
3.493977	-0.056596	-0.057714	0.032045
3.490325	-0.056303	-0.057290	0.028289
3.486682	-0.056456	-0.057371	0.026212
3.483046	-0.056453	-0.057513	0.030381
3.479419	-0.056213	-0.056977	0.021904
3.475799	-0.056133	-0.056926	0.022728
3.472187	-0.055815	-0.056898	0.031021
3.468583	-0.055362	-0.056458	0.031400
3.464988	-0.054907	-0.056199	0.036998
3.461400	-0.054623	-0.055829	0.034563
3.457819	-0.054047	-0.054975	0.026572
3.454247	-0.053617	-0.054849	0.035284
3.450682	-0.053342	-0.054387	0.029941
3.447125	-0.052702	-0.053957	0.035969
3.443576	-0.052441	-0.053330	0.025479
3.440035	-0.051991	-0.052921	0.026630
3.436501	-0.051583	-0.052392	0.023184
3.432975	-0.050993	-0.052056	0.030437
3.429457	-0.050642	-0.051546	0.025902
3.425946	-0.050343	-0.051354	0.028961
3.422442	-0.050007	-0.050846	0.024027
3.418947	-0.049805	-0.050712	0.026000
3.415459	-0.049202	-0.050242	0.029792
3.411978	-0.049185	-0.049898	0.020432
3.408505	-0.048530	-0.049216	0.019658
3.405039	-0.047885	-0.048936	0.030106
3.401581	-0.047683	-0.048465	0.022421
3.398130	-0.047032	-0.048219	0.034000
3.394686	-0.046705	-0.047682	0.027979
3.391250	-0.046363	-0.047242	0.025174
3.387821	-0.045776	-0.046783	0.028855
3.384400	-0.045361	-0.046407	0.029982
3.380986	-0.045038	-0.045937	0.025741
3.377579	-0.044384	-0.045496	0.031853
3.374179	-0.044297	-0.045094	0.022831
3.370787	-0.043983	-0.044826	0.024153
3.367401	-0.043860	-0.044680	0.023479
3.364023	-0.043540	-0.044673	0.032452
3.360652	-0.043510	-0.044332	0.023574
3.357289	-0.043447	-0.044487	0.029802
3.353932	-0.043753	-0.044364	0.017500
3.350582	-0.043696	-0.044594	0.025713
3.347240	-0.043765	-0.044499	0.021021
3.343904	-0.043780	-0.044729	0.027190
3.340576	-0.043878	-0.044758	0.025190
3.337255	-0.043910	-0.045102	0.034124
3.333940	-0.043892	-0.044837	0.027075
3.330633	-0.044378	-0.045194	0.023379
3.327332	-0.044429	-0.045375	0.027095
3.324038	-0.044654	-0.045565	0.026092
3.320752	-0.044954	-0.045915	0.027528
3.317472	-0.045306	-0.045877	0.016332
3.314199	-0.045245	-0.046072	0.023698
3.310933	-0.045300	-0.045996	0.019919
3.307673	-0.045597	-0.046382	0.022486
3.304421	-0.045820	-0.046582	0.021821
3.301175	-0.045972	-0.046941	0.027759
3.297936	-0.045961	-0.046951	0.028361
3.294703	-0.046277	-0.047144	0.024834
3.291478	-0.046340	-0.047401	0.030368
3.288259	-0.046864	-0.047507	0.018425
3.285046	-0.046930	-0.047844	0.026187
3.281841	-0.047324	-0.048009	0.019626
3.278642	-0.047759	-0.048690	0.026664
3.275449	-0.048389	-0.049166	0.022252
3.272263	-0.048707	-0.049384	0.019397
3.269084	-0.049162	-0.049883	0.020652
3.265911	-0.049556	-0.050472	0.026245
3.262745	-0.050096	-0.050801	0.020207
3.259585	-0.050353	-0.051095	0.021233
3.256432	-0.050569	-0.051592	0.029288
3.253285	-0.051215	-0.051773	0.015987
3.250145	-0.051355	-0.051938	0.016700
3.247011	-0.051191	-0.051751	0.016036
3.243883	-0.051557	-0.052225	0.019148
3.240762	-0.051570	-0.052341	0.022100
3.237647	-0.051876	-0.052506	0.018030
3.234539	-0.051739	-0.052672	0.026753
3.231437	-0.051898	-0.052640	0.021262
3.228341	-0.052106	-0.052676	0.016327
3.225251	-0.052305	-0.052912	0.017394
3.222168	-0.052446	-0.053035	0.016871
3.219091	-0.052396	-0.053135	0.021195
3.216020	-0.052587	-0.053324	0.021131
3.212956	-0.052894	-0.053450	0.015919
3.209897	-0.052967	-0.053475	0.014567
3.206845	-0.052784	-0.053338	0.015855
3.203799	-0.052860	-0.053401	0.015484
3.200759	-0.052688	-0.053559	0.024953
3.197725	-0.052526	-0.053160	0.018178
3.194697	-0.052390	-0.053038	0.018575
3.191676	-0.052480	-0.052920	0.012596
3.188660	-0.052177	-0.052964	0.022533
3.185651	-0.052291	-0.052593	0.008635
3.182647	-0.051816	-0.052188	0.010671
3.179650	-0.051555	-0.052105	0.015762
3.176658	-0.051315	-0.051981	0.019075
3.173673	-0.050908	-0.051506	0.017132
3.170693	-0.050692	-0.051104	0.011792
3.167720	-0.050470	-0.050915	0.012745
3.164752	-0.049908	-0.050428	0.014907
3.161790	-0.049381	-0.049938	0.015958
3.158834	-0.048983	-0.049444	0.013210
3.155884	-0.048523	-0.049212	0.019753
3.152940	-0.048275	-0.048738	0.013259
3.150001	-0.047891	-0.048316	0.012184
3.147069	-0.047568	-0.047690	0.003508
3.144142	-0.046827	-0.047387	0.016035
3.141221	-0.046627	-0.047067	0.012596
3.138306	-0.046422	-0.046702	0.008033
3.135396	-0.046041	-0.046525	0.013842
3.132493	-0.045543	-0.045940	0.011378
3.129595	-0.045115	-0.045308	0.005532
3.126702	-0.044543	-0.044886	0.009814
3.123816	-0.044036	-0.044496	0.013172
3.120935	-0.043636	-0.043848	0.006058
3.118059	-0.043069	-0.043553	0.013892
3.115190	-0.042608	-0.042867	0.007418
3.112326	-0.042131	-0.042538	0.011677
3.109467	-0.041986	-0.042123	0.003940
3.106614	-0.041414	-0.041744	0.009448
3.103767	-0.040804	-0.040938	0.003827
3.100925	-0.040060	-0.040289	0.006553
3.098089	-0.039854	-0.040190	0.009637
3.095258	-0.039265	-0.039652	0.011087
3.092433	-0.038766	-0.039132	0.010480
3.089613	-0.038670	-0.038747	0.002230
3.086799	-0.038369	-0.038744	0.010743
3.083990	-0.037919	-0.038018	0.002839
3.081187	-0.037542	-0.037684	0.004065
3.078389	-0.037384	-0.037615	0.006627
3.075596	-0.037064	-0.037349	0.008173
3.072809	-0.036991	-0.037143	0.004343
3.070027	-0.036972	-0.036944	-0.000787
3.067251	-0.036536	-0.036632	0.002742
3.064480	-0.036403	-0.036453	0.001424
3.061714	-0.036146	-0.036487	0.009772
3.058954	-0.035697	-0.036014	0.009074
3.056199	-0.035727	-0.035767	0.001161
3.053449	-0.035790	-0.036068	0.007980
3.050704	-0.035784	-0.035628	-0.004475
3.047965	-0.035571	-0.035731	0.004591
3.045231	-0.035568	-0.035748	0.005157
3.042502	-0.035461	-0.035714	0.007255
3.039779	-0.035371	-0.035332	-0.001133
3.037060	-0.035029	-0.035344	0.009031
3.034347	-0.035162	-0.035261	0.002855
3.031639	-0.035310	-0.035358	0.001390
3.028936	-0.035413	-0.035341	-0.002067
3.026238	-0.035459	-0.035299	-0.004573
3.023545	-0.035653	-0.035530	-0.003510
3.020858	-0.035573	-0.035749	0.005036
3.018175	-0.035435	-0.035525	0.002587
3.015498	-0.035409	-0.035504	0.002711
3.012826	-0.035577	-0.035492	-0.002430
3.010158	-0.035482	-0.035425	-0.001627
3.007496	-0.035499	-0.035346	-0.004378
3.004839	-0.035542	-0.035658	0.003304
3.002187	-0.035596	-0.035590	-0.000151
2.999540	-0.035655	-0.035593	-0.001783
2.996897	-0.035678	-0.035577	-0.002873
2.994260	-0.035909	-0.035895	-0.000404
2.991628	-0.036033	-0.035863	-0.004878
2.989000	-0.036049	-0.036079	0.000873
2.986378	-0.036290	-0.036209	-0.002325
2.983760	-0.036557	-0.036429	-0.003641
2.981148	-0.036486	-0.036531	0.001298
2.978540	-0.036789	-0.036565	-0.006412
2.975937	-0.036762	-0.036805	0.001223
2.973339	-0.036985	-0.036818	-0.004800
2.970746	-0.036840	-0.036974	0.003842
2.968158	-0.037042	-0.036982	-0.001709
2.965574	-0.037023	-0.036988	-0.001003
2.962995	-0.036975	-0.036969	-0.000191
2.960421	-0.037114	-0.037142	0.000796
2.957852	-0.037332	-0.037006	-0.009329
2.955288	-0.037246	-0.037177	-0.001975
2.952728	-0.037353	-0.037157	-0.005617
2.950173	-0.037242	-0.037015	-0.006490
2.947623	-0.037205	-0.037166	-0.001119
2.945078	-0.037374	-0.037214	-0.004577
2.942537	-0.037412	-0.037220	-0.005521
2.940001	-0.037574	-0.037210	-0.010423
2.937469	-0.037651	-0.037306	-0.009884
2.934943	-0.037633	-0.037464	-0.004852
2.932421	-0.037726	-0.037512	-0.006111
2.929903	-0.037657	-0.037409	-0.007091
2.927390	-0.037797	-0.037616	-0.005197
2.924882	-0.037801	-0.037574	-0.006512
2.922378	-0.037842	-0.037688	-0.004436
2.919879	-0.038016	-0.037851	-0.004742
2.917385	-0.038283	-0.037882	-0.011487
2.914895	-0.038535	-0.038279	-0.007338
2.912410	-0.038523	-0.038002	-0.014913
2.909929	-0.038578	-0.038312	-0.007642
2.907453	-0.038733	-0.038332	-0.011506
2.904981	-0.038688	-0.038186	-0.014398
2.902513	-0.038591	-0.038132	-0.013156
2.900051	-0.038405	-0.038132	-0.007812
2.897592	-0.038657	-0.038340	-0.009061
2.895138	-0.038680	-0.038472	-0.005957
2.892689	-0.038569	-0.038098	-0.013495
2.890244	-0.038386	-0.037962	-0.012138
2.887803	-0.037994	-0.037679	-0.009041
2.885367	-0.037873	-0.037558	-0.009027
2.882936	-0.037947	-0.037642	-0.008736
2.880508	-0.038081	-0.037808	-0.007817
2.878085	-0.038049	-0.037641	-0.011672
2.875667	-0.038242	-0.037790	-0.012976
2.873252	-0.038209	-0.037666	-0.015551
2.870842	-0.038218	-0.037758	-0.013169
2.868437	-0.038172	-0.037795	-0.010792
2.866036	-0.037806	-0.037413	-0.011263
2.863639	-0.037596	-0.037215	-0.010915
2.861246	-0.037359	-0.036812	-0.015679
2.858858	-0.036825	-0.036248	-0.016509
2.856474	-0.036686	-0.036212	-0.013557
2.854094	-0.036444	-0.035855	-0.016863
2.851718	-0.036345	-0.035808	-0.015373
2.849347	-0.035793	-0.035255	-0.015390
2.846980	-0.035491	-0.034955	-0.015354
2.844617	-0.035187	-0.034601	-0.016765
2.842258	-0.034624	-0.034079	-0.015608
2.839904	-0.034042	-0.033481	-0.016050
2.837553	-0.033654	-0.033043	-0.017529
2.835207	-0.032945	-0.032327	-0.017707
2.832865	-0.032477	-0.031888	-0.016872
2.830528	-0.032030	-0.031402	-0.018003
2.828194	-0.031600	-0.030990	-0.017476
2.825864	-0.031056	-0.030387	-0.019159
2.823539	-0.030493	-0.029857	-0.018226
2.821218	-0.029920	-0.029240	-0.019479
2.818901	-0.029330	-0.028703	-0.017976
2.816587	-0.028971	-0.028326	-0.018493
2.814278	-0.028327	-0.027726	-0.017201
2.811973	-0.027954	-0.027260	-0.019894
2.809673	-0.027412	-0.026760	-0.018684
2.807376	-0.026784	-0.026158	-0.017953
2.805083	-0.026525	-0.025888	-0.018247
2.802794	-0.026178	-0.025499	-0.019444
2.800509	-0.025808	-0.025096	-0.020412
2.798228	-0.025202	-0.024438	-0.021877
2.795952	-0.024899	-0.024268	-0.018061
2.793679	-0.024633	-0.023940	-0.019865
2.791410	-0.024301	-0.023612	-0.019739
2.789145	-0.023966	-0.023212	-0.021602
2.786884	-0.023563	-0.022767	-0.022808
2.784627	-0.023195	-0.022523	-0.019251
2.782374	-0.022752	-0.022034	-0.020591
2.780125	-0.022299	-0.021484	-0.023356
2.777880	-0.021947	-0.021238	-0.020332
2.775638	-0.021485	-0.020786	-0.020020
2.773401	-0.021174	-0.020345	-0.023728
2.771167	-0.020582	-0.019759	-0.023580
2.768938	-0.020162	-0.019364	-0.022872
2.766712	-0.019870	-0.019034	-0.023975
2.764490	-0.019383	-0.018560	-0.023581
2.762272	-0.019072	-0.018249	-0.023585
2.760058	-0.018680	-0.017884	-0.022818
2.757847	-0.018103	-0.017297	-0.023073
2.755640	-0.017682	-0.016859	-0.023578
2.753437	-0.017219	-0.016352	-0.024833
2.751238	-0.016774	-0.015978	-0.022808
2.749043	-0.016337	-0.015547	-0.022644
2.746852	-0.016260	-0.015394	-0.024826
2.744664	-0.015943	-0.015017	-0.026507
2.742480	-0.015633	-0.014753	-0.025193
2.740300	-0.015436	-0.014568	-0.024867
2.738123	-0.015246	-0.014404	-0.024130
2.735950	-0.015109	-0.014191	-0.026303
2.733781	-0.014930	-0.014031	-0.025734
2.731616	-0.014731	-0.013816	-0.026223
2.729454	-0.014635	-0.013722	-0.026144
2.727296	-0.014556	-0.013619	-0.026847
2.725142	-0.014480	-0.013567	-0.026130
2.722991	-0.014366	-0.013446	-0.026357
2.720844	-0.014233	-0.013324	-0.026033
2.718701	-0.014338	-0.013386	-0.027281
2.716561	-0.014168	-0.013196	-0.027830
2.714425	-0.014258	-0.013252	-0.028837
2.712293	-0.013945	-0.012981	-0.027628
2.710164	-0.013898	-0.012913	-0.028220
2.708039	-0.013863	-0.012903	-0.027528
2.705917	-0.013780	-0.012773	-0.028834
2.703799	-0.013648	-0.012657	-0.028369
2.701685	-0.013583	-0.012561	-0.029284
2.699574	-0.013858	-0.012804	-0.030196
2.697466	-0.013829	-0.012831	-0.028608
2.695363	-0.013848	-0.012881	-0.027702
2.693262	-0.013922	-0.012896	-0.029381
2.691166	-0.013747	-0.012723	-0.029353
2.689072	-0.013821	-0.012734	-0.031144
2.686983	-0.013767	-0.012649	-0.032051
2.684897	-0.013752	-0.012735	-0.029138
2.682814	-0.013859	-0.012820	-0.029789
2.680735	-0.013914	-0.012885	-0.029481
2.678659	-0.013905	-0.012835	-0.030636
2.676587	-0.013822	-0.012756	-0.030550
2.674518	-0.013849	-0.012762	-0.031136
2.672453	-0.013952	-0.012831	-0.032124
2.670391	-0.014200	-0.013116	-0.031070
2.668333	-0.014259	-0.013177	-0.031020
2.666278	-0.014350	-0.013245	-0.031641
2.664226	-0.014398	-0.013336	-0.030410
2.662178	-0.014450	-0.013307	-0.032752
2.660133	-0.014168	-0.013051	-0.031998
2.658092	-0.014240	-0.013155	-0.031062
2.656054	-0.014697	-0.013569	-0.032326
2.654019	-0.014936	-0.013779	-0.033161
2.651988	-0.014639	-0.013539	-0.031506
2.649960	-0.014650	-0.013523	-0.032272
2.647936	-0.014640	-0.013512	-0.032303
2.645915	-0.014743	-0.013601	-0.032697
2.643897	-0.014819	-0.013696	-0.032162
2.641882	-0.015055	-0.013917	-0.032626
2.639871	-0.015318	-0.014153	-0.033396
2.637863	-0.015372	-0.014206	-0.033426
2.635859	-0.015358	-0.014185	-0.033624
2.633857	-0.015227	-0.014062	-0.033353
2.631859	-0.015435	-0.014241	-0.034212
2.629865	-0.015473	-0.014316	-0.033146
2.627873	-0.015619	-0.014409	-0.034683
2.625885	-0.015445	-0.014261	-0.033896
2.623900	-0.015866	-0.014646	-0.034952
2.621919	-0.015754	-0.014527	-0.035153
2.619940	-0.015675	-0.014457	-0.034900
2.617965	-0.015566	-0.014373	-0.034165
2.615993	-0.015801	-0.014601	-0.034384
2.614025	-0.015712	-0.014533	-0.033792
2.612059	-0.015672	-0.014450	-0.034992
2.610097	-0.015498	-0.014291	-0.034582
2.608138	-0.015605	-0.014383	-0.035025
2.606182	-0.015738	-0.014517	-0.034985
2.604229	-0.015391	-0.014135	-0.036009
2.602280	-0.015333	-0.014099	-0.035346
2.600333	-0.015302	-0.014091	-0.034720
2.598390	-0.015148	-0.013897	-0.035827
2.596450	-0.015171	-0.013928	-0.035592
2.594513	-0.014949	-0.013681	-0.036305
2.592579	-0.014682	-0.013455	-0.035153
2.590648	-0.014534	-0.013282	-0.035886
2.588721	-0.014145	-0.012901	-0.035644
2.586796	-0.014103	-0.012834	-0.036365
2.584875	-0.014084	-0.012826	-0.036035
2.582957	-0.013944	-0.012690	-0.035945
2.581042	-0.013722	-0.012456	-0.036260
2.579130	-0.013725	-0.012481	-0.035633
2.577221	-0.013553	-0.012260	-0.037058
2.575315	-0.013405	-0.012124	-0.036695
2.573412	-0.013276	-0.011982	-0.037048
2.571512	-0.013187	-0.011919	-0.036334
2.569615	-0.013052	-0.011752	-0.037223
2.567722	-0.012859	-0.011549	-0.037550
2.565831	-0.012710	-0.011437	-0.036448
2.563943	-0.012453	-0.011166	-0.036867
2.562058	-0.012113	-0.010849	-0.036231
2.560177	-0.012106	-0.010797	-0.037509
2.558298	-0.011797	-0.010485	-0.037578
2.556423	-0.011579	-0.010284	-0.037083
2.554550	-0.011586	-0.010262	-0.037924
2.552680	-0.011334	-0.009996	-0.038325
2.550813	-0.010961	-0.009650	-0.037576
2.548950	-0.010827	-0.009518	-0.037481
2.547089	-0.010580	-0.009271	-0.037496
2.545231	-0.010360	-0.009023	-0.038311
2.543376	-0.009920	-0.008606	-0.037632
2.541524	-0.009743	-0.008430	-0.037601
2.539675	-0.009470	-0.008126	-0.038512
2.537829	-0.009088	-0.007748	-0.038363
2.535986	-0.008751	-0.007392	-0.038930
2.534146	-0.008487	-0.007132	-0.038803
2.532308	-0.008244	-0.006873	-0.039252
2.530474	-0.007995	-0.006634	-0.039003
2.528642	-0.007965	-0.006619	-0.038536
2.526814	-0.007643	-0.006271	-0.039317
2.524988	-0.007271	-0.005907	-0.039087
2.523165	-0.007062	-0.005735	-0.038005
2.521345	-0.006640	-0.005247	-0.039900
2.519528	-0.006501	-0.005159	-0.038453
2.517714	-0.006302	-0.004920	-0.039585
2.515902	-0.006209	-0.004807	-0.040146
2.514093	-0.005861	-0.004494	-0.039181
2.512288	-0.005453	-0.004066	-0.039729
2.510485	-0.005210	-0.003816	-0.039950
2.508684	-0.004969	-0.003586	-0.039612
2.506887	-0.004721	-0.003320	-0.040139
2.505092	-0.004546	-0.003116	-0.040986
2.503301	-0.004299	-0.002877	-0.040733
2.501512	-0.004037	-0.002624	-0.040466
2.499726	-0.003714	-0.002284	-0.040967
2.497942	-0.003450	-0.002033	-0.040591
2.496162	-0.003272	-0.001840	-0.041037
2.494384	-0.002925	-0.001443	-0.042445
2.492609	-0.002527	-0.001034	-0.042763
2.490836	-0.002189	-0.000756	-0.041038
2.489067	-0.001913	-0.000465	-0.041480
2.487300	-0.001426	0.000010	-0.041151
2.485536	-0.001200	0.000256	-0.041707
2.483774	-0.000868	0.000628	-0.042836
2.482016	-0.000493	0.000983	-0.042286
2.480260	-0.000189	0.001311	-0.042975
2.478507	0.000125	0.001613	-0.042630
2.476756	0.000389	0.001832	-0.041342
2.475008	0.000683	0.002192	-0.043218
2.473263	0.001061	0.002524	-0.041895
2.471521	0.001265	0.002792	-0.043743
2.469781	0.001609	0.003096	-0.042600
2.468044	0.002003	0.003473	-0.042103
2.466309	0.002274	0.003775	-0.043014
2.464578	0.002549	0.004014	-0.041955
2.462848	0.002758	0.004243	-0.042543
2.461122	0.003232	0.004795	-0.044761
2.459398	0.003520	0.005013	-0.042781
2.457677	0.003590	0.005128	-0.044052
2.455958	0.004138	0.005640	-0.043046
2.454243	0.004443	0.005931	-0.042636
2.452529	0.004675	0.006213	-0.044049
2.450819	0.004881	0.006403	-0.043611
2.449111	0.005225	0.006747	-0.043605
2.447405	0.005694	0.007235	-0.044161
2.445702	0.005852	0.007392	-0.044135
2.444002	0.006085	0.007617	-0.043890
2.442304	0.006230	0.007794	-0.044805
2.440609	0.006319	0.007851	-0.043875
2.438917	0.006518	0.008056	-0.044055
2.437227	0.006782	0.008316	-0.043939
2.435539	0.006882	0.008447	-0.044827
2.433854	0.007167	0.008738	-0.045005
2.432172	0.007455	0.009012	-0.044624
2.430492	0.007564	0.009162	-0.045760
2.428815	0.007820	0.009369	-0.044359
2.427140	0.007885	0.009436	-0.044445
2.425468	0.008130	0.009688	-0.044640
2.423799	0.008292	0.009885	-0.045635
2.422131	0.008572	0.010141	-0.044963
2.420467	0.008690	0.010296	-0.046004
2.418805	0.008724	0.010303	-0.045235
2.417145	0.008831	0.010397	-0.044875
2.415488	0.009031	0.010599	-0.044943
2.413833	0.009298	0.010895	-0.045743
2.412181	0.009304	0.010964	-0.047556
2.410532	0.009407	0.011035	-0.046635
2.408884	0.009657	0.011238	-0.045304
2.407240	0.009832	0.011398	-0.044869
2.405598	0.009892	0.011510	-0.046359
2.403958	0.009948	0.011591	-0.047073
2.402320	0.009969	0.011546	-0.045185
2.400685	0.010046	0.011658	-0.046178
2.399053	0.010176	0.011804	-0.046630
2.397423	0.010238	0.011871	-0.046790
2.395795	0.010310	0.011947	-0.046896
2.394170	0.010319	0.011941	-0.046452
2.392547	0.010326	0.011924	-0.045775
2.390927	0.010421	0.012062	-0.046991
2.389309	0.010438	0.012050	-0.046176
2.387694	0.010416	0.012042	-0.046592
2.386081	0.010381	0.012055	-0.047943
2.384470	0.010463	0.012116	-0.047354
2.382861	0.010386	0.012046	-0.047542
2.381255	0.010598	0.012211	-0.046210
2.379652	0.010471	0.012177	-0.048869
2.378051	0.010555	0.012217	-0.047616
2.376452	0.010662	0.012358	-0.048587
2.374855	0.010885	0.012543	-0.047502
2.373261	0.010907	0.012564	-0.047479
2.371669	0.010798	0.012478	-0.048132
2.370080	0.010642	0.012302	-0.047554
2.368493	0.010728	0.012405	-0.048045
2.366908	0.010766	0.012402	-0.046878
2.365326	0.010695	0.012381	-0.048298
2.363745	0.010638	0.012358	-0.049269
2.362168	0.010617	0.012319	-0.048778
2.360592	0.010703	0.012339	-0.046871
2.359019	0.010550	0.012233	-0.048213
2.357448	0.010569	0.012252	-0.048207
2.355880	0.010562	0.012239	-0.048036
2.354313	0.010644	0.012336	-0.048495
2.352749	0.010366	0.012085	-0.049260
2.351188	0.010172	0.011860	-0.048350
2.349628	0.010109	0.011812	-0.048795
2.348071	0.010032	0.011776	-0.049969
2.346516	0.010234	0.011924	-0.048405
2.344964	0.010097	0.011830	-0.049650
2.343413	0.010191	0.011886	-0.048541
2.341865	0.010015	0.011755	-0.049849
2.340319	0.009916	0.011675	-0.050397
2.338776	0.009875	0.011610	-0.049687
2.337235	0.009784	0.011509	-0.049434
2.335695	0.009639	0.011400	-0.050462
2.334159	0.009768	0.011492	-0.049392
2.332624	0.009754	0.011454	-0.048698
2.331091	0.009711	0.011454	-0.049914
2.329561	0.009508	0.011263	-0.050277
2.328033	0.009379	0.011109	-0.049545
2.326508	0.009253	0.011052	-0.051536
2.324984	0.009351	0.011098	-0.050053
2.323463	0.009429	0.011188	-0.050394
2.321943	0.009378	0.011131	-0.050224
2.320426	0.009342	0.011110	-0.050642
2.318912	0.009341	0.011098	-0.050313
2.317399	0.009284	0.011037	-0.050239
2.315888	0.009227	0.010979	-0.050170
2.314380	0.009033	0.010773	-0.049853
2.312874	0.008755	0.010487	-0.049600
2.311370	0.008715	0.010464	-0.050121
2.309868	0.008773	0.010573	-0.051579
2.308369	0.008703	0.010523	-0.052137
2.306871	0.008693	0.010474	-0.050995
2.305376	0.008797	0.010563	-0.050595
2.303883	0.008731	0.010514	-0.051073
2.302392	0.008483	0.010296	-0.051914
2.300903	0.008574	0.010347	-0.050794
2.299416	0.008605	0.010419	-0.051961
2.297931	0.008642	0.010464	-0.052191
2.296449	0.008786	0.010569	-0.051095
2.294968	0.008758	0.010562	-0.051679
2.293490	0.008714	0.010519	-0.051687
2.292013	0.008782	0.010589	-0.051756
2.290539	0.008778	0.010584	-0.051759
2.289067	0.008554	0.010408	-0.053113
2.287597	0.008539	0.010407	-0.053515
2.286129	0.008631	0.010476	-0.052847
2.284664	0.008546	0.010351	-0.051712
2.283200	0.008493	0.010311	-0.052071
2.281738	0.008375	0.010238	-0.053365
2.280279	0.008407	0.010260	-0.053066
2.278821	0.008183	0.010031	-0.052941
2.277366	0.008103	0.009945	-0.052756
2.275912	0.008141	0.010002	-0.053327
2.274461	0.008302	0.010148	-0.052902
2.273012	0.008380	0.010236	-0.053153
2.271564	0.008582	0.010435	-0.053067
2.270119	0.008574	0.010460	-0.054022
2.268676	0.008548	0.010434	-0.054030
2.267235	0.008346	0.010207	-0.053313
2.265796	0.008307	0.010164	-0.053191
2.264359	0.008386	0.010258	-0.053643
2.262923	0.008368	0.010315	-0.055772
2.261490	0.008513	0.010410	-0.054347
2.260059	0.008645	0.010505	-0.053277
2.258630	0.008565	0.010412	-0.052896
2.257203	0.008522	0.010400	-0.053795
2.255778	0.008668	0.010523	-0.053142
2.254355	0.008795	0.010731	-0.055465
2.252934	0.008784	0.010659	-0.053701
2.251515	0.008818	0.010722	-0.054540
2.250098	0.008777	0.010660	-0.053948
2.248683	0.008972	0.010833	-0.053318
2.247269	0.008921	0.010881	-0.056144
2.245858	0.008866	0.010748	-0.053916
2.244449	0.008871	0.010828	-0.056071
2.243042	0.009209	0.011169	-0.056145
2.241636	0.009446	0.011418	-0.056474
2.240233	0.009797	0.011779	-0.056773
2.238832	0.010038	0.011973	-0.055431
2.237432	0.010209	0.012145	-0.055484
2.236035	0.010206	0.012166	-0.056163
2.234639	0.010148	0.012087	-0.055543
2.233245	0.010226	0.012179	-0.055953
2.231854	0.010350	0.012296	-0.055734
2.230464	0.010568	0.012531	-0.056220
2.229076	0.010762	0.012723	-0.056177
2.227690	0.010757	0.012695	-0.055521
2.226306	0.010778	0.012749	-0.056453
2.224924	0.010916	0.012923	-0.057504
2.223544	0.010977	0.012954	-0.056632
2.222165	0.011103	0.013089	-0.056878
2.220789	0.011483	0.013451	-0.056365
2.219414	0.011741	0.013718	-0.056620
2.218042	0.011802	0.013810	-0.057533
2.216671	0.011931	0.013920	-0.056969
2.215302	0.012081	0.014058	-0.056637
2.213935	0.012290	0.014328	-0.058365
2.212570	0.012475	0.014491	-0.057754
2.211207	0.012332	0.014338	-0.057475
2.209845	0.012441	0.014427	-0.056904
2.208486	0.012745	0.014782	-0.058356
2.207128	0.013051	0.015045	-0.057108
2.205772	0.013180	0.015231	-0.058767
2.204418	0.013207	0.015211	-0.057402
2.203066	0.013204	0.015216	-0.057642
2.201716	0.013208	0.015279	-0.059332
2.200367	0.013293	0.015347	-0.058840
2.199021	0.013777	0.015827	-0.058722
2.197676	0.013953	0.016031	-0.059516
2.196333	0.014188	0.016255	-0.059215
2.194992	0.014503	0.016525	-0.057926
2.193653	0.014552	0.016609	-0.058924
2.192315	0.014624	0.016681	-0.058940
2.190980	0.014853	0.016941	-0.059831
2.189646	0.015119	0.017205	-0.059761
2.188314	0.015352	0.017408	-0.058900
2.186984	0.015525	0.017629	-0.060270
2.185655	0.015865	0.017926	-0.059046
2.184328	0.016013	0.018035	-0.057940
2.183004	0.016448	0.018513	-0.059144
2.181681	0.016539	0.018639	-0.060153
2.180359	0.016772	0.018806	-0.058256
2.179040	0.016824	0.018902	-0.059507
2.177722	0.017090	0.019229	-0.061278
2.176406	0.017312	0.019426	-0.060535
2.175092	0.017568	0.019658	-0.059880
2.173780	0.017660	0.019769	-0.060420
2.172469	0.017754	0.019887	-0.061094
2.171160	0.018093	0.020161	-0.059251
2.169853	0.018215	0.020292	-0.059519
2.168548	0.018506	0.020576	-0.059303
2.167244	0.018933	0.021063	-0.061034
2.165943	0.018988	0.021110	-0.060792
2.164643	0.019076	0.021158	-0.059638
2.163344	0.019270	0.021404	-0.061129
2.162048	0.019542	0.021722	-0.062436
2.160753	0.019811	0.021936	-0.060868
2.159460	0.019934	0.022109	-0.062305
2.158168	0.020086	0.022259	-0.062232
2.156879	0.020321	0.022455	-0.061134
2.155591	0.020736	0.022879	-0.061384
2.154304	0.020751	0.022902	-0.061632
2.153020	0.020833	0.022928	-0.060008
2.151737	0.021252	0.023350	-0.060079
2.150456	0.021434	0.023594	-0.061880
2.149177	0.021741	0.023848	-0.060365
2.147899	0.021869	0.024051	-0.062503
2.146623	0.022039	0.024288	-0.064431
2.145349	0.022130	0.024271	-0.061348
2.144076	0.022446	0.024573	-0.060941
2.142805	0.022633	0.024814	-0.062488
2.141536	0.022959	0.025165	-0.063200
2.140268	0.023265	0.025433	-0.062097
2.139002	0.023576	0.025767	-0.062762
2.137738	0.023604	0.025727	-0.060814
2.136476	0.023650	0.025827	-0.062372
2.135215	0.023820	0.026036	-0.063481
2.133956	0.024186	0.026395	-0.063276
2.132698	0.024381	0.026572	-0.062766
2.131442	0.024395	0.026604	-0.063278
2.130188	0.024612	0.026818	-0.063207
2.128935	0.024966	0.027166	-0.063026
2.127684	0.025259	0.027472	-0.063381
2.126435	0.025424	0.027626	-0.063081
2.125187	0.025601	0.027853	-0.064530
2.123941	0.026029	0.028293	-0.064871
2.122697	0.026134	0.028366	-0.063939
2.121454	0.026236	0.028483	-0.064388
2.120213	0.026296	0.028571	-0.065182
2.118974	0.026416	0.028670	-0.064581
2.117736	0.026616	0.028863	-0.064378
2.116500	0.026725	0.028957	-0.063945
2.115265	0.026978	0.029297	-0.066425
2.114032	0.027371	0.029662	-0.065609
2.112801	0.027564	0.029900	-0.066931
2.111571	0.027776	0.030046	-0.065021
2.110343	0.027838	0.030126	-0.065524
2.109116	0.028144	0.030418	-0.065134
2.107891	0.028354	0.030655	-0.065934
2.106668	0.028439	0.030692	-0.064543
2.105446	0.028342	0.030630	-0.065544
2.104226	0.028366	0.030653	-0.065509
2.103007	0.028442	0.030718	-0.065186
2.101790	0.028574	0.030876	-0.065932
2.100575	0.028818	0.031134	-0.066357
2.099361	0.028940	0.031220	-0.065319
2.098149	0.029375	0.031659	-0.065422
2.096938	0.029769	0.032079	-0.066177
2.095729	0.029899	0.032230	-0.066784
2.094521	0.029931	0.032205	-0.065138
2.093315	0.029971	0.032272	-0.065915
2.092111	0.030116	0.032411	-0.065724
2.090908	0.030260	0.032602	-0.067091
2.089707	0.030077	0.032430	-0.067397
2.088507	0.030238	0.032566	-0.066700
2.087309	0.030398	0.032735	-0.066956
2.086112	0.030492	0.032780	-0.065545
2.084917	0.030858	0.033169	-0.066211
2.083723	0.030897	0.033266	-0.067878
2.082531	0.031007	0.033331	-0.066568
2.081341	0.030936	0.033281	-0.067179
2.080152	0.030939	0.033325	-0.068333
2.078964	0.030869	0.033192	-0.066542
2.077778	0.031143	0.033513	-0.067895
2.076594	0.031453	0.033831	-0.068115
2.075411	0.031573	0.033932	-0.067577
2.074230	0.031483	0.033902	-0.069284
2.073050	0.031588	0.033983	-0.068614
2.071871	0.031887	0.034222	-0.066882
2.070694	0.031982	0.034363	-0.068221
2.069519	0.032000	0.034392	-0.068525
2.068345	0.032095	0.034466	-0.067926
2.067173	0.032134	0.034488	-0.067452
2.066002	0.032361	0.034676	-0.066328
2.064833	0.032282	0.034673	-0.068495
2.063665	0.032346	0.034752	-0.068916
2.062498	0.032353	0.034742	-0.068453
2.061333	0.032178	0.034623	-0.070064
2.060170	0.032456	0.034865	-0.068999
2.059008	0.032674	0.035070	-0.068634
2.057848	0.032843	0.035220	-0.068096
2.056689	0.032893	0.035326	-0.069714
2.055531	0.032769	0.035212	-0.070007
2.054375	0.032604	0.035038	-0.069744
2.053221	0.032608	0.035052	-0.070005
2.052067	0.032686	0.035144	-0.070419
2.050916	0.032842	0.035306	-0.070583
2.049766	0.033103	0.035542	-0.069854
2.048617	0.033179	0.035641	-0.070544
2.047470	0.032964	0.035423	-0.070428
2.046324	0.033055	0.035483	-0.069555
2.045179	0.032860	0.035319	-0.070450
2.044036	0.032905	0.035440	-0.072619
2.042895	0.032998	0.035486	-0.071261
2.041755	0.032923	0.035392	-0.070727
2.040616	0.032949	0.035375	-0.069502
2.039479	0.032852	0.035317	-0.070627
2.038343	0.032882	0.035364	-0.071120
2.037209	0.033041	0.035529	-0.071271
2.036076	0.032951	0.035433	-0.071093
2.034945	0.032944	0.035390	-0.070083
2.033815	0.032920	0.035372	-0.070227
2.032686	0.032898	0.035396	-0.071559
2.031559	0.032887	0.035325	-0.069855
2.030433	0.032798	0.035270	-0.070840
2.029309	0.032762	0.035263	-0.071642
2.028186	0.032712	0.035238	-0.072358
2.027064	0.032783	0.035268	-0.071208
2.025944	0.032631	0.035182	-0.073069
2.024825	0.032640	0.035132	-0.071398
2.023708	0.032723	0.035239	-0.072090
2.022592	0.032535	0.035027	-0.071380
2.021477	0.032487	0.035005	-0.072130
2.020364	0.032779	0.035263	-0.071179
2.019252	0.032782	0.035288	-0.071776
2.018142	0.032856	0.035361	-0.071779
2.017033	0.032721	0.035202	-0.071056
2.015925	0.032610	0.035128	-0.072125
2.014819	0.032595	0.035171	-0.073797
2.013714	0.032555	0.035102	-0.072944
2.012610	0.032392	0.034908	-0.072079
2.011508	0.032358	0.034934	-0.073776
2.010407	0.032348	0.034948	-0.074468
2.009308	0.032335	0.034920	-0.074032
2.008210	0.032285	0.034838	-0.073131
2.007113	0.032346	0.034885	-0.072727
2.006018	0.032270	0.034836	-0.073516
2.004924	0.032446	0.034992	-0.072955
2.003831	0.032442	0.034922	-0.071045
2.002740	0.032281	0.034849	-0.073568
2.001650	0.032294	0.034876	-0.073992
2.000561	0.032164	0.034772	-0.074712
1.999474	0.032034	0.034583	-0.073019
1.998388	0.032075	0.034624	-0.073049
1.997303	0.032042	0.034665	-0.075124
1.996220	0.032070	0.034621	-0.073093
1.995138	0.031980	0.034539	-0.073307
1.994058	0.031965	0.034569	-0.074585
1.992978	0.031888	0.034504	-0.074935
1.991901	0.031916	0.034525	-0.074753
1.990824	0.031867	0.034500	-0.075423
1.989749	0.031903	0.034506	-0.074583
1.988675	0.031763	0.034334	-0.073651
1.987602	0.031710	0.034361	-0.075963
1.986531	0.031773	0.034412	-0.075623
1.985461	0.031650	0.034298	-0.075839
1.984392	0.031496	0.034165	-0.076474
1.983325	0.031235	0.033906	-0.076523
1.982259	0.031040	0.033654	-0.074876
1.981194	0.031057	0.033691	-0.075438
1.980130	0.031074	0.033739	-0.076349
1.979068	0.030873	0.033545	-0.076526
1.978007	0.030893	0.033601	-0.077562
1.976948	0.030994	0.033656	-0.076257
1.975889	0.031030	0.033678	-0.075847
1.974832	0.031148	0.033848	-0.077336
1.973777	0.031271	0.033934	-0.076281
1.972722	0.031023	0.033737	-0.077727
1.971669	0.031211	0.033921	-0.077641
1.970617	0.031304	0.033999	-0.077200
1.969566	0.031225	0.033899	-0.076582
1.968517	0.031177	0.033861	-0.076904
1.967469	0.030966	0.033660	-0.077164
1.966422	0.031040	0.033739	-0.077318
1.965377	0.030808	0.033525	-0.077849
1.964333	0.030902	0.033586	-0.076886
1.963290	0.030931	0.033642	-0.077658
1.962248	0.030981	0.033684	-0.077416
1.961207	0.030967	0.033696	-0.078164
1.960168	0.030830	0.033591	-0.079080
1.959130	0.030764	0.033500	-0.078358
1.958094	0.030670	0.033380	-0.077648
1.957058	0.030478	0.033209	-0.078257
1.956024	0.030459	0.033173	-0.077754
1.954991	0.030466	0.033194	-0.078163
1.953959	0.030531	0.033266	-0.078327
1.952929	0.030763	0.033476	-0.077722
1.951900	0.030917	0.033670	-0.078842
1.950872	0.030841	0.033605	-0.079193
1.949845	0.030918	0.033709	-0.079964
1.948819	0.030779	0.033554	-0.079499
1.947795	0.030734	0.033519	-0.079779
1.946772	0.030647	0.033445	-0.080172
1.945750	0.030543	0.033346	-0.080282
1.944729	0.030675	0.033426	-0.078826
1.943710	0.030716	0.033544	-0.081006
1.942692	0.030732	0.033503	-0.079384
1.941675	0.030706	0.033505	-0.080203
1.940659	0.030616	0.033408	-0.080013
1.939645	0.030595	0.033412	-0.080711
1.938631	0.030688	0.033529	-0.081373
1.937619	0.030539	0.033381	-0.081418
1.936608	0.030498	0.033306	-0.080449
1.935599	0.030509	0.033333	-0.080896
1.934590	0.030656	0.033458	-0.080269
1.933583	0.030513	0.033327	-0.080609
1.932577	0.030472	0.033280	-0.080456
1.931572	0.030517	0.033333	-0.080680
1.930568	0.030483	0.033319	-0.081248
1.929566	0.030445	0.033284	-0.081321
1.928565	0.030402	0.033284	-0.082557
1.927565	0.030473	0.033317	-0.081472
1.926566	0.030584	0.033409	-0.080940
1.925568	0.030349	0.033145	-0.080103
1.924571	0.030136	0.032988	-0.081709
1.923576	0.030093	0.032923	-0.081060
1.922582	0.030180	0.033076	-0.082971
1.921589	0.030095	0.032928	-0.081153
1.920597	0.030101	0.032959	-0.081902
1.919606	0.030178	0.033023	-0.081522
1.918617	0.030212	0.033077	-0.082081
1.917629	0.030143	0.032992	-0.081620
1.916641	0.030330	0.033200	-0.082208
1.915655	0.030459	0.033416	-0.084710
1.914671	0.030574	0.033466	-0.082838
1.913687	0.030639	0.033529	-0.082786
1.912704	0.030533	0.033399	-0.082106
1.911723	0.030465	0.033380	-0.083513
1.910743	0.030348	0.033241	-0.082861
1.909764	0.030371	0.033273	-0.083149
1.908786	0.030432	0.033364	-0.083984
1.907809	0.030382	0.033354	-0.085137
1.906834	0.030439	0.033335	-0.082983
1.905859	0.030432	0.033375	-0.084327
1.904886	0.030422	0.033413	-0.085694
1.903914	0.030619	0.033551	-0.083994
1.902943	0.030584	0.033497	-0.083447
1.901973	0.030506	0.033457	-0.084540
1.901004	0.030461	0.033427	-0.084975
1.900036	0.030504	0.033451	-0.084429
1.899070	0.030599	0.033559	-0.084801
1.898105	0.030620	0.033578	-0.084742
1.897140	0.030631	0.033589	-0.084739
1.896177	0.030794	0.033708	-0.083478
1.895215	0.030798	0.033784	-0.085530
1.894254	0.030718	0.033719	-0.085958
1.893295	0.030807	0.033804	-0.085862
1.892336	0.030814	0.033770	-0.084672
1.891378	0.030951	0.033948	-0.085867
1.890422	0.030993	0.033960	-0.084994
1.889467	0.030895	0.033891	-0.085811
1.888513	0.030945	0.033986	-0.087105
1.887560	0.031022	0.033998	-0.085236
1.886608	0.031046	0.034114	-0.087889
1.885657	0.031325	0.034303	-0.085316
1.884707	0.031345	0.034361	-0.086408
1.883758	0.031434	0.034499	-0.087804
1.882811	0.031343	0.034342	-0.085926
1.881864	0.031307	0.034307	-0.085952
1.880919	0.031412	0.034443	-0.086817
1.879975	0.031637	0.034654	-0.086421
1.879032	0.031693	0.034763	-0.087959
1.878090	0.031825	0.034859	-0.086909
1.877149	0.031910	0.034921	-0.086274
1.876209	0.032121	0.035146	-0.086643
1.875270	0.032342	0.035391	-0.087351
1.874332	0.032386	0.035439	-0.087466
1.873396	0.032229	0.035345	-0.089275
1.872460	0.032189	0.035241	-0.087446
1.871525	0.032323	0.035397	-0.088064
1.870592	0.032515	0.035556	-0.087104
1.869660	0.032558	0.035631	-0.088047
1.868728	0.032665	0.035728	-0.087758
1.867798	0.032817	0.035876	-0.087655
1.866869	0.032890	0.035987	-0.088708
1.865941	0.032840	0.035921	-0.088266
1.865014	0.032852	0.035946	-0.088654
1.864088	0.033000	0.036125	-0.089521
1.863163	0.033175	0.036272	-0.088737
1.862239	0.033241	0.036341	-0.088815
1.861317	0.033156	0.036258	-0.088858
1.860395	0.033258	0.036366	-0.089043
1.859474	0.033309	0.036406	-0.088720
1.858555	0.033308	0.036424	-0.089286
1.857636	0.033482	0.036601	-0.089351
1.856719	0.033699	0.036823	-0.089493
1.855802	0.033741	0.036844	-0.088903
1.854887	0.033678	0.036829	-0.090261
1.853973	0.033642	0.036780	-0.089897
1.853059	0.033671	0.036751	-0.088245
1.852147	0.033811	0.036983	-0.090879
1.851236	0.033926	0.037074	-0.090178
1.850326	0.033966	0.037131	-0.090652
1.849416	0.033978	0.037132	-0.090359
1.848508	0.034027	0.037217	-0.091396
1.847601	0.034165	0.037304	-0.089910
1.846695	0.034293	0.037455	-0.090579
1.845790	0.034145	0.037316	-0.090849
1.844886	0.034232	0.037456	-0.092334
1.843983	0.034370	0.037559	-0.091372
1.843081	0.034505	0.037681	-0.090987
1.842180	0.034621	0.037852	-0.092560
1.841280	0.034769	0.037953	-0.091216
1.840381	0.034725	0.037989	-0.093518
1.839484	0.034895	0.038092	-0.091588
1.838587	0.035026	0.038256	-0.092518
1.837691	0.035243	0.038443	-0.091692
1.836796	0.035454	0.038726	-0.093745
1.835902	0.035621	0.038876	-0.093269
1.835009	0.035731	0.038956	-0.092400
1.834118	0.035887	0.039134	-0.093022
1.833227	0.036106	0.039321	-0.092087
1.832337	0.036332	0.039554	-0.092297
1.831448	0.036424	0.039625	-0.091716
1.830560	0.036502	0.039821	-0.095081
1.829674	0.036864	0.040094	-0.092518
1.828788	0.037096	0.040345	-0.093073
1.827903	0.037155	0.040346	-0.091428
1.827019	0.037092	0.040366	-0.093794
1.826136	0.037168	0.040351	-0.091192
1.825255	0.036974	0.040303	-0.095363
1.824374	0.037007	0.040345	-0.095627
1.823494	0.036853	0.040127	-0.093795
1.822615	0.036896	0.040146	-0.093118
1.821737	0.036976	0.040262	-0.094153
1.820860	0.037164	0.040420	-0.093287
1.819984	0.037328	0.040656	-0.095336
1.819109	0.037552	0.040811	-0.093378
1.818235	0.037715	0.041037	-0.095161
1.817362	0.037890	0.041217	-0.095317
1.816490	0.038188	0.041595	-0.097620
1.815619	0.038313	0.041637	-0.095228
1.814749	0.038477	0.041790	-0.094905
1.813880	0.038528	0.041869	-0.095725
1.813012	0.038500	0.041854	-0.096084
1.812145	0.038683	0.042000	-0.095011
1.811279	0.039005	0.042360	-0.096122
1.810413	0.038906	0.042256	-0.095976
1.809549	0.039157	0.042530	-0.096630
1.808686	0.039509	0.042849	-0.095687
1.807824	0.039528	0.042881	-0.096067
1.806962	0.039518	0.042921	-0.097474
1.806102	0.039455	0.042823	-0.096477
1.805242	0.039534	0.042875	-0.095704
1.804384	0.039635	0.043015	-0.096819
1.803526	0.039889	0.043269	-0.096853
1.802670	0.039902	0.043274	-0.096618
1.801814	0.040082	0.043497	-0.097834
1.800959	0.040179	0.043656	-0.099602
1.800105	0.040268	0.043696	-0.098202
1.799252	0.040286	0.043680	-0.097238
1.798401	0.040500	0.043884	-0.096960
1.797550	0.040606	0.044063	-0.099033
1.796700	0.040719	0.044211	-0.100059
1.795851	0.040959	0.044375	-0.097867
1.795002	0.041026	0.044465	-0.098535
1.794155	0.041020	0.044400	-0.096818
1.793309	0.040857	0.044228	-0.096582
1.792464	0.040936	0.044335	-0.097371
1.791619	0.040893	0.044288	-0.097260
1.790776	0.041059	0.044489	-0.098247
1.789933	0.041350	0.044800	-0.098834
1.789092	0.041485	0.044977	-0.100043
1.788251	0.041709	0.045141	-0.098337
1.787411	0.042096	0.045537	-0.098571
1.786572	0.042296	0.045725	-0.098243
1.785734	0.042458	0.045932	-0.099522
1.784897	0.042314	0.045783	-0.099367
1.784061	0.041981	0.045491	-0.100566
1.783226	0.041978	0.045430	-0.098899
1.782392	0.042028	0.045428	-0.097426
1.781558	0.042190	0.045642	-0.098875
1.780726	0.042440	0.045955	-0.100695
1.779894	0.042430	0.045965	-0.101282
1.779064	0.042444	0.045941	-0.100188
1.778234	0.042660	0.046205	-0.101565
1.777405	0.042935	0.046437	-0.100315
1.776577	0.043213	0.046785	-0.102335
1.775750	0.043435	0.046982	-0.101603
1.774924	0.043507	0.047060	-0.101800
1.774099	0.043670	0.047214	-0.101509
1.773275	0.043805	0.047303	-0.100208
1.772451	0.043444	0.046966	-0.100916
1.771629	0.043123	0.046664	-0.101455
1.770807	0.043232	0.046743	-0.100571
1.769986	0.043571	0.047128	-0.101906
1.769167	0.043948	0.047504	-0.101854
1.768348	0.044128	0.047701	-0.102352
1.767530	0.044267	0.047784	-0.100758
1.766712	0.044217	0.047774	-0.101922
1.765896	0.044257	0.047812	-0.101838
1.765081	0.044277	0.047798	-0.100861
1.764266	0.044368	0.047923	-0.101836
1.763453	0.044446	0.048021	-0.102423
1.762640	0.044564	0.048179	-0.103582
1.761828	0.044570	0.048208	-0.104229
1.761017	0.044635	0.048283	-0.104486
1.760207	0.044976	0.048556	-0.102582
1.759398	0.044970	0.048593	-0.103792
1.758589	0.045064	0.048621	-0.101892
1.757782	0.045103	0.048752	-0.104533
1.756975	0.045210	0.048784	-0.102377
1.756169	0.045365	0.048970	-0.103277
1.755365	0.045346	0.049015	-0.105084
1.754560	0.045552	0.049204	-0.104600
1.753757	0.045724	0.049363	-0.104271
1.752955	0.045703	0.049395	-0.105751
1.752154	0.045640	0.049288	-0.104520
1.751353	0.045676	0.049309	-0.104102
1.750553	0.045742	0.049393	-0.104580
1.749755	0.045797	0.049532	-0.106981
1.748957	0.045853	0.049514	-0.104886
1.748159	0.045940	0.049632	-0.105756
1.747363	0.046025	0.049775	-0.107448
1.746568	0.045925	0.049672	-0.107364
1.745773	0.045934	0.049581	-0.104490
1.744979	0.045995	0.049678	-0.105502
1.744187	0.045788	0.049562	-0.108114
1.743395	0.045846	0.049555	-0.106251
1.742603	0.045953	0.049678	-0.106711
1.741813	0.046234	0.050004	-0.108006
1.741024	0.046383	0.050111	-0.106803
1.740235	0.046387	0.050095	-0.106246
1.739447	0.046334	0.050042	-0.106226
1.738660	0.046301	0.050038	-0.107040
1.737874	0.046588	0.050292	-0.106095
1.737089	0.046644	0.050424	-0.108288
1.736304	0.046611	0.050373	-0.107780
1.735521	0.046728	0.050418	-0.105704
1.734738	0.046768	0.050456	-0.105638
1.733956	0.046782	0.050523	-0.107188
1.733175	0.047047	0.050815	-0.107947
1.732395	0.047010	0.050772	-0.107794
1.731615	0.047005	0.050674	-0.105113
1.730837	0.046882	0.050638	-0.107604
1.730059	0.046839	0.050592	-0.107509
1.729282	0.046850	0.050635	-0.108450
1.728506	0.046880	0.050654	-0.108128
1.727730	0.046820	0.050617	-0.108778
1.726956	0.046960	0.050763	-0.108950
1.726182	0.047188	0.050984	-0.108738
1.725409	0.047333	0.051076	-0.107235
1.724637	0.047373	0.051098	-0.106709
1.723866	0.047394	0.051213	-0.109384
1.723096	0.047221	0.051015	-0.108679
1.722326	0.047257	0.051116	-0.110552
1.721557	0.047324	0.051174	-0.110288
1.720789	0.047176	0.051018	-0.110049
1.720022	0.047201	0.050972	-0.108040
1.719256	0.047154	0.051006	-0.110333
1.718490	0.046967	0.050839	-0.110910
1.717726	0.046734	0.050558	-0.109555
1.716962	0.046740	0.050618	-0.111085
1.716199	0.046568	0.050409	-0.110061
1.715436	0.046814	0.050679	-0.110727
1.714675	0.046895	0.050758	-0.110671
1.713914	0.047109	0.050931	-0.109489
1.713154	0.047191	0.050992	-0.108869
1.712395	0.047122	0.050982	-0.110592
1.711637	0.047052	0.051005	-0.113241
1.710879	0.047255	0.051114	-0.110539
1.710122	0.047169	0.050985	-0.109316
1.709366	0.047176	0.051017	-0.110022
1.708611	0.047307	0.051146	-0.109996
1.707857	0.047237	0.051114	-0.111064
1.707103	0.047313	0.051171	-0.110525
1.706351	0.047261	0.051108	-0.110209
1.705599	0.047466	0.051382	-0.112179
1.704847	0.047506	0.051363	-0.110490
1.704097	0.047425	0.051300	-0.111036
1.703347	0.047397	0.051246	-0.110262
1.702599	0.047170	0.051111	-0.112907
1.701850	0.046985	0.050869	-0.111256
1.701103	0.046888	0.050712	-0.109564
1.700357	0.046850	0.050808	-0.113362
1.699611	0.046985	0.050878	-0.111517
1.698866	0.046933	0.050840	-0.111930
1.698122	0.046914	0.050825	-0.112022
1.697378	0.047041	0.050955	-0.112127
1.696636	0.047264	0.051106	-0.110053
1.695894	0.047145	0.051032	-0.111361
1.695153	0.047106	0.051061	-0.113310
1.694412	0.047338	0.051233	-0.111588
1.693673	0.047203	0.051160	-0.113349
1.692934	0.047183	0.051091	-0.111935
1.692196	0.047110	0.051010	-0.111723
1.691459	0.046990	0.050965	-0.113889
1.690722	0.047064	0.051045	-0.114024
1.689987	0.046970	0.050950	-0.114038
1.689252	0.046955	0.050881	-0.112473
1.688518	0.047248	0.051178	-0.112592
1.687784	0.047201	0.051165	-0.113582
1.687051	0.047166	0.051046	-0.111144
1.686320	0.047058	0.051086	-0.115401
1.685588	0.046990	0.050993	-0.114681
1.684858	0.047014	0.051014	-0.114576
1.684128	0.046876	0.050893	-0.115052
1.683399	0.046803	0.050826	-0.115253
1.682671	0.046723	0.050723	-0.114574
1.681944	0.046487	0.050509	-0.115212
1.681217	0.046336	0.050302	-0.113591
1.680491	0.046279	0.050278	-0.114576
1.679766	0.046317	0.050273	-0.113334
1.679042	0.046405	0.050278	-0.110933
1.678318	0.046551	0.050482	-0.112611
1.677595	0.046544	0.050518	-0.113849
1.676873	0.046286	0.050196	-0.112001
1.676152	0.046192	0.050187	-0.114439
1.675431	0.046140	0.050177	-0.115654
1.674711	0.046114	0.050059	-0.112997
1.673992	0.046186	0.050137	-0.113192
1.673273	0.046159	0.050193	-0.115570
1.672556	0.046449	0.050422	-0.113824
1.671839	0.046492	0.050459	-0.113652
1.671122	0.046712	0.050669	-0.113355
1.670407	0.046658	0.050703	-0.115860
1.669692	0.046275	0.050282	-0.114788
1.668978	0.046062	0.050060	-0.114519
1.668265	0.046179	0.050161	-0.114060
1.667552	0.046207	0.050246	-0.115709
1.666840	0.046233	0.050324	-0.117207
1.666129	0.046294	0.050374	-0.116871
1.665418	0.046287	0.050257	-0.113719
1.664709	0.046374	0.050309	-0.112738
1.664000	0.046286	0.050305	-0.115137
1.663292	0.046234	0.050330	-0.117356
1.662584	0.046392	0.050459	-0.116497
1.661877	0.046549	0.050678	-0.118299
1.661171	0.046645	0.050715	-0.116592
1.660466	0.046378	0.050412	-0.115569
1.659761	0.046263	0.050308	-0.115877
1.659057	0.046430	0.050552	-0.118091
1.658354	0.046532	0.050640	-0.117685
1.657651	0.046416	0.050526	-0.117764
1.656950	0.046336	0.050417	-0.116913
1.656249	0.046268	0.050308	-0.115731
1.655548	0.046417	0.050481	-0.116416
1.654848	0.046412	0.050492	-0.116863
1.654150	0.046336	0.050458	-0.118105
1.653451	0.046340	0.050443	-0.117546
1.652754	0.046243	0.050323	-0.116886
1.652057	0.046063	0.050191	-0.118267
1.651361	0.046176	0.050234	-0.116265
1.650665	0.046340	0.050411	-0.116621
1.649971	0.046337	0.050451	-0.117858
1.649277	0.046263	0.050447	-0.119846
1.648583	0.046206	0.050312	-0.117623
1.647891	0.046013	0.050081	-0.116541
1.647199	0.045964	0.050103	-0.118575
1.646508	0.045919	0.050023	-0.117585
1.645817	0.045676	0.049738	-0.116379
1.645127	0.045470	0.049591	-0.118062
1.644438	0.045415	0.049543	-0.118251
1.643750	0.045579	0.049682	-0.117517
1.643062	0.045698	0.049823	-0.118192
1.642375	0.045534	0.049604	-0.116590
1.641689	0.045212	0.049323	-0.117789
1.641003	0.045150	0.049208	-0.116253
1.640318	0.044839	0.049029	-0.120049
1.639634	0.044717	0.048834	-0.117944
1.638950	0.044682	0.048799	-0.117959
1.638267	0.044809	0.048940	-0.118348
1.637585	0.044825	0.048951	-0.118202
1.636903	0.044877	0.049003	-0.118185
1.636222	0.044641	0.048759	-0.117981
1.635542	0.044414	0.048574	-0.119169
1.634863	0.044595	0.048671	-0.116776
1.634184	0.044550	0.048662	-0.117800
1.633506	0.044680	0.048858	-0.119684
1.632828	0.044773	0.049005	-0.121233
1.632151	0.044820	0.048908	-0.117120
1.631475	0.044679	0.048795	-0.117911
1.630800	0.044359	0.048483	-0.118135
1.630125	0.044188	0.048293	-0.117579
1.629451	0.044078	0.048194	-0.117922
1.628778	0.044016	0.048172	-0.119072
1.628105	0.043846	0.048085	-0.121416
1.627433	0.043847	0.048047	-0.120310
1.626761	0.043786	0.047974	-0.119979
1.626091	0.043948	0.048124	-0.119636
1.625421	0.043983	0.048130	-0.118786
1.624751	0.044105	0.048276	-0.119484
1.624083	0.043997	0.048200	-0.120408
1.623414	0.043771	0.047941	-0.119452
1.622747	0.043647	0.047769	-0.118093
1.622080	0.043641	0.047801	-0.119176
1.621414	0.043680	0.047906	-0.121063
1.620749	0.043651	0.047867	-0.120770
1.620084	0.043425	0.047544	-0.117998
1.619420	0.043657	0.047767	-0.117750
1.618757	0.043927	0.048055	-0.118275
1.618094	0.043932	0.048128	-0.120224
1.617432	0.043748	0.048001	-0.121840
1.616770	0.043747	0.047954	-0.120498
1.616109	0.043591	0.047753	-0.119223
1.615449	0.043422	0.047608	-0.119911
1.614790	0.043450	0.047635	-0.119895
1.614131	0.043395	0.047664	-0.122312
1.613473	0.043451	0.047692	-0.121495
1.612815	0.043410	0.047604	-0.120150
1.612158	0.043003	0.047240	-0.121369
1.611502	0.042878	0.047095	-0.120808
1.610846	0.042914	0.047216	-0.123242
1.610191	0.042970	0.047178	-0.120549
1.609537	0.042888	0.047045	-0.119101
1.608883	0.042867	0.047130	-0.122120
1.608230	0.042938	0.047138	-0.120309
1.607578	0.042955	0.047194	-0.121445
1.606926	0.043015	0.047278	-0.122101
1.606275	0.043148	0.047335	-0.119949
1.605625	0.042989	0.047211	-0.120941
1.604975	0.043047	0.047248	-0.120347
1.604326	0.043241	0.047411	-0.119448
1.603677	0.043238	0.047488	-0.121757
1.603029	0.043280	0.047543	-0.122148
1.602382	0.043040	0.047239	-0.120291
1.601735	0.042922	0.047162	-0.121485
1.601089	0.043003	0.047261	-0.121993
1.600444	0.043042	0.047286	-0.121579
1.599799	0.043023	0.047203	-0.119736
1.599155	0.042865	0.047091	-0.121064
1.598512	0.042672	0.046952	-0.122603
1.597869	0.042650	0.046819	-0.119426
1.597227	0.042398	0.046588	-0.120041
1.596585	0.042238	0.046431	-0.120125
1.595944	0.041986	0.046295	-0.123430
1.595304	0.042006	0.046266	-0.122038
1.594664	0.041841	0.046141	-0.123180
1.594025	0.041890	0.046017	-0.118231
1.593386	0.041755	0.045962	-0.120528
1.592749	0.041531	0.045804	-0.122429
1.592111	0.041284	0.045403	-0.117994
1.591475	0.041099	0.045302	-0.120400
1.590839	0.041168	0.045427	-0.122013
1.590203	0.041470	0.045650	-0.119741
1.589569	0.041496	0.045713	-0.120812
1.588935	0.041351	0.045635	-0.122724
1.588301	0.041397	0.045628	-0.121208
1.587668	0.041166	0.045537	-0.125210
1.587036	0.041269	0.045445	-0.119629
1.586404	0.041290	0.045549	-0.122021
1.585773	0.041325	0.045608	-0.122681
1.585143	0.041344	0.045598	-0.121865
1.584513	0.041415	0.045654	-0.121423
1.583884	0.041357	0.045553	-0.120211
1.583255	0.041219	0.045435	-0.120759
1.582627	0.041072	0.045336	-0.122172
1.582000	0.040686	0.044980	-0.123015
1.581373	0.040695	0.044915	-0.120911
1.580747	0.040749	0.045036	-0.122818
1.580121	0.040830	0.045135	-0.123337
1.579496	0.040985	0.045259	-0.122463
1.578872	0.040988	0.045213	-0.121051
1.578248	0.040918	0.045167	-0.121736
1.577625	0.040772	0.045095	-0.123860
1.577002	0.040707	0.044882	-0.119617
1.576380	0.040734	0.044928	-0.120149
1.575759	0.040761	0.044905	-0.118701
1.575138	0.040657	0.044907	-0.121763
1.574518	0.040668	0.044814	-0.118776
1.573899	0.040759	0.045064	-0.123340
1.573280	0.040595	0.044848	-0.121848
1.572661	0.040598	0.044849	-0.121796
1.572044	0.040708	0.044865	-0.119082
1.571426	0.040785	0.045066	-0.122654
1.570810	0.040589	0.044886	-0.123108
1.570194	0.040286	0.044672	-0.125657
1.569578	0.040513	0.044687	-0.119567
1.568964	0.040841	0.045056	-0.120744
1.568349	0.040834	0.045071	-0.121387
1.567736	0.040800	0.045090	-0.122909
1.567123	0.040817	0.045160	-0.124421
1.566510	0.040635	0.044798	-0.119266
1.565899	0.040345	0.044617	-0.122398
1.565287	0.040233	0.044461	-0.121113
1.564677	0.040104	0.044300	-0.120220
1.564066	0.040111	0.044396	-0.122751
1.563457	0.040354	0.044506	-0.118956
1.562848	0.040571	0.044864	-0.122987
1.562240	0.040851	0.045063	-0.120672
1.561632	0.040908	0.045182	-0.122441
1.561025	0.040949	0.045109	-0.119165
1.560418	0.040946	0.045047	-0.117482
1.559812	0.040723	0.044898	-0.119594
1.559207	0.040557	0.044763	-0.120490
1.558602	0.040332	0.044579	-0.121651
1.557997	0.040310	0.044578	-0.122283
1.557394	0.040534	0.044751	-0.120819
1.556791	0.040613	0.044870	-0.121959
1.556188	0.040547	0.044776	-0.121151
1.555586	0.040333	0.044574	-0.121491
1.554985	0.040426	0.044618	-0.120119
1.554384	0.040492	0.044714	-0.120959
1.553783	0.040698	0.044959	-0.122051
1.553184	0.040825	0.045013	-0.119986
1.552585	0.040566	0.044734	-0.119396
1.551986	0.040571	0.044852	-0.122641
1.551388	0.040612	0.044891	-0.122578
1.550791	0.040660	0.044876	-0.120775
1.550194	0.040635	0.044804	-0.119443
1.549597	0.040683	0.044906	-0.120969
1.549002	0.040575	0.044775	-0.120337
1.548406	0.040553	0.044765	-0.120675
1.547812	0.040656	0.044815	-0.119157
1.547218	0.040195	0.044391	-0.120208
1.546624	0.040085	0.044363	-0.122559
1.546031	0.040252	0.044386	-0.118451
1.545439	0.040478	0.044705	-0.121102
1.544847	0.040529	0.044740	-0.120632
1.544256	0.040604	0.044878	-0.122420
1.543665	0.040622	0.044801	-0.119727
1.543075	0.040966	0.045097	-0.118340
1.542486	0.041023	0.045240	-0.120807
1.541897	0.041095	0.045281	-0.119931
1.541308	0.040813	0.045105	-0.122952
1.540720	0.040786	0.044978	-0.120097
1.540133	0.040832	0.045078	-0.121654
1.539546	0.040752	0.045036	-0.122710
1.538960	0.040827	0.044978	-0.118901
1.538374	0.040873	0.045049	-0.119625
1.537789	0.040932	0.045049	-0.117934
1.537204	0.041097	0.045175	-0.116838
1.536620	0.041215	0.045406	-0.120071
1.536037	0.041302	0.045444	-0.118664
1.535454	0.041428	0.045616	-0.119978
1.534872	0.041618	0.045703	-0.117010
1.534290	0.041525	0.045763	-0.121433
1.533708	0.041531	0.045630	-0.117418
1.533128	0.041394	0.045609	-0.120739
1.532548	0.041591	0.045653	-0.116364
1.531968	0.041819	0.046055	-0.121348
1.531389	0.041974	0.046078	-0.117587
1.530810	0.041997	0.046209	-0.120654
1.530232	0.041828	0.046225	-0.125947
1.529655	0.041891	0.046093	-0.120381
1.529078	0.041730	0.045964	-0.121281
1.528501	0.042030	0.046088	-0.116251
1.527925	0.042176	0.046361	-0.119879
1.527350	0.042110	0.046287	-0.119669
1.526775	0.041946	0.046113	-0.119390
1.526201	0.042162	0.046296	-0.118429
1.525627	0.042184	0.046334	-0.118905
1.525054	0.042451	0.046653	-0.120376
1.524481	0.042666	0.046850	-0.119869
1.523909	0.042671	0.046806	-0.118448
1.523338	0.042783	0.047135	-0.124686
1.522767	0.042808	0.047003	-0.120180
1.522196	0.042770	0.046889	-0.118014
1.521626	0.042581	0.046685	-0.117579
1.521057	0.042481	0.046640	-0.119141
1.520488	0.042271	0.046424	-0.118973
1.519919	0.042185	0.046495	-0.123475
1.519351	0.042425	0.046618	-0.120134
1.518784	0.042827	0.046952	-0.118186
1.518217	0.042971	0.047059	-0.117092
1.517651	0.043049	0.047236	-0.119934
1.517085	0.043283	0.047352	-0.116569
1.516520	0.043460	0.047521	-0.116333
1.515955	0.043472	0.047565	-0.117245
1.515391	0.043501	0.047535	-0.115544
1.514827	0.043465	0.047495	-0.115453
1.514264	0.043434	0.047503	-0.116548
1.513702	0.043655	0.047677	-0.115225
1.513139	0.043755	0.047965	-0.120606
1.512578	0.043863	0.048005	-0.118671
1.512017	0.043894	0.047858	-0.113569
1.511456	0.043572	0.047687	-0.117886
1.510896	0.043769	0.047830	-0.116346
1.510337	0.043976	0.048031	-0.116182
1.509778	0.044373	0.048479	-0.117633
1.509219	0.044697	0.048809	-0.117815
1.508661	0.044600	0.048679	-0.116846
1.508104	0.044424	0.048454	-0.115447
1.507547	0.044268	0.048348	-0.116890
1.506990	0.044501	0.048579	-0.116808
1.506435	0.044489	0.048679	-0.120024
1.505879	0.044579	0.048793	-0.120724
1.505324	0.044805	0.048948	-0.118691
1.504770	0.045045	0.049119	-0.116725
1.504216	0.045237	0.049206	-0.113698
1.503663	0.045422	0.049481	-0.116290
1.503110	0.045782	0.049740	-0.113399
1.502558	0.045624	0.049735	-0.117758
1.502006	0.045292	0.049340	-0.115976
1.501454	0.045126	0.049413	-0.122821
1.500904	0.045316	0.049395	-0.116848
1.500353	0.045430	0.049519	-0.117150
1.499803	0.045477	0.049444	-0.113644
1.499254	0.045481	0.049679	-0.120269
1.498705	0.045626	0.049643	-0.115088
1.498157	0.045511	0.049568	-0.116219
1.497609	0.045758	0.049843	-0.117035
1.497062	0.045881	0.049810	-0.112541
1.496515	0.046090	0.049973	-0.111241
1.495969	0.046097	0.050153	-0.116185
1.495423	0.046111	0.050269	-0.119144
1.494878	0.046482	0.050494	-0.114929
1.494333	0.046516	0.050579	-0.116391
1.493789	0.046400	0.050544	-0.118732
1.493245	0.046547	0.050561	-0.114995
1.492702	0.046618	0.050672	-0.116145
1.492159	0.046505	0.050753	-0.121699
1.491617	0.046649	0.050681	-0.115507
1.491075	0.046413	0.050595	-0.119795
1.490533	0.046443	0.050342	-0.111715
1.489993	0.046326	0.050234	-0.111952
1.489452	0.046560	0.050624	-0.116428
1.488912	0.046761	0.050917	-0.119045
1.488373	0.046862	0.050875	-0.114966
1.487834	0.046955	0.050982	-0.115360
1.487296	0.047067	0.051143	-0.116758
1.486758	0.047139	0.051112	-0.113800
1.486221	0.047378	0.051153	-0.108157
1.485684	0.047628	0.051460	-0.109777
1.485147	0.047752	0.051686	-0.112704
1.484611	0.047783	0.051663	-0.111162
1.484076	0.047783	0.051734	-0.113194
1.483541	0.047802	0.051822	-0.115164
1.483007	0.048078	0.051896	-0.109382
1.482473	0.048220	0.052093	-0.110966
1.481939	0.048534	0.052266	-0.106915
1.481406	0.048482	0.052443	-0.113454
1.480874	0.048437	0.052344	-0.111952
1.480341	0.048305	0.052213	-0.111971
1.479810	0.048033	0.052154	-0.118045
1.479279	0.048219	0.052143	-0.112417
1.478748	0.048466	0.052485	-0.115133
1.478218	0.048859	0.052674	-0.109284
1.477688	0.049167	0.052972	-0.109003
1.477159	0.049234	0.053439	-0.120466
1.476631	0.049027	0.053187	-0.119161
1.476102	0.049169	0.053270	-0.117471
1.475575	0.049456	0.053300	-0.110128
1.475047	0.049473	0.053513	-0.115733
1.474521	0.049606	0.053323	-0.106484
1.473994	0.049649	0.053595	-0.113056
1.473469	0.049742	0.053736	-0.114409
1.472943	0.050013	0.053607	-0.102959
1.472418	0.049733	0.053611	-0.111106
1.471894	0.049886	0.053642	-0.107607
1.471370	0.049947	0.053917	-0.113743
1.470846	0.050087	0.053898	-0.109181
1.470323	0.050106	0.054086	-0.114041
1.469801	0.049970	0.053767	-0.108780
1.469279	0.050054	0.053844	-0.108568
1.468757	0.050052	0.053800	-0.107363
1.468236	0.050022	0.053841	-0.109411
1.467716	0.049993	0.053711	-0.106523
1.467195	0.049874	0.053518	-0.104388
1.466676	0.049967	0.053711	-0.107265
1.466156	0.050206	0.054075	-0.110846
1.465638	0.050441	0.054522	-0.116914
1.465119	0.050809	0.054750	-0.112894
1.464601	0.050906	0.054796	-0.111453
1.464084	0.050965	0.054899	-0.112704
1.463567	0.051025	0.054797	-0.108083
1.463051	0.051088	0.054964	-0.111031
1.462535	0.051313	0.054848	-0.101293
1.462019	0.051276	0.054926	-0.104570
1.461504	0.051368	0.054975	-0.103333
1.460989	0.051094	0.055045	-0.113182
1.460475	0.051158	0.055190	-0.115501
1.459962	0.051521	0.055381	-0.110587
1.459448	0.051731	0.055344	-0.103524
1.458936	0.051645	0.055418	-0.108075
1.458423	0.051593	0.055309	-0.106431
1.457911	0.051883	0.055403	-0.100842
1.457400	0.052001	0.055657	-0.104740
1.456889	0.051999	0.055766	-0.107912
1.456379	0.052294	0.056001	-0.106188
1.455869	0.052020	0.055758	-0.107081
1.455359	0.051826	0.055636	-0.109154
1.454850	0.052095	0.055794	-0.105981
1.454341	0.052383	0.055967	-0.102676
1.453833	0.052275	0.055997	-0.106627
1.453325	0.052441	0.056159	-0.106514
1.452818	0.052498	0.055901	-0.097483
1.452311	0.052420	0.056221	-0.108877
1.451805	0.052695	0.056480	-0.108415
1.451299	0.052929	0.056618	-0.105664
1.450793	0.052991	0.056615	-0.103805
1.450288	0.053200	0.056740	-0.101423
1.449783	0.053466	0.056918	-0.098884
1.449279	0.053208	0.057217	-0.114846
1.448775	0.053683	0.057433	-0.107427
1.448272	0.053984	0.057583	-0.103119
1.447769	0.053625	0.057338	-0.106346
1.447267	0.053630	0.056806	-0.090996
1.446765	0.053507	0.056982	-0.099541
1.446263	0.053328	0.056913	-0.102700
1.445762	0.053125	0.056863	-0.107074
1.445262	0.053124	0.056780	-0.104715
1.444762	0.052800	0.056717	-0.112195
1.444262	0.053161	0.056755	-0.102958
1.443763	0.053374	0.057151	-0.108193
1.443264	0.053918	0.057329	-0.097741
1.442765	0.054021	0.057685	-0.104962
1.442267	0.054319	0.057676	-0.096171
1.441770	0.054398	0.058048	-0.104571
1.441273	0.054117	0.057890	-0.108083
1.440776	0.054055	0.057591	-0.101303
1.440280	0.053974	0.057609	-0.104129
1.439784	0.054097	0.057656	-0.101969
1.439289	0.054228	0.057706	-0.099633
1.438794	0.054362	0.057890	-0.101064
1.438299	0.054333	0.057928	-0.103005
1.437805	0.054557	0.058011	-0.098937
1.437312	0.054497	0.058052	-0.101852
1.436819	0.055027	0.058232	-0.091800
1.436326	0.054916	0.058444	-0.101069
1.435834	0.055076	0.058627	-0.101736
1.435342	0.054551	0.058467	-0.112195
1.434850	0.054848	0.058135	-0.094181
1.434359	0.055046	0.058451	-0.097540
1.433869	0.055224	0.058683	-0.099081
1.433379	0.055044	0.058399	-0.096135
1.432889	0.054827	0.058461	-0.104103
1.432400	0.054577	0.058265	-0.105654
1.431911	0.054268	0.057864	-0.103035
1.431422	0.054922	0.058306	-0.096963
1.430934	0.055284	0.058491	-0.091867
1.430447	0.055021	0.058855	-0.109848
1.429960	0.055332	0.058720	-0.097053
1.429473	0.055090	0.058722	-0.104055
1.428987	0.055069	0.058745	-0.105312
1.428501	0.055113	0.058607	-0.100081
1.428015	0.054906	0.058339	-0.098345
1.427530	0.055238	0.058513	-0.093805
1.427046	0.055449	0.058693	-0.092912
1.426561	0.055550	0.059069	-0.100796
1.426078	0.055515	0.059101	-0.102734
1.425594	0.055712	0.059369	-0.104770
1.425111	0.055739	0.059223	-0.099819
1.424629	0.055720	0.059338	-0.103637
1.424147	0.055758	0.058954	-0.091555
1.423665	0.055253	0.059289	-0.115635
1.423184	0.055472	0.058920	-0.098777
1.422703	0.055187	0.058625	-0.098487
1.422223	0.055055	0.058637	-0.102600
1.421743	0.054724	0.058477	-0.107509
1.421263	0.054522	0.058142	-0.103704
1.420784	0.054792	0.058019	-0.092435
1.420306	0.055227	0.058518	-0.094285
1.419827	0.055327	0.058921	-0.102964
1.419349	0.055380	0.059005	-0.103841
1.418872	0.055559	0.059176	-0.103621
1.418395	0.055360	0.058838	-0.099637
1.417918	0.055251	0.058711	-0.099131
1.417442	0.055293	0.058998	-0.106136
1.416966	0.055151	0.058456	-0.094676
1.416491	0.055061	0.058333	-0.093730
1.416016	0.055220	0.058517	-0.094432
1.415541	0.055061	0.058640	-0.102526
1.415067	0.055156	0.058979	-0.109513
1.414593	0.055168	0.058792	-0.103829
1.414120	0.054978	0.058565	-0.102768
1.413647	0.055153	0.058647	-0.100102
1.413174	0.055205	0.058647	-0.098611
1.412702	0.055212	0.058548	-0.095554
1.412231	0.054821	0.058834	-0.114982
1.411759	0.055295	0.058841	-0.101590
1.411288	0.054896	0.058007	-0.089136
1.410818	0.054794	0.058152	-0.096218
1.410348	0.054725	0.058189	-0.099238
1.409878	0.054845	0.058615	-0.107990
1.409409	0.055582	0.058468	-0.082681
1.408940	0.055443	0.058987	-0.101542
1.408472	0.055313	0.058402	-0.088510
1.408004	0.054805	0.058657	-0.110344
1.407536	0.055350	0.058741	-0.097151
1.407069	0.054964	0.058652	-0.105664
1.406602	0.055074	0.058750	-0.105316
1.406135	0.055186	0.058600	-0.097815
1.405669	0.055362	0.058193	-0.081096
1.405204	0.055099	0.058188	-0.088513
1.404738	0.054744	0.057992	-0.093046
1.404274	0.054870	0.058380	-0.100561
1.403809	0.054539	0.058100	-0.102004
1.403345	0.054861	0.058308	-0.098772
1.402882	0.054660	0.058108	-0.098769
1.402418	0.054714	0.058088	-0.096644
1.401955	0.054831	0.057942	-0.089110
1.401493	0.054377	0.057915	-0.101364
1.401031	0.054518	0.058086	-0.102214
1.400569	0.054273	0.057854	-0.102592
1.400108	0.054855	0.057925	-0.087943
1.399647	0.054661	0.057591	-0.083945
1.399187	0.054527	0.057927	-0.097395
1.398727	0.054462	0.057910	-0.098798
1.398267	0.054691	0.057980	-0.094221
1.397808	0.054495	0.057750	-0.093230
1.397349	0.054515	0.057769	-0.093217
1.396890	0.054537	0.057660	-0.089464
1.396432	0.054664	0.057961	-0.094426
1.395974	0.054581	0.057899	-0.095058
1.395517	0.054183	0.057776	-0.102955
1.395060	0.054691	0.057529	-0.081299
1.394604	0.054312	0.057501	-0.091363
1.394147	0.054077	0.057534	-0.099028
1.393692	0.054562	0.057802	-0.092835
1.393236	0.054610	0.057632	-0.086574
1.392781	0.054143	0.057658	-0.100703
1.392327	0.054342	0.057367	-0.086662
1.391873	0.054383	0.057412	-0.086766
1.391419	0.054138	0.057507	-0.096518
1.390965	0.053998	0.057385	-0.097030
1.390512	0.053969	0.057159	-0.091374
