6.542578	-0.054048	-0.054048	0.000000
6.529189	0.057455	0.057455	0.000000
6.515856	-1.116745	-1.112623	-0.118085
6.502578	-1.080812	-1.114765	0.972671
6.489355	-1.115494	-1.113249	-0.064328
6.476188	-1.082153	-1.099130	0.486379
6.463075	-1.097408	-1.114891	0.500836
6.450016	-1.102684	-1.116951	0.408710
6.437011	-1.107295	-1.122898	0.446983
6.424060	-1.099587	-1.095373	-0.120728
6.411162	-1.095793	-1.081779	-0.401446
6.398317	-1.096461	-1.093577	-0.082624
6.385525	-1.081983	-1.094142	0.348322
6.372785	-1.086466	-1.121486	1.003229
6.360096	-1.102283	-1.122225	0.571304
6.347460	-1.080203	-1.091351	0.319372
6.334875	-1.089601	-1.116692	0.776092
6.322341	-1.086202	-1.080579	-0.161097
6.309857	-1.071283	-1.089350	0.517580
6.297424	-1.072391	-1.069437	-0.084624
6.285042	-1.087123	-1.095129	0.229377
6.272709	-1.075436	-1.096291	0.597454
6.260425	-1.060232	-1.091714	0.901898
6.248191	-1.067900	-1.075951	0.230663
6.236005	-0.830194	-0.821985	-0.235172
6.223868	-0.504297	-0.499915	-0.125515
6.211780	-0.487750	-0.481570	-0.177044
6.199740	-0.487865	-0.478607	-0.265238
6.187747	-0.486142	-0.480205	-0.170081
6.175802	-0.485064	-0.478646	-0.183858
6.163904	-0.485818	-0.484725	-0.031326
6.152053	-0.483062	-0.482308	-0.021619
6.140248	-0.479730	-0.483074	0.095779
6.128490	-0.488266	-0.480845	-0.212609
6.116778	-0.480377	-0.478226	-0.061628
6.105112	-0.480444	-0.478770	-0.047975
6.093492	-0.476455	-0.479738	0.094074
6.081916	-0.485088	-0.484003	-0.031088
6.070386	-0.482900	-0.482104	-0.022780
6.058901	-0.482180	-0.478094	-0.117039
6.047460	-0.484838	-0.478217	-0.189673
6.036063	-0.485107	-0.479380	-0.164067
6.024710	-0.484095	-0.478731	-0.153688
6.013401	-0.481328	-0.478426	-0.083156
6.002135	-0.480137	-0.474653	-0.157105
5.990913	-0.479773	-0.474319	-0.156255
5.979734	-0.479075	-0.478633	-0.012655
5.968597	-0.477085	-0.479945	0.081938
5.957503	-0.472977	-0.476112	0.089824
5.946451	-0.480593	-0.481625	0.029558
5.935442	-0.477479	-0.480295	0.080689
5.924474	-0.482440	-0.477566	-0.139636
5.913547	-0.475560	-0.474771	-0.022620
5.902662	-0.475899	-0.475328	-0.016341
5.891818	-0.477871	-0.468750	-0.261294
5.881015	-0.469680	-0.474046	0.125066
5.870252	-0.473834	-0.472719	-0.031946
5.859530	-0.473290	-0.472334	-0.027397
5.848848	-0.467975	-0.465686	-0.065576
5.838205	-0.470630	-0.472351	0.049287
5.827603	-0.467569	-0.469957	0.068430
5.817040	-0.464049	-0.466192	0.061396
5.806516	-0.471574	-0.466713	-0.139248
5.796031	-0.468469	-0.465031	-0.098467
5.785586	-0.469160	-0.459712	-0.270643
5.775178	-0.467691	-0.461808	-0.168535
5.764810	-0.470473	-0.464920	-0.159086
5.754479	-0.468625	-0.466191	-0.069713
5.744186	-0.470067	-0.466348	-0.106557
5.733931	-0.465163	-0.467722	0.073299
5.723714	-0.466173	-0.461382	-0.137267
5.713534	-0.466202	-0.459793	-0.183609
5.703391	-0.465856	-0.461059	-0.137414
5.693285	-0.465563	-0.458656	-0.197887
5.683216	-0.458732	-0.455847	-0.082654
5.673184	-0.459806	-0.459152	-0.018735
5.663188	-0.456355	-0.457430	0.030804
5.653228	-0.450521	-0.452430	0.054687
5.643304	-0.449417	-0.445045	-0.125223
5.633415	-0.441667	-0.442523	0.024531
5.623562	-0.440235	-0.437467	-0.079304
5.613745	-0.428831	-0.425294	-0.101322
5.603963	-0.425457	-0.427678	0.063622
5.594216	-0.417244	-0.412868	-0.125342
5.584504	-0.408498	-0.406298	-0.063043
5.574826	-0.393806	-0.396777	0.085125
5.565183	-0.386836	-0.392231	0.154567
5.555574	-0.373837	-0.378529	0.134421
5.545999	-0.372662	-0.370591	-0.059329
5.536458	-0.363519	-0.364469	0.027206
5.526950	-0.356099	-0.353850	-0.064439
5.517477	-0.348927	-0.346009	-0.083594
5.508036	-0.342336	-0.339986	-0.067324
5.498629	-0.336628	-0.335850	-0.022300
5.489255	-0.329732	-0.327154	-0.073852
5.479914	-0.325747	-0.323598	-0.061550
5.470605	-0.318987	-0.317905	-0.031012
5.461329	-0.313854	-0.313465	-0.011136
5.452085	-0.307275	-0.309744	0.070720
5.442874	-0.302610	-0.301198	-0.040444
5.433694	-0.298355	-0.297281	-0.030769
5.424546	-0.292173	-0.292523	0.010048
5.415430	-0.285862	-0.286234	0.010679
5.406345	-0.284357	-0.282238	-0.060702
5.397292	-0.275559	-0.278213	0.076040
5.388270	-0.273583	-0.275251	0.047792
5.379279	-0.268718	-0.266973	-0.050005
5.370319	-0.262578	-0.262082	-0.014186
5.361389	-0.258133	-0.258979	0.024229
5.352490	-0.253399	-0.254993	0.045663
5.343621	-0.250548	-0.249624	-0.026469
5.334783	-0.246681	-0.247885	0.034499
5.325975	-0.244949	-0.245420	0.013495
5.317196	-0.242750	-0.239321	-0.098238
5.308448	-0.239131	-0.237923	-0.034630
5.299729	-0.233593	-0.232187	-0.040283
5.291039	-0.228446	-0.229155	0.020301
5.282379	-0.226557	-0.225078	-0.042377
5.273748	-0.222205	-0.219497	-0.077595
5.265146	-0.217743	-0.218207	0.013298
5.256573	-0.213852	-0.213957	0.003013
5.248029	-0.211197	-0.209880	-0.037745
5.239513	-0.206769	-0.206895	0.003628
5.231026	-0.203796	-0.203794	-0.000064
5.222567	-0.199537	-0.200947	0.040394
5.214136	-0.195161	-0.195295	0.003833
5.205733	-0.192201	-0.191838	-0.010409
5.197358	-0.189675	-0.189456	-0.006276
5.189011	-0.186202	-0.186142	-0.001723
5.180691	-0.184076	-0.183258	-0.023435
5.172399	-0.182441	-0.181614	-0.023682
5.164135	-0.177805	-0.177692	-0.003234
5.155897	-0.174606	-0.174576	-0.000859
5.147687	-0.173010	-0.172875	-0.003896
5.139503	-0.169654	-0.170030	0.010753
5.131346	-0.168392	-0.168517	0.003593
5.123216	-0.165291	-0.166344	0.030187
5.115113	-0.163094	-0.162548	-0.015653
5.107036	-0.162232	-0.161008	-0.035066
5.098985	-0.159053	-0.158701	-0.010077
5.090960	-0.155190	-0.156826	0.046859
5.082962	-0.153755	-0.152872	-0.025321
5.074989	-0.151446	-0.150849	-0.017108
5.067042	-0.149790	-0.148942	-0.024289
5.059121	-0.148290	-0.147565	-0.020771
5.051225	-0.145992	-0.145116	-0.025086
5.043355	-0.143246	-0.143720	0.013580
5.035510	-0.141942	-0.141931	-0.000323
5.027690	-0.139593	-0.138761	-0.023825
5.019895	-0.136988	-0.137384	0.011326
5.012126	-0.136602	-0.136609	0.000205
5.004381	-0.134805	-0.133877	-0.026585
4.996660	-0.132600	-0.132244	-0.010196
4.988964	-0.131258	-0.130281	-0.027974
4.981293	-0.129285	-0.128336	-0.027187
4.973646	-0.128578	-0.127283	-0.037099
4.966023	-0.125699	-0.125566	-0.003824
4.958425	-0.124802	-0.123465	-0.038325
4.950850	-0.122986	-0.122508	-0.013701
4.943299	-0.120942	-0.120871	-0.002033
4.935772	-0.119616	-0.119325	-0.008333
4.928269	-0.118206	-0.117811	-0.011309
4.920789	-0.117299	-0.116697	-0.017256
4.913333	-0.116712	-0.115355	-0.038877
4.905900	-0.114754	-0.114512	-0.006950
4.898490	-0.112713	-0.112455	-0.007378
4.891103	-0.111789	-0.111820	0.000889
4.883739	-0.110467	-0.109243	-0.035071
4.876399	-0.108716	-0.108473	-0.006946
4.869081	-0.108055	-0.107519	-0.015345
4.861785	-0.106647	-0.106675	0.000815
4.854512	-0.105852	-0.104757	-0.031373
4.847262	-0.105018	-0.104751	-0.007639
4.840034	-0.103657	-0.103493	-0.004699
4.832829	-0.103496	-0.102735	-0.021789
4.825645	-0.102189	-0.101489	-0.020033
4.818484	-0.101334	-0.101409	0.002150
4.811344	-0.101467	-0.101127	-0.009754
4.804227	-0.100435	-0.099874	-0.016057
4.797131	-0.100491	-0.100744	0.007237
4.790057	-0.100585	-0.099672	-0.026148
4.783004	-0.099829	-0.099285	-0.015584
4.775973	-0.099953	-0.098700	-0.035874
4.768963	-0.098159	-0.097926	-0.006676
4.761974	-0.097613	-0.096544	-0.030631
4.755007	-0.097616	-0.096406	-0.034665
4.748061	-0.096454	-0.095248	-0.034547
4.741136	-0.095480	-0.094506	-0.027918
4.734231	-0.094384	-0.093944	-0.012614
4.727348	-0.093924	-0.093308	-0.017641
4.720485	-0.093113	-0.092909	-0.005817
4.713642	-0.092847	-0.091815	-0.029565
4.706821	-0.091885	-0.090977	-0.025996
4.700019	-0.091400	-0.090480	-0.026334
4.693238	-0.090969	-0.089821	-0.032884
4.686478	-0.090321	-0.088954	-0.039161
4.679737	-0.089831	-0.088900	-0.026661
4.673016	-0.089595	-0.088270	-0.037969
4.666316	-0.087772	-0.087011	-0.021795
4.659635	-0.087347	-0.086381	-0.027671
4.652974	-0.086256	-0.085900	-0.010202
4.646333	-0.085927	-0.084847	-0.030930
4.639711	-0.084954	-0.084111	-0.024133
4.633109	-0.084107	-0.083620	-0.013932
4.626527	-0.084233	-0.082573	-0.047565
4.619963	-0.083284	-0.082136	-0.032893
4.613420	-0.082573	-0.081083	-0.042693
4.606895	-0.082232	-0.081174	-0.030336
4.600389	-0.081457	-0.080398	-0.030346
4.593902	-0.081809	-0.079842	-0.056369
4.587435	-0.081007	-0.079152	-0.053144
4.580986	-0.079678	-0.078377	-0.037267
4.574556	-0.078715	-0.077324	-0.039843
4.568145	-0.078182	-0.076962	-0.034952
4.561752	-0.077145	-0.076040	-0.031645
4.555378	-0.075710	-0.074307	-0.040169
4.549022	-0.075210	-0.074178	-0.029558
4.542685	-0.074708	-0.073200	-0.043183
4.536365	-0.074339	-0.072248	-0.059901
4.530065	-0.073190	-0.071676	-0.043368
4.523782	-0.072509	-0.071153	-0.038849
4.517517	-0.071523	-0.070131	-0.039868
4.511271	-0.070741	-0.069599	-0.032701
4.505042	-0.070559	-0.069139	-0.040684
4.498831	-0.070288	-0.068478	-0.051861
4.492638	-0.069663	-0.068087	-0.045155
4.486462	-0.069231	-0.067842	-0.039777
4.480304	-0.069245	-0.067944	-0.037262
4.474164	-0.068850	-0.067574	-0.036549
4.468041	-0.069281	-0.067841	-0.041264
4.461935	-0.069114	-0.067326	-0.051198
4.455847	-0.069842	-0.067939	-0.054526
4.449776	-0.069491	-0.067826	-0.047711
4.443722	-0.070110	-0.068055	-0.058869
4.437686	-0.070312	-0.068514	-0.051503
4.431666	-0.070002	-0.068400	-0.045905
4.425663	-0.070178	-0.068301	-0.053785
4.419677	-0.069813	-0.067992	-0.052184
4.413708	-0.069317	-0.067674	-0.047092
4.407755	-0.069605	-0.067652	-0.055973
4.401820	-0.068792	-0.067217	-0.045125
4.395901	-0.068502	-0.066736	-0.050581
4.389998	-0.067989	-0.066378	-0.046178
4.384112	-0.067887	-0.066002	-0.053994
4.378242	-0.067333	-0.065290	-0.058537
4.372389	-0.066426	-0.065062	-0.039080
4.366551	-0.066826	-0.065035	-0.051285
4.360730	-0.066574	-0.064614	-0.056157
4.354925	-0.066231	-0.064803	-0.040903
4.349136	-0.066593	-0.064210	-0.068283
4.343364	-0.066864	-0.064999	-0.053450
4.337607	-0.066592	-0.064917	-0.047995
4.331865	-0.067010	-0.064769	-0.064201
4.326140	-0.066400	-0.064249	-0.061616
4.320430	-0.065488	-0.063595	-0.054232
4.314736	-0.065071	-0.063007	-0.059122
4.309058	-0.063594	-0.061931	-0.047650
4.303395	-0.062694	-0.061263	-0.040987
4.297748	-0.061775	-0.059900	-0.053691
4.292116	-0.060372	-0.058255	-0.060640
4.286499	-0.058759	-0.056809	-0.055869
4.280898	-0.057993	-0.056548	-0.041392
4.275312	-0.056923	-0.054605	-0.066421
4.269741	-0.056034	-0.053861	-0.062243
4.264185	-0.054870	-0.052717	-0.061679
4.258644	-0.054327	-0.052167	-0.061860
4.253118	-0.053642	-0.051721	-0.055030
4.247607	-0.053126	-0.050788	-0.066962
4.242111	-0.052337	-0.050356	-0.056751
4.236629	-0.051916	-0.049984	-0.055356
4.231163	-0.051683	-0.049814	-0.053542
4.225711	-0.050870	-0.048871	-0.057257
4.220274	-0.050471	-0.048483	-0.056955
4.214851	-0.050439	-0.048201	-0.064125
4.209442	-0.049913	-0.047815	-0.060119
4.204049	-0.049911	-0.047914	-0.057208
4.198669	-0.049705	-0.047599	-0.060322
4.193304	-0.048798	-0.047234	-0.044816
4.187953	-0.048854	-0.046864	-0.057018
4.182616	-0.049008	-0.046563	-0.070056
4.177294	-0.048663	-0.046459	-0.063139
4.171985	-0.048445	-0.046365	-0.059584
4.166691	-0.047900	-0.045639	-0.064766
4.161411	-0.047656	-0.045591	-0.059154
4.156144	-0.047633	-0.045376	-0.064640
4.150892	-0.047297	-0.045181	-0.060640
4.145653	-0.047315	-0.044989	-0.066614
4.140428	-0.046774	-0.044571	-0.063107
4.135217	-0.047061	-0.044738	-0.066539
4.130019	-0.047022	-0.044492	-0.072469
4.124835	-0.046564	-0.044282	-0.065367
4.119665	-0.046834	-0.044650	-0.062563
4.114508	-0.046749	-0.044304	-0.070062
4.109364	-0.046457	-0.044177	-0.065310
4.104234	-0.046481	-0.044325	-0.061773
4.099117	-0.046656	-0.044216	-0.069907
4.094014	-0.046827	-0.044599	-0.063820
4.088924	-0.047096	-0.044787	-0.066149
4.083846	-0.046599	-0.044504	-0.060024
4.078783	-0.046689	-0.044683	-0.057487
4.073732	-0.047047	-0.044660	-0.068383
4.068694	-0.046684	-0.044700	-0.056842
4.063669	-0.047120	-0.044679	-0.069939
4.058657	-0.046491	-0.044282	-0.063303
4.053658	-0.045607	-0.043225	-0.068239
4.048672	-0.045311	-0.043054	-0.064658
4.043699	-0.044929	-0.042466	-0.070560
4.038738	-0.043855	-0.041483	-0.067962
4.033790	-0.043152	-0.040713	-0.069865
4.028855	-0.042839	-0.040404	-0.069749
4.023933	-0.042221	-0.039930	-0.065647
4.019022	-0.041911	-0.039539	-0.067935
4.014125	-0.041161	-0.038797	-0.067743
4.009240	-0.040659	-0.038508	-0.061644
4.004367	-0.040162	-0.038032	-0.061022
3.999506	-0.040167	-0.037870	-0.065791
3.994658	-0.040015	-0.037865	-0.061589
3.989823	-0.040192	-0.037981	-0.063334
3.984999	-0.040666	-0.038202	-0.070585
3.980187	-0.040445	-0.038341	-0.060284
3.975388	-0.040449	-0.038053	-0.068637
3.970601	-0.040736	-0.038394	-0.067114
3.965826	-0.040465	-0.038524	-0.055607
3.961063	-0.040438	-0.037886	-0.073110
3.956311	-0.039913	-0.037623	-0.065611
3.951572	-0.039551	-0.037053	-0.071569
3.946844	-0.038489	-0.036417	-0.059360
3.942129	-0.037835	-0.035873	-0.056215
3.937425	-0.037373	-0.035104	-0.065000
3.932733	-0.036805	-0.034001	-0.080330
3.928052	-0.036604	-0.034043	-0.073365
3.923383	-0.036033	-0.033747	-0.065484
3.918726	-0.035853	-0.033474	-0.068141
3.914080	-0.035887	-0.033324	-0.073433
3.909446	-0.035594	-0.033222	-0.067939
3.904823	-0.035388	-0.033018	-0.067906
3.900212	-0.035111	-0.032780	-0.066774
3.895612	-0.035141	-0.032969	-0.062230
3.891023	-0.034862	-0.032556	-0.066053
3.886446	-0.034724	-0.032329	-0.068593
3.881880	-0.034679	-0.032172	-0.071831
3.877325	-0.034445	-0.032038	-0.068970
3.872781	-0.034565	-0.032183	-0.068253
3.868249	-0.034673	-0.032248	-0.069454
3.863727	-0.034331	-0.031964	-0.067806
3.859217	-0.034294	-0.031705	-0.074182
3.854718	-0.034048	-0.031843	-0.063168
3.850229	-0.033866	-0.031616	-0.064479
3.845752	-0.033806	-0.031397	-0.069013
3.841285	-0.033724	-0.031343	-0.068210
3.836829	-0.033683	-0.031020	-0.076285
3.832384	-0.033165	-0.030845	-0.066452
3.827950	-0.032903	-0.030743	-0.061883
3.823527	-0.032700	-0.030499	-0.063044
3.819114	-0.032376	-0.030296	-0.059597
3.814712	-0.032483	-0.030345	-0.061237
3.810321	-0.032241	-0.029769	-0.070828
3.805940	-0.031948	-0.029840	-0.060394
3.801570	-0.032177	-0.029674	-0.071712
3.797210	-0.031857	-0.029642	-0.063466
3.792860	-0.031526	-0.029236	-0.065598
3.788522	-0.031337	-0.028969	-0.067826
3.784193	-0.031135	-0.028748	-0.068386
3.779875	-0.031039	-0.028427	-0.074824
3.775567	-0.030607	-0.028294	-0.066251
3.771269	-0.030572	-0.028146	-0.069517
3.766982	-0.030289	-0.027935	-0.067437
3.762705	-0.030117	-0.027566	-0.073094
3.758438	-0.029713	-0.027252	-0.070482
3.754181	-0.029472	-0.027208	-0.064863
3.749935	-0.029590	-0.027227	-0.067694
3.745698	-0.029178	-0.026905	-0.065135
3.741472	-0.028875	-0.026405	-0.070762
3.737255	-0.028634	-0.026303	-0.066772
3.733048	-0.028629	-0.026081	-0.073004
3.728852	-0.028192	-0.025761	-0.069643
3.724665	-0.028327	-0.025789	-0.072699
3.720488	-0.028351	-0.025903	-0.070131
3.716321	-0.027900	-0.025460	-0.069886
3.712163	-0.027856	-0.025411	-0.070030
3.708016	-0.027616	-0.025359	-0.064632
3.703878	-0.027976	-0.025487	-0.071293
3.699750	-0.028037	-0.025654	-0.068271
3.695631	-0.027995	-0.025752	-0.064270
3.691522	-0.027777	-0.025571	-0.063205
3.687423	-0.027693	-0.025389	-0.066007
3.683333	-0.027615	-0.025326	-0.065584
3.679253	-0.027828	-0.025353	-0.070899
3.675182	-0.027683	-0.025302	-0.068196
3.671120	-0.027534	-0.025088	-0.070095
3.667069	-0.027416	-0.025033	-0.068289
3.663026	-0.027139	-0.024689	-0.070195
3.658993	-0.026500	-0.024000	-0.071618
3.654969	-0.026173	-0.023618	-0.073199
3.650954	-0.025872	-0.023536	-0.066921
3.646949	-0.026008	-0.023685	-0.066553
3.642953	-0.026413	-0.024159	-0.064595
3.638966	-0.026870	-0.024342	-0.072413
3.634988	-0.027077	-0.024655	-0.069385
3.631020	-0.027187	-0.024864	-0.066552
3.627060	-0.027177	-0.024926	-0.064480
3.623110	-0.026983	-0.024790	-0.062803
3.619168	-0.026532	-0.024207	-0.066609
3.615236	-0.025932	-0.023554	-0.068128
3.611312	-0.025384	-0.023076	-0.066117
3.607398	-0.024898	-0.022510	-0.068417
3.603492	-0.024532	-0.022115	-0.069242
3.599596	-0.024456	-0.022052	-0.068853
3.595708	-0.024466	-0.022021	-0.070058
3.591829	-0.024626	-0.022097	-0.072465
3.587959	-0.024799	-0.022251	-0.072985
3.584097	-0.024593	-0.022394	-0.062981
3.580244	-0.025149	-0.022642	-0.071838
3.576400	-0.024808	-0.022218	-0.074187
3.572565	-0.024579	-0.022055	-0.072309
3.568738	-0.024221	-0.022087	-0.061121
3.564920	-0.023964	-0.021686	-0.065266
3.561111	-0.023690	-0.021329	-0.067629
3.557310	-0.023482	-0.020880	-0.074552
3.553517	-0.023259	-0.020943	-0.066358
3.549734	-0.023363	-0.020818	-0.072895
3.545958	-0.022887	-0.020608	-0.065302
3.542191	-0.022747	-0.020510	-0.064102
3.538433	-0.022742	-0.020316	-0.069485
3.534683	-0.022523	-0.020123	-0.068744
3.530941	-0.022509	-0.020089	-0.069332
3.527207	-0.022724	-0.020157	-0.073545
3.523482	-0.022632	-0.020133	-0.071602
3.519765	-0.022549	-0.020328	-0.063613
3.516057	-0.022681	-0.020254	-0.069549
3.512356	-0.022710	-0.020111	-0.074442
3.508664	-0.022624	-0.020165	-0.070443
3.504980	-0.022916	-0.020529	-0.068376
3.501304	-0.022743	-0.020525	-0.063548
3.497636	-0.022993	-0.020639	-0.067432
3.493977	-0.023100	-0.020741	-0.067579
3.490325	-0.023112	-0.020776	-0.066922
3.486682	-0.023172	-0.020600	-0.073678
3.483046	-0.023045	-0.020478	-0.073535
3.479419	-0.022676	-0.020016	-0.076187
3.475799	-0.022434	-0.020002	-0.069680
3.472187	-0.022134	-0.019838	-0.065757
3.468583	-0.021849	-0.019363	-0.071245
3.464988	-0.021591	-0.019358	-0.063976
3.461400	-0.021153	-0.018770	-0.068270
3.457819	-0.020707	-0.018060	-0.075830
3.454247	-0.020325	-0.017973	-0.067408
3.450682	-0.020285	-0.017636	-0.075882
3.447125	-0.019918	-0.017349	-0.073590
3.443576	-0.019749	-0.017234	-0.072042
3.440035	-0.019468	-0.016872	-0.074380
3.436501	-0.019291	-0.017071	-0.063583
3.432975	-0.019301	-0.016781	-0.072206
3.429457	-0.019252	-0.016901	-0.067352
3.425946	-0.019471	-0.016959	-0.071960
3.422442	-0.019440	-0.017033	-0.068964
3.418947	-0.019793	-0.017282	-0.071931
3.415459	-0.019769	-0.017403	-0.067783
3.411978	-0.020068	-0.017396	-0.076552
3.408505	-0.019795	-0.017101	-0.077157
3.405039	-0.019617	-0.017102	-0.072047
3.401581	-0.019261	-0.016873	-0.068396
3.398130	-0.019319	-0.016806	-0.071996
3.394686	-0.019008	-0.016524	-0.071141
3.391250	-0.018841	-0.016466	-0.068018
3.387821	-0.018556	-0.016037	-0.072159
3.384400	-0.018262	-0.015517	-0.078632
3.380986	-0.017732	-0.015253	-0.071036
3.377579	-0.017589	-0.014924	-0.076359
3.374179	-0.017448	-0.015070	-0.068109
3.370787	-0.017357	-0.014925	-0.069687
3.367401	-0.017456	-0.014835	-0.075085
3.364023	-0.017534	-0.014918	-0.074928
3.360652	-0.017565	-0.015126	-0.069867
3.357289	-0.017555	-0.015101	-0.070287
3.353932	-0.017699	-0.015189	-0.071916
3.350582	-0.018241	-0.015797	-0.069987
3.347240	-0.018241	-0.015747	-0.071446
3.343904	-0.018596	-0.015855	-0.078520
3.340576	-0.018769	-0.016213	-0.073214
3.337255	-0.019134	-0.016428	-0.077505
3.333940	-0.019126	-0.016269	-0.081829
3.330633	-0.019355	-0.016599	-0.078962
3.327332	-0.019295	-0.016577	-0.077878
3.324038	-0.019301	-0.016506	-0.080072
3.320752	-0.019282	-0.016319	-0.084879
3.317472	-0.018782	-0.016146	-0.075521
3.314199	-0.018723	-0.015880	-0.081435
3.310933	-0.018183	-0.015439	-0.078621
3.307673	-0.017822	-0.015174	-0.075856
3.304421	-0.017202	-0.014699	-0.071714
3.301175	-0.017000	-0.014224	-0.079506
3.297936	-0.016480	-0.013924	-0.073244
3.294703	-0.016155	-0.013196	-0.084742
3.291478	-0.015866	-0.013192	-0.076603
3.288259	-0.015526	-0.012799	-0.078123
3.285046	-0.015459	-0.012586	-0.082293
3.281841	-0.015137	-0.012356	-0.079687
3.278642	-0.015173	-0.012555	-0.075014
3.275449	-0.015209	-0.012540	-0.076450
3.272263	-0.015292	-0.012401	-0.082829
3.269084	-0.015046	-0.012420	-0.075226
3.265911	-0.015406	-0.012717	-0.077040
3.262745	-0.015425	-0.012912	-0.071995
3.259585	-0.015635	-0.012876	-0.079027
3.256432	-0.015675	-0.013015	-0.076222
3.253285	-0.015637	-0.013023	-0.074889
3.250145	-0.015632	-0.012795	-0.081283
3.247011	-0.015216	-0.012582	-0.075461
3.243883	-0.014794	-0.011984	-0.080481
3.240762	-0.014419	-0.011589	-0.081060
3.237647	-0.014099	-0.011271	-0.081016
3.234539	-0.013656	-0.010867	-0.079914
3.231437	-0.013572	-0.010838	-0.078342
3.228341	-0.013178	-0.010517	-0.076223
3.225251	-0.013046	-0.010322	-0.078031
3.222168	-0.013181	-0.010285	-0.082964
3.219091	-0.013041	-0.010136	-0.083214
3.216020	-0.013053	-0.010180	-0.082294
3.212956	-0.012639	-0.009919	-0.077916
3.209897	-0.012695	-0.009865	-0.081088
3.206845	-0.012402	-0.009640	-0.079127
3.203799	-0.012377	-0.009441	-0.084129
3.200759	-0.012028	-0.009199	-0.081042
3.197725	-0.011974	-0.009071	-0.083181
3.194697	-0.011693	-0.008739	-0.084629
3.191676	-0.011513	-0.008561	-0.084577
3.188660	-0.011399	-0.008466	-0.084022
3.185651	-0.011634	-0.008632	-0.086001
3.182647	-0.011653	-0.008674	-0.085325
3.179650	-0.011738	-0.008795	-0.084312
3.176658	-0.011761	-0.008657	-0.088931
3.173673	-0.011418	-0.008405	-0.086323
3.170693	-0.011125	-0.008018	-0.089010
3.167720	-0.010716	-0.007817	-0.083043
3.164752	-0.010378	-0.007307	-0.087979
3.161790	-0.009860	-0.006824	-0.086963
3.158834	-0.009170	-0.006082	-0.088445
3.155884	-0.008856	-0.005660	-0.091553
3.152940	-0.008410	-0.005401	-0.086202
3.150001	-0.008369	-0.005088	-0.093982
3.147069	-0.008396	-0.005521	-0.082373
3.144142	-0.008055	-0.005080	-0.085222
3.141221	-0.008142	-0.005009	-0.089732
3.138306	-0.007602	-0.004541	-0.087708
3.135396	-0.007685	-0.004396	-0.094209
3.132493	-0.007812	-0.004658	-0.090348
3.129595	-0.007176	-0.004309	-0.082132
3.126702	-0.006831	-0.003717	-0.089194
3.123816	-0.006969	-0.003855	-0.089205
3.120935	-0.006438	-0.003392	-0.087265
3.118059	-0.005974	-0.002854	-0.089365
3.115190	-0.005134	-0.002084	-0.087361
3.112326	-0.004539	-0.001428	-0.089099
3.109467	-0.004701	-0.001668	-0.086877
3.106614	-0.004275	-0.001064	-0.092009
3.103767	-0.004435	-0.001365	-0.087958
3.100925	-0.004247	-0.001040	-0.091870
3.098089	-0.003946	-0.000948	-0.085906
3.095258	-0.004045	-0.000859	-0.091278
3.092433	-0.003672	-0.000635	-0.087012
3.089613	-0.003581	-0.000456	-0.089524
3.086799	-0.003544	-0.000457	-0.088431
3.083990	-0.003347	-0.000075	-0.093721
3.081187	-0.002958	0.000048	-0.086119
3.078389	-0.003117	0.000181	-0.094474
3.075596	-0.002887	0.000234	-0.089409
3.072809	-0.002866	0.000410	-0.093874
3.070027	-0.002634	0.000601	-0.092688
3.067251	-0.002189	0.000982	-0.090859
3.064480	-0.002069	0.001075	-0.090094
3.061714	-0.001949	0.001249	-0.091627
3.058954	-0.001294	0.001903	-0.091592
3.056199	-0.000982	0.002215	-0.091583
3.053449	-0.001182	0.002012	-0.091476
3.050704	-0.001345	0.001920	-0.093549
3.047965	-0.001531	0.001711	-0.092857
3.045231	-0.001714	0.001588	-0.094597
3.042502	-0.001658	0.001693	-0.095992
3.039779	-0.001618	0.001922	-0.101426
3.037060	-0.001003	0.002298	-0.094563
3.034347	-0.000489	0.002822	-0.094836
3.031639	-0.000025	0.003082	-0.088993
3.028936	-0.000074	0.003169	-0.092927
3.026238	0.000259	0.003688	-0.098240
3.023545	0.000562	0.003805	-0.092921
3.020858	0.000349	0.003839	-0.099985
3.018175	0.000637	0.004012	-0.096695
3.015498	0.000936	0.004049	-0.089198
3.012826	0.001038	0.004419	-0.096869
3.010158	0.001344	0.004823	-0.099676
3.007496	0.001632	0.004994	-0.096325
3.004839	0.002062	0.005294	-0.092586
3.002187	0.002344	0.005671	-0.095326
2.999540	0.002823	0.006264	-0.098580
2.996897	0.002848	0.006281	-0.098351
2.994260	0.003286	0.006447	-0.090561
2.991628	0.003084	0.006361	-0.093879
2.989000	0.003363	0.006713	-0.095985
2.986378	0.003295	0.006787	-0.100060
2.983760	0.003593	0.007065	-0.099448
2.981148	0.003722	0.007244	-0.100885
2.978540	0.004103	0.007406	-0.094628
2.975937	0.004676	0.008130	-0.098937
2.973339	0.004681	0.008180	-0.100222
2.970746	0.004997	0.008287	-0.094250
2.968158	0.005435	0.008625	-0.091380
2.965574	0.005371	0.008772	-0.097413
2.962995	0.005766	0.009178	-0.097756
2.960421	0.006125	0.009700	-0.102423
2.957852	0.006599	0.009884	-0.094121
2.955288	0.007078	0.010410	-0.095443
2.952728	0.007087	0.010596	-0.100540
2.950173	0.007479	0.011013	-0.101239
2.947623	0.008125	0.011595	-0.099408
2.945078	0.008593	0.011940	-0.095871
2.942537	0.008892	0.012350	-0.099042
2.940001	0.009624	0.013170	-0.101598
2.937469	0.009835	0.013301	-0.099304
2.934943	0.009753	0.013229	-0.099583
2.932421	0.009798	0.013244	-0.098732
2.929903	0.009595	0.013200	-0.103283
2.927390	0.009777	0.013241	-0.099218
2.924882	0.009689	0.013224	-0.101252
2.922378	0.009489	0.012985	-0.100133
2.919879	0.009347	0.013007	-0.104860
2.917385	0.009611	0.013163	-0.101749
2.914895	0.009580	0.012923	-0.095763
2.912410	0.009354	0.012892	-0.101346
2.909929	0.009085	0.012620	-0.101256
2.907453	0.008816	0.012367	-0.101751
2.904981	0.008895	0.012507	-0.103492
2.902513	0.008983	0.012570	-0.102746
2.900051	0.009311	0.012809	-0.100217
2.897592	0.009124	0.012699	-0.102416
2.895138	0.009204	0.012723	-0.100808
2.892689	0.009120	0.012805	-0.105579
2.890244	0.009332	0.012851	-0.100795
2.887803	0.009743	0.013326	-0.102665
2.885367	0.009970	0.013522	-0.101771
2.882936	0.010485	0.013999	-0.100657
2.880508	0.010268	0.013830	-0.102039
2.878085	0.010120	0.013627	-0.100480
2.875667	0.009777	0.013341	-0.102087
2.873252	0.009258	0.012889	-0.104020
2.870842	0.008721	0.012288	-0.102202
2.868437	0.008260	0.011796	-0.101292
2.866036	0.008272	0.011919	-0.104500
2.863639	0.008594	0.012128	-0.101230
2.861246	0.009054	0.012610	-0.101856
2.858858	0.009866	0.013476	-0.103406
2.856474	0.010181	0.013693	-0.100605
2.854094	0.010537	0.014060	-0.100914
2.851718	0.010353	0.013901	-0.101645
2.849347	0.010796	0.014306	-0.100546
2.846980	0.011290	0.014943	-0.104639
2.844617	0.011619	0.015163	-0.101539
2.842258	0.012097	0.015715	-0.103649
2.839904	0.012830	0.016467	-0.104185
2.837553	0.013183	0.016725	-0.101486
2.835207	0.013780	0.017336	-0.101875
2.832865	0.014144	0.017788	-0.104399
2.830528	0.014729	0.018224	-0.100129
2.828194	0.015215	0.018833	-0.103646
2.825864	0.015723	0.019289	-0.102173
2.823539	0.016144	0.019727	-0.102626
2.821218	0.016435	0.020025	-0.102852
2.818901	0.016837	0.020429	-0.102911
2.816587	0.017095	0.020682	-0.102770
2.814278	0.017522	0.021102	-0.102559
2.811973	0.017655	0.021301	-0.104459
2.809673	0.018094	0.021646	-0.101774
2.807376	0.018522	0.022180	-0.104805
2.805083	0.018647	0.022306	-0.104821
2.802794	0.018668	0.022309	-0.104313
2.800509	0.018691	0.022313	-0.103768
2.798228	0.019020	0.022599	-0.102518
2.795952	0.018937	0.022630	-0.105788
2.793679	0.018940	0.022532	-0.102877
2.791410	0.018750	0.022457	-0.106183
2.789145	0.018439	0.022092	-0.104650
2.786884	0.018638	0.022280	-0.104329
2.784627	0.018402	0.022065	-0.104931
2.782374	0.018495	0.022135	-0.104294
2.780125	0.018623	0.022221	-0.103065
2.777880	0.018559	0.022242	-0.105523
2.775638	0.018769	0.022448	-0.105400
2.773401	0.019210	0.022892	-0.105490
2.771167	0.019635	0.023288	-0.104665
2.768938	0.020013	0.023717	-0.106105
2.766712	0.020502	0.024174	-0.105204
2.764490	0.021140	0.024859	-0.106535
2.762272	0.021955	0.025633	-0.105354
2.760058	0.022700	0.026398	-0.105930
2.757847	0.023308	0.027016	-0.106237
2.755640	0.024147	0.027828	-0.105453
2.753437	0.024810	0.028507	-0.105899
2.751238	0.025623	0.029285	-0.104909
2.749043	0.026231	0.029919	-0.105649
2.746852	0.026534	0.030239	-0.106148
2.744664	0.027035	0.030726	-0.105737
2.742480	0.027419	0.031133	-0.106401
2.740300	0.027588	0.031282	-0.105823
2.738123	0.027635	0.031365	-0.106852
2.735950	0.028034	0.031747	-0.106368
2.733781	0.028157	0.031860	-0.106073
2.731616	0.028060	0.031763	-0.106099
2.729454	0.027973	0.031656	-0.105502
2.727296	0.027978	0.031716	-0.107089
2.725142	0.027971	0.031672	-0.106014
2.722991	0.028057	0.031799	-0.107206
2.720844	0.028110	0.031848	-0.107075
2.718701	0.028025	0.031738	-0.106375
2.716561	0.028139	0.031862	-0.106674
2.714425	0.028008	0.031629	-0.103729
2.712293	0.028333	0.032010	-0.105349
2.710164	0.028423	0.032146	-0.106679
2.708039	0.028447	0.032165	-0.106511
2.705917	0.028654	0.032343	-0.105675
2.703799	0.028740	0.032448	-0.106252
2.701685	0.028934	0.032640	-0.106160
2.699574	0.028875	0.032559	-0.105546
2.697466	0.029107	0.032857	-0.107437
2.695363	0.029468	0.033181	-0.106369
2.693262	0.029619	0.033383	-0.107849
2.691166	0.030057	0.033768	-0.106339
2.689072	0.030080	0.033813	-0.106959
2.686983	0.030385	0.034112	-0.106771
2.684897	0.030463	0.034159	-0.105900
2.682814	0.030603	0.034331	-0.106785
2.680735	0.030888	0.034608	-0.106574
2.678659	0.031163	0.034910	-0.107360
2.676587	0.031249	0.034994	-0.107280
2.674518	0.031562	0.035302	-0.107167
2.672453	0.031722	0.035426	-0.106109
2.670391	0.031710	0.035426	-0.106467
2.668333	0.031900	0.035607	-0.106208
2.666278	0.032075	0.035822	-0.107338
2.664226	0.031994	0.035725	-0.106870
2.662178	0.032110	0.035866	-0.107597
2.660133	0.032431	0.036150	-0.106547
2.658092	0.032623	0.036372	-0.107406
2.656054	0.032541	0.036281	-0.107154
2.654019	0.032527	0.036286	-0.107683
2.651988	0.032794	0.036553	-0.107700
2.649960	0.032694	0.036423	-0.106808
2.647936	0.032624	0.036343	-0.106554
2.645915	0.032535	0.036323	-0.108528
2.643897	0.032457	0.036227	-0.108007
2.641882	0.032543	0.036273	-0.106846
2.639871	0.032508	0.036191	-0.105514
2.637863	0.032323	0.036043	-0.106578
2.635859	0.032280	0.036011	-0.106898
2.633857	0.032411	0.036137	-0.106733
2.631859	0.032240	0.035932	-0.105755
2.629865	0.031789	0.035506	-0.106504
2.627873	0.031572	0.035308	-0.107029
2.625885	0.031688	0.035424	-0.107030
2.623900	0.031167	0.034891	-0.106695
2.621919	0.030926	0.034626	-0.106012
2.619940	0.030402	0.034112	-0.106279
2.617965	0.030251	0.033938	-0.105615
2.615993	0.029548	0.033291	-0.107240
2.614025	0.029326	0.033044	-0.106516
2.612059	0.028845	0.032571	-0.106731
2.610097	0.028409	0.032135	-0.106759
2.608138	0.028138	0.031843	-0.106141
2.606182	0.027490	0.031163	-0.105222
2.604229	0.027078	0.030770	-0.105753
2.602280	0.026387	0.030093	-0.106162
2.600333	0.025543	0.029221	-0.105362
2.598390	0.024663	0.028359	-0.105903
2.596450	0.023974	0.027658	-0.105522
2.594513	0.022942	0.026637	-0.105849
2.592579	0.022516	0.026203	-0.105618
2.590648	0.021962	0.025651	-0.105699
2.588721	0.021511	0.025160	-0.104532
2.586796	0.021015	0.024717	-0.106060
2.584875	0.020670	0.024324	-0.104690
2.582957	0.020550	0.024225	-0.105297
2.581042	0.020619	0.024277	-0.104819
2.579130	0.020456	0.024149	-0.105800
2.577221	0.020156	0.023817	-0.104860
2.575315	0.020129	0.023838	-0.106266
2.573412	0.020368	0.024054	-0.105581
2.571512	0.020097	0.023816	-0.106541
2.569615	0.020344	0.024012	-0.105087
2.567722	0.020356	0.024044	-0.105648
2.565831	0.020535	0.024229	-0.105816
2.563943	0.020662	0.024359	-0.105923
2.562058	0.020410	0.024122	-0.106349
2.560177	0.020710	0.024421	-0.106298
2.558298	0.020762	0.024494	-0.106906
2.556423	0.020838	0.024529	-0.105767
2.554550	0.020879	0.024570	-0.105735
2.552680	0.021074	0.024757	-0.105496
2.550813	0.020727	0.024408	-0.105464
2.548950	0.020574	0.024294	-0.106571
2.547089	0.020630	0.024323	-0.105798
2.545231	0.020416	0.024145	-0.106820
2.543376	0.020281	0.023974	-0.105796
2.541524	0.020102	0.023819	-0.106482
2.539675	0.019873	0.023596	-0.106646
2.537829	0.019639	0.023342	-0.106080
2.535986	0.019444	0.023172	-0.106792
2.534146	0.019327	0.023071	-0.107260
2.532308	0.019158	0.022868	-0.106290
2.530474	0.019002	0.022738	-0.107042
2.528642	0.019001	0.022736	-0.107010
2.526814	0.018928	0.022658	-0.106854
2.524988	0.019107	0.022817	-0.106281
2.523165	0.019040	0.022778	-0.107091
2.521345	0.019243	0.022981	-0.107085
2.519528	0.019194	0.022919	-0.106722
2.517714	0.019551	0.023247	-0.105900
2.515902	0.019850	0.023574	-0.106689
2.514093	0.020246	0.023963	-0.106497
2.512288	0.020550	0.024267	-0.106463
2.510485	0.021280	0.024998	-0.106539
2.508684	0.021861	0.025573	-0.106342
2.506887	0.022560	0.026267	-0.106211
2.505092	0.023274	0.026942	-0.105094
2.503301	0.023996	0.027699	-0.106096
2.501512	0.025006	0.028691	-0.105547
2.499726	0.025754	0.029489	-0.107002
2.497942	0.027091	0.030793	-0.106054
2.496162	0.028095	0.031791	-0.105885
2.494384	0.028936	0.032642	-0.106171
2.492609	0.029879	0.033596	-0.106483
2.490836	0.030738	0.034470	-0.106910
2.489067	0.031279	0.034991	-0.106341
2.487300	0.031865	0.035587	-0.106632
2.485536	0.032567	0.036249	-0.105487
2.483774	0.032880	0.036558	-0.105386
2.482016	0.033392	0.037117	-0.106708
2.480260	0.033527	0.037236	-0.106249
2.478507	0.033809	0.037519	-0.106287
2.476756	0.034078	0.037778	-0.106004
2.475008	0.034204	0.037909	-0.106157
2.473263	0.034295	0.038004	-0.106258
2.471521	0.034329	0.038093	-0.107855
2.469781	0.034343	0.038070	-0.106766
2.468044	0.034615	0.038343	-0.106791
2.466309	0.034491	0.038205	-0.106393
2.464578	0.034739	0.038491	-0.107478
2.462848	0.034654	0.038364	-0.106276
2.461122	0.034973	0.038713	-0.107164
2.459398	0.034859	0.038611	-0.107467
2.457677	0.034697	0.038438	-0.107169
2.455958	0.034990	0.038708	-0.106486
2.454243	0.035051	0.038778	-0.106775
2.452529	0.035075	0.038794	-0.106557
2.450819	0.035190	0.038914	-0.106689
2.449111	0.035204	0.038940	-0.107015
2.447405	0.035243	0.038977	-0.106978
2.445702	0.035317	0.039051	-0.106964
2.444002	0.035196	0.038981	-0.108423
2.442304	0.035575	0.039325	-0.107433
2.440609	0.035614	0.039323	-0.106254
2.438917	0.035737	0.039518	-0.108319
2.437227	0.035792	0.039507	-0.106429
2.435539	0.036020	0.039720	-0.105975
2.433854	0.036268	0.040007	-0.107104
2.432172	0.036251	0.039978	-0.106782
2.430492	0.036417	0.040122	-0.106127
2.428815	0.036490	0.040224	-0.106991
2.427140	0.036595	0.040341	-0.107327
2.425468	0.036775	0.040486	-0.106326
2.423799	0.036946	0.040694	-0.107378
2.422131	0.037035	0.040774	-0.107110
2.420467	0.037205	0.040948	-0.107232
2.418805	0.037183	0.040918	-0.107012
2.417145	0.037336	0.041071	-0.107010
2.415488	0.037410	0.041120	-0.106294
2.413833	0.037415	0.041135	-0.106588
2.412181	0.037467	0.041189	-0.106645
2.410532	0.037593	0.041352	-0.107697
2.408884	0.037564	0.041310	-0.107310
2.407240	0.037721	0.041480	-0.107691
2.405598	0.037688	0.041425	-0.107082
2.403958	0.037743	0.041504	-0.107738
2.402320	0.037719	0.041460	-0.107181
2.400685	0.037738	0.041499	-0.107745
2.399053	0.037725	0.041483	-0.107661
2.397423	0.037882	0.041622	-0.107151
2.395795	0.037904	0.041637	-0.106937
2.394170	0.038033	0.041802	-0.107971
2.392547	0.038134	0.041898	-0.107819
2.390927	0.038267	0.042007	-0.107166
2.389309	0.038367	0.042068	-0.106021
2.387694	0.038598	0.042356	-0.107660
2.386081	0.038778	0.042554	-0.108190
2.384470	0.039018	0.042746	-0.106811
2.382861	0.039101	0.042856	-0.107573
2.381255	0.039286	0.043002	-0.106464
2.379652	0.039498	0.043247	-0.107409
2.378051	0.039714	0.043409	-0.105850
2.376452	0.039873	0.043609	-0.107040
2.374855	0.040006	0.043751	-0.107274
2.373261	0.040242	0.044004	-0.107772
2.371669	0.040390	0.044158	-0.107950
2.370080	0.040734	0.044468	-0.106968
2.368493	0.040898	0.044660	-0.107779
2.366908	0.041266	0.045016	-0.107432
2.365326	0.041483	0.045221	-0.107063
2.363745	0.041773	0.045522	-0.107394
2.362168	0.041903	0.045653	-0.107439
2.360592	0.042163	0.045965	-0.108901
2.359019	0.042305	0.046014	-0.106266
2.357448	0.042435	0.046217	-0.108336
2.355880	0.042515	0.046255	-0.107161
2.354313	0.042653	0.046410	-0.107640
2.352749	0.042765	0.046533	-0.107936
2.351188	0.042880	0.046657	-0.108183
2.349628	0.043040	0.046797	-0.107628
2.348071	0.043022	0.046791	-0.107963
2.346516	0.043061	0.046820	-0.107692
2.344964	0.043006	0.046778	-0.108077
2.343413	0.043064	0.046811	-0.107342
2.341865	0.043146	0.046914	-0.107954
2.340319	0.043208	0.046950	-0.107187
2.338776	0.043210	0.047021	-0.109173
2.337235	0.043265	0.047075	-0.109165
2.335695	0.043263	0.047037	-0.108127
2.334159	0.043161	0.046957	-0.108758
2.332624	0.043076	0.046831	-0.107595
2.331091	0.042908	0.046694	-0.108444
2.329561	0.042867	0.046635	-0.107950
2.328033	0.042808	0.046591	-0.108385
2.326508	0.042711	0.046501	-0.108570
2.324984	0.042780	0.046523	-0.107251
2.323463	0.042698	0.046449	-0.107446
2.321943	0.042412	0.046180	-0.107950
2.320426	0.042430	0.046204	-0.108131
2.318912	0.042408	0.046192	-0.108402
2.317399	0.042393	0.046153	-0.107710
2.315888	0.042290	0.046059	-0.107994
2.314380	0.042368	0.046125	-0.107610
2.312874	0.042337	0.046111	-0.108129
2.311370	0.042523	0.046308	-0.108435
2.309868	0.042713	0.046517	-0.108980
2.308369	0.043038	0.046808	-0.107981
2.306871	0.043314	0.047099	-0.108440
2.305376	0.043650	0.047423	-0.108074
2.303883	0.043906	0.047688	-0.108368
2.302392	0.044286	0.048095	-0.109106
2.300903	0.044610	0.048343	-0.106928
2.299416	0.044917	0.048705	-0.108527
2.297931	0.045098	0.048906	-0.109085
2.296449	0.045262	0.049079	-0.109343
2.294968	0.045278	0.049072	-0.108710
2.293490	0.045260	0.049068	-0.109070
2.292013	0.045345	0.049141	-0.108765
2.290539	0.045293	0.049108	-0.109300
2.289067	0.045287	0.049067	-0.108299
2.287597	0.045320	0.049147	-0.109636
2.286129	0.045356	0.049220	-0.110687
2.284664	0.045257	0.049032	-0.108166
2.283200	0.045286	0.049087	-0.108877
2.281738	0.045261	0.049065	-0.108985
2.280279	0.045260	0.049058	-0.108783
2.278821	0.045235	0.049075	-0.110008
2.277366	0.045191	0.049018	-0.109634
2.275912	0.045140	0.048953	-0.109247
2.274461	0.045235	0.049047	-0.109218
2.273012	0.045077	0.048928	-0.110330
2.271564	0.045134	0.048955	-0.109462
2.270119	0.045177	0.048972	-0.108723
2.268676	0.045214	0.049054	-0.110023
2.267235	0.045139	0.048988	-0.110262
2.265796	0.045196	0.049052	-0.110464
2.264359	0.045264	0.049120	-0.110444
2.262923	0.045271	0.049065	-0.108688
2.261490	0.045164	0.049049	-0.111274
2.260059	0.045019	0.048832	-0.109221
2.258630	0.044854	0.048651	-0.108786
2.257203	0.044688	0.048537	-0.110277
2.255778	0.044575	0.048431	-0.110485
2.254355	0.044396	0.048254	-0.110514
2.252934	0.044202	0.048030	-0.109670
2.251515	0.044105	0.047956	-0.110321
2.250098	0.044156	0.047988	-0.109756
2.248683	0.044403	0.048267	-0.110721
2.247269	0.044839	0.048660	-0.109472
2.245858	0.045476	0.049300	-0.109528
2.244449	0.046089	0.049946	-0.110495
2.243042	0.046605	0.050420	-0.109297
2.241636	0.046934	0.050777	-0.110084
2.240233	0.047164	0.050996	-0.109777
2.238832	0.047232	0.051065	-0.109817
2.237432	0.047138	0.051019	-0.111188
2.236035	0.047138	0.050998	-0.110608
2.234639	0.046926	0.050779	-0.110370
2.233245	0.046722	0.050559	-0.109924
2.231854	0.046535	0.050403	-0.110793
2.230464	0.046390	0.050238	-0.110238
2.229076	0.046353	0.050250	-0.111638
2.227690	0.046459	0.050313	-0.110410
2.226306	0.046513	0.050379	-0.110732
2.224924	0.046526	0.050397	-0.110895
2.223544	0.046471	0.050348	-0.111056
2.222165	0.046477	0.050310	-0.109820
2.220789	0.046501	0.050359	-0.110521
2.219414	0.046350	0.050174	-0.109543
2.218042	0.046240	0.050113	-0.110956
2.216671	0.046342	0.050187	-0.110169
2.215302	0.046421	0.050342	-0.112327
2.213935	0.046506	0.050389	-0.111240
2.212570	0.046597	0.050477	-0.111154
2.211207	0.046565	0.050477	-0.112077
2.209845	0.046559	0.050472	-0.112102
2.208486	0.046673	0.050576	-0.111817
2.207128	0.046786	0.050649	-0.110649
2.205772	0.046919	0.050831	-0.112087
2.204418	0.046921	0.050831	-0.111992
2.203066	0.046873	0.050750	-0.111083
2.201716	0.046905	0.050793	-0.111373
2.200367	0.046820	0.050713	-0.111504
2.199021	0.046777	0.050692	-0.112134
2.197676	0.046815	0.050709	-0.111568
2.196333	0.046778	0.050645	-0.110779
2.194992	0.046862	0.050738	-0.111034
2.193653	0.046948	0.050838	-0.111439
2.192315	0.047086	0.050997	-0.112019
2.190980	0.047088	0.051011	-0.112401
2.189646	0.047102	0.051054	-0.113239
2.188314	0.047071	0.051003	-0.112667
2.186984	0.047142	0.051071	-0.112556
2.185655	0.047146	0.051028	-0.111200
2.184328	0.047089	0.051005	-0.112187
2.183004	0.047189	0.051079	-0.111443
2.181681	0.047203	0.051109	-0.111913
2.180359	0.047285	0.051183	-0.111686
2.179040	0.047169	0.051068	-0.111705
2.177722	0.047074	0.050981	-0.111930
2.176406	0.047007	0.050911	-0.111845
2.175092	0.047073	0.050990	-0.112207
2.173780	0.047159	0.051081	-0.112367
2.172469	0.047174	0.051076	-0.111783
2.171160	0.047246	0.051197	-0.113192
2.169853	0.047293	0.051188	-0.111585
2.168548	0.047371	0.051281	-0.112006
2.167244	0.047453	0.051363	-0.112017
2.165943	0.047514	0.051462	-0.113111
2.164643	0.047600	0.051530	-0.112585
2.163344	0.047699	0.051655	-0.113306
2.162048	0.047765	0.051669	-0.111838
2.160753	0.047773	0.051697	-0.112415
2.159460	0.047930	0.051865	-0.112728
2.158168	0.048039	0.051983	-0.112988
2.156879	0.048025	0.051945	-0.112285
2.155591	0.048147	0.052085	-0.112815
2.154304	0.048041	0.051955	-0.112124
2.153020	0.047972	0.051907	-0.112727
2.151737	0.047917	0.051890	-0.113817
2.150456	0.048115	0.052055	-0.112895
2.149177	0.048176	0.052123	-0.113091
2.147899	0.048208	0.052193	-0.114178
2.146623	0.048119	0.052068	-0.113129
2.145349	0.048068	0.052052	-0.114140
2.144076	0.048099	0.052042	-0.112963
2.142805	0.048254	0.052253	-0.114562
2.141536	0.048297	0.052244	-0.113086
2.140268	0.048356	0.052347	-0.114318
2.139002	0.048501	0.052474	-0.113799
2.137738	0.048474	0.052481	-0.114791
2.136476	0.048673	0.052610	-0.112778
2.135215	0.048735	0.052711	-0.113905
2.133956	0.048925	0.052855	-0.112582
2.132698	0.048993	0.052961	-0.113662
2.131442	0.049008	0.052964	-0.113333
2.130188	0.048900	0.052850	-0.113144
2.128935	0.048856	0.052842	-0.114203
2.127684	0.048862	0.052804	-0.112916
2.126435	0.048851	0.052866	-0.115028
2.125187	0.048752	0.052777	-0.115325
2.123941	0.048826	0.052803	-0.113915
2.122697	0.048795	0.052738	-0.112943
2.121454	0.048834	0.052812	-0.113941
2.120213	0.048999	0.053023	-0.115284
2.118974	0.049165	0.053152	-0.114196
2.117736	0.049281	0.053240	-0.113408
2.116500	0.049203	0.053167	-0.113563
2.115265	0.049251	0.053255	-0.114715
2.114032	0.049397	0.053385	-0.114255
2.112801	0.049627	0.053589	-0.113503
2.111571	0.049666	0.053678	-0.114956
2.110343	0.049607	0.053619	-0.114932
2.109116	0.049630	0.053653	-0.115248
2.107891	0.049711	0.053714	-0.114681
2.106668	0.049761	0.053770	-0.114836
2.105446	0.049726	0.053741	-0.115021
2.104226	0.049678	0.053705	-0.115358
2.103007	0.049609	0.053600	-0.114319
2.101790	0.049475	0.053457	-0.114067
2.100575	0.049479	0.053425	-0.113054
2.099361	0.049644	0.053650	-0.114755
2.098149	0.049842	0.053826	-0.114127
2.096938	0.049902	0.053890	-0.114246
2.095729	0.049904	0.053909	-0.114743
2.094521	0.049771	0.053797	-0.115355
2.093315	0.049801	0.053773	-0.113803
2.092111	0.049911	0.053861	-0.113163
2.090908	0.049896	0.053903	-0.114788
2.089707	0.049940	0.053940	-0.114599
2.088507	0.049974	0.053981	-0.114805
2.087309	0.049987	0.053970	-0.114108
2.086112	0.050081	0.054149	-0.116538
2.084917	0.050160	0.054147	-0.114219
2.083723	0.050157	0.054151	-0.114415
2.082531	0.050215	0.054212	-0.114532
2.081341	0.050174	0.054179	-0.114720
2.080152	0.050326	0.054320	-0.114414
2.078964	0.050280	0.054279	-0.114545
2.077778	0.050258	0.054285	-0.115363
2.076594	0.050323	0.054352	-0.115424
2.075411	0.050480	0.054487	-0.114780
2.074230	0.050672	0.054713	-0.115784
2.073050	0.050726	0.054739	-0.114967
2.071871	0.050542	0.054549	-0.114802
2.070694	0.050483	0.054545	-0.116368
2.069519	0.050525	0.054539	-0.114997
2.068345	0.050566	0.054611	-0.115889
2.067173	0.050605	0.054612	-0.114788
2.066002	0.050611	0.054613	-0.114649
2.064833	0.050616	0.054691	-0.116737
2.063665	0.050637	0.054627	-0.114294
2.062498	0.050691	0.054712	-0.115195
2.061333	0.050791	0.054830	-0.115700
2.060170	0.050819	0.054837	-0.115088
2.059008	0.050827	0.054869	-0.115783
2.057848	0.050844	0.054856	-0.114937
2.056689	0.050814	0.054841	-0.115352
2.055531	0.050944	0.054975	-0.115497
2.054375	0.051085	0.055122	-0.115644
2.053221	0.051135	0.055206	-0.116635
2.052067	0.051068	0.055123	-0.116156
2.050916	0.051109	0.055143	-0.115568
2.049766	0.051009	0.055048	-0.115719
2.048617	0.050995	0.055041	-0.115928
2.047470	0.050929	0.054960	-0.115466
2.046324	0.050973	0.055039	-0.116479
2.045179	0.050935	0.055005	-0.116608
2.044036	0.051051	0.055111	-0.116321
2.042895	0.051113	0.055164	-0.116051
2.041755	0.051145	0.055221	-0.116767
2.040616	0.051181	0.055283	-0.117518
2.039479	0.051206	0.055305	-0.117449
2.038343	0.051454	0.055501	-0.115943
2.037209	0.051391	0.055470	-0.116867
2.036076	0.051510	0.055574	-0.116419
2.034945	0.051562	0.055616	-0.116139
2.033815	0.051749	0.055799	-0.116011
2.032686	0.051759	0.055803	-0.115848
2.031559	0.051679	0.055781	-0.117504
2.030433	0.051628	0.055709	-0.116901
2.029309	0.051675	0.055753	-0.116821
2.028186	0.051816	0.055916	-0.117464
2.027064	0.051890	0.056024	-0.118409
2.025944	0.052020	0.056091	-0.116630
2.024825	0.052044	0.056097	-0.116116
2.023708	0.051950	0.056032	-0.116939
2.022592	0.051765	0.055845	-0.116884
2.021477	0.051724	0.055815	-0.117190
2.020364	0.051800	0.055840	-0.115742
2.019252	0.051900	0.055971	-0.116647
2.018142	0.051884	0.055959	-0.116734
2.017033	0.051904	0.055954	-0.116026
2.015925	0.051882	0.055954	-0.116667
2.014819	0.051752	0.055833	-0.116911
2.013714	0.051646	0.055713	-0.116519
2.012610	0.051547	0.055627	-0.116878
2.011508	0.051547	0.055636	-0.117139
2.010407	0.051619	0.055679	-0.116320
2.009308	0.051801	0.055851	-0.116008
2.008210	0.051945	0.056035	-0.117156
2.007113	0.051968	0.056113	-0.118721
2.006018	0.052152	0.056218	-0.116481
2.004924	0.052207	0.056254	-0.115933
2.003831	0.052201	0.056316	-0.117909
2.002740	0.052206	0.056319	-0.117837
2.001650	0.052077	0.056188	-0.117768
2.000561	0.052128	0.056194	-0.116499
1.999474	0.052131	0.056235	-0.117582
1.998388	0.052343	0.056462	-0.118003
1.997303	0.052539	0.056641	-0.117522
1.996220	0.052533	0.056674	-0.118629
1.995138	0.052800	0.056884	-0.116992
1.994058	0.052815	0.056974	-0.119163
1.992978	0.052794	0.056908	-0.117855
1.991901	0.052820	0.056885	-0.116437
1.990824	0.052925	0.057015	-0.117182
1.989749	0.053012	0.057133	-0.118057
1.988675	0.053054	0.057209	-0.119042
1.987602	0.052945	0.057042	-0.117348
1.986531	0.052850	0.056962	-0.117798
1.985461	0.052908	0.056967	-0.116288
1.984392	0.052911	0.057002	-0.117219
1.983325	0.052969	0.057072	-0.117540
1.982259	0.052909	0.057018	-0.117719
1.981194	0.052885	0.057045	-0.119177
1.980130	0.052963	0.057045	-0.116956
1.979068	0.052904	0.057024	-0.118029
1.978007	0.052839	0.056943	-0.117579
1.976948	0.052887	0.056997	-0.117753
1.975889	0.052812	0.056961	-0.118861
1.974832	0.052729	0.056834	-0.117575
1.973777	0.052653	0.056774	-0.118047
1.972722	0.052814	0.056915	-0.117470
1.971669	0.052979	0.057090	-0.117782
1.970617	0.052984	0.057071	-0.117080
1.969566	0.053147	0.057246	-0.117414
1.968517	0.053398	0.057491	-0.117239
1.967469	0.053462	0.057624	-0.119249
1.966422	0.053426	0.057530	-0.117565
1.965377	0.053582	0.057697	-0.117893
1.964333	0.053514	0.057658	-0.118727
1.963290	0.053523	0.057668	-0.118748
1.962248	0.053555	0.057705	-0.118880
1.961207	0.053478	0.057585	-0.117662
1.960168	0.053307	0.057460	-0.118961
1.959130	0.053379	0.057477	-0.117389
1.958094	0.053448	0.057559	-0.117796
1.957058	0.053486	0.057631	-0.118752
1.956024	0.053437	0.057563	-0.118196
1.954991	0.053543	0.057675	-0.118371
1.953959	0.053576	0.057705	-0.118297
1.952929	0.053665	0.057813	-0.118834
1.951900	0.053717	0.057856	-0.118565
1.950872	0.053748	0.057895	-0.118808
1.949845	0.053671	0.057785	-0.117867
1.948819	0.053745	0.057864	-0.118010
1.947795	0.053873	0.058049	-0.119652
1.946772	0.054001	0.058171	-0.119474
1.945750	0.054015	0.058129	-0.117851
1.944729	0.053940	0.058052	-0.117806
1.943710	0.053883	0.058017	-0.118420
1.942692	0.053850	0.058014	-0.119281
1.941675	0.053937	0.058047	-0.117743
1.940659	0.053881	0.058038	-0.119098
1.939645	0.054102	0.058230	-0.118271
1.938631	0.054120	0.058276	-0.119073
1.937619	0.054264	0.058391	-0.118232
1.936608	0.054311	0.058477	-0.119325
1.935599	0.054477	0.058674	-0.120235
1.934590	0.054436	0.058619	-0.119839
1.933583	0.054444	0.058672	-0.121142
1.932577	0.054641	0.058825	-0.119855
1.931572	0.054570	0.058749	-0.119711
1.930568	0.054564	0.058715	-0.118930
1.929566	0.054633	0.058829	-0.120212
1.928565	0.054727	0.058895	-0.119383
1.927565	0.054751	0.058899	-0.118830
1.926566	0.054774	0.058937	-0.119267
1.925568	0.054831	0.059042	-0.120623
1.924571	0.054894	0.059031	-0.118523
1.923576	0.054842	0.059000	-0.119124
1.922582	0.054923	0.059089	-0.119368
1.921589	0.055050	0.059209	-0.119156
1.920597	0.055138	0.059327	-0.120002
1.919606	0.055303	0.059501	-0.120279
1.918617	0.055429	0.059622	-0.120138
1.917629	0.055624	0.059803	-0.119745
1.916641	0.055519	0.059773	-0.121879
1.915655	0.055639	0.059801	-0.119209
1.914671	0.055544	0.059741	-0.120229
1.913687	0.055500	0.059679	-0.119725
1.912704	0.055663	0.059817	-0.119003
1.911723	0.055684	0.059893	-0.120579
1.910743	0.055628	0.059781	-0.118963
1.909764	0.055644	0.059820	-0.119645
1.908786	0.055799	0.060010	-0.120612
1.907809	0.055802	0.059971	-0.119433
1.906834	0.055810	0.059978	-0.119404
1.905859	0.055815	0.059987	-0.119520
1.904886	0.055939	0.060160	-0.120901
1.903914	0.056074	0.060320	-0.121642
1.902943	0.056155	0.060325	-0.119442
1.901973	0.056179	0.060356	-0.119666
1.901004	0.056141	0.060347	-0.120498
1.900036	0.056243	0.060455	-0.120651
1.899070	0.056307	0.060521	-0.120718
1.898105	0.056348	0.060539	-0.120056
1.897140	0.056313	0.060515	-0.120366
1.896177	0.056332	0.060568	-0.121342
1.895215	0.056347	0.060572	-0.121036
1.894254	0.056499	0.060659	-0.119182
1.893295	0.056421	0.060652	-0.121218
1.892336	0.056488	0.060729	-0.121490
1.891378	0.056506	0.060652	-0.118761
1.890422	0.056504	0.060716	-0.120680
1.889467	0.056495	0.060708	-0.120685
1.888513	0.056722	0.060922	-0.120299
1.887560	0.056856	0.061081	-0.121032
1.886608	0.056778	0.060997	-0.120892
1.885657	0.056951	0.061211	-0.122048
1.884707	0.056998	0.061228	-0.121171
1.883758	0.056955	0.061182	-0.121109
1.882811	0.057094	0.061311	-0.120806
1.881864	0.057165	0.061429	-0.122166
1.880919	0.057191	0.061402	-0.120613
1.879975	0.057253	0.061488	-0.121343
1.879032	0.057465	0.061707	-0.121515
1.878090	0.057436	0.061693	-0.121939
1.877149	0.057436	0.061627	-0.120062
1.876209	0.057450	0.061679	-0.121153
1.875270	0.057504	0.061762	-0.121993
1.874332	0.057612	0.061853	-0.121508
1.873396	0.057622	0.061878	-0.121904
1.872460	0.057632	0.061892	-0.122035
1.871525	0.057710	0.061923	-0.120711
1.870592	0.057635	0.061917	-0.122672
1.869660	0.057599	0.061853	-0.121847
1.868728	0.057533	0.061786	-0.121832
1.867798	0.057573	0.061829	-0.121930
1.866869	0.057597	0.061816	-0.120885
1.865941	0.057690	0.061888	-0.120270
1.865014	0.057737	0.062029	-0.122943
1.864088	0.057879	0.062083	-0.120421
1.863163	0.057951	0.062150	-0.120276
1.862239	0.057818	0.062111	-0.122985
1.861317	0.057827	0.062091	-0.122166
1.860395	0.057802	0.062130	-0.123977
1.859474	0.057952	0.062204	-0.121816
1.858555	0.058160	0.062342	-0.119804
1.857636	0.058306	0.062516	-0.120613
1.856719	0.058303	0.062601	-0.123121
1.855802	0.058355	0.062624	-0.122306
1.854887	0.058322	0.062619	-0.123106
1.853973	0.058257	0.062548	-0.122908
1.853059	0.058255	0.062529	-0.122430
1.852147	0.058373	0.062596	-0.120958
1.851236	0.058365	0.062598	-0.121250
1.850326	0.058480	0.062687	-0.120522
1.849416	0.058616	0.062869	-0.121854
1.848508	0.058741	0.063012	-0.122362
1.847601	0.058723	0.063025	-0.123225
1.846695	0.058622	0.062896	-0.122460
1.845790	0.058560	0.062792	-0.121235
1.844886	0.058550	0.062852	-0.123241
1.843983	0.058538	0.062799	-0.122059
1.843081	0.058545	0.062814	-0.122288
1.842180	0.058452	0.062721	-0.122297
1.841280	0.058264	0.062542	-0.122553
1.840381	0.058331	0.062606	-0.122465
1.839484	0.058480	0.062790	-0.123474
1.838587	0.058606	0.062841	-0.121316
1.837691	0.058542	0.062835	-0.122961
1.836796	0.058775	0.063016	-0.121502
1.835902	0.058891	0.063206	-0.123597
1.835009	0.059142	0.063441	-0.123152
1.834118	0.059152	0.063503	-0.124655
1.833227	0.059136	0.063474	-0.124265
1.832337	0.059190	0.063479	-0.122866
1.831448	0.059079	0.063392	-0.123545
1.830560	0.059002	0.063353	-0.124651
1.829674	0.059003	0.063304	-0.123223
1.828788	0.058988	0.063317	-0.124000
1.827903	0.058995	0.063330	-0.124200
1.827019	0.058887	0.063180	-0.123001
1.826136	0.058975	0.063332	-0.124838
1.825255	0.059203	0.063513	-0.123483
1.824374	0.059473	0.063729	-0.121912
1.823494	0.059731	0.064031	-0.123188
1.822615	0.059905	0.064232	-0.123981
1.821737	0.060169	0.064438	-0.122304
1.820860	0.060226	0.064500	-0.122457
1.819984	0.060139	0.064480	-0.124370
1.819109	0.059955	0.064280	-0.123890
1.818235	0.059777	0.064092	-0.123599
1.817362	0.059874	0.064127	-0.121821
1.816490	0.060000	0.064301	-0.123195
1.815619	0.059973	0.064260	-0.122814
1.814749	0.059904	0.064255	-0.124643
1.813880	0.059835	0.064180	-0.124498
1.813012	0.059893	0.064205	-0.123525
1.812145	0.059899	0.064218	-0.123730
1.811279	0.059934	0.064299	-0.125048
1.810413	0.060187	0.064508	-0.123802
1.809549	0.060192	0.064529	-0.124226
1.808686	0.060207	0.064527	-0.123765
1.807824	0.060201	0.064597	-0.125942
1.806962	0.060238	0.064532	-0.123002
1.806102	0.060147	0.064507	-0.124918
1.805242	0.060081	0.064407	-0.123938
1.804384	0.060050	0.064355	-0.123309
1.803526	0.060133	0.064481	-0.124574
1.802670	0.060215	0.064585	-0.125210
1.801814	0.060369	0.064738	-0.125158
1.800959	0.060252	0.064586	-0.124159
1.800105	0.060279	0.064578	-0.123163
1.799252	0.060409	0.064768	-0.124897
1.798401	0.060476	0.064790	-0.123569
1.797550	0.060455	0.064774	-0.123725
1.796700	0.060336	0.064707	-0.125228
1.795851	0.060364	0.064695	-0.124052
1.795002	0.060393	0.064756	-0.125003
1.794155	0.060535	0.064924	-0.125757
1.793309	0.060660	0.065030	-0.125192
1.792464	0.060631	0.064982	-0.124658
1.791619	0.060557	0.064871	-0.123606
1.790776	0.060525	0.064888	-0.124977
1.789933	0.060461	0.064830	-0.125175
1.789092	0.060504	0.064866	-0.124960
1.788251	0.060646	0.064996	-0.124617
1.787411	0.060587	0.064942	-0.124758
1.786572	0.060581	0.064924	-0.124394
1.785734	0.060504	0.064884	-0.125454
1.784897	0.060317	0.064730	-0.126437
1.784061	0.060536	0.064875	-0.124313
1.783226	0.060633	0.064928	-0.123046
1.782392	0.060796	0.065198	-0.126119
1.781558	0.060950	0.065310	-0.124877
1.780726	0.061042	0.065444	-0.126095
1.779894	0.060979	0.065398	-0.126600
1.779064	0.061114	0.065494	-0.125471
1.778234	0.061061	0.065524	-0.127848
1.777405	0.060993	0.065391	-0.125972
1.776577	0.061063	0.065412	-0.124592
1.775750	0.061142	0.065479	-0.124236
1.774924	0.061260	0.065604	-0.124422
1.774099	0.061230	0.065591	-0.124930
1.773275	0.061072	0.065445	-0.125254
1.772451	0.061132	0.065535	-0.126116
1.771629	0.061158	0.065556	-0.126005
1.770807	0.061169	0.065551	-0.125519
1.769986	0.061117	0.065513	-0.125946
1.769167	0.061135	0.065511	-0.125374
1.768348	0.061073	0.065508	-0.127068
1.767530	0.061104	0.065488	-0.125596
1.766712	0.061094	0.065538	-0.127311
1.765896	0.061170	0.065650	-0.128346
1.765081	0.061259	0.065630	-0.125194
1.764266	0.061318	0.065753	-0.127029
1.763453	0.061450	0.065830	-0.125485
1.762640	0.061312	0.065718	-0.126217
1.761828	0.061382	0.065773	-0.125783
1.761017	0.061399	0.065816	-0.126544
1.760207	0.061389	0.065819	-0.126931
1.759398	0.061354	0.065809	-0.127619
1.758589	0.061374	0.065749	-0.125319
1.757782	0.061454	0.065856	-0.126090
1.756975	0.061519	0.065943	-0.126719
1.756169	0.061667	0.066084	-0.126525
1.755365	0.061720	0.066156	-0.127060
1.754560	0.061640	0.066049	-0.126307
1.753757	0.061496	0.065921	-0.126741
1.752955	0.061579	0.065933	-0.124736
1.752154	0.061551	0.065999	-0.127420
1.751353	0.061453	0.065868	-0.126491
1.750553	0.061599	0.065973	-0.125297
1.749755	0.061566	0.065958	-0.125832
1.748957	0.061716	0.066148	-0.126961
1.748159	0.061539	0.065955	-0.126510
1.747363	0.061409	0.065859	-0.127504
1.746568	0.061276	0.065720	-0.127318
1.745773	0.061212	0.065674	-0.127845
1.744979	0.061173	0.065604	-0.126936
1.744187	0.061277	0.065669	-0.125837
1.743395	0.061164	0.065593	-0.126868
1.742603	0.061259	0.065688	-0.126877
1.741813	0.061264	0.065696	-0.126965
1.741024	0.061345	0.065805	-0.127754
1.740235	0.061640	0.066069	-0.126874
1.739447	0.061701	0.066174	-0.128148
1.738660	0.061680	0.066224	-0.130153
1.737874	0.061667	0.066145	-0.128280
1.737089	0.061809	0.066189	-0.125488
1.736304	0.061757	0.066234	-0.128263
1.735521	0.061769	0.066226	-0.127681
1.734738	0.061701	0.066144	-0.127280
1.733956	0.061715	0.066194	-0.128322
1.733175	0.061712	0.066173	-0.127795
1.732395	0.061805	0.066288	-0.128403
1.731615	0.061847	0.066308	-0.127811
1.730837	0.061817	0.066296	-0.128320
1.730059	0.061616	0.066085	-0.128012
1.729282	0.061743	0.066221	-0.128278
1.728506	0.061705	0.066159	-0.127610
1.727730	0.061827	0.066254	-0.126814
1.726956	0.061707	0.066191	-0.128473
1.726182	0.061880	0.066320	-0.127209
1.725409	0.061921	0.066285	-0.125036
1.724637	0.061784	0.066278	-0.128760
1.723866	0.061769	0.066245	-0.128247
1.723096	0.061741	0.066229	-0.128563
1.722326	0.061730	0.066181	-0.127506
1.721557	0.061833	0.066353	-0.129492
1.720789	0.061949	0.066349	-0.126043
1.720022	0.061959	0.066410	-0.127526
1.719256	0.061981	0.066494	-0.129284
1.718490	0.062068	0.066562	-0.128761
1.717726	0.062168	0.066726	-0.130578
1.716962	0.062190	0.066696	-0.129108
1.716199	0.062265	0.066733	-0.127984
1.715436	0.062336	0.066798	-0.127835
1.714675	0.062293	0.066793	-0.128936
1.713914	0.062384	0.066859	-0.128208
1.713154	0.062528	0.066986	-0.127724
1.712395	0.062413	0.066976	-0.130706
1.711637	0.062268	0.066723	-0.127629
1.710879	0.061954	0.066502	-0.130291
1.710122	0.061957	0.066454	-0.128845
1.709366	0.062016	0.066516	-0.128901
1.708611	0.061998	0.066537	-0.130049
1.707857	0.062239	0.066746	-0.129133
1.707103	0.062248	0.066759	-0.129218
1.706351	0.062251	0.066672	-0.126635
1.705599	0.062316	0.066782	-0.127918
1.704847	0.062432	0.066845	-0.126433
1.704097	0.062593	0.067035	-0.127248
1.703347	0.062564	0.067104	-0.130068
1.702599	0.062501	0.066955	-0.127575
1.701850	0.062485	0.067069	-0.131341
1.701103	0.062565	0.067079	-0.129326
1.700357	0.062542	0.067008	-0.127941
1.699611	0.062286	0.066775	-0.128598
1.698866	0.062502	0.067037	-0.129927
1.698122	0.062597	0.067123	-0.129640
1.697378	0.062600	0.067057	-0.127685
1.696636	0.062762	0.067216	-0.127597
1.695894	0.062756	0.067304	-0.130297
1.695153	0.062737	0.067203	-0.127940
1.694412	0.062605	0.067135	-0.129787
1.693673	0.062639	0.067143	-0.129024
1.692934	0.062654	0.067116	-0.127814
1.692196	0.062696	0.067203	-0.129131
1.691459	0.062789	0.067302	-0.129263
1.690722	0.062794	0.067221	-0.126819
1.689987	0.062743	0.067234	-0.128664
1.689252	0.062764	0.067235	-0.128075
1.688518	0.062619	0.067067	-0.127438
1.687784	0.062496	0.066950	-0.127598
1.687051	0.062358	0.066774	-0.126524
1.686320	0.062210	0.066751	-0.130088
1.685588	0.062173	0.066661	-0.128569
1.684858	0.062257	0.066779	-0.129550
1.684128	0.062486	0.066990	-0.129038
1.683399	0.062539	0.067072	-0.129863
1.682671	0.062676	0.067166	-0.128609
1.681944	0.062631	0.067114	-0.128407
1.681217	0.062731	0.067221	-0.128629
1.680491	0.062941	0.067419	-0.128281
1.679766	0.062822	0.067359	-0.129962
1.679042	0.063012	0.067456	-0.127295
1.678318	0.063013	0.067472	-0.127738
1.677595	0.062945	0.067533	-0.131431
1.676873	0.062958	0.067436	-0.128290
1.676152	0.062916	0.067443	-0.129697
1.675431	0.062896	0.067389	-0.128736
1.674711	0.063013	0.067536	-0.129576
1.673992	0.063082	0.067681	-0.131737
1.673273	0.063178	0.067662	-0.128458
1.672556	0.063232	0.067669	-0.127095
1.671839	0.063239	0.067716	-0.128245
1.671122	0.063300	0.067761	-0.127810
1.670407	0.063329	0.067847	-0.129417
1.669692	0.063383	0.067955	-0.130987
1.668978	0.063539	0.068066	-0.129693
1.668265	0.063453	0.067988	-0.129913
1.667552	0.063284	0.067858	-0.131028
1.666840	0.063049	0.067601	-0.130399
1.666129	0.062905	0.067437	-0.129818
1.665418	0.062848	0.067409	-0.130660
1.664709	0.062723	0.067264	-0.130093
1.664000	0.062681	0.067179	-0.128854
1.663292	0.062694	0.067179	-0.128488
1.662584	0.062617	0.067114	-0.128833
1.661877	0.062468	0.067078	-0.132073
1.661171	0.062438	0.066990	-0.130406
1.660466	0.062427	0.066924	-0.128810
1.659761	0.062426	0.066861	-0.127051
1.659057	0.062262	0.066828	-0.130819
1.658354	0.062249	0.066801	-0.130429
1.657651	0.062288	0.066766	-0.128262
1.656950	0.062318	0.066823	-0.129054
1.656249	0.062384	0.066872	-0.128581
1.655548	0.062418	0.066836	-0.126550
1.654848	0.062344	0.066866	-0.129571
1.654150	0.062295	0.066852	-0.130537
1.653451	0.062011	0.066598	-0.131394
1.652754	0.062088	0.066649	-0.130651
1.652057	0.062184	0.066697	-0.129293
1.651361	0.062049	0.066607	-0.130573
1.650665	0.061860	0.066439	-0.131154
1.649971	0.061889	0.066476	-0.131420
1.649277	0.061851	0.066367	-0.129363
1.648583	0.061839	0.066308	-0.128018
1.647891	0.062012	0.066547	-0.129911
1.647199	0.061976	0.066486	-0.129185
1.646508	0.062167	0.066722	-0.130485
1.645817	0.062291	0.066828	-0.129974
1.645127	0.062239	0.066820	-0.131237
1.644438	0.062426	0.066979	-0.130425
1.643750	0.062603	0.067198	-0.131643
1.643062	0.062865	0.067342	-0.128276
1.642375	0.062764	0.067262	-0.128869
1.641689	0.062689	0.067213	-0.129597
1.641003	0.062933	0.067390	-0.127688
1.640318	0.063036	0.067536	-0.128922
1.639634	0.062990	0.067538	-0.130262
1.638950	0.062983	0.067486	-0.128997
1.638267	0.062980	0.067519	-0.130044
1.637585	0.063085	0.067565	-0.128346
1.636903	0.063187	0.067667	-0.128336
1.636222	0.063123	0.067649	-0.129643
1.635542	0.063244	0.067700	-0.127654
1.634863	0.063238	0.067800	-0.130712
1.634184	0.063175	0.067757	-0.131281
1.633506	0.063356	0.067857	-0.128940
1.632828	0.063579	0.068106	-0.129700
1.632151	0.063499	0.068059	-0.130657
1.631475	0.063497	0.067971	-0.128172
1.630800	0.063412	0.067823	-0.126359
1.630125	0.063317	0.067768	-0.127486
1.629451	0.063190	0.067642	-0.127530
1.628778	0.063455	0.067890	-0.127072
1.628105	0.063465	0.067981	-0.129360
1.627433	0.063669	0.068261	-0.131544
1.626761	0.063618	0.068083	-0.127916
1.626091	0.063364	0.067919	-0.130505
1.625421	0.063297	0.067854	-0.130560
1.624751	0.063429	0.067944	-0.129352
1.624083	0.063397	0.067901	-0.129049
1.623414	0.063369	0.067906	-0.129982
1.622747	0.063429	0.067921	-0.128677
1.622080	0.063507	0.067993	-0.128527
1.621414	0.063592	0.067973	-0.125499
1.620749	0.063443	0.067951	-0.129142
1.620084	0.063367	0.067883	-0.129351
1.619420	0.063238	0.067799	-0.130674
1.618757	0.063241	0.067710	-0.128017
1.618094	0.063416	0.067845	-0.126869
1.617432	0.063547	0.068023	-0.128212
1.616770	0.063678	0.068194	-0.129364
1.616109	0.063851	0.068251	-0.126052
1.615449	0.063828	0.068304	-0.128244
1.614790	0.063690	0.068207	-0.129417
1.614131	0.063752	0.068252	-0.128913
1.613473	0.063632	0.068095	-0.127845
1.612815	0.063496	0.068041	-0.130194
1.612158	0.063556	0.068042	-0.128534
1.611502	0.063352	0.067865	-0.129280
1.610846	0.063179	0.067666	-0.128533
1.610191	0.062998	0.067501	-0.128985
1.609537	0.063096	0.067591	-0.128773
1.608883	0.063085	0.067594	-0.129170
1.608230	0.063030	0.067594	-0.130731
1.607578	0.062918	0.067393	-0.128200
1.606926	0.062892	0.067347	-0.127612
1.606275	0.063042	0.067544	-0.128983
1.605625	0.063143	0.067646	-0.128983
1.604975	0.063207	0.067692	-0.128505
1.604326	0.063327	0.067791	-0.127888
1.603677	0.063447	0.067941	-0.128754
1.603029	0.063364	0.067837	-0.128144
1.602382	0.063200	0.067699	-0.128871
1.601735	0.063066	0.067494	-0.126851
1.601089	0.062824	0.067278	-0.127581
1.600444	0.062882	0.067403	-0.129497
1.599799	0.062734	0.067176	-0.127249
1.599155	0.062622	0.067042	-0.126624
1.598512	0.062424	0.066971	-0.130239
1.597869	0.062302	0.066748	-0.127367
1.597227	0.062173	0.066563	-0.125755
1.596585	0.062040	0.066454	-0.126458
1.595944	0.061951	0.066500	-0.130314
1.595304	0.062221	0.066661	-0.127199
1.594664	0.062373	0.066694	-0.123769
1.594025	0.062302	0.066774	-0.128114
1.593386	0.062305	0.066678	-0.125271
1.592749	0.062129	0.066566	-0.127110
1.592111	0.062044	0.066508	-0.127872
1.591475	0.061995	0.066423	-0.126839
1.590839	0.062139	0.066564	-0.126756
1.590203	0.062150	0.066590	-0.127173
1.589569	0.062139	0.066535	-0.125926
1.588935	0.062142	0.066623	-0.128364
1.588301	0.062211	0.066607	-0.125945
1.587668	0.062298	0.066737	-0.127167
1.587036	0.062568	0.067050	-0.128387
1.586404	0.062478	0.067049	-0.130946
1.585773	0.062208	0.066613	-0.126201
1.585143	0.062056	0.066484	-0.126850
1.584513	0.061946	0.066299	-0.124692
1.583884	0.062085	0.066564	-0.128318
1.583255	0.062067	0.066486	-0.126609
1.582627	0.062139	0.066541	-0.126103
1.582000	0.062214	0.066623	-0.126314
1.581373	0.062074	0.066479	-0.126194
1.580747	0.062068	0.066357	-0.122872
1.580121	0.061943	0.066457	-0.129314
1.579496	0.062115	0.066560	-0.127348
1.578872	0.062173	0.066496	-0.123849
1.578248	0.062022	0.066457	-0.127054
1.577625	0.062009	0.066533	-0.129626
1.577002	0.062062	0.066492	-0.126908
1.576380	0.062220	0.066587	-0.125102
1.575759	0.062176	0.066647	-0.128074
1.575138	0.062215	0.066640	-0.126751
1.574518	0.062053	0.066602	-0.130325
1.573899	0.062012	0.066406	-0.125886
1.573280	0.061876	0.066314	-0.127141
1.572661	0.061705	0.066211	-0.129089
1.572044	0.061884	0.066293	-0.126310
1.571426	0.061998	0.066365	-0.125104
1.570810	0.061979	0.066415	-0.127100
1.570194	0.062021	0.066401	-0.125481
1.569578	0.062015	0.066455	-0.127198
1.568964	0.061837	0.066340	-0.129005
1.568349	0.061641	0.066069	-0.126839
1.567736	0.061645	0.065996	-0.124638
1.567123	0.061701	0.066024	-0.123830
1.566510	0.061586	0.065994	-0.126274
1.565899	0.061664	0.066043	-0.125459
1.565287	0.061603	0.065994	-0.125790
1.564677	0.061551	0.065899	-0.124565
1.564066	0.061323	0.065795	-0.128117
1.563457	0.061484	0.065851	-0.125098
1.562848	0.061609	0.066088	-0.128317
1.562240	0.061698	0.066072	-0.125309
1.561632	0.061576	0.065897	-0.123775
1.561025	0.061492	0.065839	-0.124531
1.560418	0.061205	0.065580	-0.125351
1.559812	0.061122	0.065505	-0.125561
1.559207	0.061173	0.065661	-0.128565
1.558602	0.061051	0.065350	-0.123140
1.557997	0.061019	0.065478	-0.127741
1.557394	0.060992	0.065389	-0.125964
1.556791	0.060670	0.065103	-0.126992
1.556188	0.060602	0.064952	-0.124629
1.555586	0.060722	0.065030	-0.123407
1.554985	0.060830	0.065038	-0.120547
1.554384	0.060807	0.065152	-0.124464
1.553783	0.060705	0.064975	-0.122313
1.553184	0.060512	0.064850	-0.124269
1.552585	0.060798	0.065056	-0.121973
1.551986	0.060789	0.065140	-0.124651
1.551388	0.060787	0.065100	-0.123557
1.550791	0.060620	0.064900	-0.122608
1.550194	0.060617	0.064973	-0.124786
1.549597	0.060473	0.064787	-0.123599
1.549002	0.060305	0.064526	-0.120921
1.548406	0.060170	0.064521	-0.124657
1.547812	0.060138	0.064374	-0.121333
1.547218	0.060086	0.064350	-0.122163
1.546624	0.059958	0.064270	-0.123547
1.546031	0.060059	0.064298	-0.121440
1.545439	0.060157	0.064475	-0.123691
1.544847	0.060276	0.064515	-0.121429
1.544256	0.060242	0.064578	-0.124207
1.543665	0.060251	0.064454	-0.120387
1.543075	0.060146	0.064441	-0.123042
1.542486	0.060152	0.064365	-0.120687
1.541897	0.060135	0.064445	-0.123478
1.541308	0.059960	0.064275	-0.123590
1.540720	0.059697	0.063915	-0.120834
1.540133	0.059314	0.063742	-0.126860
1.539546	0.059341	0.063707	-0.125070
1.538960	0.059469	0.063736	-0.122233
1.538374	0.059570	0.063848	-0.122541
1.537789	0.059872	0.064082	-0.120627
1.537204	0.059766	0.064048	-0.122681
1.536620	0.059769	0.064142	-0.125269
1.536037	0.059653	0.063859	-0.120501
1.535454	0.059622	0.064012	-0.125754
1.534872	0.059539	0.063811	-0.122391
1.534290	0.059277	0.063636	-0.124884
1.533708	0.059080	0.063366	-0.122797
1.533128	0.059066	0.063220	-0.118995
1.532548	0.058771	0.063055	-0.122734
1.531968	0.058797	0.062949	-0.118944
1.531389	0.058699	0.062954	-0.121900
1.530810	0.058516	0.062683	-0.119390
1.530232	0.058140	0.062404	-0.122141
1.529655	0.057988	0.062256	-0.122273
1.529078	0.058068	0.062196	-0.118264
1.528501	0.058154	0.062315	-0.119179
1.527925	0.058018	0.062227	-0.120580
1.527350	0.057771	0.062002	-0.121220
1.526775	0.057873	0.062015	-0.118659
1.526201	0.057812	0.061998	-0.119909
1.525627	0.057731	0.062028	-0.123104
1.525054	0.057712	0.061966	-0.121862
1.524481	0.057495	0.061675	-0.119758
1.523909	0.057630	0.061830	-0.120321
1.523338	0.057710	0.061936	-0.121067
1.522767	0.057768	0.061907	-0.118547
1.522196	0.057644	0.061754	-0.117722
1.521626	0.057664	0.061855	-0.120067
1.521057	0.057645	0.061731	-0.117075
1.520488	0.057542	0.061662	-0.118012
1.519919	0.057463	0.061494	-0.115488
1.519351	0.057143	0.061283	-0.118605
1.518784	0.056916	0.061104	-0.119972
1.518217	0.056966	0.061072	-0.117624
1.517651	0.057154	0.061336	-0.119799
1.517085	0.057274	0.061460	-0.119932
1.516520	0.057281	0.061438	-0.119074
1.515955	0.057043	0.061167	-0.118131
1.515391	0.056891	0.061024	-0.118383
1.514827	0.056799	0.060966	-0.119397
1.514264	0.056794	0.060995	-0.120338
1.513702	0.056837	0.060925	-0.117115
1.513139	0.056840	0.060930	-0.117189
1.512578	0.056883	0.061026	-0.118712
1.512017	0.056851	0.061007	-0.119049
1.511456	0.056632	0.060828	-0.120234
1.510896	0.056406	0.060556	-0.118899
1.510337	0.056205	0.060414	-0.120563
1.509778	0.056016	0.060051	-0.115569
1.509219	0.055903	0.060075	-0.119506
1.508661	0.055801	0.059906	-0.117597
1.508104	0.055670	0.059769	-0.117452
1.507547	0.055493	0.059546	-0.116127
1.506990	0.055376	0.059296	-0.112300
1.506435	0.055144	0.059178	-0.115555
1.505879	0.055128	0.059134	-0.114773
1.505324	0.055110	0.059205	-0.117316
1.504770	0.055167	0.059213	-0.115924
1.504216	0.055174	0.059321	-0.118783
1.503663	0.055334	0.059356	-0.115213
1.503110	0.055328	0.059489	-0.119209
1.502558	0.055311	0.059385	-0.116709
1.502006	0.055219	0.059273	-0.116142
1.501454	0.055087	0.059241	-0.118978
1.500904	0.055007	0.058941	-0.112677
1.500353	0.054654	0.058566	-0.112074
1.499803	0.054628	0.058725	-0.117382
1.499254	0.054813	0.058760	-0.113098
1.498705	0.054647	0.058761	-0.117857
1.498157	0.054777	0.058814	-0.115672
1.497609	0.054488	0.058679	-0.120059
1.497062	0.054284	0.058308	-0.115258
1.496515	0.053893	0.058134	-0.121493
1.495969	0.054013	0.057966	-0.113236
1.495423	0.053722	0.057826	-0.117575
1.494878	0.053661	0.057810	-0.118844
1.494333	0.053410	0.057564	-0.119000
1.493789	0.053131	0.057239	-0.117684
1.493245	0.052700	0.056859	-0.119167
1.492702	0.052490	0.056442	-0.113207
1.492159	0.052372	0.056510	-0.118530
1.491617	0.052121	0.056121	-0.114579
1.491075	0.052068	0.056129	-0.116334
1.490533	0.052293	0.056465	-0.119501
1.489993	0.052166	0.056336	-0.119449
1.489452	0.052088	0.056237	-0.118854
1.488912	0.052155	0.056192	-0.115655
1.488373	0.052372	0.056260	-0.111380
1.487834	0.052178	0.056388	-0.120620
1.487296	0.052334	0.056278	-0.112984
1.486758	0.052295	0.056286	-0.114329
1.486221	0.051976	0.055916	-0.112887
1.485684	0.051793	0.055744	-0.113169
1.485147	0.051609	0.055567	-0.113382
1.484611	0.051388	0.055302	-0.112125
1.484076	0.050961	0.054896	-0.112743
1.483541	0.050769	0.054668	-0.111696
1.483007	0.050608	0.054656	-0.115959
1.482473	0.050467	0.054454	-0.114214
1.481939	0.050313	0.054299	-0.114193
1.481406	0.050346	0.054358	-0.114941
1.480874	0.050419	0.054499	-0.116871
1.480341	0.050383	0.054316	-0.112665
1.479810	0.050242	0.054320	-0.116812
1.479279	0.049889	0.053866	-0.113916
1.478748	0.049865	0.053705	-0.110004
1.478218	0.049903	0.053800	-0.111646
1.477688	0.049536	0.053516	-0.114007
1.477159	0.049263	0.053299	-0.115620
1.476631	0.049116	0.053058	-0.112947
1.476102	0.048961	0.052766	-0.108991
1.475575	0.048771	0.052671	-0.111726
1.475047	0.048520	0.052482	-0.113498
1.474521	0.048392	0.052410	-0.115119
1.473994	0.048222	0.052323	-0.117484
1.473469	0.048380	0.052483	-0.117544
1.472943	0.048298	0.052253	-0.113289
1.472418	0.048033	0.052176	-0.118679
1.471894	0.047618	0.051526	-0.111938
1.471370	0.047302	0.051153	-0.110298
1.470846	0.047257	0.051340	-0.116969
1.470323	0.047093	0.050883	-0.108591
1.469801	0.046904	0.050761	-0.110495
1.469279	0.046995	0.050748	-0.107524
1.468757	0.047004	0.051067	-0.116403
1.468236	0.047140	0.051055	-0.112157
1.467716	0.046799	0.050691	-0.111513
1.467195	0.046939	0.050692	-0.107527
1.466676	0.046664	0.050299	-0.104152
1.466156	0.046290	0.049964	-0.105229
1.465638	0.046093	0.049823	-0.106871
1.465119	0.045849	0.049910	-0.116336
1.464601	0.045961	0.049605	-0.104393
1.464084	0.045570	0.049659	-0.117141
1.463567	0.045395	0.049226	-0.109767
1.463051	0.045039	0.049026	-0.114206
1.462535	0.044733	0.048632	-0.111709
1.462019	0.044544	0.048330	-0.108457
1.461504	0.044270	0.048120	-0.110278
1.460989	0.043967	0.047748	-0.108300
1.460475	0.043632	0.047441	-0.109124
1.459962	0.043388	0.047291	-0.111812
1.459448	0.043468	0.047281	-0.109237
1.458936	0.043208	0.046891	-0.105500
1.458423	0.043099	0.046963	-0.110703
1.457911	0.043017	0.046773	-0.107584
1.457400	0.042779	0.046722	-0.112959
1.456889	0.042679	0.046560	-0.111185
1.456379	0.042524	0.046267	-0.107236
1.455869	0.042264	0.046026	-0.107781
1.455359	0.041598	0.045600	-0.114629
1.454850	0.041457	0.045259	-0.108935
1.454341	0.041289	0.045134	-0.110147
1.453833	0.041138	0.044889	-0.107462
1.453325	0.040627	0.044316	-0.105693
1.452818	0.040384	0.044227	-0.110100
1.452311	0.040081	0.043986	-0.111890
1.451805	0.040002	0.043936	-0.112715
1.451299	0.039928	0.043601	-0.105228
1.450793	0.039592	0.043447	-0.110451
1.450288	0.039367	0.043214	-0.110220
1.449783	0.039247	0.043255	-0.114840
1.449279	0.039234	0.042904	-0.105146
1.448775	0.039012	0.042873	-0.110602
1.448272	0.038818	0.042699	-0.111173
1.447769	0.038738	0.042453	-0.106441
1.447267	0.038535	0.042393	-0.110534
1.446765	0.038440	0.042241	-0.108885
1.446263	0.038380	0.042154	-0.108110
1.445762	0.038293	0.042295	-0.114647
1.445262	0.038285	0.042036	-0.107474
1.444762	0.037733	0.041663	-0.112562
1.444262	0.037787	0.041452	-0.104976
1.443763	0.037511	0.041167	-0.104727
1.443264	0.037191	0.041071	-0.111175
1.442765	0.037565	0.041131	-0.102160
1.442267	0.036952	0.040826	-0.110999
1.441770	0.036748	0.040392	-0.104382
1.441273	0.036273	0.040210	-0.112810
1.440776	0.035949	0.039783	-0.109840
1.440280	0.035748	0.039443	-0.105870
1.439784	0.035346	0.039230	-0.111291
1.439289	0.035370	0.039028	-0.104806
1.438794	0.034973	0.038860	-0.111337
1.438299	0.034899	0.038728	-0.109690
1.437805	0.034317	0.038114	-0.108782
1.437312	0.034023	0.038001	-0.113958
1.436819	0.033814	0.037561	-0.107343
1.436326	0.033753	0.037397	-0.104375
1.435834	0.033690	0.037251	-0.102016
1.435342	0.033567	0.037393	-0.109613
1.434850	0.033209	0.037101	-0.111474
1.434359	0.032825	0.036643	-0.109387
1.433869	0.032927	0.036656	-0.106835
1.433379	0.032549	0.036326	-0.108215
1.432889	0.032413	0.036109	-0.105877
1.432400	0.031995	0.035876	-0.111172
1.431911	0.031607	0.035299	-0.105764
1.431422	0.031336	0.035159	-0.109520
1.430934	0.031142	0.034975	-0.109809
1.430447	0.030913	0.034746	-0.109797
1.429960	0.030465	0.034175	-0.106269
1.429473	0.030269	0.033904	-0.104114
1.428987	0.029887	0.033678	-0.108617
1.428501	0.029853	0.033648	-0.108711
1.428015	0.029683	0.033210	-0.101052
1.427530	0.029526	0.033232	-0.106176
1.427046	0.029420	0.033156	-0.107025
1.426561	0.029010	0.033002	-0.114352
1.426078	0.028781	0.032331	-0.101699
1.425594	0.028305	0.031896	-0.102878
1.425111	0.028037	0.031576	-0.101389
1.424629	0.027669	0.031547	-0.111080
1.424147	0.026956	0.030865	-0.111984
1.423665	0.026668	0.030142	-0.099540
1.423184	0.026607	0.030340	-0.106942
1.422703	0.026165	0.029989	-0.109556
1.422223	0.026418	0.030147	-0.106848
1.421743	0.026317	0.030056	-0.107119
1.421263	0.025893	0.029676	-0.108357
1.420784	0.025454	0.029163	-0.106240
1.420306	0.025221	0.028736	-0.100717
1.419827	0.024544	0.028321	-0.108204
1.419349	0.024012	0.027809	-0.108772
1.418872	0.023939	0.027356	-0.097908
1.418395	0.023542	0.027141	-0.103115
1.417918	0.023141	0.026964	-0.109520
1.417442	0.023192	0.026498	-0.094698
1.416966	0.022588	0.026377	-0.108552
1.416491	0.022203	0.025766	-0.102066
1.416016	0.021913	0.025646	-0.106936
1.415541	0.021604	0.025233	-0.103960
1.415067	0.021168	0.024873	-0.106135
1.414593	0.021151	0.024479	-0.095323
1.414120	0.020561	0.024110	-0.101680
1.413647	0.020295	0.023795	-0.100263
1.413174	0.019902	0.023358	-0.099013
1.412702	0.019791	0.023408	-0.103615
1.412231	0.019409	0.023165	-0.107590
1.411759	0.019361	0.023043	-0.105504
1.411288	0.018861	0.022390	-0.101093
1.410818	0.018549	0.022027	-0.099649
1.410348	0.018254	0.021356	-0.088878
1.409878	0.017581	0.021025	-0.098680
1.409409	0.016835	0.020141	-0.094738
1.408940	0.016282	0.019972	-0.105706
1.408472	0.015986	0.019647	-0.104879
1.408004	0.015985	0.019356	-0.096569
1.407536	0.015867	0.018931	-0.087771
1.407069	0.015889	0.019720	-0.109742
1.406602	0.016124	0.019615	-0.100009
1.406135	0.016123	0.019291	-0.090740
1.405669	0.015541	0.018953	-0.097736
1.405204	0.015449	0.019045	-0.103040
1.404738	0.015232	0.018790	-0.101930
1.404274	0.014920	0.018674	-0.107546
1.403809	0.014685	0.018159	-0.099534
1.403345	0.014315	0.017896	-0.102583
1.402882	0.014094	0.017499	-0.097571
1.402418	0.013681	0.017403	-0.106615
1.401955	0.013471	0.017000	-0.101085
1.401493	0.013176	0.016274	-0.088756
1.401031	0.012952	0.016106	-0.090352
1.400569	0.012245	0.015732	-0.099909
1.400108	0.012297	0.015555	-0.093330
1.399647	0.011676	0.015316	-0.104287
1.399187	0.011000	0.014576	-0.102444
1.398727	0.011194	0.014842	-0.104529
1.398267	0.011248	0.014656	-0.097628
1.397808	0.010712	0.014295	-0.102670
1.397349	0.010602	0.014036	-0.098378
1.396890	0.010328	0.013818	-0.099994
1.396432	0.010003	0.013524	-0.100867
1.395974	0.009749	0.013217	-0.099340
1.395517	0.009683	0.013314	-0.104023
1.395060	0.009432	0.013232	-0.108872
1.394604	0.009575	0.012746	-0.090859
1.394147	0.008960	0.012410	-0.098817
1.393692	0.008436	0.012155	-0.106536
1.393236	0.008620	0.011870	-0.093122
1.392781	0.007980	0.011436	-0.099025
1.392327	0.007898	0.011286	-0.097062
1.391873	0.007551	0.011101	-0.101721
1.391419	0.007343	0.010755	-0.097752
1.390965	0.007145	0.010606	-0.099164
1.390512	0.006439	0.010351	-0.112083
