6.542578	-0.054048	-0.054048	0.000000
6.529189	0.057455	0.057455	0.000000
6.515856	-1.619149	5.939896	-216.550682
6.502578	-5.708697	17.405633	-662.176769
6.489355	5.836827	-5.743227	331.744093
6.476188	4.606512	27.788040	-664.101849
6.463075	2.664940	-23.221791	741.600212
6.450016	-7.259735	4.992832	-351.010164
6.437011	3.904820	-2.023400	169.830980
6.424060	-3.225899	4.307752	-215.823201
6.411162	-1.857917	9.875745	-336.144663
6.398317	-4217.845946	-0.958822	-120804.917447
6.385525	1.511207	1.391647	3.425136
6.372785	1.728856	-7.340448	259.816427
6.360096	1.079759	1.925244	-24.221343
6.347460	3.374162	1.125634	64.415576
6.334875	9.338398	1.419285	226.865869
6.322341	5.899909	4.439531	41.836746
6.309857	0.859481	3.729755	-82.227309
6.297424	1.288933	1.816161	-15.103987
6.285042	1.241971	1.963871	-20.680909
6.272709	1.442607	1.481929	-1.126504
6.260425	-19.148422	4.112954	-666.389317
6.248191	1.353231	1.523719	-4.884130
6.236005	0.272228	0.292454	-0.579444
6.223868	0.154269	0.163652	-0.268786
6.211780	0.161246	0.156033	0.149353
6.199740	0.160790	0.149589	0.320904
6.187747	0.161160	0.156628	0.129829
6.175802	0.143675	0.154047	-0.297137
6.163904	0.148981	0.160760	-0.337446
6.152053	0.149341	0.154070	-0.135466
6.140248	0.151990	0.148094	0.111599
6.128490	0.151374	0.156173	-0.137478
6.116778	0.160952	0.159214	0.049802
6.105112	0.157544	0.150780	0.193783
6.093492	0.150663	0.154113	-0.098827
6.081916	0.144501	0.154955	-0.299486
6.070386	0.153888	0.160274	-0.182958
6.058901	0.150910	0.159141	-0.235781
6.047460	0.155407	0.159266	-0.110559
6.036063	0.153150	0.150466	0.076886
6.024710	0.147268	0.155960	-0.248998
6.013401	0.150416	0.158667	-0.236353
6.002135	0.151832	0.152577	-0.021336
5.990913	0.167753	0.149704	0.517082
5.979734	0.147820	0.152462	-0.132972
5.968597	0.156578	0.158637	-0.058969
5.957503	0.151920	0.147518	0.126089
5.946451	0.139974	0.157014	-0.488159
5.935442	0.147775	0.147019	0.021652
5.924474	0.138282	0.159023	-0.594173
5.913547	0.144365	0.159074	-0.421396
5.902662	0.149168	0.147286	0.053923
5.891818	0.137362	0.151155	-0.395121
5.881015	0.148527	0.140661	0.225322
5.870252	0.137871	0.147452	-0.274482
5.859530	0.145993	0.148861	-0.082147
5.848848	0.142231	0.145797	-0.102158
5.838205	0.139835	0.145451	-0.160884
5.827603	0.145347	0.147190	-0.052800
5.817040	0.142907	0.139869	0.087025
5.806516	0.140535	0.142146	-0.046138
5.796031	0.148155	0.132944	0.435756
5.785586	0.144076	0.138401	0.162561
5.775178	0.134844	0.143426	-0.245840
5.764810	0.136437	0.138940	-0.071698
5.754479	0.138239	0.144734	-0.186057
5.744186	0.142191	0.139009	0.091169
5.733931	0.136463	0.147676	-0.321229
5.723714	0.142722	0.139511	0.091974
5.713534	0.142083	0.141759	0.009290
5.703391	0.126878	0.141547	-0.420225
5.693285	0.137514	0.140344	-0.081053
5.683216	0.134987	0.132401	0.074082
5.673184	0.136362	0.136694	-0.009499
5.663188	0.132568	0.133252	-0.019596
5.653228	0.132890	0.124662	0.235717
5.643304	0.132586	0.124601	0.228752
5.633415	0.124800	0.121565	0.092672
5.623562	0.122574	0.121304	0.036384
5.613745	0.115042	0.109453	0.160127
5.603963	0.104555	0.103488	0.030561
5.594216	0.104532	0.104709	-0.005088
5.584504	0.097670	0.101308	-0.104229
5.574826	0.084375	0.089657	-0.151330
5.565183	0.084352	0.081430	0.083715
5.555574	0.078062	0.078449	-0.011103
5.545999	0.070307	0.072738	-0.069651
5.536458	0.068668	0.063072	0.160327
5.526950	0.062498	0.058928	0.102276
5.517477	0.058435	0.056605	0.052442
5.508036	0.057091	0.058163	-0.030713
5.498629	0.051079	0.048345	0.078322
5.489255	0.050211	0.042888	0.209769
5.479914	0.045227	0.044889	0.009692
5.470605	0.039454	0.042836	-0.096893
5.461329	0.040551	0.042827	-0.065211
5.452085	0.038947	0.038559	0.011125
5.442874	0.039148	0.035933	0.092104
5.433694	0.039743	0.036830	0.083432
5.424546	0.037237	0.032504	0.135580
5.415430	0.035103	0.030760	0.124425
5.406345	0.032538	0.030727	0.051876
5.397292	0.029631	0.030896	-0.036240
5.388270	0.026556	0.025989	0.016247
5.379279	0.023193	0.021131	0.059050
5.370319	0.022758	0.020460	0.065810
5.361389	0.019285	0.018517	0.022003
5.352490	0.016867	0.013835	0.086876
5.343621	0.014714	0.014345	0.010583
5.334783	0.014105	0.011026	0.088191
5.325975	0.013060	0.010193	0.082129
5.317196	0.010962	0.011445	-0.013825
5.308448	0.012610	0.009607	0.086007
5.299729	0.013439	0.010210	0.092493
5.291039	0.008819	0.009760	-0.026965
5.282379	0.009775	0.008785	0.028353
5.273748	0.012462	0.009520	0.084289
5.265146	0.010420	0.009540	0.025224
5.256573	0.010104	0.006113	0.114340
5.248029	0.007999	0.007146	0.024411
5.239513	0.009689	0.005244	0.127339
5.231026	0.006991	0.003706	0.094127
5.222567	0.005493	0.002757	0.078384
5.214136	0.003915	0.003586	0.009426
5.205733	0.002826	0.000388	0.069840
5.197358	0.000465	-0.001426	0.054155
5.189011	-0.000137	-0.004304	0.119372
5.180691	-0.002900	-0.005750	0.081646
5.172399	-0.004293	-0.008759	0.127944
5.164135	-0.006805	-0.007610	0.023041
5.155897	-0.007202	-0.009766	0.073459
5.147687	-0.007081	-0.012175	0.145915
5.139503	-0.007034	-0.011933	0.140343
5.131346	-0.007233	-0.010678	0.098691
5.123216	-0.008970	-0.011359	0.068437
5.115113	-0.008055	-0.009797	0.049908
5.107036	-0.007223	-0.010266	0.087190
5.098985	-0.005885	-0.011069	0.148511
5.090960	-0.005129	-0.009435	0.123355
5.082962	-0.005316	-0.008049	0.078285
5.074989	-0.005331	-0.007852	0.072207
5.067042	-0.005260	-0.007322	0.059073
5.059121	-0.005123	-0.007041	0.054955
5.051225	-0.004642	-0.007600	0.084755
5.043355	-0.005351	-0.008707	0.096123
5.035510	-0.005239	-0.009535	0.123068
5.027690	-0.006144	-0.009610	0.099290
5.019895	-0.007008	-0.010193	0.091245
5.012126	-0.008492	-0.012135	0.104366
5.004381	-0.010263	-0.013883	0.103701
4.996660	-0.011532	-0.015245	0.106377
4.988964	-0.012952	-0.015951	0.085919
4.981293	-0.013833	-0.017000	0.090713
4.973646	-0.015262	-0.018678	0.097851
4.966023	-0.016195	-0.019758	0.102075
4.958425	-0.016269	-0.019465	0.091538
4.950850	-0.017331	-0.019516	0.062594
4.943299	-0.017387	-0.019791	0.068876
4.935772	-0.016236	-0.020412	0.119640
4.928269	-0.016685	-0.020678	0.114373
4.920789	-0.015245	-0.018803	0.101954
4.913333	-0.015236	-0.017910	0.076593
4.905900	-0.014880	-0.017320	0.069926
4.898490	-0.013361	-0.017136	0.108147
4.891103	-0.012021	-0.015891	0.110872
4.883739	-0.012146	-0.014997	0.081667
4.876399	-0.010959	-0.014334	0.096679
4.869081	-0.008894	-0.013679	0.137075
4.861785	-0.009183	-0.013326	0.118704
4.854512	-0.009229	-0.013691	0.127833
4.847262	-0.008898	-0.012390	0.100064
4.840034	-0.009138	-0.012552	0.097818
4.832829	-0.008741	-0.012930	0.119988
4.825645	-0.009896	-0.013716	0.109419
4.818484	-0.010253	-0.014282	0.115410
4.811344	-0.010959	-0.015019	0.116306
4.804227	-0.012015	-0.016093	0.116836
4.797131	-0.013369	-0.016687	0.095045
4.790057	-0.013891	-0.017590	0.105950
4.783004	-0.014344	-0.018737	0.125860
4.775973	-0.015983	-0.019341	0.096204
4.768963	-0.017098	-0.020541	0.098632
4.761974	-0.017047	-0.021100	0.116111
4.755007	-0.017738	-0.020618	0.082502
4.748061	-0.017746	-0.021529	0.108403
4.741136	-0.017695	-0.021445	0.107443
4.734231	-0.018037	-0.022026	0.114261
4.727348	-0.016958	-0.021293	0.124212
4.720485	-0.016622	-0.019992	0.096540
4.713642	-0.016615	-0.020138	0.100942
4.706821	-0.016115	-0.019246	0.089689
4.700019	-0.014800	-0.018096	0.094423
4.693238	-0.013906	-0.017190	0.094081
4.686478	-0.012824	-0.016608	0.108376
4.679737	-0.011966	-0.015965	0.114558
4.673016	-0.011738	-0.014593	0.081784
4.666316	-0.010083	-0.013747	0.104976
4.659635	-0.009364	-0.012492	0.089620
4.652974	-0.008335	-0.012354	0.115132
4.646333	-0.008094	-0.011661	0.102174
4.639711	-0.007551	-0.011412	0.110622
4.633109	-0.007515	-0.010713	0.091631
4.626527	-0.006911	-0.010721	0.109144
4.619963	-0.006828	-0.010450	0.103750
4.613420	-0.008323	-0.011090	0.079255
4.606895	-0.008628	-0.011623	0.085799
4.600389	-0.008905	-0.011562	0.076110
4.593902	-0.009654	-0.012565	0.083395
4.587435	-0.010357	-0.013241	0.082614
4.580986	-0.011089	-0.013948	0.081886
4.574556	-0.012437	-0.015685	0.093051
4.568145	-0.013242	-0.015764	0.072251
4.561752	-0.013843	-0.016765	0.083728
4.555378	-0.014536	-0.017470	0.084050
4.549022	-0.015497	-0.018198	0.077379
4.542685	-0.015797	-0.018770	0.085163
4.536365	-0.016017	-0.018970	0.084582
4.530065	-0.016436	-0.019014	0.073855
4.523782	-0.016319	-0.019541	0.092296
4.517517	-0.015807	-0.019493	0.105590
4.511271	-0.015365	-0.018790	0.098121
4.505042	-0.015464	-0.018528	0.087798
4.498831	-0.015196	-0.017807	0.074805
4.492638	-0.013955	-0.017432	0.099597
4.486462	-0.013302	-0.016230	0.083893
4.480304	-0.012681	-0.015453	0.079407
4.474164	-0.011871	-0.014845	0.085201
4.468041	-0.010841	-0.014033	0.091442
4.461935	-0.009637	-0.012864	0.092434
4.455847	-0.008870	-0.011580	0.077637
4.449776	-0.007896	-0.010615	0.077892
4.443722	-0.007319	-0.010515	0.091557
4.437686	-0.006758	-0.009687	0.083901
4.431666	-0.005827	-0.008964	0.089873
4.425663	-0.005424	-0.007468	0.058552
4.419677	-0.004996	-0.007323	0.066658
4.413708	-0.004515	-0.007016	0.071665
4.407755	-0.003920	-0.006857	0.084139
4.401820	-0.003096	-0.006499	0.097462
4.395901	-0.002968	-0.005940	0.085156
4.389998	-0.003260	-0.005646	0.068375
4.384112	-0.003168	-0.006454	0.094135
4.378242	-0.003787	-0.005746	0.056099
4.372389	-0.003948	-0.006912	0.084910
4.366551	-0.004122	-0.006857	0.078346
4.360730	-0.004244	-0.007044	0.080199
4.354925	-0.005230	-0.007672	0.069973
4.349136	-0.005995	-0.008738	0.078587
4.343364	-0.006520	-0.009204	0.076885
4.337607	-0.007496	-0.010214	0.077864
4.331865	-0.008697	-0.011285	0.074138
4.326140	-0.009038	-0.011448	0.069037
4.320430	-0.009603	-0.012324	0.077941
4.314736	-0.009848	-0.012536	0.077013
4.309058	-0.010836	-0.012931	0.060022
4.303395	-0.010815	-0.013120	0.066044
4.297748	-0.010781	-0.013141	0.067597
4.292116	-0.010660	-0.013172	0.071971
4.286499	-0.010850	-0.013313	0.070565
4.280898	-0.010621	-0.012682	0.059059
4.275312	-0.010469	-0.012878	0.069003
4.269741	-0.009733	-0.012617	0.082617
4.264185	-0.009700	-0.012144	0.069993
4.258644	-0.009552	-0.011654	0.060231
4.253118	-0.008935	-0.011302	0.067812
4.247607	-0.008377	-0.010518	0.061355
4.242111	-0.007515	-0.010153	0.075582
4.236629	-0.006718	-0.008995	0.065232
4.231163	-0.006314	-0.008708	0.068602
4.225711	-0.005563	-0.007973	0.069034
4.220274	-0.004844	-0.007002	0.061808
4.214851	-0.003976	-0.006134	0.061808
4.209442	-0.003374	-0.004983	0.046089
4.204049	-0.002471	-0.004393	0.055060
4.198669	-0.001476	-0.003562	0.059751
4.193304	-0.001064	-0.002911	0.052916
4.187953	-0.000314	-0.002374	0.059038
4.182616	0.000128	-0.001774	0.054495
4.177294	0.000238	-0.001292	0.043846
4.171985	0.001161	-0.001077	0.064122
4.166691	0.001596	-0.000346	0.055654
4.161411	0.001968	0.000004	0.056273
4.156144	0.002096	0.000271	0.052290
4.150892	0.001964	0.000426	0.044064
4.145653	0.001918	0.000178	0.049834
4.140428	0.002043	0.000204	0.052672
4.135217	0.001669	-0.000075	0.049947
4.130019	0.001326	-0.000214	0.044103
4.124835	0.001136	-0.000551	0.048326
4.119665	0.000963	-0.000836	0.051518
4.114508	-0.000089	-0.001340	0.035834
4.109364	-0.000288	-0.001976	0.048368
4.104234	-0.000883	-0.002559	0.048027
4.099117	-0.001502	-0.002970	0.042057
4.094014	-0.002320	-0.003674	0.038777
4.088924	-0.002774	-0.004573	0.051539
4.083846	-0.003378	-0.005035	0.047462
4.078783	-0.004379	-0.005752	0.039321
4.073732	-0.004901	-0.006516	0.046247
4.068694	-0.005644	-0.007163	0.043529
4.063669	-0.005889	-0.007187	0.037168
4.058657	-0.006286	-0.007654	0.039181
4.053658	-0.006060	-0.007710	0.047284
4.048672	-0.005961	-0.007669	0.048930
4.043699	-0.006220	-0.007489	0.036343
4.038738	-0.006350	-0.007452	0.031561
4.033790	-0.005588	-0.007089	0.042996
4.028855	-0.005213	-0.006493	0.036649
4.023933	-0.005049	-0.006235	0.033982
4.019022	-0.004716	-0.005827	0.031820
4.014125	-0.004385	-0.005538	0.033019
4.009240	-0.003708	-0.005226	0.043495
4.004367	-0.002938	-0.004425	0.042601
3.999506	-0.002782	-0.003796	0.029049
3.994658	-0.002015	-0.003359	0.038504
3.989823	-0.001666	-0.003069	0.040213
3.984999	-0.001083	-0.002651	0.044907
3.980187	-0.000807	-0.002167	0.038942
3.975388	-0.000511	-0.001634	0.032171
3.970601	0.000260	-0.000745	0.028774
3.965826	0.001144	-0.000134	0.036597
3.961063	0.001758	0.000777	0.028091
3.956311	0.002599	0.001337	0.036172
3.951572	0.003406	0.002322	0.031065
3.946844	0.004354	0.003071	0.036753
3.942129	0.005290	0.003796	0.042810
3.937425	0.006045	0.004654	0.039834
3.932733	0.006453	0.005034	0.040644
3.928052	0.006803	0.005530	0.036465
3.923383	0.007205	0.006045	0.033218
3.918726	0.007520	0.006228	0.037028
3.914080	0.008008	0.006379	0.046664
3.909446	0.007957	0.007001	0.027404
3.904823	0.008051	0.006592	0.041780
3.900212	0.007942	0.006856	0.031114
3.895612	0.008042	0.006959	0.031013
3.891023	0.007917	0.006890	0.029419
3.886446	0.007775	0.006745	0.029505
3.881880	0.007587	0.006659	0.026564
3.877325	0.007571	0.006336	0.035378
3.872781	0.006966	0.006080	0.025374
3.868249	0.006832	0.005689	0.032745
3.863727	0.006418	0.005431	0.028295
3.859217	0.005929	0.005296	0.018133
3.854718	0.005683	0.004824	0.024612
3.850229	0.005106	0.004236	0.024914
3.845752	0.004916	0.003948	0.027735
3.841285	0.004406	0.003566	0.024081
3.836829	0.003728	0.002779	0.027208
3.832384	0.003286	0.002286	0.028627
3.827950	0.002599	0.001815	0.022444
3.823527	0.002153	0.001322	0.023807
3.819114	0.001822	0.000906	0.026229
3.814712	0.001461	0.000621	0.024057
3.810321	0.001033	0.000237	0.022818
3.805940	0.000716	-0.000247	0.027577
3.801570	0.000157	-0.000325	0.013792
3.797210	0.000208	-0.000788	0.028518
3.792860	-0.000168	-0.000907	0.021192
3.788522	-0.000463	-0.000955	0.014098
3.784193	-0.000483	-0.001272	0.022589
3.779875	-0.000541	-0.001212	0.019248
3.775567	-0.000560	-0.001039	0.013732
3.771269	-0.000096	-0.001092	0.028547
3.766982	-0.000117	-0.000884	0.021973
3.762705	-0.000060	-0.000460	0.011476
3.758438	0.000320	-0.000572	0.025551
3.754181	0.000863	0.000100	0.021845
3.749935	0.001285	0.000433	0.024425
3.745698	0.001580	0.000820	0.021763
3.741472	0.001970	0.001487	0.013823
3.737255	0.002516	0.001578	0.026879
3.733048	0.002892	0.002273	0.017735
3.728852	0.003545	0.002919	0.017925
3.724665	0.004230	0.003527	0.020138
3.720488	0.004590	0.004064	0.015062
3.716321	0.005256	0.004636	0.017745
3.712163	0.005914	0.004995	0.026326
3.708016	0.006559	0.005618	0.026946
3.703878	0.006804	0.006348	0.013073
3.699750	0.007317	0.006792	0.015047
3.695631	0.008052	0.007198	0.024454
3.691522	0.008792	0.007948	0.024188
3.687423	0.009460	0.008775	0.019628
3.683333	0.010215	0.009624	0.016930
3.679253	0.010872	0.010014	0.024582
3.675182	0.011464	0.010648	0.023376
3.671120	0.012178	0.011376	0.022983
3.667069	0.012966	0.011971	0.028506
3.663026	0.013283	0.012817	0.013351
3.658993	0.013764	0.013368	0.011326
3.654969	0.014169	0.013353	0.023358
3.650954	0.014456	0.013830	0.017920
3.646949	0.014330	0.013796	0.015310
3.642953	0.014261	0.013538	0.020705
3.638966	0.013902	0.013402	0.014320
3.634988	0.013785	0.012961	0.023602
3.631020	0.013345	0.012781	0.016150
3.627060	0.013281	0.012819	0.013245
3.623110	0.013766	0.012907	0.024616
3.619168	0.014001	0.013247	0.021590
3.615236	0.014347	0.013523	0.023602
3.611312	0.014462	0.013978	0.013884
3.607398	0.014855	0.014586	0.007725
3.603492	0.015116	0.014575	0.015507
3.599596	0.014922	0.014252	0.019197
3.595708	0.014522	0.014087	0.012455
3.591829	0.014556	0.014085	0.013508
3.587959	0.014291	0.013812	0.013722
3.584097	0.013823	0.013319	0.014430
3.580244	0.013370	0.012658	0.020394
3.576400	0.013173	0.012569	0.017299
3.572565	0.012826	0.012424	0.011511
3.568738	0.012198	0.011919	0.008003
3.564920	0.012240	0.011794	0.012766
3.561111	0.011744	0.011214	0.015180
3.557310	0.011478	0.010852	0.017930
3.553517	0.011277	0.010609	0.019147
3.549734	0.011006	0.010406	0.017209
3.545958	0.010734	0.010002	0.020969
3.542191	0.010547	0.009872	0.019334
3.538433	0.010300	0.009799	0.014341
3.534683	0.010078	0.009529	0.015709
3.530941	0.009789	0.009126	0.019006
3.527207	0.009399	0.009003	0.011356
3.523482	0.009306	0.008613	0.019860
3.519765	0.009047	0.008456	0.016916
3.516057	0.009020	0.008359	0.018937
3.512356	0.008642	0.008068	0.016443
3.508664	0.008441	0.007872	0.016306
3.504980	0.008461	0.007957	0.014449
3.501304	0.008611	0.008031	0.016600
3.497636	0.008659	0.008012	0.018531
3.493977	0.008662	0.007983	0.019467
3.490325	0.008753	0.008146	0.017391
3.486682	0.008971	0.008544	0.012243
3.483046	0.008912	0.008464	0.012818
3.479419	0.009403	0.009079	0.009291
3.475799	0.009833	0.009357	0.013636
3.472187	0.010562	0.009803	0.021743
3.468583	0.010819	0.010466	0.010100
3.464988	0.011434	0.010976	0.013118
3.461400	0.012086	0.011643	0.012714
3.457819	0.012943	0.012543	0.011484
3.454247	0.013507	0.013014	0.014116
3.450682	0.013965	0.013530	0.012466
3.447125	0.014518	0.014120	0.011413
3.443576	0.015114	0.014932	0.005219
3.440035	0.015660	0.015422	0.006820
3.436501	0.016485	0.015941	0.015562
3.432975	0.016791	0.016461	0.009469
3.429457	0.017546	0.017136	0.011726
3.425946	0.017566	0.017258	0.008845
3.422442	0.018293	0.018010	0.008097
3.418947	0.018661	0.018147	0.014730
3.415459	0.018673	0.018418	0.007293
3.411978	0.019500	0.019056	0.012706
3.408505	0.020113	0.019930	0.005222
3.405039	0.020826	0.020361	0.013323
3.401581	0.021525	0.021294	0.006628
3.398130	0.022129	0.022034	0.002717
3.394686	0.022670	0.022554	0.003309
3.391250	0.023570	0.023314	0.007332
3.387821	0.024244	0.023948	0.008475
3.384400	0.024927	0.024590	0.009663
3.380986	0.025486	0.025080	0.011612
3.377579	0.026019	0.025736	0.008102
3.374179	0.026445	0.026205	0.006863
3.370787	0.026931	0.026536	0.011300
3.367401	0.026884	0.026620	0.007579
3.364023	0.027344	0.026858	0.013913
3.360652	0.027532	0.027090	0.012663
3.357289	0.027671	0.027204	0.013394
3.353932	0.027623	0.027362	0.007478
3.350582	0.027658	0.027322	0.009640
3.347240	0.027848	0.027613	0.006726
3.343904	0.027770	0.027466	0.008690
3.340576	0.027541	0.027472	0.001998
3.337255	0.027744	0.027431	0.008948
3.333940	0.027710	0.027583	0.003626
3.330633	0.027894	0.027441	0.012991
3.327332	0.027764	0.027403	0.010341
3.324038	0.027983	0.027679	0.008693
3.320752	0.028059	0.027790	0.007701
3.317472	0.028000	0.027727	0.007840
3.314199	0.028076	0.027786	0.008315
3.310933	0.028055	0.027996	0.001679
3.307673	0.028364	0.027996	0.010522
3.304421	0.028334	0.028188	0.004184
3.301175	0.028358	0.028199	0.004548
3.297936	0.028392	0.028207	0.005295
3.294703	0.028429	0.028381	0.001366
3.291478	0.028645	0.028273	0.010662
3.288259	0.028544	0.028397	0.004203
3.285046	0.028093	0.028081	0.000364
3.281841	0.028041	0.027971	0.002001
3.278642	0.027673	0.027436	0.006788
3.275449	0.027214	0.027107	0.003068
3.272263	0.026522	0.026631	-0.003123
3.269084	0.026137	0.026241	-0.002989
3.265911	0.025695	0.025774	-0.002288
3.262745	0.025343	0.025463	-0.003420
3.259585	0.024894	0.024976	-0.002336
3.256432	0.025044	0.025027	0.000500
3.253285	0.024730	0.024884	-0.004412
3.250145	0.024670	0.024966	-0.008480
3.247011	0.025149	0.025092	0.001639
3.243883	0.025105	0.025000	0.003010
3.240762	0.025239	0.025091	0.004248
3.237647	0.025635	0.025590	0.001281
3.234539	0.025313	0.025382	-0.001975
3.231437	0.025389	0.025418	-0.000836
3.228341	0.025289	0.025461	-0.004934
3.225251	0.025226	0.025174	0.001504
3.222168	0.025156	0.025171	-0.000449
3.219091	0.025191	0.025334	-0.004090
3.216020	0.025184	0.025379	-0.005598
3.212956	0.024933	0.025099	-0.004750
3.209897	0.025020	0.025083	-0.001790
3.206845	0.024960	0.025175	-0.006143
3.203799	0.025049	0.025427	-0.010831
3.200759	0.025494	0.025444	0.001418
3.197725	0.025293	0.025582	-0.008281
3.194697	0.025593	0.025586	0.000220
3.191676	0.025752	0.025901	-0.004273
3.188660	0.025980	0.026180	-0.005743
3.185651	0.025938	0.026222	-0.008142
3.182647	0.026094	0.026395	-0.008616
3.179650	0.026739	0.026707	0.000897
3.176658	0.026840	0.027236	-0.011332
3.173673	0.027252	0.027628	-0.010763
3.170693	0.027863	0.027988	-0.003571
3.167720	0.028310	0.028311	-0.000046
3.164752	0.029125	0.029045	0.002295
3.161790	0.029492	0.029674	-0.005217
3.158834	0.029990	0.030285	-0.008437
3.155884	0.030596	0.030831	-0.006711
3.152940	0.030587	0.030833	-0.007054
3.150001	0.030802	0.031158	-0.010222
3.147069	0.031317	0.031481	-0.004722
3.144142	0.032058	0.032190	-0.003757
3.141221	0.032719	0.032772	-0.001499
3.138306	0.033040	0.033221	-0.005158
3.135396	0.033468	0.033741	-0.007823
3.132493	0.033557	0.033888	-0.009466
3.129595	0.034150	0.034392	-0.006952
3.126702	0.034881	0.035124	-0.006947
3.123816	0.035233	0.035746	-0.014695
3.120935	0.035890	0.036302	-0.011799
3.118059	0.036587	0.036925	-0.009656
3.115190	0.037293	0.037926	-0.018140
3.112326	0.038066	0.038320	-0.007269
3.109467	0.038284	0.038576	-0.008387
3.106614	0.038274	0.038963	-0.019739
3.103767	0.038615	0.038972	-0.010218
3.100925	0.039096	0.039759	-0.019003
3.098089	0.039788	0.040299	-0.014634
3.095258	0.040396	0.040714	-0.009103
3.092433	0.040996	0.041374	-0.010818
3.089613	0.041176	0.041746	-0.016351
3.086799	0.041187	0.041773	-0.016781
3.083990	0.041856	0.042415	-0.016021
3.081187	0.042168	0.042680	-0.014671
3.078389	0.042308	0.042946	-0.018285
3.075596	0.042562	0.042933	-0.010616
3.072809	0.042880	0.043315	-0.012464
3.070027	0.042904	0.043517	-0.017564
3.067251	0.043258	0.043818	-0.016054
3.064480	0.043150	0.044056	-0.025948
3.061714	0.043519	0.043981	-0.013246
3.058954	0.043667	0.044215	-0.015686
3.056199	0.043586	0.044195	-0.017441
3.053449	0.043243	0.043932	-0.019762
3.050704	0.043497	0.044043	-0.015623
3.047965	0.043407	0.043917	-0.014620
3.045231	0.043151	0.043980	-0.023752
3.042502	0.043136	0.043893	-0.021679
3.039779	0.043241	0.043870	-0.018028
3.037060	0.043671	0.044450	-0.022319
3.034347	0.043833	0.044335	-0.014379
3.031639	0.043679	0.044454	-0.022178
3.028936	0.043419	0.044124	-0.020197
3.026238	0.043611	0.044266	-0.018756
3.023545	0.043587	0.044368	-0.022377
3.020858	0.043296	0.044023	-0.020850
3.018175	0.043207	0.044070	-0.024744
3.015498	0.043673	0.044144	-0.013488
3.012826	0.043519	0.044075	-0.015924
3.010158	0.043608	0.044420	-0.023257
3.007496	0.043879	0.044466	-0.016797
3.004839	0.043971	0.044676	-0.020192
3.002187	0.043842	0.044705	-0.024726
2.999540	0.044094	0.044729	-0.018208
2.996897	0.043763	0.044633	-0.024922
2.994260	0.043561	0.044484	-0.026439
2.991628	0.043144	0.043939	-0.022788
2.989000	0.043091	0.044108	-0.029149
2.986378	0.042910	0.043652	-0.021248
2.983760	0.043100	0.043678	-0.016554
2.981148	0.042823	0.043655	-0.023832
2.978540	0.042865	0.043817	-0.027264
2.975937	0.042570	0.043525	-0.027360
2.973339	0.042301	0.043148	-0.024262
2.970746	0.042332	0.043178	-0.024240
2.968158	0.042291	0.043355	-0.030487
2.965574	0.042407	0.043510	-0.031575
2.962995	0.042336	0.043373	-0.029710
2.960421	0.042527	0.043582	-0.030251
2.957852	0.042606	0.043601	-0.028514
2.955288	0.042362	0.043397	-0.029656
2.952728	0.042548	0.043378	-0.023780
2.950173	0.042542	0.043673	-0.032415
2.947623	0.042934	0.043814	-0.025212
2.945078	0.042954	0.043811	-0.024555
2.942537	0.042909	0.043819	-0.026051
2.940001	0.042725	0.043737	-0.029000
2.937469	0.042271	0.043382	-0.031838
2.934943	0.042019	0.043077	-0.030307
2.932421	0.041892	0.042911	-0.029174
2.929903	0.041732	0.042717	-0.028206
2.927390	0.041610	0.042728	-0.032004
2.924882	0.041307	0.042464	-0.033154
2.922378	0.040798	0.042117	-0.037779
2.919879	0.040591	0.041750	-0.033196
2.917385	0.040580	0.041695	-0.031939
2.914895	0.040172	0.041197	-0.029370
2.912410	0.039982	0.040967	-0.028215
2.909929	0.039363	0.040329	-0.027701
2.907453	0.039519	0.040690	-0.033551
2.904981	0.039328	0.040665	-0.038302
2.902513	0.039243	0.040453	-0.034674
2.900051	0.039205	0.040295	-0.031216
2.897592	0.038897	0.040090	-0.034182
2.895138	0.038846	0.039883	-0.029704
2.892689	0.038603	0.039811	-0.034600
2.890244	0.038675	0.039967	-0.037001
2.887803	0.038878	0.040011	-0.032473
2.885367	0.038867	0.040018	-0.032954
2.882936	0.038850	0.040026	-0.033698
2.880508	0.038160	0.039478	-0.037774
2.878085	0.037694	0.038932	-0.035475
2.875667	0.037222	0.038382	-0.033244
2.873252	0.036647	0.037839	-0.034140
2.870842	0.036274	0.037509	-0.035388
2.868437	0.036020	0.037241	-0.034986
2.866036	0.036115	0.037343	-0.035192
2.863639	0.036193	0.037402	-0.034633
2.861246	0.036549	0.037764	-0.034823
2.858858	0.037092	0.038447	-0.038829
2.856474	0.037042	0.038346	-0.037357
2.854094	0.037092	0.038402	-0.037529
2.851718	0.036971	0.038340	-0.039207
2.849347	0.037594	0.038871	-0.036603
2.846980	0.038312	0.039557	-0.035648
2.844617	0.038716	0.039949	-0.035317
2.842258	0.039186	0.040565	-0.039522
2.839904	0.039746	0.041037	-0.036968
2.837553	0.039852	0.041142	-0.036948
2.835207	0.040727	0.042080	-0.038768
2.832865	0.041248	0.042688	-0.041273
2.830528	0.041904	0.043229	-0.037955
2.828194	0.042398	0.043816	-0.040640
2.825864	0.043013	0.044311	-0.037191
2.823539	0.043601	0.045031	-0.040948
2.821218	0.044037	0.045530	-0.042772
2.818901	0.044534	0.045920	-0.039707
2.816587	0.045002	0.046420	-0.040640
2.814278	0.045707	0.047119	-0.040462
2.811973	0.045967	0.047470	-0.043061
2.809673	0.046470	0.047845	-0.039382
2.807376	0.047014	0.048463	-0.041534
2.805083	0.047294	0.048712	-0.040619
2.802794	0.047686	0.049149	-0.041899
2.800509	0.047840	0.049285	-0.041386
2.798228	0.048468	0.049880	-0.040451
2.795952	0.048602	0.050064	-0.041877
2.793679	0.048689	0.050188	-0.042932
2.791410	0.048862	0.050292	-0.040955
2.789145	0.048829	0.050274	-0.041392
2.786884	0.049200	0.050671	-0.042127
2.784627	0.049175	0.050588	-0.040474
2.782374	0.049461	0.050958	-0.042876
2.780125	0.049605	0.051151	-0.044279
2.777880	0.049489	0.051107	-0.046363
2.775638	0.049934	0.051461	-0.043738
2.773401	0.050296	0.051834	-0.044047
2.771167	0.050647	0.052224	-0.045180
2.768938	0.051155	0.052666	-0.043284
2.766712	0.051519	0.053117	-0.045771
2.764490	0.052215	0.053797	-0.045333
2.762272	0.052916	0.054522	-0.046013
2.760058	0.053468	0.055063	-0.045688
2.757847	0.054024	0.055609	-0.045421
2.755640	0.054725	0.056334	-0.046105
2.753437	0.055418	0.057018	-0.045858
2.751238	0.056089	0.057658	-0.044938
2.749043	0.056524	0.058187	-0.047670
2.746852	0.056789	0.058355	-0.044871
2.744664	0.057185	0.058794	-0.046088
2.742480	0.057631	0.059307	-0.048018
2.740300	0.057755	0.059444	-0.048382
2.738123	0.057918	0.059575	-0.047465
2.735950	0.058309	0.059961	-0.047326
2.733781	0.058386	0.060052	-0.047723
2.731616	0.058451	0.060091	-0.046978
2.729454	0.058524	0.060143	-0.046382
2.727296	0.058552	0.060277	-0.049419
2.725142	0.058422	0.060109	-0.048315
2.722991	0.058640	0.060418	-0.050938
2.720844	0.058636	0.060353	-0.049200
2.718701	0.058522	0.060222	-0.048694
2.716561	0.058602	0.060333	-0.049603
2.714425	0.058560	0.060240	-0.048122
2.712293	0.058823	0.060522	-0.048687
2.710164	0.058985	0.060619	-0.046830
2.708039	0.058780	0.060513	-0.049621
2.705917	0.058767	0.060490	-0.049366
2.703799	0.058864	0.060550	-0.048288
2.701685	0.058895	0.060615	-0.049279
2.699574	0.058550	0.060290	-0.049838
2.697466	0.058548	0.060317	-0.050673
2.695363	0.058721	0.060442	-0.049320
2.693262	0.058508	0.060283	-0.050858
2.691166	0.058691	0.060394	-0.048789
2.689072	0.058579	0.060340	-0.050435
2.686983	0.058679	0.060469	-0.051278
2.684897	0.058706	0.060456	-0.050130
2.682814	0.058690	0.060508	-0.052061
2.680735	0.058683	0.060426	-0.049927
2.678659	0.058641	0.060450	-0.051817
2.676587	0.058585	0.060337	-0.050182
2.674518	0.058681	0.060509	-0.052355
2.672453	0.058841	0.060642	-0.051599
2.670391	0.058747	0.060552	-0.051691
2.668333	0.058687	0.060530	-0.052802
2.666278	0.058698	0.060520	-0.052209
2.664226	0.058408	0.060296	-0.054099
2.662178	0.058353	0.060221	-0.053502
2.660133	0.058530	0.060401	-0.053602
2.658092	0.058489	0.060326	-0.052629
2.656054	0.058302	0.060100	-0.051509
2.654019	0.058113	0.059976	-0.053347
2.651988	0.058446	0.060301	-0.053127
2.649960	0.058287	0.060141	-0.053123
2.647936	0.058155	0.060046	-0.054167
2.645915	0.058081	0.059945	-0.053400
2.643897	0.057991	0.059850	-0.053259
2.641882	0.057873	0.059754	-0.053901
2.639871	0.057855	0.059745	-0.054137
2.637863	0.057741	0.059617	-0.053765
2.635859	0.057668	0.059546	-0.053807
2.633857	0.057783	0.059655	-0.053630
2.631859	0.057666	0.059548	-0.053914
2.629865	0.057580	0.059464	-0.053975
2.627873	0.057425	0.059325	-0.054437
2.625885	0.057424	0.059311	-0.054076
2.623900	0.057162	0.059076	-0.054818
2.621919	0.057127	0.059076	-0.055828
2.619940	0.057024	0.058973	-0.055828
2.617965	0.056987	0.058912	-0.055156
2.615993	0.056686	0.058631	-0.055710
2.614025	0.056714	0.058642	-0.055229
2.612059	0.056598	0.058585	-0.056908
2.610097	0.056509	0.058451	-0.055647
2.608138	0.056340	0.058294	-0.055956
2.606182	0.055856	0.057798	-0.055617
2.604229	0.055741	0.057670	-0.055262
2.602280	0.055370	0.057340	-0.056426
2.600333	0.054789	0.056770	-0.056767
2.598390	0.054292	0.056270	-0.056651
2.596450	0.053848	0.055808	-0.056147
2.594513	0.053092	0.055045	-0.055949
2.592579	0.052844	0.054847	-0.057364
2.590648	0.052390	0.054395	-0.057427
2.588721	0.051961	0.053922	-0.056187
2.586796	0.051397	0.053389	-0.057057
2.584875	0.050841	0.052846	-0.057437
2.582957	0.050744	0.052764	-0.057881
2.581042	0.050872	0.052936	-0.059137
2.579130	0.050731	0.052764	-0.058241
2.577221	0.050426	0.052430	-0.057402
2.575315	0.050532	0.052547	-0.057723
2.573412	0.050835	0.052834	-0.057291
2.571512	0.050564	0.052573	-0.057538
2.569615	0.050766	0.052801	-0.058305
2.567722	0.050918	0.052908	-0.057032
2.565831	0.051307	0.053344	-0.058345
2.563943	0.051738	0.053789	-0.058747
2.562058	0.051677	0.053691	-0.057703
2.560177	0.051986	0.054021	-0.058307
2.558298	0.052224	0.054283	-0.058983
2.556423	0.052457	0.054524	-0.059219
2.554550	0.052815	0.054872	-0.058902
2.552680	0.053504	0.055559	-0.058870
2.550813	0.053329	0.055363	-0.058255
2.548950	0.053265	0.055309	-0.058565
2.547089	0.053477	0.055565	-0.059828
2.545231	0.053378	0.055457	-0.059568
2.543376	0.053466	0.055535	-0.059291
2.541524	0.053462	0.055531	-0.059256
2.539675	0.053469	0.055577	-0.060387
2.537829	0.053390	0.055449	-0.059000
2.535986	0.053241	0.055349	-0.060382
2.534146	0.053290	0.055401	-0.060477
2.532308	0.053187	0.055305	-0.060668
2.530474	0.053115	0.055212	-0.060082
2.528642	0.053252	0.055342	-0.059891
2.526814	0.053308	0.055411	-0.060259
2.524988	0.053603	0.055737	-0.061140
2.523165	0.053655	0.055796	-0.061331
2.521345	0.054185	0.056313	-0.060968
2.519528	0.054200	0.056323	-0.060843
2.517714	0.054959	0.057084	-0.060867
2.515902	0.055688	0.057811	-0.060820
2.514093	0.056543	0.058690	-0.061507
2.512288	0.057231	0.059392	-0.061910
2.510485	0.058529	0.060666	-0.061230
2.508684	0.059523	0.061655	-0.061066
2.506887	0.060546	0.062687	-0.061331
2.505092	0.061536	0.063697	-0.061920
2.503301	0.062531	0.064703	-0.062233
2.501512	0.063683	0.065866	-0.062524
2.499726	0.064688	0.066894	-0.063203
2.497942	0.065902	0.068079	-0.062377
2.496162	0.066779	0.068963	-0.062558
2.494384	0.067633	0.069858	-0.063769
2.492609	0.068655	0.070849	-0.062878
2.490836	0.069473	0.071642	-0.062153
2.489067	0.070159	0.072380	-0.063618
2.487300	0.070814	0.073015	-0.063062
2.485536	0.071507	0.073691	-0.062554
2.483774	0.072003	0.074195	-0.062780
2.482016	0.072624	0.074807	-0.062546
2.480260	0.073016	0.075223	-0.063237
2.478507	0.073427	0.075609	-0.062528
2.476756	0.073785	0.076035	-0.064465
2.475008	0.074048	0.076296	-0.064409
2.473263	0.074448	0.076652	-0.063142
2.471521	0.074889	0.077069	-0.062455
2.469781	0.075279	0.077499	-0.063615
2.468044	0.075795	0.078046	-0.064491
2.466309	0.076072	0.078311	-0.064142
2.464578	0.076320	0.078564	-0.064305
2.462848	0.076590	0.078812	-0.063656
2.461122	0.076981	0.079244	-0.064839
2.459398	0.077228	0.079485	-0.064649
2.457677	0.077458	0.079702	-0.064282
2.455958	0.077908	0.080131	-0.063698
2.454243	0.078187	0.080430	-0.064254
2.452529	0.078444	0.080707	-0.064843
2.450819	0.078603	0.080868	-0.064894
2.449111	0.078864	0.081094	-0.063868
2.447405	0.079224	0.081496	-0.065085
2.445702	0.079425	0.081675	-0.064477
2.444002	0.079560	0.081786	-0.063781
2.442304	0.079938	0.082197	-0.064710
2.440609	0.080259	0.082515	-0.064633
2.438917	0.080493	0.082795	-0.065934
2.437227	0.080729	0.083034	-0.066022
2.435539	0.080836	0.083050	-0.063434
2.433854	0.081042	0.083339	-0.065790
2.432172	0.081124	0.083410	-0.065493
2.430492	0.081404	0.083703	-0.065875
2.428815	0.081573	0.083874	-0.065898
2.427140	0.081743	0.084008	-0.064892
2.425468	0.081962	0.084259	-0.065819
2.423799	0.082145	0.084462	-0.066378
2.422131	0.082312	0.084577	-0.064882
2.420467	0.082433	0.084750	-0.066355
2.418805	0.082621	0.084910	-0.065573
2.417145	0.082720	0.085015	-0.065758
2.415488	0.082821	0.085140	-0.066456
2.413833	0.083078	0.085367	-0.065577
2.412181	0.083250	0.085546	-0.065764
2.410532	0.083290	0.085625	-0.066894
2.408884	0.083340	0.085648	-0.066115
2.407240	0.083509	0.085857	-0.067286
2.405598	0.083592	0.085890	-0.065819
2.403958	0.083668	0.086015	-0.067243
2.402320	0.083747	0.086071	-0.066581
2.400685	0.083946	0.086285	-0.067006
2.399053	0.083989	0.086319	-0.066770
2.397423	0.084098	0.086390	-0.065666
2.395795	0.084250	0.086589	-0.067024
2.394170	0.084389	0.086712	-0.066550
2.392547	0.084501	0.086806	-0.066051
2.390927	0.084536	0.086873	-0.066951
2.389309	0.084478	0.086793	-0.066318
2.387694	0.084488	0.086815	-0.066673
2.386081	0.084443	0.086782	-0.066989
2.384470	0.084550	0.086866	-0.066373
2.382861	0.084698	0.087028	-0.066752
2.381255	0.084778	0.087150	-0.067947
2.379652	0.084857	0.087223	-0.067781
2.378051	0.084826	0.087206	-0.068165
2.376452	0.084901	0.087303	-0.068801
2.374855	0.085000	0.087336	-0.066903
2.373261	0.085070	0.087464	-0.068578
2.371669	0.085099	0.087498	-0.068729
2.370080	0.085270	0.087601	-0.066798
2.368493	0.085285	0.087673	-0.068416
2.366908	0.085345	0.087700	-0.067468
2.365326	0.085302	0.087684	-0.068230
2.363745	0.085302	0.087654	-0.067371
2.362168	0.085374	0.087731	-0.067523
2.360592	0.085407	0.087771	-0.067726
2.359019	0.085316	0.087721	-0.068906
2.357448	0.085321	0.087740	-0.069298
2.355880	0.085250	0.087639	-0.068419
2.354313	0.085316	0.087691	-0.068047
2.352749	0.085334	0.087711	-0.068116
2.351188	0.085328	0.087743	-0.069194
2.349628	0.085374	0.087738	-0.067720
2.348071	0.085398	0.087748	-0.067321
2.346516	0.085486	0.087876	-0.068461
2.344964	0.085570	0.087918	-0.067276
2.343413	0.085603	0.087980	-0.068091
2.341865	0.085473	0.087866	-0.068558
2.340319	0.085375	0.087704	-0.066739
2.338776	0.085271	0.087647	-0.068048
2.337235	0.085291	0.087668	-0.068101
2.335695	0.085192	0.087590	-0.068689
2.334159	0.085231	0.087638	-0.068944
2.332624	0.085224	0.087644	-0.069347
2.331091	0.085191	0.087618	-0.069527
2.329561	0.085151	0.087526	-0.068036
2.328033	0.085123	0.087524	-0.068792
2.326508	0.085122	0.087496	-0.068027
2.324984	0.085212	0.087654	-0.069946
2.323463	0.085192	0.087597	-0.068887
2.321943	0.084995	0.087472	-0.070936
2.320426	0.084979	0.087344	-0.067749
2.318912	0.084886	0.087299	-0.069131
2.317399	0.084798	0.087227	-0.069594
2.315888	0.084680	0.087102	-0.069366
2.314380	0.084705	0.087148	-0.069967
2.312874	0.084749	0.087193	-0.070024
2.311370	0.084757	0.087208	-0.070216
2.309868	0.084613	0.087058	-0.070047
2.308369	0.084511	0.087009	-0.071545
2.306871	0.084461	0.086954	-0.071406
2.305376	0.084526	0.087013	-0.071270
2.303883	0.084448	0.086941	-0.071407
2.302392	0.084496	0.086981	-0.071207
2.300903	0.084486	0.086950	-0.070578
2.299416	0.084441	0.086938	-0.071545
2.297931	0.084423	0.086923	-0.071632
2.296449	0.084426	0.086975	-0.073021
2.294968	0.084564	0.087093	-0.072449
2.293490	0.084773	0.087231	-0.070420
2.292013	0.084782	0.087227	-0.070065
2.290539	0.084637	0.087097	-0.070471
2.289067	0.084594	0.087024	-0.069613
2.287597	0.084561	0.087074	-0.072009
2.286129	0.084721	0.087271	-0.073065
2.284664	0.084718	0.087192	-0.070872
2.283200	0.084773	0.087295	-0.072258
2.281738	0.084725	0.087279	-0.073160
2.280279	0.084660	0.087185	-0.072354
2.278821	0.084742	0.087204	-0.070534
2.277366	0.084850	0.087342	-0.071386
2.275912	0.084809	0.087292	-0.071126
2.274461	0.084857	0.087347	-0.071331
2.273012	0.084762	0.087309	-0.072975
2.271564	0.084842	0.087342	-0.071626
2.270119	0.084718	0.087266	-0.073003
2.268676	0.084750	0.087260	-0.071898
2.267235	0.084795	0.087300	-0.071777
2.265796	0.084870	0.087407	-0.072672
2.264359	0.084855	0.087384	-0.072443
2.262923	0.084878	0.087412	-0.072585
2.261490	0.084940	0.087546	-0.074639
2.260059	0.084952	0.087530	-0.073855
2.258630	0.084880	0.087425	-0.072900
2.257203	0.084985	0.087504	-0.072160
2.255778	0.085016	0.087563	-0.072948
2.254355	0.085221	0.087757	-0.072646
2.252934	0.085276	0.087833	-0.073239
2.251515	0.085301	0.087848	-0.072963
2.250098	0.085385	0.087902	-0.072120
2.248683	0.085509	0.088068	-0.073314
2.247269	0.085495	0.088056	-0.073366
2.245858	0.085508	0.088055	-0.072970
2.244449	0.085500	0.088052	-0.073126
2.243042	0.085553	0.088116	-0.073428
2.241636	0.085555	0.088168	-0.074848
2.240233	0.085794	0.088377	-0.074022
2.238832	0.085966	0.088550	-0.074008
2.237432	0.086056	0.088721	-0.076339
2.236035	0.086247	0.088823	-0.073797
2.234639	0.086365	0.088943	-0.073857
2.233245	0.086602	0.089231	-0.075309
2.231854	0.086728	0.089316	-0.074138
2.230464	0.086864	0.089495	-0.075367
2.229076	0.086950	0.089552	-0.074532
2.227690	0.086956	0.089559	-0.074564
2.226306	0.087084	0.089666	-0.073985
2.224924	0.087396	0.089965	-0.073598
2.223544	0.087510	0.090131	-0.075096
2.222165	0.087576	0.090221	-0.075783
2.220789	0.087670	0.090286	-0.074950
2.219414	0.087706	0.090353	-0.075848
2.218042	0.087919	0.090530	-0.074798
2.216671	0.088127	0.090748	-0.075092
2.215302	0.088234	0.090882	-0.075854
2.213935	0.088489	0.091100	-0.074807
2.212570	0.088756	0.091382	-0.075231
2.211207	0.088947	0.091600	-0.076013
2.209845	0.089087	0.091798	-0.077660
2.208486	0.089207	0.091829	-0.075139
2.207128	0.089310	0.092009	-0.077318
2.205772	0.089475	0.092148	-0.076584
2.204418	0.089595	0.092315	-0.077910
2.203066	0.089804	0.092440	-0.075515
2.201716	0.090018	0.092629	-0.074801
2.200367	0.090106	0.092801	-0.077188
2.199021	0.090346	0.093015	-0.076469
2.197676	0.090536	0.093227	-0.077093
2.196333	0.090759	0.093420	-0.076218
2.194992	0.090913	0.093612	-0.077324
2.193653	0.091108	0.093757	-0.075891
2.192315	0.091417	0.094162	-0.078629
2.190980	0.091777	0.094416	-0.075594
2.189646	0.091924	0.094663	-0.078469
2.188314	0.092203	0.094857	-0.076044
2.186984	0.092449	0.095132	-0.076846
2.185655	0.092632	0.095350	-0.077857
2.184328	0.092626	0.095368	-0.078531
2.183004	0.092802	0.095501	-0.077317
2.181681	0.092962	0.095714	-0.078857
2.180359	0.093255	0.095968	-0.077707
2.179040	0.093434	0.096142	-0.077580
2.177722	0.093735	0.096423	-0.076990
2.176406	0.093954	0.096611	-0.076124
2.175092	0.094242	0.096933	-0.077104
2.173780	0.094392	0.097169	-0.079552
2.172469	0.094502	0.097247	-0.078630
2.171160	0.094718	0.097434	-0.077808
2.169853	0.095040	0.097751	-0.077664
2.168548	0.095396	0.098163	-0.079282
2.167244	0.095621	0.098390	-0.079315
2.165943	0.095793	0.098558	-0.079231
2.164643	0.096081	0.098769	-0.076985
2.163344	0.096277	0.099088	-0.080523
2.162048	0.096535	0.099289	-0.078887
2.160753	0.096567	0.099372	-0.080357
2.159460	0.096777	0.099539	-0.079124
2.158168	0.096973	0.099691	-0.077852
2.156879	0.097145	0.099852	-0.077556
2.155591	0.097383	0.100210	-0.080996
2.154304	0.097517	0.100384	-0.082120
2.153020	0.097805	0.100576	-0.079386
2.151737	0.098076	0.100886	-0.080524
2.150456	0.098358	0.101188	-0.081077
2.149177	0.098646	0.101477	-0.081085
2.147899	0.098934	0.101694	-0.079067
2.146623	0.099068	0.101844	-0.079540
2.145349	0.099372	0.102221	-0.081640
2.144076	0.099681	0.102466	-0.079790
2.142805	0.099929	0.102743	-0.080629
2.141536	0.099985	0.102834	-0.081612
2.140268	0.100196	0.102961	-0.079226
2.139002	0.100401	0.103210	-0.080490
2.137738	0.100653	0.103485	-0.081115
2.136476	0.100949	0.103745	-0.080100
2.135215	0.101148	0.103970	-0.080864
2.133956	0.101378	0.104195	-0.080682
2.132698	0.101593	0.104441	-0.081583
2.131442	0.101858	0.104753	-0.082924
2.130188	0.102060	0.104905	-0.081496
2.128935	0.102203	0.105079	-0.082383
2.127684	0.102425	0.105247	-0.080837
2.126435	0.102574	0.105375	-0.080242
2.125187	0.102664	0.105498	-0.081178
2.123941	0.102710	0.105544	-0.081190
2.122697	0.102942	0.105708	-0.079258
2.121454	0.103030	0.105867	-0.081271
2.120213	0.103205	0.106080	-0.082370
2.118974	0.103517	0.106419	-0.083135
2.117736	0.103854	0.106725	-0.082241
2.116500	0.103943	0.106807	-0.082063
2.115265	0.104297	0.107156	-0.081905
2.114032	0.104566	0.107451	-0.082626
2.112801	0.104698	0.107565	-0.082113
2.111571	0.104818	0.107755	-0.084133
2.110343	0.104980	0.107891	-0.083382
2.109116	0.105152	0.108038	-0.082659
2.107891	0.105266	0.108178	-0.083442
2.106668	0.105357	0.108310	-0.084604
2.105446	0.105559	0.108449	-0.082800
2.104226	0.105784	0.108665	-0.082530
2.103007	0.105850	0.108773	-0.083725
2.101790	0.106212	0.109052	-0.081348
2.100575	0.106334	0.109261	-0.083834
2.099361	0.106481	0.109409	-0.083891
2.098149	0.106689	0.109569	-0.082494
2.096938	0.106782	0.109655	-0.082300
2.095729	0.106891	0.109819	-0.083906
2.094521	0.107037	0.109906	-0.082178
2.093315	0.107107	0.109994	-0.082693
2.092111	0.107165	0.110106	-0.084241
2.090908	0.107233	0.110182	-0.084506
2.089707	0.107357	0.110257	-0.083059
2.088507	0.107425	0.110345	-0.083666
2.087309	0.107717	0.110607	-0.082798
2.086112	0.107889	0.110809	-0.083668
2.084917	0.107951	0.110867	-0.083521
2.083723	0.107987	0.110941	-0.084621
2.082531	0.108199	0.111201	-0.085985
2.081341	0.108354	0.111273	-0.083645
2.080152	0.108502	0.111462	-0.084820
2.078964	0.108561	0.111518	-0.084729
2.077778	0.108551	0.111511	-0.084808
2.076594	0.108606	0.111556	-0.084520
2.075411	0.108735	0.111706	-0.085113
2.074230	0.108862	0.111809	-0.084423
2.073050	0.108894	0.111867	-0.085163
2.071871	0.108973	0.111908	-0.084095
2.070694	0.109060	0.112013	-0.084609
2.069519	0.109099	0.112034	-0.084059
2.068345	0.109133	0.112105	-0.085118
2.067173	0.109092	0.111981	-0.082765
2.066002	0.109069	0.112020	-0.084532
2.064833	0.109153	0.112193	-0.087085
2.063665	0.109242	0.112208	-0.084986
2.062498	0.109374	0.112371	-0.085856
2.061333	0.109653	0.112616	-0.084901
2.060170	0.109752	0.112717	-0.084943
2.059008	0.109874	0.112810	-0.084096
2.057848	0.109864	0.112925	-0.087693
2.056689	0.109849	0.112816	-0.084986
2.055531	0.109906	0.112932	-0.086696
2.054375	0.109810	0.112837	-0.086740
2.053221	0.109879	0.112871	-0.085696
2.052067	0.109986	0.112970	-0.085479
2.050916	0.109924	0.112960	-0.086976
2.049766	0.109976	0.112968	-0.085709
2.048617	0.110076	0.113112	-0.086971
2.047470	0.110087	0.113089	-0.085991
2.046324	0.110095	0.113099	-0.086076
2.045179	0.110071	0.113138	-0.087888
2.044036	0.110048	0.113019	-0.085129
2.042895	0.109987	0.112988	-0.085976
2.041755	0.110018	0.113030	-0.086262
2.040616	0.110170	0.113160	-0.085641
2.039479	0.110207	0.113220	-0.086299
2.038343	0.110280	0.113331	-0.087388
2.037209	0.110447	0.113505	-0.087609
2.036076	0.110513	0.113586	-0.088038
2.034945	0.110523	0.113611	-0.088476
2.033815	0.110536	0.113572	-0.086976
2.032686	0.110564	0.113568	-0.086055
2.031559	0.110606	0.113716	-0.089097
2.030433	0.110727	0.113784	-0.087581
2.029309	0.110797	0.113908	-0.089118
2.028186	0.110793	0.113775	-0.085447
2.027064	0.110660	0.113737	-0.088148
2.025944	0.110668	0.113713	-0.087251
2.024825	0.110590	0.113681	-0.088555
2.023708	0.110569	0.113628	-0.087633
2.022592	0.110545	0.113643	-0.088760
2.021477	0.110562	0.113577	-0.086368
2.020364	0.110490	0.113594	-0.088934
2.019252	0.110520	0.113616	-0.088688
2.018142	0.110546	0.113569	-0.086611
2.017033	0.110508	0.113622	-0.089216
2.015925	0.110507	0.113565	-0.087621
2.014819	0.110469	0.113535	-0.087850
2.013714	0.110456	0.113503	-0.087309
2.012610	0.110537	0.113536	-0.085928
2.011508	0.110587	0.113644	-0.087592
2.010407	0.110611	0.113654	-0.087193
2.009308	0.110510	0.113600	-0.088538
2.008210	0.110339	0.113492	-0.090329
2.007113	0.110264	0.113334	-0.087958
2.006018	0.110300	0.113365	-0.087803
2.004924	0.110200	0.113277	-0.088156
2.003831	0.110209	0.113340	-0.089697
2.002740	0.110176	0.113204	-0.086735
2.001650	0.109933	0.113073	-0.089955
2.000561	0.109909	0.113045	-0.089819
1.999474	0.109986	0.113001	-0.086369
1.998388	0.109975	0.113072	-0.088725
1.997303	0.110036	0.113099	-0.087760
1.996220	0.110103	0.113249	-0.090131
1.995138	0.110226	0.113327	-0.088837
1.994058	0.110313	0.113424	-0.089126
1.992978	0.110232	0.113409	-0.091017
1.991901	0.110269	0.113403	-0.089795
1.990824	0.110333	0.113533	-0.091650
1.989749	0.110313	0.113385	-0.088008
1.988675	0.110249	0.113399	-0.090238
1.987602	0.110162	0.113340	-0.091058
1.986531	0.110256	0.113395	-0.089917
1.985461	0.110109	0.113205	-0.088678
1.984392	0.109908	0.113077	-0.090770
1.983325	0.109813	0.112938	-0.089523
1.982259	0.109928	0.113012	-0.088363
1.981194	0.110009	0.113126	-0.089295
1.980130	0.110005	0.113101	-0.088699
1.979068	0.109876	0.113054	-0.091063
1.978007	0.109859	0.112995	-0.089848
1.976948	0.109822	0.112954	-0.089728
1.975889	0.109795	0.112964	-0.090777
1.974832	0.109835	0.112966	-0.089707
1.973777	0.109750	0.112853	-0.088905
1.972722	0.109748	0.112939	-0.091405
1.971669	0.109699	0.112859	-0.090527
1.970617	0.109683	0.112865	-0.091157
1.969566	0.109633	0.112844	-0.092011
1.968517	0.109578	0.112816	-0.092772
1.967469	0.109627	0.112794	-0.090748
1.966422	0.109588	0.112802	-0.092058
1.965377	0.109588	0.112753	-0.090663
1.964333	0.109553	0.112727	-0.090922
1.963290	0.109484	0.112721	-0.092744
1.962248	0.109298	0.112489	-0.091409
1.961207	0.109340	0.112495	-0.090384
1.960168	0.109456	0.112622	-0.090679
1.959130	0.109388	0.112552	-0.090652
1.958094	0.109402	0.112589	-0.091296
1.957058	0.109468	0.112708	-0.092808
1.956024	0.109439	0.112631	-0.091434
1.954991	0.109425	0.112612	-0.091279
1.953959	0.109300	0.112548	-0.093024
1.952929	0.109310	0.112516	-0.091827
1.951900	0.109192	0.112482	-0.094242
1.950872	0.109300	0.112465	-0.090659
1.949845	0.109239	0.112447	-0.091891
1.948819	0.109230	0.112470	-0.092812
1.947795	0.109321	0.112491	-0.090812
1.946772	0.109353	0.112562	-0.091934
1.945750	0.109391	0.112606	-0.092114
1.944729	0.109446	0.112658	-0.092017
1.943710	0.109467	0.112702	-0.092693
1.942692	0.109521	0.112782	-0.093433
1.941675	0.109477	0.112696	-0.092215
1.940659	0.109367	0.112545	-0.091039
1.939645	0.109299	0.112580	-0.093989
1.938631	0.109269	0.112491	-0.092277
1.937619	0.109331	0.112557	-0.092418
1.936608	0.109286	0.112525	-0.092790
1.935599	0.109315	0.112585	-0.093691
1.934590	0.109317	0.112584	-0.093610
1.933583	0.109411	0.112635	-0.092386
1.932577	0.109495	0.112822	-0.095312
1.931572	0.109657	0.112926	-0.093651
1.930568	0.109612	0.112902	-0.094265
1.929566	0.109669	0.112935	-0.093547
1.928565	0.109658	0.112922	-0.093520
1.927565	0.109714	0.112953	-0.092784
1.926566	0.109693	0.112957	-0.093524
1.925568	0.109768	0.113058	-0.094255
1.924571	0.109787	0.113074	-0.094158
1.923576	0.109657	0.112880	-0.092334
1.922582	0.109721	0.113041	-0.095093
1.921589	0.109760	0.113093	-0.095493
1.920597	0.109558	0.112961	-0.097486
1.919606	0.109798	0.113062	-0.093502
1.918617	0.109906	0.113151	-0.092970
1.917629	0.109962	0.113249	-0.094153
1.916641	0.109940	0.113258	-0.095045
1.915655	0.110092	0.113444	-0.096017
1.914671	0.110240	0.113590	-0.095967
1.913687	0.110466	0.113767	-0.094562
1.912704	0.110662	0.114008	-0.095832
1.911723	0.110806	0.114088	-0.094014
1.910743	0.110948	0.114343	-0.097249
1.909764	0.110970	0.114302	-0.095452
1.908786	0.110925	0.114208	-0.094053
1.907809	0.110790	0.114081	-0.094282
1.906834	0.110580	0.113911	-0.095410
1.905859	0.110539	0.113937	-0.097362
1.904886	0.110581	0.113917	-0.095568
1.903914	0.110655	0.114008	-0.096056
1.902943	0.110832	0.114209	-0.096735
1.901973	0.111065	0.114343	-0.093920
1.901004	0.111129	0.114452	-0.095214
1.900036	0.111217	0.114604	-0.097012
1.899070	0.111429	0.114776	-0.095886
1.898105	0.111527	0.114856	-0.095370
1.897140	0.111475	0.114834	-0.096235
1.896177	0.111503	0.114936	-0.098361
1.895215	0.111704	0.115048	-0.095782
1.894254	0.111787	0.115165	-0.096781
1.893295	0.111879	0.115233	-0.096089
1.892336	0.112006	0.115384	-0.096751
1.891378	0.112135	0.115466	-0.095416
1.890422	0.112191	0.115477	-0.094151
1.889467	0.112244	0.115681	-0.098469
1.888513	0.112370	0.115735	-0.096402
1.887560	0.112336	0.115709	-0.096618
1.886608	0.112512	0.115881	-0.096529
1.885657	0.112678	0.116098	-0.097967
1.884707	0.112671	0.116055	-0.096943
1.883758	0.112533	0.115897	-0.096373
1.882811	0.112711	0.116139	-0.098217
1.881864	0.112929	0.116274	-0.095837
1.880919	0.112995	0.116469	-0.099513
1.879975	0.113099	0.116478	-0.096810
1.879032	0.113186	0.116614	-0.098194
1.878090	0.113290	0.116681	-0.097152
1.877149	0.113444	0.116931	-0.099908
1.876209	0.113689	0.117054	-0.096375
1.875270	0.113618	0.117077	-0.099090
1.874332	0.113734	0.117200	-0.099310
1.873396	0.113870	0.117304	-0.098375
1.872460	0.114084	0.117557	-0.099489
1.871525	0.114201	0.117653	-0.098903
1.870592	0.114351	0.117808	-0.099031
1.869660	0.114511	0.117941	-0.098257
1.868728	0.114571	0.117995	-0.098075
1.867798	0.114593	0.118015	-0.098026
1.866869	0.114674	0.118169	-0.100123
1.865941	0.114928	0.118336	-0.097638
1.865014	0.114978	0.118468	-0.099957
1.864088	0.115051	0.118535	-0.099819
1.863163	0.115151	0.118551	-0.097410
1.862239	0.115232	0.118647	-0.097818
1.861317	0.115379	0.118823	-0.098660
1.860395	0.115528	0.118961	-0.098343
1.859474	0.115608	0.119070	-0.099178
1.858555	0.115776	0.119147	-0.096573
1.857636	0.115910	0.119403	-0.100074
1.856719	0.115912	0.119312	-0.097376
1.855802	0.115888	0.119361	-0.099506
1.854887	0.116050	0.119539	-0.099953
1.853973	0.116152	0.119561	-0.097660
1.853059	0.116229	0.119671	-0.098623
1.852147	0.116244	0.119658	-0.097800
1.851236	0.116211	0.119704	-0.100069
1.850326	0.116214	0.119720	-0.100419
1.849416	0.116433	0.119900	-0.099322
1.848508	0.116683	0.120114	-0.098299
1.847601	0.116818	0.120287	-0.099404
1.846695	0.116936	0.120398	-0.099177
1.845790	0.117142	0.120560	-0.097925
1.844886	0.117222	0.120673	-0.098873
1.843983	0.117358	0.120815	-0.099020
1.843081	0.117709	0.121194	-0.099846
1.842180	0.118023	0.121433	-0.097715
1.841280	0.118115	0.121601	-0.099849
1.840381	0.118311	0.121849	-0.101356
1.839484	0.118438	0.121913	-0.099554
1.838587	0.118523	0.122026	-0.100358
1.837691	0.118662	0.122125	-0.099206
1.836796	0.118932	0.122406	-0.099527
1.835902	0.119085	0.122554	-0.099383
1.835009	0.119230	0.122691	-0.099139
1.834118	0.119184	0.122691	-0.100464
1.833227	0.119325	0.122838	-0.100652
1.832337	0.119430	0.123000	-0.102248
1.831448	0.119452	0.122997	-0.101545
1.830560	0.119563	0.123011	-0.098780
1.829674	0.119493	0.123081	-0.102794
1.828788	0.119760	0.123236	-0.099592
1.827903	0.119840	0.123387	-0.101621
1.827019	0.119800	0.123397	-0.103055
1.826136	0.119974	0.123572	-0.103083
1.825255	0.120162	0.123708	-0.101559
1.824374	0.120420	0.123989	-0.102233
1.823494	0.120726	0.124216	-0.099988
1.822615	0.120991	0.124513	-0.100914
1.821737	0.121193	0.124710	-0.100764
1.820860	0.121193	0.124719	-0.101031
1.819984	0.121280	0.124773	-0.100064
1.819109	0.121165	0.124726	-0.102007
1.818235	0.121038	0.124669	-0.104001
1.817362	0.121122	0.124707	-0.102693
1.816490	0.121203	0.124775	-0.102332
1.815619	0.121343	0.124945	-0.103182
1.814749	0.121678	0.125207	-0.101076
1.813880	0.121823	0.125384	-0.102016
1.813012	0.122065	0.125676	-0.103440
1.812145	0.122304	0.125858	-0.101804
1.811279	0.122185	0.125786	-0.103145
1.810413	0.122513	0.126072	-0.101947
1.809549	0.122553	0.126156	-0.103214
1.808686	0.122738	0.126344	-0.103320
1.807824	0.123079	0.126615	-0.101313
1.806962	0.123230	0.126749	-0.100789
1.806102	0.123273	0.126884	-0.103427
1.805242	0.123361	0.126988	-0.103918
1.804384	0.123542	0.127176	-0.104126
1.803526	0.123848	0.127417	-0.102245
1.802670	0.123963	0.127598	-0.104148
1.801814	0.124067	0.127739	-0.105212
1.800959	0.124182	0.127774	-0.102914
1.800105	0.124207	0.127787	-0.102560
1.799252	0.124344	0.127936	-0.102911
1.798401	0.124584	0.128238	-0.104674
1.797550	0.124771	0.128392	-0.103735
1.796700	0.124862	0.128490	-0.103918
1.795851	0.125031	0.128641	-0.103414
1.795002	0.125224	0.128782	-0.101929
1.794155	0.125329	0.128978	-0.104563
1.793309	0.125497	0.129136	-0.104253
1.792464	0.125702	0.129400	-0.105932
1.791619	0.125916	0.129586	-0.105151
1.790776	0.126051	0.129655	-0.103251
1.789933	0.126302	0.129933	-0.104013
1.789092	0.126298	0.129932	-0.104111
1.788251	0.126434	0.130047	-0.103506
1.787411	0.126612	0.130246	-0.104104
1.786572	0.126715	0.130435	-0.106577
1.785734	0.126685	0.130371	-0.105589
1.784897	0.126640	0.130373	-0.106944
1.784061	0.126854	0.130453	-0.103102
1.783226	0.126804	0.130494	-0.105703
1.782392	0.127045	0.130728	-0.105512
1.781558	0.127301	0.131001	-0.105988
1.780726	0.127347	0.131078	-0.106880
1.779894	0.127393	0.131059	-0.105015
1.779064	0.127595	0.131348	-0.107518
1.778234	0.127611	0.131301	-0.105696
1.777405	0.127646	0.131373	-0.106772
1.776577	0.127581	0.131291	-0.106304
1.775750	0.127732	0.131370	-0.104232
1.774924	0.127784	0.131519	-0.107013
1.774099	0.128024	0.131749	-0.106712
1.773275	0.128176	0.131850	-0.105235
1.772451	0.128433	0.132123	-0.105720
1.771629	0.128557	0.132353	-0.108759
1.770807	0.128598	0.132379	-0.108331
1.769986	0.128692	0.132428	-0.107020
1.769167	0.128744	0.132445	-0.106034
1.768348	0.128836	0.132567	-0.106868
1.767530	0.128882	0.132634	-0.107475
1.766712	0.128982	0.132726	-0.107262
1.765896	0.129138	0.132879	-0.107172
1.765081	0.129182	0.132954	-0.108033
1.764266	0.129223	0.132970	-0.107365
1.763453	0.129364	0.133056	-0.105753
1.762640	0.129474	0.133095	-0.103736
1.761828	0.129693	0.133528	-0.109884
1.761017	0.129879	0.133678	-0.108816
1.760207	0.129980	0.133697	-0.106477
1.759398	0.130128	0.133871	-0.107250
1.758589	0.130240	0.134039	-0.108823
1.757782	0.130336	0.134053	-0.106484
1.756975	0.130429	0.134238	-0.109124
1.756169	0.130603	0.134302	-0.105960
1.755365	0.130801	0.134600	-0.108838
1.754560	0.130908	0.134586	-0.105357
1.753757	0.130785	0.134514	-0.106826
1.752955	0.130801	0.134579	-0.108210
1.752154	0.130746	0.134554	-0.109081
1.751353	0.130710	0.134476	-0.107889
1.750553	0.130725	0.134514	-0.108547
1.749755	0.130738	0.134518	-0.108291
1.748957	0.130949	0.134807	-0.110534
1.748159	0.130965	0.134695	-0.106837
1.747363	0.131110	0.134902	-0.108613
1.746568	0.131164	0.135120	-0.113341
1.745773	0.131415	0.135197	-0.108335
1.744979	0.131381	0.135190	-0.109141
1.744187	0.131429	0.135258	-0.109683
1.743395	0.131446	0.135316	-0.110877
1.742603	0.131639	0.135515	-0.111024
1.741813	0.131630	0.135472	-0.110076
1.741024	0.131616	0.135445	-0.109683
1.740235	0.131491	0.135328	-0.109924
1.739447	0.131647	0.135426	-0.108254
1.738660	0.131590	0.135476	-0.111341
1.737874	0.131681	0.135520	-0.109996
1.737089	0.131988	0.135797	-0.109106
1.736304	0.132349	0.136095	-0.107306
1.735521	0.132451	0.136325	-0.110976
1.734738	0.132558	0.136367	-0.109130
1.733956	0.132636	0.136393	-0.107630
1.733175	0.132722	0.136568	-0.110182
1.732395	0.132917	0.136693	-0.108175
1.731615	0.132959	0.136770	-0.109195
1.730837	0.133094	0.136961	-0.110778
1.730059	0.133165	0.136949	-0.108428
1.729282	0.133249	0.137162	-0.112110
1.728506	0.133310	0.137199	-0.111399
1.727730	0.133279	0.137136	-0.110492
1.726956	0.133293	0.137116	-0.109545
1.726182	0.133331	0.137265	-0.112675
1.725409	0.133523	0.137453	-0.112598
1.724637	0.133536	0.137486	-0.113163
1.723866	0.133632	0.137492	-0.110584
1.723096	0.133725	0.137661	-0.112754
1.722326	0.133706	0.137565	-0.110571
1.721557	0.133624	0.137581	-0.113366
1.720789	0.133673	0.137576	-0.111806
1.720022	0.133648	0.137650	-0.114643
1.719256	0.133786	0.137696	-0.112003
1.718490	0.133655	0.137603	-0.113096
1.717726	0.133689	0.137654	-0.113608
1.716962	0.133640	0.137489	-0.110272
1.716199	0.133923	0.137792	-0.110832
1.715436	0.134050	0.137921	-0.110890
1.714675	0.134254	0.138149	-0.111609
1.713914	0.134475	0.138294	-0.109391
1.713154	0.134612	0.138540	-0.112537
1.712395	0.134442	0.138372	-0.112572
1.711637	0.134391	0.138374	-0.114111
1.710879	0.134415	0.138345	-0.112591
1.710122	0.134600	0.138618	-0.115105
1.709366	0.134700	0.138723	-0.115242
1.708611	0.134672	0.138678	-0.114784
1.707857	0.134908	0.138721	-0.109234
1.707103	0.134858	0.138852	-0.114402
1.706351	0.135066	0.139031	-0.113585
1.705599	0.135094	0.139043	-0.113113
1.704847	0.135155	0.139108	-0.113264
1.704097	0.135240	0.139227	-0.114199
1.703347	0.135174	0.139095	-0.112341
1.702599	0.135186	0.139045	-0.110564
1.701850	0.135055	0.139000	-0.113009
1.701103	0.135232	0.139155	-0.112377
1.700357	0.135163	0.139113	-0.113166
1.699611	0.134984	0.138906	-0.112335
1.698866	0.134905	0.138855	-0.113158
1.698122	0.134937	0.138870	-0.112684
1.697378	0.134898	0.138805	-0.111944
1.696636	0.134894	0.138902	-0.114807
1.695894	0.134840	0.138678	-0.109962
1.695153	0.134954	0.138827	-0.110933
1.694412	0.134891	0.138761	-0.110860
1.693673	0.135003	0.138956	-0.113218
1.692934	0.135111	0.139130	-0.115130
1.692196	0.135407	0.139404	-0.114512
1.691459	0.135492	0.139495	-0.114685
1.690722	0.135467	0.139361	-0.111549
1.689987	0.135302	0.139164	-0.110641
1.689252	0.135252	0.139150	-0.111674
1.688518	0.135114	0.139141	-0.115357
1.687784	0.134940	0.138951	-0.114922
1.687051	0.135025	0.139008	-0.114086
1.686320	0.134995	0.139027	-0.115491
1.685588	0.134957	0.138884	-0.112484
1.684858	0.135065	0.138932	-0.110763
1.684128	0.135064	0.139200	-0.118505
1.683399	0.135125	0.139142	-0.115058
1.682671	0.135200	0.139243	-0.115816
1.681944	0.135214	0.139276	-0.116345
1.681217	0.135346	0.139288	-0.112940
1.680491	0.135620	0.139654	-0.115558
1.679766	0.135687	0.139654	-0.113662
1.679042	0.135647	0.139553	-0.111897
1.678318	0.135450	0.139375	-0.112424
1.677595	0.135401	0.139287	-0.111312
1.676873	0.135474	0.139499	-0.115317
1.676152	0.135461	0.139462	-0.114619
1.675431	0.135445	0.139393	-0.113103
1.674711	0.135686	0.139684	-0.114542
1.673992	0.135838	0.139964	-0.118211
1.673273	0.135964	0.140060	-0.117325
1.672556	0.135823	0.139871	-0.115977
1.671839	0.135790	0.139775	-0.114185
1.671122	0.135703	0.139711	-0.114842
1.670407	0.135653	0.139725	-0.116670
1.669692	0.135607	0.139628	-0.115187
1.668978	0.135382	0.139455	-0.116664
1.668265	0.135137	0.139132	-0.114459
1.667552	0.135070	0.139052	-0.114073
1.666840	0.134661	0.138627	-0.113619
1.666129	0.134518	0.138543	-0.115303
1.665418	0.134383	0.138518	-0.118468
1.664709	0.134281	0.138357	-0.116755
1.664000	0.134246	0.138258	-0.114954
1.663292	0.134198	0.138399	-0.120334
1.662584	0.134323	0.138347	-0.115272
1.661877	0.134333	0.138443	-0.117758
1.661171	0.134313	0.138267	-0.113262
1.660466	0.133994	0.138103	-0.117719
1.659761	0.133885	0.137799	-0.112126
1.659057	0.133604	0.137809	-0.120457
1.658354	0.133669	0.137833	-0.119285
1.657651	0.133724	0.137796	-0.116656
1.656950	0.133618	0.137648	-0.115437
1.656249	0.133496	0.137684	-0.119991
1.655548	0.133472	0.137477	-0.114734
1.654848	0.133482	0.137535	-0.116113
1.654150	0.133502	0.137644	-0.118641
1.653451	0.133387	0.137465	-0.116835
1.652754	0.133216	0.137245	-0.115424
1.652057	0.133236	0.137311	-0.116727
1.651361	0.133044	0.137137	-0.117248
1.650665	0.132837	0.136876	-0.115711
1.649971	0.132842	0.136896	-0.116138
1.649277	0.132906	0.136937	-0.115472
1.648583	0.132916	0.137070	-0.119004
1.647891	0.133096	0.137088	-0.114377
1.647199	0.132974	0.136974	-0.114613
1.646508	0.132816	0.136907	-0.117216
1.645817	0.132931	0.136990	-0.116276
1.645127	0.132962	0.136996	-0.115568
1.644438	0.132928	0.137082	-0.118982
1.643750	0.132814	0.136918	-0.117575
1.643062	0.132667	0.136742	-0.116732
1.642375	0.132668	0.136748	-0.116890
1.641689	0.132838	0.136862	-0.115300
1.641003	0.133102	0.137088	-0.114213
1.640318	0.133088	0.137178	-0.117157
1.639634	0.133072	0.137226	-0.118999
1.638950	0.133106	0.137148	-0.115783
1.638267	0.133077	0.137242	-0.119326
1.637585	0.133315	0.137379	-0.116448
1.636903	0.133305	0.137350	-0.115868
1.636222	0.133469	0.137496	-0.115381
1.635542	0.133358	0.137398	-0.115747
1.634863	0.133187	0.137275	-0.117108
1.634184	0.133240	0.137404	-0.119295
1.633506	0.133367	0.137415	-0.115954
1.632828	0.133349	0.137460	-0.117756
1.632151	0.133383	0.137373	-0.114313
1.631475	0.133292	0.137289	-0.114505
1.630800	0.133191	0.137396	-0.120461
1.630125	0.133295	0.137427	-0.118353
1.629451	0.133345	0.137422	-0.116803
1.628778	0.133340	0.137531	-0.120056
1.628105	0.133236	0.137297	-0.116336
1.627433	0.133234	0.137337	-0.117559
1.626761	0.133187	0.137246	-0.116288
1.626091	0.133199	0.137358	-0.119123
1.625421	0.133211	0.137178	-0.113642
1.624751	0.133163	0.137175	-0.114957
1.624083	0.133213	0.137367	-0.119018
1.623414	0.133293	0.137324	-0.115474
1.622747	0.133379	0.137454	-0.116728
1.622080	0.133416	0.137460	-0.115844
1.621414	0.133482	0.137566	-0.117002
1.620749	0.133659	0.137763	-0.117582
1.620084	0.133725	0.137772	-0.115942
1.619420	0.133630	0.137669	-0.115709
1.618757	0.133349	0.137392	-0.115814
1.618094	0.133214	0.137318	-0.117575
1.617432	0.133041	0.137179	-0.118545
1.616770	0.132971	0.137079	-0.117696
1.616109	0.133126	0.137297	-0.119492
1.615449	0.133148	0.137231	-0.116969
1.614790	0.133210	0.137188	-0.113964
1.614131	0.133232	0.137307	-0.116720
1.613473	0.133141	0.137278	-0.118503
1.612815	0.132961	0.137114	-0.118994
1.612158	0.132871	0.137003	-0.118364
1.611502	0.132731	0.136751	-0.115167
1.610846	0.132755	0.136797	-0.115813
1.610191	0.132881	0.137037	-0.119071
1.609537	0.132824	0.136935	-0.117757
1.608883	0.132804	0.136912	-0.117675
1.608230	0.133032	0.137146	-0.117845
1.607578	0.132967	0.136994	-0.115348
1.606926	0.132952	0.137037	-0.117013
1.606275	0.132919	0.136942	-0.115267
1.605625	0.133038	0.137117	-0.116846
1.604975	0.133019	0.137124	-0.117594
1.604326	0.133096	0.137261	-0.119319
1.603677	0.133163	0.137226	-0.116391
1.603029	0.132961	0.136977	-0.115063
1.602382	0.132768	0.136825	-0.116223
1.601735	0.132747	0.136777	-0.115438
1.601089	0.132701	0.136858	-0.119076
1.600444	0.132919	0.137044	-0.118170
1.599799	0.132838	0.136962	-0.118152
1.599155	0.132752	0.136921	-0.119437
1.598512	0.132694	0.136810	-0.117922
1.597869	0.132459	0.136554	-0.117303
1.597227	0.132328	0.136539	-0.120656
1.596585	0.132336	0.136493	-0.119093
1.595944	0.132280	0.136517	-0.121367
1.595304	0.132449	0.136440	-0.114328
1.594664	0.132360	0.136560	-0.120341
1.594025	0.132499	0.136672	-0.119566
1.593386	0.132623	0.136715	-0.117237
1.592749	0.132497	0.136662	-0.119317
1.592111	0.132568	0.136796	-0.121125
1.591475	0.132471	0.136552	-0.116906
1.590839	0.132440	0.136572	-0.118379
1.590203	0.132350	0.136542	-0.120093
1.589569	0.132358	0.136507	-0.118867
1.588935	0.132363	0.136485	-0.118090
1.588301	0.132252	0.136346	-0.117282
1.587668	0.132086	0.136225	-0.118573
1.587036	0.132097	0.136288	-0.120081
1.586404	0.131973	0.136167	-0.120138
1.585773	0.131949	0.136059	-0.117742
1.585143	0.131857	0.136057	-0.120325
1.584513	0.131946	0.136020	-0.116710
1.583884	0.132058	0.136146	-0.117119
1.583255	0.132113	0.136234	-0.118057
1.582627	0.131959	0.136229	-0.122331
1.582000	0.131941	0.136092	-0.118906
1.581373	0.131875	0.136007	-0.118369
1.580747	0.131729	0.135891	-0.119220
1.580121	0.131467	0.135523	-0.116205
1.579496	0.131616	0.135706	-0.117162
1.578872	0.131709	0.135731	-0.115206
1.578248	0.131564	0.135510	-0.113054
1.577625	0.131341	0.135346	-0.114735
1.577002	0.131120	0.135201	-0.116901
1.576380	0.131121	0.135262	-0.118634
1.575759	0.131195	0.135388	-0.120113
1.575138	0.131475	0.135663	-0.119986
1.574518	0.131581	0.135825	-0.121558
1.573899	0.131758	0.135869	-0.117766
1.573280	0.131832	0.136030	-0.120260
1.572661	0.131851	0.136040	-0.119993
1.572044	0.131990	0.136129	-0.118571
1.571426	0.131973	0.136124	-0.118918
1.570810	0.132153	0.136186	-0.115542
1.570194	0.132089	0.136304	-0.120752
1.569578	0.132001	0.136175	-0.119577
1.568964	0.131782	0.135981	-0.120271
1.568349	0.131688	0.135904	-0.120793
1.567736	0.131502	0.135700	-0.120283
1.567123	0.131568	0.135736	-0.119393
1.566510	0.131686	0.135915	-0.121165
1.565899	0.131517	0.135757	-0.121477
1.565287	0.131503	0.135617	-0.117870
1.564677	0.131476	0.135595	-0.118006
1.564066	0.131537	0.135675	-0.118544
1.563457	0.131539	0.135848	-0.123439
1.562848	0.131727	0.135859	-0.118380
1.562240	0.131805	0.135999	-0.120147
1.561632	0.131695	0.135819	-0.118123
1.561025	0.131595	0.135744	-0.118835
1.560418	0.131401	0.135692	-0.122916
1.559812	0.131555	0.135826	-0.122346
1.559207	0.131623	0.135671	-0.115948
1.558602	0.131386	0.135588	-0.120373
1.557997	0.131275	0.135327	-0.116080
1.557394	0.131076	0.135248	-0.119543
1.556791	0.130999	0.135233	-0.121291
1.556188	0.131179	0.135263	-0.116999
1.555586	0.130989	0.135246	-0.121937
1.554985	0.130783	0.134956	-0.119545
1.554384	0.130832	0.135021	-0.119984
1.553783	0.130721	0.135011	-0.122910
1.553184	0.131065	0.135219	-0.119020
1.552585	0.131372	0.135370	-0.114541
1.551986	0.131172	0.135424	-0.121812
1.551388	0.131182	0.135435	-0.121841
1.550791	0.131270	0.135433	-0.119244
1.550194	0.131320	0.135542	-0.120957
1.549597	0.131146	0.135286	-0.118624
1.549002	0.131145	0.135443	-0.123124
1.548406	0.131407	0.135623	-0.120764
1.547812	0.131246	0.135202	-0.113336
1.547218	0.131143	0.135320	-0.119648
1.546624	0.131129	0.135230	-0.117496
1.546031	0.131157	0.135191	-0.115566
1.545439	0.131045	0.135263	-0.120816
1.544847	0.130886	0.135140	-0.121874
1.544256	0.130864	0.135033	-0.119422
1.543665	0.130945	0.135094	-0.118862
1.543075	0.131194	0.135263	-0.116552
1.542486	0.131144	0.135272	-0.118253
1.541897	0.131514	0.135523	-0.114850
1.541308	0.131482	0.135541	-0.116290
1.540720	0.131550	0.135647	-0.117362
1.540133	0.131432	0.135541	-0.117707
1.539546	0.131260	0.135429	-0.119419
1.538960	0.131438	0.135381	-0.112963
1.538374	0.131686	0.135858	-0.119531
1.537789	0.132010	0.136088	-0.116851
1.537204	0.131663	0.135851	-0.119978
1.536620	0.131421	0.135586	-0.119317
1.536037	0.131179	0.135361	-0.119795
1.535454	0.131021	0.135141	-0.118024
1.534872	0.130912	0.135064	-0.118966
1.534290	0.131242	0.135385	-0.118691
1.533708	0.131243	0.135496	-0.121844
1.533128	0.131312	0.135400	-0.117134
1.532548	0.131294	0.135461	-0.119390
1.531968	0.131478	0.135555	-0.116809
1.531389	0.131445	0.135777	-0.124103
1.530810	0.131559	0.135685	-0.118208
1.530232	0.131586	0.135700	-0.117842
1.529655	0.131388	0.135468	-0.116875
1.529078	0.131528	0.135572	-0.115866
1.528501	0.131478	0.135664	-0.119907
1.527925	0.131492	0.135622	-0.118313
1.527350	0.131492	0.135560	-0.116525
1.526775	0.131489	0.135578	-0.117131
1.526201	0.131347	0.135437	-0.117156
1.525627	0.131149	0.135524	-0.125342
1.525054	0.131101	0.135399	-0.123154
1.524481	0.130737	0.134938	-0.120343
1.523909	0.130869	0.135068	-0.120294
1.523338	0.130771	0.134913	-0.118661
1.522767	0.130885	0.135069	-0.119841
1.522196	0.131179	0.135262	-0.116953
1.521626	0.131065	0.135298	-0.121272
1.521057	0.131071	0.135227	-0.119047
1.520488	0.131326	0.135467	-0.118621
1.519919	0.131263	0.135477	-0.120724
1.519351	0.131145	0.135305	-0.119185
1.518784	0.131261	0.135348	-0.117078
1.518217	0.131263	0.135409	-0.118764
1.517651	0.131235	0.135331	-0.117331
1.517085	0.131149	0.135363	-0.120715
1.516520	0.131243	0.135523	-0.122605
1.515955	0.130982	0.135230	-0.121685
1.515391	0.131179	0.135220	-0.115764
1.514827	0.131265	0.135367	-0.117511
1.514264	0.131215	0.135182	-0.113627
1.513702	0.131026	0.135148	-0.118089
1.513139	0.131159	0.135323	-0.119289
1.512578	0.131086	0.135079	-0.114408
1.512017	0.130911	0.135036	-0.118172
1.511456	0.130841	0.135038	-0.120237
1.510896	0.130808	0.135112	-0.123317
1.510337	0.130922	0.134880	-0.113390
1.509778	0.130808	0.134940	-0.118357
1.509219	0.130787	0.134981	-0.120139
1.508661	0.130827	0.134899	-0.116640
1.508104	0.130863	0.135094	-0.121203
1.507547	0.131007	0.134944	-0.112777
1.506990	0.130846	0.135150	-0.123301
1.506435	0.131160	0.135161	-0.114628
1.505879	0.131102	0.135193	-0.117184
1.505324	0.131056	0.135137	-0.116926
1.504770	0.130935	0.135214	-0.122577
1.504216	0.130735	0.134954	-0.120869
1.503663	0.130732	0.134804	-0.116658
1.503110	0.130881	0.134878	-0.114481
1.502558	0.130974	0.135092	-0.117973
1.502006	0.130982	0.135179	-0.120251
1.501454	0.131024	0.135305	-0.122634
1.500904	0.130972	0.135319	-0.124526
1.500353	0.131201	0.135263	-0.116346
1.499803	0.131342	0.135437	-0.117307
1.499254	0.131231	0.135303	-0.116664
1.498705	0.131130	0.135089	-0.113400
1.498157	0.130831	0.134987	-0.119065
1.497609	0.130715	0.134880	-0.119327
1.497062	0.130534	0.134552	-0.115105
1.496515	0.129985	0.134183	-0.120275
1.495969	0.129941	0.134213	-0.122385
1.495423	0.130148	0.134338	-0.120026
1.494878	0.130358	0.134339	-0.114064
1.494333	0.130277	0.134509	-0.121239
1.493789	0.130419	0.134438	-0.115122
1.493245	0.130287	0.134271	-0.114135
1.492702	0.130228	0.134208	-0.114020
1.492159	0.130352	0.134135	-0.108374
1.491617	0.130274	0.134219	-0.113013
1.491075	0.130328	0.134411	-0.116972
1.490533	0.130482	0.134594	-0.117787
1.489993	0.130477	0.134541	-0.116401
1.489452	0.130622	0.134523	-0.111772
1.488912	0.130847	0.134808	-0.113467
1.488373	0.131181	0.135423	-0.121536
1.487834	0.131377	0.135460	-0.116965
1.487296	0.131519	0.135562	-0.115840
1.486758	0.131785	0.135598	-0.109219
1.486221	0.131556	0.135488	-0.112642
1.485684	0.131173	0.135418	-0.121620
1.485147	0.131121	0.135029	-0.111975
1.484611	0.130851	0.134981	-0.118327
1.484076	0.130663	0.134619	-0.113321
1.483541	0.130407	0.134457	-0.116007
1.483007	0.130465	0.134387	-0.112355
1.482473	0.130318	0.134351	-0.115551
1.481939	0.130239	0.134333	-0.117278
1.481406	0.130663	0.134578	-0.112158
1.480874	0.130605	0.134633	-0.115394
1.480341	0.130244	0.134585	-0.124383
1.479810	0.130013	0.134254	-0.121502
1.479279	0.129993	0.134237	-0.121600
1.478748	0.130031	0.134160	-0.118285
1.478218	0.130171	0.134013	-0.110083
1.477688	0.130258	0.133979	-0.106598
1.477159	0.130279	0.134133	-0.110390
1.476631	0.130262	0.134178	-0.112169
1.476102	0.130109	0.134010	-0.111755
1.475575	0.130130	0.133846	-0.106453
1.475047	0.129989	0.134004	-0.115010
1.474521	0.130006	0.134016	-0.114881
1.473994	0.130107	0.134143	-0.115617
1.473469	0.129983	0.133905	-0.112341
1.472943	0.129691	0.133881	-0.120035
1.472418	0.129669	0.133889	-0.120876
1.471894	0.129962	0.133888	-0.112481
1.471370	0.129715	0.133646	-0.112634
1.470846	0.129837	0.133653	-0.109332
1.470323	0.129614	0.133640	-0.115346
1.469801	0.129894	0.134100	-0.120491
1.469279	0.129963	0.133847	-0.111284
1.468757	0.129660	0.133811	-0.118908
1.468236	0.129556	0.133660	-0.117564
1.467716	0.129405	0.133509	-0.117545
1.467195	0.129615	0.133790	-0.119600
1.466676	0.129838	0.133764	-0.112479
1.466156	0.129972	0.133962	-0.114294
1.465638	0.129767	0.133716	-0.113153
1.465119	0.129648	0.133788	-0.118621
1.464601	0.129400	0.133549	-0.118876
1.464084	0.129429	0.133477	-0.115989
1.463567	0.129115	0.133487	-0.125247
1.463051	0.129416	0.133306	-0.111449
1.462535	0.129006	0.133054	-0.115984
1.462019	0.129512	0.133098	-0.102740
1.461504	0.129065	0.133229	-0.119282
1.460989	0.129068	0.132880	-0.109226
1.460475	0.128801	0.132705	-0.111854
1.459962	0.128435	0.132615	-0.119754
1.459448	0.128561	0.132624	-0.116420
1.458936	0.128792	0.132751	-0.113424
1.458423	0.128715	0.132786	-0.116608
1.457911	0.128642	0.132916	-0.122438
1.457400	0.128632	0.132706	-0.116729
1.456889	0.128779	0.132670	-0.111482
1.456379	0.128715	0.132914	-0.120314
1.455869	0.128747	0.132594	-0.110205
1.455359	0.128411	0.132430	-0.115121
1.454850	0.128262	0.132089	-0.109641
1.454341	0.127892	0.132174	-0.122682
1.453833	0.128084	0.132054	-0.113732
1.453325	0.128321	0.131806	-0.099852
1.452818	0.128030	0.132079	-0.115993
1.452311	0.128130	0.132176	-0.115889
1.451805	0.127856	0.131930	-0.116700
1.451299	0.127530	0.131679	-0.118849
1.450793	0.127767	0.131657	-0.111434
1.450288	0.127867	0.131624	-0.107633
1.449783	0.127894	0.131439	-0.101556
1.449279	0.127837	0.131623	-0.108453
1.448775	0.128037	0.131583	-0.101575
1.448272	0.127385	0.131520	-0.118448
1.447769	0.127143	0.131049	-0.111894
1.447267	0.127258	0.131295	-0.115638
1.446765	0.127029	0.131004	-0.113881
1.446263	0.127390	0.131196	-0.109040
1.445762	0.127633	0.131321	-0.105661
1.445262	0.127430	0.131464	-0.115541
1.444762	0.127144	0.131315	-0.119501
1.444262	0.127111	0.131107	-0.114458
1.443763	0.126713	0.131050	-0.124233
1.443264	0.127188	0.131168	-0.114005
1.442765	0.126886	0.130817	-0.112597
1.442267	0.126901	0.130936	-0.115605
1.441770	0.127159	0.130713	-0.101815
1.441273	0.126599	0.130249	-0.104552
1.440776	0.126216	0.129830	-0.103543
1.440280	0.126091	0.129923	-0.109782
1.439784	0.126322	0.130222	-0.111725
1.439289	0.126023	0.130326	-0.123272
1.438794	0.126377	0.130176	-0.108843
1.438299	0.126132	0.129627	-0.100109
1.437805	0.125968	0.129619	-0.104585
1.437312	0.125664	0.129382	-0.106506
1.436819	0.125399	0.129296	-0.111664
1.436326	0.125332	0.129393	-0.116334
1.435834	0.125615	0.129485	-0.110862
1.435342	0.125408	0.129268	-0.110599
1.434850	0.125932	0.129402	-0.099394
1.434359	0.125809	0.129119	-0.094826
1.433869	0.125784	0.129584	-0.108855
1.433379	0.125902	0.129594	-0.105770
1.432889	0.125602	0.129431	-0.109684
1.432400	0.125129	0.129096	-0.113657
1.431911	0.124912	0.128759	-0.110206
1.431422	0.125106	0.128886	-0.108309
1.430934	0.124648	0.128400	-0.107479
1.430447	0.124698	0.128427	-0.106801
1.429960	0.124542	0.128511	-0.113710
1.429473	0.124394	0.128335	-0.112887
1.428987	0.123956	0.128259	-0.123284
1.428501	0.124361	0.128122	-0.107765
1.428015	0.124431	0.128016	-0.102724
1.427530	0.124424	0.128108	-0.105547
1.427046	0.124197	0.127925	-0.106778
1.426561	0.123944	0.128149	-0.120463
1.426078	0.124044	0.127719	-0.105261
1.425594	0.123629	0.127716	-0.117068
1.425111	0.123322	0.127301	-0.114008
1.424629	0.123667	0.127478	-0.109187
1.424147	0.123287	0.126785	-0.100228
1.423665	0.122691	0.126717	-0.115336
1.423184	0.123025	0.126570	-0.101534
1.422703	0.123376	0.126796	-0.097982
1.422223	0.122864	0.126760	-0.111620
1.421743	0.123072	0.127004	-0.112658
1.421263	0.123002	0.126254	-0.093147
1.420784	0.122667	0.126341	-0.105272
1.420306	0.122427	0.126403	-0.113900
1.419827	0.122606	0.126273	-0.105059
1.419349	0.122379	0.126040	-0.104889
1.418872	0.122217	0.125681	-0.099251
1.418395	0.122107	0.125847	-0.107148
1.417918	0.121488	0.125549	-0.116352
1.417442	0.121450	0.125251	-0.108915
1.416966	0.121338	0.125009	-0.105177
1.416491	0.121023	0.125053	-0.115459
1.416016	0.120992	0.124637	-0.104403
1.415541	0.121203	0.124313	-0.089085
1.415067	0.121051	0.124728	-0.105338
1.414593	0.120876	0.124700	-0.109552
1.414120	0.120814	0.124406	-0.102884
1.413647	0.120926	0.124625	-0.105976
1.413174	0.120767	0.124464	-0.105912
1.412702	0.120639	0.124509	-0.110865
1.412231	0.120366	0.123787	-0.098006
1.411759	0.119963	0.124103	-0.118617
1.411288	0.120137	0.123397	-0.093385
1.410818	0.119921	0.123524	-0.103228
1.410348	0.119713	0.123442	-0.106828
1.409878	0.120227	0.123731	-0.100368
1.409409	0.119153	0.123290	-0.118498
1.408940	0.119401	0.123193	-0.108633
1.408472	0.119042	0.122982	-0.112859
1.408004	0.118722	0.122469	-0.107348
1.407536	0.118862	0.122697	-0.109864
1.407069	0.118916	0.123136	-0.120871
1.406602	0.119034	0.123007	-0.113820
1.406135	0.119612	0.122297	-0.076898
1.405669	0.118942	0.122555	-0.103483
1.405204	0.118873	0.122451	-0.102505
1.404738	0.118619	0.122925	-0.123355
1.404274	0.118170	0.122284	-0.117875
1.403809	0.117965	0.121709	-0.107243
1.403345	0.118021	0.122114	-0.117258
1.402882	0.117975	0.121719	-0.107261
1.402418	0.117735	0.121790	-0.116172
1.401955	0.117721	0.121599	-0.111089
1.401493	0.117567	0.121699	-0.118368
1.401031	0.117304	0.121196	-0.111507
1.400569	0.117904	0.121018	-0.089191
1.400108	0.117204	0.120631	-0.098179
1.399647	0.117079	0.120398	-0.095076
1.399187	0.117089	0.120330	-0.092850
1.398727	0.116267	0.120662	-0.125897
1.398267	0.116686	0.120172	-0.099841
1.397808	0.116437	0.120549	-0.117794
1.397349	0.116494	0.120129	-0.104151
1.396890	0.116737	0.120297	-0.101989
1.396432	0.116375	0.120166	-0.108590
1.395974	0.116428	0.120109	-0.105456
1.395517	0.116324	0.120233	-0.111986
1.395060	0.116409	0.120248	-0.109979
1.394604	0.116243	0.120244	-0.114629
1.394147	0.115906	0.119863	-0.113374
1.393692	0.115779	0.119272	-0.100072
1.393236	0.115471	0.119454	-0.114105
1.392781	0.115402	0.119190	-0.108512
1.392327	0.115101	0.119018	-0.112231
1.391873	0.115306	0.119307	-0.114603
1.391419	0.115010	0.118203	-0.091475
1.390965	0.114394	0.118238	-0.110126
1.390512	0.114713	0.118306	-0.102925
