6.542578	-2675379863352993.000000	-2675379863352993.000000	0.000000
6.529189	-0.004064	-0.004064	0.000000
6.515856	0.544568	0.328044	6.202968
6.502578	0.323579	0.347634	-0.689102
6.489355	0.315070	0.205948	3.126140
6.476188	0.173625	0.335673	-4.642328
6.463075	0.289764	0.174669	3.297219
6.450016	0.200527	0.262541	-1.776562
6.437011	0.252174	0.221639	0.874755
6.424060	0.494414	0.057588	12.514126
6.411162	0.341975	0.073147	7.701373
6.398317	0.367498	0.483734	-3.329926
6.385525	0.372798	0.218812	4.411386
6.372785	0.046330	0.201594	-4.447977
6.360096	0.008427	0.164722	-4.477502
6.347460	-0.012986	0.297280	-8.888470
6.334875	0.200185	0.221020	-0.596890
6.322341	0.329410	0.136595	5.523761
6.309857	0.169565	0.150021	0.559874
6.297424	0.134256	0.165021	-0.881360
6.285042	0.075376	0.172814	-2.791397
6.272709	0.335197	0.237918	2.786823
6.260425	0.172621	0.173596	-0.027911
6.248191	0.149450	0.198104	-1.393851
6.236005	0.067404	0.092908	-0.730638
6.223868	0.058589	0.028344	0.866470
6.211780	0.020049	0.041786	-0.622707
6.199740	0.061654	0.031022	0.877535
6.187747	0.055875	0.051847	0.115401
6.175802	0.020171	0.028260	-0.231742
6.163904	0.036297	0.037408	-0.031824
6.152053	0.049036	0.048483	0.015826
6.140248	0.046426	0.038178	0.236314
6.128490	0.050932	0.046578	0.124734
6.116778	0.031867	0.044017	-0.348068
6.105112	0.022541	0.027179	-0.132885
6.093492	0.048218	0.041232	0.200113
6.081916	0.041180	0.036793	0.125669
6.070386	0.014447	0.043511	-0.832644
6.058901	0.028309	0.047440	-0.548067
6.047460	0.054850	0.037940	0.484454
6.036063	0.047727	0.042721	0.143424
6.024710	0.044545	0.050274	-0.164125
6.013401	0.041239	0.025552	0.449413
6.002135	0.026809	0.050210	-0.670392
5.990913	0.045015	0.043677	0.038342
5.979734	0.048619	0.041959	0.190779
5.968597	0.034026	0.030863	0.090604
5.957503	0.024502	0.015807	0.249109
5.946451	0.026006	0.047800	-0.624348
5.935442	0.031057	0.038122	-0.202392
5.924474	0.021960	0.032379	-0.298478
5.913547	0.020425	0.039667	-0.551257
5.902662	0.041011	0.034068	0.198910
5.891818	0.036738	0.032511	0.121119
5.881015	0.019804	0.041418	-0.619193
5.870252	0.030535	0.045144	-0.418513
5.859530	0.040417	0.037034	0.096913
5.848848	0.037719	0.041299	-0.102538
5.838205	0.036773	0.033684	0.088493
5.827603	0.028337	0.038347	-0.286770
5.817040	0.034221	0.044107	-0.283195
5.806516	0.024276	0.038452	-0.406106
5.796031	0.042239	0.024040	0.521351
5.785586	0.014195	0.013085	0.031795
5.775178	0.029033	0.039284	-0.293671
5.764810	0.028664	0.012963	0.449787
5.754479	0.015084	0.027135	-0.345253
5.744186	0.027940	0.028998	-0.030311
5.733931	0.035943	0.039789	-0.110184
5.723714	0.043973	0.023443	0.588134
5.713534	0.027061	0.037346	-0.294648
5.703391	0.029643	0.019040	0.303736
5.693285	0.024018	0.056232	-0.922864
5.683216	0.037368	0.032045	0.152496
5.673184	0.019478	0.031238	-0.336926
5.663188	0.041269	0.034549	0.192510
5.653228	0.039510	0.032820	0.191647
5.643304	0.034989	0.027471	0.215376
5.633415	0.049374	0.060800	-0.327336
5.623562	0.041686	0.020927	0.594711
5.613745	0.039756	0.033867	0.168703
5.603963	0.034427	0.034167	0.007438
5.594216	0.030942	0.009067	0.626667
5.584504	0.034649	0.026038	0.246671
5.574826	0.012811	0.045269	-0.929856
5.565183	0.015700	0.020439	-0.135758
5.555574	0.022170	0.016815	0.153387
5.545999	0.035660	0.031725	0.112733
5.536458	0.029531	0.024727	0.137636
5.526950	0.024593	0.014531	0.288257
5.517477	0.014595	0.021399	-0.194927
5.508036	0.016235	0.025464	-0.264388
5.498629	0.013997	0.020705	-0.192185
5.489255	0.017646	0.007135	0.301119
5.479914	0.020669	0.020549	0.003424
5.470605	0.020887	0.015873	0.143643
5.461329	0.020404	0.020201	0.005824
5.452085	0.009167	0.005447	0.106565
5.442874	0.005680	0.026100	-0.584981
5.433694	0.018378	0.017887	0.014052
5.424546	0.015150	0.021037	-0.168645
5.415430	0.017415	0.012284	0.146982
5.406345	0.014018	0.008288	0.164158
5.397292	0.014814	0.007590	0.206971
5.388270	0.007454	0.016568	-0.261105
5.379279	0.005067	0.011886	-0.195357
5.370319	0.010700	0.013465	-0.079200
5.361389	0.017194	0.011184	0.172155
5.352490	0.012979	0.015656	-0.076692
5.343621	0.011255	0.005701	0.159112
5.334783	0.013915	0.010825	0.088526
5.325975	0.005817	0.009246	-0.098252
5.317196	0.013075	0.010909	0.062062
5.308448	0.009035	0.010897	-0.053355
5.299729	0.007237	0.003246	0.114341
5.291039	0.000377	0.003970	-0.102919
5.282379	0.008617	0.008285	0.009486
5.273748	0.008630	0.005503	0.089560
5.265146	-0.000674	0.007564	-0.235999
5.256573	0.005503	0.008786	-0.094038
5.248029	0.002073	0.004924	-0.081682
5.239513	0.009532	0.004212	0.152414
5.231026	0.005607	0.005866	-0.007423
5.222567	0.004949	0.010074	-0.146804
5.214136	0.003720	0.003967	-0.007080
5.205733	-0.001275	0.006829	-0.232156
5.197358	0.002214	-0.001995	0.120567
5.189011	-0.000305	0.003606	-0.112030
5.180691	0.002420	0.006577	-0.119100
5.172399	0.006000	0.005141	0.024618
5.164135	0.004438	-0.002557	0.200380
5.155897	0.003363	0.004994	-0.046732
5.147687	0.000947	0.002176	-0.035211
5.139503	0.004506	0.002853	0.047335
5.131346	0.005155	0.003978	0.033714
5.123216	0.000968	0.000233	0.021054
5.115113	-0.000858	0.005518	-0.182658
5.107036	0.002232	0.003391	-0.033215
5.098985	-0.001535	0.004966	-0.186238
5.090960	0.002516	0.003639	-0.032156
5.082962	0.003867	0.003148	0.020597
5.074989	0.000309	-0.001025	0.038199
5.067042	0.004048	0.004106	-0.001661
5.059121	0.004611	0.001774	0.081283
5.051225	0.002556	0.000719	0.052636
5.043355	0.003376	-0.000241	0.103616
5.035510	0.004249	0.000811	0.098506
5.027690	-0.000015	0.002375	-0.068474
5.019895	-0.001039	0.003815	-0.139047
5.012126	0.002823	0.001238	0.045391
5.004381	0.003536	0.002820	0.020512
4.996660	0.004421	0.001537	0.082610
4.988964	-0.001970	-0.001045	-0.026499
4.981293	-0.000040	0.001112	-0.033010
4.973646	0.000413	-0.002617	0.086782
4.966023	0.002461	0.001167	0.037058
4.958425	0.003186	-0.000563	0.107396
4.950850	0.001285	0.000426	0.024612
4.943299	-0.001982	-0.000945	-0.029719
4.935772	0.000498	0.000334	0.004695
4.928269	0.000010	0.001118	-0.031741
4.920789	-0.000665	-0.000776	0.003176
4.913333	0.000655	-0.000150	0.023059
4.905900	0.002992	-0.001852	0.138778
4.898490	-0.000328	-0.001013	0.019641
4.891103	-0.000698	-0.001551	0.024446
4.883739	0.001661	0.001571	0.002582
4.876399	-0.000760	0.000361	-0.032116
4.869081	-0.001980	0.000255	-0.064020
4.861785	-0.001521	0.000510	-0.058182
4.854512	-0.000924	0.000660	-0.045375
4.847262	0.000075	-0.000174	0.007152
4.840034	-0.001378	-0.000621	-0.021684
4.832829	-0.001812	-0.003081	0.036358
4.825645	-0.000000	-0.001002	0.028689
4.818484	-0.001774	0.000115	-0.054111
4.811344	-0.000513	-0.001745	0.035300
4.804227	0.000287	-0.000435	0.020669
4.797131	-0.000300	-0.000182	-0.003388
4.790057	-0.001643	0.000909	-0.073099
4.783004	0.000342	0.000183	0.004554
4.775973	0.001528	-0.002839	0.125104
4.768963	0.000580	0.001736	-0.033089
4.761974	0.000563	-0.000068	0.018082
4.755007	-0.002775	-0.000479	-0.065753
4.748061	-0.000670	-0.000101	-0.016296
4.741136	-0.001343	-0.000152	-0.034115
4.734231	-0.003731	-0.000679	-0.087433
4.727348	-0.000446	-0.001339	0.025580
4.720485	-0.001286	-0.001577	0.008325
4.713642	-0.002381	-0.000477	-0.054546
4.706821	-0.000580	-0.001589	0.028894
4.700019	-0.001277	0.000559	-0.052581
4.693238	-0.002064	-0.002291	0.006507
4.686478	-0.000757	-0.000632	-0.003577
4.679737	-0.000759	-0.001049	0.008324
4.673016	-0.000845	0.000021	-0.024815
4.666316	-0.000285	-0.001556	0.036417
4.659635	-0.001006	-0.001655	0.018612
4.652974	0.001167	-0.000935	0.060220
4.646333	-0.000623	0.000061	-0.019587
4.639711	-0.001565	-0.002045	0.013744
4.633109	0.000223	-0.000505	0.020845
4.626527	-0.001942	0.000079	-0.057884
4.619963	-0.001160	0.003141	-0.123214
4.613420	0.000307	-0.000104	0.011772
4.606895	-0.001088	0.000052	-0.032657
4.600389	-0.000875	0.000329	-0.034487
4.593902	-0.000355	-0.001242	0.025434
4.587435	-0.001460	-0.000449	-0.028967
4.580986	-0.001198	0.000104	-0.037288
4.574556	-0.000262	-0.000295	0.000937
4.568145	-0.000350	0.000979	-0.038060
4.561752	-0.000670	-0.000366	-0.008708
4.555378	0.000031	-0.001336	0.039149
4.549022	-0.000578	-0.000331	-0.007074
4.542685	-0.001003	0.000346	-0.038650
4.536365	0.000175	0.000849	-0.019313
4.530065	-0.000334	0.001136	-0.042096
4.523782	0.001679	0.000410	0.036373
4.517517	-0.000462	-0.000387	-0.002155
4.511271	0.000104	-0.000664	0.022005
4.505042	-0.000996	0.000626	-0.046472
4.498831	-0.000203	0.000422	-0.017909
4.492638	0.000275	0.000309	-0.000969
4.486462	0.001044	0.000439	0.017314
4.480304	0.000984	0.000676	0.008816
4.474164	-0.000759	-0.000370	-0.011153
4.468041	0.001735	0.000455	0.036660
4.461935	-0.000045	0.001634	-0.048099
4.455847	0.001350	0.000430	0.026352
4.449776	0.000779	0.002176	-0.040015
4.443722	0.000418	0.001589	-0.033524
4.437686	-0.000291	0.000443	-0.021030
4.431666	-0.000771	-0.000080	-0.019800
4.425663	0.000031	0.001464	-0.041052
4.419677	-0.000076	0.000853	-0.026608
4.413708	0.000552	0.001092	-0.015475
4.407755	0.000703	0.000318	0.011042
4.401820	0.001053	0.002310	-0.036010
4.395901	0.001138	0.002384	-0.035690
4.389998	0.001923	0.001925	-0.000044
4.384112	0.000236	0.001415	-0.033758
4.378242	0.001494	0.001312	0.005213
4.372389	0.001081	0.001668	-0.016807
4.366551	0.000590	0.001344	-0.021599
4.360730	0.001273	0.001020	0.007252
4.354925	0.002592	0.001900	0.019826
4.349136	0.002266	0.001523	0.021284
4.343364	0.000142	0.002534	-0.068537
4.337607	0.000761	0.000824	-0.001811
4.331865	-0.000710	0.000550	-0.036087
4.326140	0.000544	0.001179	-0.018178
4.320430	0.001667	0.000330	0.038298
4.314736	0.002024	0.001548	0.013658
4.309058	0.001414	0.002229	-0.023345
4.303395	0.001501	0.002590	-0.031192
4.297748	0.001140	0.002424	-0.036771
4.292116	0.003151	0.001829	0.037892
4.286499	0.002846	0.002510	0.009625
4.280898	0.002367	0.002116	0.007194
4.275312	0.001904	0.003213	-0.037514
4.269741	0.002238	0.002429	-0.005478
4.264185	0.002282	0.002044	0.006806
4.258644	0.001949	0.002998	-0.030059
4.253118	0.002177	0.003179	-0.028700
4.247607	0.002787	0.002460	0.009381
4.242111	0.002734	0.001278	0.041711
4.236629	0.002338	0.003211	-0.025009
4.231163	0.002189	0.003526	-0.038293
4.225711	0.002511	0.002248	0.007525
4.220274	0.002477	0.002799	-0.009216
4.214851	0.002245	0.003946	-0.048742
4.209442	0.002519	0.001505	0.029046
4.204049	0.001174	0.002996	-0.052200
4.198669	0.002914	0.003245	-0.009494
4.193304	0.001752	0.003079	-0.038022
4.187953	0.002625	0.002428	0.005644
4.182616	0.002272	0.003508	-0.035401
4.177294	0.003371	0.003026	0.009902
4.171985	0.002531	0.002995	-0.013294
4.166691	0.002619	0.003398	-0.022326
4.161411	0.002948	0.002608	0.009716
4.156144	0.002613	0.003419	-0.023078
4.150892	0.002653	0.002708	-0.001588
4.145653	0.002684	0.004492	-0.051789
4.140428	0.003006	0.003952	-0.027098
4.135217	0.003254	0.003277	-0.000665
4.130019	0.003437	0.003546	-0.003127
4.124835	0.003098	0.003821	-0.020715
4.119665	0.003087	0.002681	0.011630
4.114508	0.002361	0.003559	-0.034335
4.109364	0.003777	0.003785	-0.000219
4.104234	0.002847	0.003953	-0.031686
4.099117	0.003484	0.004460	-0.027969
4.094014	0.002820	0.003903	-0.031027
4.088924	0.003209	0.003333	-0.003567
4.083846	0.002711	0.003605	-0.025615
4.078783	0.003138	0.003950	-0.023268
4.073732	0.002983	0.002853	0.003715
4.068694	0.001296	0.002715	-0.040657
4.063669	0.003080	0.002828	0.007230
4.058657	0.002582	0.003232	-0.018626
4.053658	0.003476	0.004300	-0.023607
4.048672	0.003842	0.003118	0.020734
4.043699	0.002348	0.003719	-0.039297
4.038738	0.003156	0.004419	-0.036171
4.033790	0.003915	0.004133	-0.006260
4.028855	0.004224	0.003842	0.010967
4.023933	0.004159	0.003395	0.021886
4.019022	0.003612	0.003307	0.008739
4.014125	0.003590	0.003544	0.001313
4.009240	0.004427	0.004704	-0.007923
4.004367	0.003445	0.004322	-0.025138
3.999506	0.003289	0.004620	-0.038116
3.994658	0.003203	0.003914	-0.020376
3.989823	0.004211	0.003837	0.010728
3.984999	0.003172	0.003178	-0.000171
3.980187	0.002965	0.003705	-0.021217
3.975388	0.003406	0.004248	-0.024119
3.970601	0.002346	0.003399	-0.030170
3.965826	0.003554	0.004135	-0.016665
3.961063	0.003477	0.003483	-0.000173
3.956311	0.002900	0.004077	-0.033699
3.951572	0.003757	0.004814	-0.030271
3.946844	0.003720	0.004091	-0.010629
3.942129	0.004212	0.004430	-0.006245
3.937425	0.004108	0.004107	0.000012
3.932733	0.003612	0.004193	-0.016633
3.928052	0.003122	0.004600	-0.042331
3.923383	0.004181	0.004517	-0.009623
3.918726	0.003447	0.004212	-0.021922
3.914080	0.004126	0.004601	-0.013602
3.909446	0.003516	0.004526	-0.028930
3.904823	0.003591	0.003770	-0.005140
3.900212	0.003073	0.003568	-0.014191
3.895612	0.004051	0.003800	0.007203
3.891023	0.003437	0.003280	0.004485
3.886446	0.003452	0.003952	-0.014336
3.881880	0.003273	0.003668	-0.011330
3.877325	0.003821	0.003820	0.000035
3.872781	0.002709	0.004516	-0.051772
3.868249	0.003611	0.003163	0.012859
3.863727	0.003531	0.003005	0.015081
3.859217	0.003127	0.003342	-0.006150
3.854718	0.003962	0.004283	-0.009203
3.850229	0.003069	0.003703	-0.018154
3.845752	0.003049	0.003260	-0.006055
3.841285	0.003230	0.003669	-0.012581
3.836829	0.003493	0.003704	-0.006053
3.832384	0.003132	0.003754	-0.017817
3.827950	0.002658	0.003490	-0.023829
3.823527	0.003479	0.003710	-0.006611
3.819114	0.002509	0.003509	-0.028636
3.814712	0.002666	0.003295	-0.018019
3.810321	0.002684	0.003660	-0.027967
3.805940	0.003169	0.003608	-0.012581
3.801570	0.003963	0.003308	0.018775
3.797210	0.002870	0.004074	-0.034497
3.792860	0.002630	0.003338	-0.020282
3.788522	0.003289	0.003614	-0.009296
3.784193	0.003024	0.002698	0.009338
3.779875	0.002591	0.002551	0.001134
3.775567	0.002983	0.002820	0.004669
3.771269	0.002790	0.002053	0.021108
3.766982	0.002738	0.003608	-0.024917
3.762705	0.002163	0.003772	-0.046097
3.758438	0.003952	0.002845	0.031730
3.754181	0.002664	0.002796	-0.003786
3.749935	0.002101	0.003750	-0.047250
3.745698	0.002357	0.003132	-0.022197
3.741472	0.002674	0.003316	-0.018386
3.737255	0.002512	0.003505	-0.028461
3.733048	0.002419	0.003050	-0.018069
3.728852	0.003020	0.002669	0.010052
3.724665	0.002866	0.002722	0.004122
3.720488	0.002632	0.003349	-0.020537
3.716321	0.003372	0.002820	0.015816
3.712163	0.002162	0.003203	-0.029817
3.708016	0.001818	0.002523	-0.020183
3.703878	0.001874	0.002866	-0.028420
3.699750	0.002582	0.002217	0.010453
3.695631	0.003240	0.002174	0.030566
3.691522	0.001429	0.002409	-0.028080
3.687423	0.002338	0.002719	-0.010921
3.683333	0.002147	0.003003	-0.024527
3.679253	0.001936	0.002673	-0.021116
3.675182	0.001589	0.002440	-0.024376
3.671120	0.001894	0.002677	-0.022412
3.667069	0.001865	0.003067	-0.034419
3.663026	0.002361	0.003001	-0.018339
3.658993	0.002858	0.003458	-0.017191
3.654969	0.003110	0.003566	-0.013063
3.650954	0.002340	0.004126	-0.051175
3.646949	0.001749	0.002480	-0.020942
3.642953	0.001629	0.002196	-0.016263
3.638966	0.000775	0.001465	-0.019764
3.634988	0.000499	0.001571	-0.030705
3.631020	0.000455	0.001446	-0.028411
3.627060	0.000476	0.000955	-0.013717
3.623110	0.000966	0.000905	0.001747
3.619168	0.000362	0.001151	-0.022619
3.615236	0.000661	0.001492	-0.023802
3.611312	0.001739	0.001729	0.000286
3.607398	0.001522	0.002518	-0.028522
3.603492	0.002161	0.001755	0.011614
3.599596	0.001724	0.002387	-0.018982
3.595708	0.001813	0.002553	-0.021191
3.591829	0.002242	0.001871	0.010647
3.587959	0.001405	0.001755	-0.010028
3.584097	0.001210	0.002885	-0.047981
3.580244	0.001197	0.001334	-0.003932
3.576400	0.001604	0.001633	-0.000806
3.572565	0.001354	0.001539	-0.005289
3.568738	0.000987	0.002016	-0.029480
3.564920	0.001666	0.001467	0.005715
3.561111	0.001154	0.001477	-0.009256
3.557310	0.000749	0.002224	-0.042248
3.553517	0.000905	0.001953	-0.030028
3.549734	0.000933	0.002090	-0.033139
3.545958	0.000814	0.002130	-0.037679
3.542191	0.001834	0.001885	-0.001473
3.538433	0.001107	0.001623	-0.014787
3.534683	0.001057	0.001474	-0.011944
3.530941	0.001246	0.000970	0.007893
3.527207	0.000854	0.001373	-0.014860
3.523482	0.001311	0.001116	0.005589
3.519765	0.000868	0.000722	0.004181
3.516057	0.000297	0.000883	-0.016796
3.512356	0.000519	0.000592	-0.002092
3.508664	0.000846	0.001124	-0.007973
3.504980	0.001332	0.000385	0.027117
3.501304	-0.000108	-0.000282	0.004981
3.497636	0.000373	-0.000084	0.013100
3.493977	-0.000482	0.000110	-0.016958
3.490325	-0.000317	0.000256	-0.016413
3.486682	-0.000398	0.000454	-0.024401
3.483046	-0.000184	0.000035	-0.006293
3.479419	-0.000663	-0.000217	-0.012777
3.475799	-0.000417	0.000160	-0.016532
3.472187	0.000001	0.000586	-0.016770
3.468583	0.000306	0.000040	0.007617
3.464988	-0.000165	0.000410	-0.016464
3.461400	0.000208	0.000076	0.003786
3.457819	0.001375	0.000719	0.018794
3.454247	0.000188	0.000819	-0.018092
3.450682	0.000285	0.000943	-0.018855
3.447125	0.000069	0.000250	-0.005188
3.443576	-0.000006	0.000587	-0.016995
3.440035	0.000219	0.000280	-0.001747
3.436501	-0.000535	0.000532	-0.030565
3.432975	0.000340	0.000885	-0.015617
3.429457	-0.000361	0.000181	-0.015539
3.425946	0.000043	0.000683	-0.018351
3.422442	-0.001136	-0.000062	-0.030767
3.418947	-0.000961	-0.000281	-0.019499
3.415459	-0.001088	-0.000656	-0.012390
3.411978	-0.000310	-0.001325	0.029072
3.408505	-0.000695	-0.000517	-0.005103
3.405039	-0.001088	-0.000522	-0.016221
3.401581	-0.000976	-0.000924	-0.001494
3.398130	-0.000709	-0.000601	-0.003101
3.394686	-0.000810	-0.000269	-0.015503
3.391250	-0.000469	-0.000181	-0.008250
3.387821	-0.000268	-0.000464	0.005617
3.384400	-0.000254	-0.000303	0.001413
3.380986	-0.000088	0.000078	-0.004744
3.377579	-0.000137	0.000140	-0.007916
3.374179	0.000245	0.000085	0.004610
3.370787	0.000195	0.000059	0.003906
3.367401	-0.000173	0.000419	-0.016966
3.364023	-0.000717	-0.000224	-0.014134
3.360652	-0.000918	-0.000652	-0.007618
3.357289	-0.000175	-0.000592	0.011923
3.353932	-0.000776	-0.000937	0.004609
3.350582	-0.001679	-0.001114	-0.016197
3.347240	-0.001058	-0.000501	-0.015954
3.343904	-0.001586	-0.000831	-0.021606
3.340576	-0.001227	-0.001812	0.016775
3.337255	-0.001295	-0.001228	-0.001899
3.333940	-0.001524	-0.002111	0.016798
3.330633	-0.001818	-0.002024	0.005893
3.327332	-0.002059	-0.001682	-0.010796
3.324038	-0.001872	-0.001878	0.000162
3.320752	-0.001829	-0.001787	-0.001203
3.317472	-0.001536	-0.002677	0.032699
3.314199	-0.001604	-0.001683	0.002238
3.310933	-0.001189	-0.000746	-0.012690
3.307673	-0.001636	-0.001253	-0.010954
3.304421	-0.001182	-0.001104	-0.002249
3.301175	-0.000803	-0.001057	0.007295
3.297936	-0.000810	-0.000738	-0.002072
3.294703	-0.001357	-0.001076	-0.008039
3.291478	-0.000570	-0.001160	0.016885
3.288259	-0.000476	-0.001084	0.017417
3.285046	-0.001167	-0.000659	-0.014569
3.281841	-0.000691	-0.001089	0.011413
3.278642	-0.001830	-0.000688	-0.032716
3.275449	-0.001650	-0.001381	-0.007700
3.272263	-0.001073	-0.000847	-0.006483
3.269084	-0.001895	-0.001542	-0.010115
3.265911	-0.002130	-0.002251	0.003483
3.262745	-0.002339	-0.002489	0.004307
3.259585	-0.002395	-0.002083	-0.008936
3.256432	-0.002144	-0.001361	-0.022427
3.253285	-0.002407	-0.002189	-0.006268
3.250145	-0.002680	-0.001510	-0.033492
3.247011	-0.002377	-0.001945	-0.012379
3.243883	-0.002347	-0.001532	-0.023353
3.240762	-0.001942	-0.001534	-0.011701
3.237647	-0.001610	-0.002082	0.013541
3.234539	-0.001381	-0.001058	-0.009242
3.231437	-0.001506	-0.001756	0.007148
3.228341	-0.001633	-0.001263	-0.010604
3.225251	-0.001585	-0.001970	0.011031
3.222168	-0.001482	-0.001233	-0.007128
3.219091	-0.002196	-0.002068	-0.003653
3.216020	-0.001549	-0.002032	0.013843
3.212956	-0.002235	-0.002037	-0.005670
3.209897	-0.001726	-0.001921	0.005604
3.206845	-0.002271	-0.002638	0.010516
3.203799	-0.003254	-0.002550	-0.020146
3.200759	-0.002273	-0.002045	-0.006521
3.197725	-0.002722	-0.002055	-0.019127
3.194697	-0.002581	-0.002128	-0.012993
3.191676	-0.002561	-0.002400	-0.004618
3.188660	-0.002451	-0.002332	-0.003402
3.185651	-0.002349	-0.003162	0.023287
3.182647	-0.003222	-0.002890	-0.009522
3.179650	-0.003074	-0.002523	-0.015804
3.176658	-0.002868	-0.002981	0.003223
3.173673	-0.003100	-0.002701	-0.011420
3.170693	-0.002996	-0.003220	0.006411
3.167720	-0.002720	-0.002431	-0.008283
3.164752	-0.003170	-0.002020	-0.032948
3.161790	-0.002597	-0.002583	-0.000391
3.158834	-0.002876	-0.002545	-0.009458
3.155884	-0.002500	-0.002418	-0.002336
3.152940	-0.003206	-0.003427	0.006317
3.150001	-0.002897	-0.002526	-0.010630
3.147069	-0.003335	-0.003026	-0.008850
3.144142	-0.003040	-0.003254	0.006134
3.141221	-0.002876	-0.003237	0.010335
3.138306	-0.003190	-0.003432	0.006938
3.135396	-0.003318	-0.003175	-0.004100
3.132493	-0.003805	-0.004028	0.006373
3.129595	-0.004016	-0.003289	-0.020824
3.126702	-0.003827	-0.003484	-0.009836
3.123816	-0.003755	-0.003665	-0.002578
3.120935	-0.003684	-0.003862	0.005088
3.118059	-0.004277	-0.003082	-0.034236
3.115190	-0.003111	-0.003744	0.018140
3.112326	-0.003893	-0.003101	-0.022679
3.109467	-0.003559	-0.003575	0.000456
3.106614	-0.003629	-0.004039	0.011732
3.103767	-0.003957	-0.004333	0.010762
3.100925	-0.003646	-0.003211	-0.012454
3.098089	-0.003743	-0.003545	-0.005664
3.095258	-0.003820	-0.003349	-0.013490
3.092433	-0.003636	-0.003331	-0.008730
3.089613	-0.002678	-0.003258	0.016616
3.086799	-0.003539	-0.004274	0.021043
3.083990	-0.003665	-0.003212	-0.013005
3.081187	-0.003494	-0.004401	0.025979
3.078389	-0.003803	-0.004542	0.021167
3.075596	-0.003822	-0.004319	0.014261
3.072809	-0.004939	-0.003834	-0.031665
3.070027	-0.004542	-0.004428	-0.003265
3.067251	-0.004696	-0.004337	-0.010281
3.064480	-0.004611	-0.004850	0.006837
3.061714	-0.004976	-0.004769	-0.005943
3.058954	-0.004587	-0.005301	0.020449
3.056199	-0.005532	-0.004993	-0.015464
3.053449	-0.005675	-0.005210	-0.013301
3.050704	-0.005935	-0.005485	-0.012878
3.047965	-0.006432	-0.006200	-0.006653
3.045231	-0.006078	-0.006350	0.007790
3.042502	-0.006685	-0.006183	-0.014377
3.039779	-0.006232	-0.006383	0.004318
3.037060	-0.006412	-0.006629	0.006215
3.034347	-0.006763	-0.006499	-0.007560
3.031639	-0.006868	-0.006293	-0.016474
3.028936	-0.006703	-0.007068	0.010480
3.026238	-0.006806	-0.006329	-0.013676
3.023545	-0.007188	-0.007173	-0.000438
3.020858	-0.007423	-0.007642	0.006269
3.018175	-0.007181	-0.007410	0.006553
3.015498	-0.007647	-0.006588	-0.030317
3.012826	-0.007615	-0.007002	-0.017567
3.010158	-0.007459	-0.007052	-0.011645
3.007496	-0.007560	-0.007348	-0.006060
3.004839	-0.007199	-0.006489	-0.020335
3.002187	-0.006618	-0.006538	-0.002311
2.999540	-0.006655	-0.006651	-0.000135
2.996897	-0.007032	-0.007384	0.010095
2.994260	-0.006771	-0.006717	-0.001544
2.991628	-0.007939	-0.007143	-0.022826
2.989000	-0.007317	-0.007041	-0.007931
2.986378	-0.007329	-0.007435	0.003011
2.983760	-0.007220	-0.007433	0.006095
2.981148	-0.007101	-0.006911	-0.005446
2.978540	-0.007502	-0.007344	-0.004507
2.975937	-0.007099	-0.006634	-0.013305
2.973339	-0.007558	-0.007753	0.005581
2.970746	-0.007305	-0.007650	0.009883
2.968158	-0.007035	-0.007464	0.012296
2.965574	-0.007234	-0.007510	0.007910
2.962995	-0.006706	-0.007115	0.011734
2.960421	-0.006791	-0.007127	0.009635
2.957852	-0.006719	-0.006832	0.003234
2.955288	-0.006788	-0.007705	0.026282
2.952728	-0.006957	-0.007110	0.004363
2.950173	-0.006852	-0.006832	-0.000577
2.947623	-0.006967	-0.006353	-0.017605
2.945078	-0.006220	-0.007005	0.022489
2.942537	-0.006581	-0.006932	0.010035
2.940001	-0.007081	-0.006858	-0.006391
2.937469	-0.006828	-0.007457	0.018027
2.934943	-0.006942	-0.007490	0.015692
2.932421	-0.007586	-0.007646	0.001697
2.929903	-0.007977	-0.007659	-0.009123
2.927390	-0.008446	-0.007721	-0.020779
2.924882	-0.007983	-0.008042	0.001699
2.922378	-0.008761	-0.008375	-0.011066
2.919879	-0.008653	-0.008937	0.008136
2.917385	-0.009046	-0.009525	0.013721
2.914895	-0.010047	-0.009728	-0.009142
2.912410	-0.009920	-0.010450	0.015195
2.909929	-0.010546	-0.010325	-0.006334
2.907453	-0.010412	-0.010324	-0.002517
2.904981	-0.010351	-0.010867	0.014783
2.902513	-0.010644	-0.011265	0.017780
2.900051	-0.011390	-0.011663	0.007801
2.897592	-0.012067	-0.012009	-0.001644
2.895138	-0.012343	-0.012321	-0.000618
2.892689	-0.012405	-0.012604	0.005696
2.890244	-0.013019	-0.012546	-0.013546
2.887803	-0.013014	-0.012742	-0.007804
2.885367	-0.013429	-0.013807	0.010814
2.882936	-0.013773	-0.013788	0.000436
2.880508	-0.014415	-0.014709	0.008415
2.878085	-0.015652	-0.015235	-0.011948
2.875667	-0.016508	-0.016465	-0.001221
2.873252	-0.017286	-0.017229	-0.001649
2.870842	-0.017907	-0.017955	0.001378
2.868437	-0.018574	-0.018873	0.008566
2.866036	-0.018968	-0.019053	0.002449
2.863639	-0.019154	-0.019266	0.003205
2.861246	-0.019388	-0.019282	-0.003034
2.858858	-0.019004	-0.019369	0.010460
2.856474	-0.019991	-0.019680	-0.008883
2.854094	-0.020280	-0.020157	-0.003523
2.851718	-0.020369	-0.019918	-0.012904
2.849347	-0.020140	-0.020406	0.007602
2.846980	-0.020187	-0.020415	0.006537
2.844617	-0.019994	-0.020390	0.011338
2.842258	-0.019925	-0.020114	0.005416
2.839904	-0.020063	-0.019700	-0.010405
2.837553	-0.019983	-0.020048	0.001836
2.835207	-0.019389	-0.019301	-0.002505
2.832865	-0.019268	-0.019368	0.002847
2.830528	-0.019247	-0.019028	-0.006280
2.828194	-0.018993	-0.018780	-0.006087
2.825864	-0.018736	-0.018948	0.006077
2.823539	-0.018324	-0.018445	0.003455
2.821218	-0.018425	-0.018526	0.002884
2.818901	-0.018520	-0.018617	0.002783
2.816587	-0.018330	-0.018277	-0.001501
2.814278	-0.017972	-0.017836	-0.003909
2.811973	-0.018112	-0.018211	0.002840
2.809673	-0.018350	-0.018097	-0.007270
2.807376	-0.017997	-0.018095	0.002808
2.805083	-0.018185	-0.018146	-0.001116
2.802794	-0.018427	-0.018254	-0.004963
2.800509	-0.018657	-0.018386	-0.007783
2.798228	-0.018331	-0.018219	-0.003200
2.795952	-0.018432	-0.018397	-0.001010
2.793679	-0.018733	-0.018909	0.005050
2.791410	-0.018939	-0.019218	0.008002
2.789145	-0.019284	-0.019478	0.005584
2.786884	-0.019397	-0.019157	-0.006859
2.784627	-0.019625	-0.019712	0.002479
2.782374	-0.019789	-0.019975	0.005333
2.780125	-0.020067	-0.020014	-0.001530
2.777880	-0.020393	-0.020355	-0.001082
2.775638	-0.020384	-0.020535	0.004333
2.773401	-0.020353	-0.020548	0.005576
2.771167	-0.020330	-0.020233	-0.002791
2.768938	-0.020173	-0.020324	0.004311
2.766712	-0.020061	-0.020161	0.002863
2.764490	-0.019688	-0.019755	0.001917
2.762272	-0.019250	-0.019291	0.001165
2.760058	-0.018756	-0.018929	0.004970
2.757847	-0.018330	-0.018393	0.001799
2.755640	-0.018021	-0.017978	-0.001243
2.753437	-0.017354	-0.017546	0.005504
2.751238	-0.016766	-0.016940	0.004966
2.749043	-0.016446	-0.016541	0.002699
2.746852	-0.016534	-0.016661	0.003647
2.744664	-0.016250	-0.016120	-0.003748
2.742480	-0.015833	-0.015810	-0.000651
2.740300	-0.015788	-0.015724	-0.001812
2.738123	-0.015738	-0.015858	0.003423
2.735950	-0.015659	-0.015523	-0.003896
2.733781	-0.015620	-0.015732	0.003209
2.731616	-0.015845	-0.015822	-0.000659
2.729454	-0.015773	-0.015891	0.003395
2.727296	-0.015687	-0.015567	-0.003416
2.725142	-0.015886	-0.015904	0.000539
2.722991	-0.015774	-0.015693	-0.002315
2.720844	-0.015666	-0.015571	-0.002718
2.718701	-0.015804	-0.015765	-0.001124
2.716561	-0.015506	-0.015676	0.004863
2.714425	-0.015848	-0.015830	-0.000510
2.712293	-0.015521	-0.015638	0.003353
2.710164	-0.015440	-0.015494	0.001546
2.708039	-0.015729	-0.015658	-0.002036
2.705917	-0.015689	-0.015761	0.002060
2.703799	-0.015473	-0.015496	0.000659
2.701685	-0.015341	-0.015308	-0.000930
2.699574	-0.015681	-0.015733	0.001497
2.697466	-0.015611	-0.015618	0.000184
2.695363	-0.015350	-0.015306	-0.001264
2.693262	-0.015084	-0.015383	0.008545
2.691166	-0.014980	-0.014895	-0.002447
2.689072	-0.014973	-0.015161	0.005407
2.686983	-0.014838	-0.014955	0.003373
2.684897	-0.014835	-0.014821	-0.000400
2.682814	-0.014742	-0.014824	0.002372
2.680735	-0.014707	-0.014886	0.005132
2.678659	-0.014580	-0.014577	-0.000091
2.676587	-0.014490	-0.014634	0.004124
2.674518	-0.014206	-0.014417	0.006031
2.672453	-0.014119	-0.014115	-0.000127
2.670391	-0.013987	-0.013939	-0.001368
2.668333	-0.013868	-0.013936	0.001940
2.666278	-0.013780	-0.013689	-0.002599
2.664226	-0.013841	-0.013764	-0.002190
2.662178	-0.013724	-0.013645	-0.002242
2.660133	-0.013295	-0.013381	0.002468
2.658092	-0.013359	-0.013245	-0.003271
2.656054	-0.013427	-0.013572	0.004146
2.654019	-0.013553	-0.013667	0.003252
2.651988	-0.013239	-0.013149	-0.002588
2.649960	-0.013282	-0.013307	0.000724
2.647936	-0.013383	-0.013276	-0.003066
2.645915	-0.013310	-0.013377	0.001936
2.643897	-0.013209	-0.013314	0.002983
2.641882	-0.013039	-0.013064	0.000738
2.639871	-0.012872	-0.013154	0.008089
2.637863	-0.013049	-0.013177	0.003694
2.635859	-0.013090	-0.013067	-0.000679
2.633857	-0.012836	-0.012889	0.001531
2.631859	-0.012833	-0.012815	-0.000496
2.629865	-0.012715	-0.012911	0.005606
2.627873	-0.012942	-0.013089	0.004206
2.625885	-0.012659	-0.012615	-0.001277
2.623900	-0.012907	-0.013082	0.005018
2.621919	-0.012724	-0.012695	-0.000825
2.619940	-0.012707	-0.012632	-0.002167
2.617965	-0.012411	-0.012433	0.000633
2.615993	-0.012488	-0.012564	0.002173
2.614025	-0.012303	-0.012318	0.000438
2.612059	-0.012280	-0.012319	0.001114
2.610097	-0.011873	-0.011956	0.002376
2.608138	-0.011777	-0.011883	0.003027
2.606182	-0.011701	-0.011853	0.004345
2.604229	-0.011393	-0.011424	0.000899
2.602280	-0.011027	-0.011135	0.003098
2.600333	-0.010995	-0.011004	0.000266
2.598390	-0.010703	-0.010731	0.000817
2.596450	-0.010735	-0.010780	0.001299
2.594513	-0.010446	-0.010417	-0.000852
2.592579	-0.010128	-0.010136	0.000229
2.590648	-0.010002	-0.009959	-0.001219
2.588721	-0.009649	-0.009680	0.000886
2.586796	-0.009599	-0.009540	-0.001713
2.584875	-0.009374	-0.009597	0.006393
2.582957	-0.009198	-0.009268	0.001995
2.581042	-0.008878	-0.009083	0.005882
2.579130	-0.009082	-0.009211	0.003695
2.577221	-0.008902	-0.008998	0.002758
2.575315	-0.008778	-0.008890	0.003206
2.573412	-0.008743	-0.008783	0.001137
2.571512	-0.008666	-0.008742	0.002163
2.569615	-0.008678	-0.008677	-0.000026
2.567722	-0.008542	-0.008606	0.001829
2.565831	-0.008500	-0.008638	0.003973
2.563943	-0.008510	-0.008553	0.001241
2.562058	-0.008245	-0.008369	0.003570
2.560177	-0.008346	-0.008411	0.001848
2.558298	-0.008124	-0.008236	0.003197
2.556423	-0.008082	-0.008085	0.000087
2.554550	-0.008132	-0.008306	0.004989
2.552680	-0.008088	-0.008179	0.002599
2.550813	-0.007900	-0.008127	0.006493
2.548950	-0.007951	-0.007993	0.001216
2.547089	-0.007893	-0.007986	0.002675
2.545231	-0.007772	-0.007899	0.003639
2.543376	-0.007606	-0.007601	-0.000149
2.541524	-0.007722	-0.007719	-0.000074
2.539675	-0.007632	-0.007703	0.002030
2.537829	-0.007568	-0.007633	0.001859
2.535986	-0.007464	-0.007435	-0.000820
2.534146	-0.007375	-0.007423	0.001384
2.532308	-0.007076	-0.007174	0.002790
2.530474	-0.007005	-0.007067	0.001755
2.528642	-0.006809	-0.006906	0.002777
2.526814	-0.006813	-0.006820	0.000202
2.524988	-0.006477	-0.006595	0.003388
2.523165	-0.006568	-0.006611	0.001220
2.521345	-0.006426	-0.006550	0.003556
2.519528	-0.006491	-0.006571	0.002289
2.517714	-0.006594	-0.006741	0.004227
2.515902	-0.006775	-0.006848	0.002078
2.514093	-0.006909	-0.006894	-0.000420
2.512288	-0.006924	-0.006978	0.001539
2.510485	-0.007031	-0.007071	0.001164
2.508684	-0.006973	-0.007124	0.004312
2.506887	-0.006992	-0.007119	0.003633
2.505092	-0.007110	-0.007236	0.003616
2.503301	-0.007106	-0.007152	0.001316
2.501512	-0.007219	-0.007329	0.003140
2.499726	-0.007388	-0.007409	0.000609
2.497942	-0.007327	-0.007400	0.002096
2.496162	-0.007429	-0.007524	0.002737
2.494384	-0.007367	-0.007408	0.001156
2.492609	-0.007414	-0.007570	0.004470
2.490836	-0.007504	-0.007506	0.000048
2.489067	-0.007505	-0.007635	0.003717
2.487300	-0.007373	-0.007447	0.002133
2.485536	-0.007434	-0.007468	0.000950
2.483774	-0.007252	-0.007234	-0.000514
2.482016	-0.007082	-0.007203	0.003449
2.480260	-0.007078	-0.007146	0.001948
2.478507	-0.007147	-0.007153	0.000166
2.476756	-0.007156	-0.007200	0.001254
2.475008	-0.006962	-0.007089	0.003655
2.473263	-0.006975	-0.007037	0.001784
2.471521	-0.007118	-0.007169	0.001449
2.469781	-0.006958	-0.007146	0.005406
2.468044	-0.006700	-0.006825	0.003580
2.466309	-0.006729	-0.006760	0.000881
2.464578	-0.006687	-0.006839	0.004373
2.462848	-0.006663	-0.006754	0.002615
2.461122	-0.006443	-0.006623	0.005133
2.459398	-0.006472	-0.006707	0.006728
2.457677	-0.006605	-0.006683	0.002232
2.455958	-0.006390	-0.006436	0.001325
2.454243	-0.006271	-0.006456	0.005322
2.452529	-0.006261	-0.006351	0.002576
2.450819	-0.006252	-0.006249	-0.000099
2.449111	-0.006312	-0.006411	0.002858
2.447405	-0.006307	-0.006239	-0.001933
2.445702	-0.006056	-0.006207	0.004309
2.444002	-0.005939	-0.006060	0.003467
2.442304	-0.005884	-0.005865	-0.000536
2.440609	-0.005952	-0.005993	0.001167
2.438917	-0.005843	-0.005989	0.004194
2.437227	-0.005676	-0.005905	0.006555
2.435539	-0.005575	-0.005821	0.007052
2.433854	-0.005572	-0.005766	0.005560
2.432172	-0.005652	-0.005818	0.004759
2.430492	-0.005738	-0.005752	0.000394
2.428815	-0.005476	-0.005571	0.002727
2.427140	-0.005529	-0.005479	-0.001439
2.425468	-0.005393	-0.005403	0.000292
2.423799	-0.005343	-0.005413	0.002010
2.422131	-0.005244	-0.005373	0.003708
2.420467	-0.005226	-0.005466	0.006866
2.418805	-0.005456	-0.005385	-0.002025
2.417145	-0.005261	-0.005320	0.001695
2.415488	-0.005213	-0.005313	0.002859
2.413833	-0.005293	-0.005367	0.002111
2.412181	-0.005259	-0.005306	0.001336
2.410532	-0.005275	-0.005379	0.002989
2.408884	-0.005002	-0.005181	0.005116
2.407240	-0.004980	-0.004962	-0.000515
2.405598	-0.005082	-0.005054	-0.000806
2.403958	-0.004791	-0.004846	0.001574
2.402320	-0.004680	-0.004864	0.005262
2.400685	-0.004692	-0.004767	0.002152
2.399053	-0.004600	-0.004575	-0.000734
2.397423	-0.004750	-0.004743	-0.000195
2.395795	-0.004653	-0.004733	0.002292
2.394170	-0.004702	-0.004708	0.000173
2.392547	-0.004676	-0.004632	-0.001262
2.390927	-0.004366	-0.004590	0.006410
2.389309	-0.004450	-0.004555	0.003020
2.387694	-0.004344	-0.004484	0.003996
2.386081	-0.004249	-0.004394	0.004181
2.384470	-0.004270	-0.004342	0.002074
2.382861	-0.004236	-0.004373	0.003907
2.381255	-0.004149	-0.004232	0.002388
2.379652	-0.003948	-0.004041	0.002682
2.378051	-0.003953	-0.003955	0.000051
2.376452	-0.003936	-0.003948	0.000331
2.374855	-0.003755	-0.003859	0.002970
2.373261	-0.003790	-0.003769	-0.000626
2.371669	-0.003795	-0.003774	-0.000591
2.370080	-0.003849	-0.003739	-0.003148
2.368493	-0.003696	-0.003747	0.001455
2.366908	-0.003560	-0.003577	0.000498
2.365326	-0.003531	-0.003628	0.002794
2.363745	-0.003320	-0.003435	0.003290
2.362168	-0.003297	-0.003418	0.003468
2.360592	-0.003067	-0.003222	0.004436
2.359019	-0.003009	-0.003123	0.003249
2.357448	-0.002993	-0.003027	0.000971
2.355880	-0.003011	-0.003196	0.005316
2.354313	-0.002847	-0.002999	0.004338
2.352749	-0.002922	-0.003027	0.003023
2.351188	-0.002996	-0.002915	-0.002308
2.349628	-0.002711	-0.002878	0.004791
2.348071	-0.002759	-0.002908	0.004292
2.346516	-0.002703	-0.002851	0.004235
2.344964	-0.002660	-0.002575	-0.002443
2.343413	-0.002469	-0.002626	0.004492
2.341865	-0.002379	-0.002531	0.004359
2.340319	-0.002356	-0.002447	0.002615
2.338776	-0.002247	-0.002297	0.001435
2.337235	-0.002096	-0.002280	0.005257
2.335695	-0.002171	-0.002256	0.002418
2.334159	-0.001974	-0.001984	0.000280
2.332624	-0.001967	-0.001918	-0.001424
2.331091	-0.001770	-0.001806	0.001037
2.329561	-0.001802	-0.001858	0.001609
2.328033	-0.001626	-0.001755	0.003708
2.326508	-0.001540	-0.001569	0.000836
2.324984	-0.001494	-0.001621	0.003653
2.323463	-0.001371	-0.001544	0.004970
2.321943	-0.001484	-0.001425	-0.001697
2.320426	-0.001313	-0.001422	0.003133
2.318912	-0.001178	-0.001496	0.009114
2.317399	-0.001250	-0.001402	0.004352
2.315888	-0.001265	-0.001274	0.000283
2.314380	-0.001055	-0.001164	0.003142
2.312874	-0.001129	-0.001252	0.003533
2.311370	-0.001070	-0.001090	0.000567
2.309868	-0.001149	-0.001052	-0.002792
2.308369	-0.000834	-0.000940	0.003047
2.306871	-0.000695	-0.000712	0.000490
2.305376	-0.000689	-0.000733	0.001240
2.303883	-0.000578	-0.000706	0.003665
2.302392	-0.000547	-0.000729	0.005233
2.300903	-0.000534	-0.000583	0.001397
2.299416	-0.000440	-0.000516	0.002179
2.297931	-0.000428	-0.000590	0.004643
2.296449	-0.000425	-0.000553	0.003658
2.294968	-0.000447	-0.000474	0.000761
2.293490	-0.000354	-0.000432	0.002230
2.292013	-0.000054	-0.000245	0.005479
2.290539	-0.000065	-0.000324	0.007416
2.289067	-0.000212	-0.000267	0.001583
2.287597	-0.000107	-0.000389	0.008069
2.286129	-0.000038	-0.000259	0.006336
2.284664	-0.000031	-0.000236	0.005885
2.283200	-0.000031	-0.000219	0.005388
2.281738	0.000044	-0.000162	0.005907
2.280279	0.000184	0.000073	0.003170
2.278821	0.000111	-0.000079	0.005451
2.277366	0.000215	0.000087	0.003676
2.275912	0.000074	-0.000193	0.007647
2.274461	0.000393	0.000171	0.006364
2.273012	0.000255	0.000215	0.001125
2.271564	0.000568	0.000419	0.004255
2.270119	0.000506	0.000505	0.000015
2.268676	0.000745	0.000733	0.000348
2.267235	0.000384	0.000382	0.000045
2.265796	0.000571	0.000504	0.001925
2.264359	0.000689	0.000566	0.003509
2.262923	0.000822	0.000868	-0.001321
2.261490	0.000731	0.000906	-0.004998
2.260059	0.001051	0.000880	0.004896
2.258630	0.000870	0.000805	0.001860
2.257203	0.001012	0.000900	0.003211
2.255778	0.000993	0.000827	0.004755
2.254355	0.001246	0.001098	0.004219
2.252934	0.001081	0.001068	0.000367
2.251515	0.001291	0.001095	0.005628
2.250098	0.001182	0.001030	0.004360
2.248683	0.001271	0.001221	0.001435
2.247269	0.001379	0.001124	0.007308
2.245858	0.001140	0.000968	0.004927
2.244449	0.001118	0.000870	0.007102
2.243042	0.001204	0.001018	0.005338
2.241636	0.001133	0.001095	0.001078
2.240233	0.001430	0.001403	0.000784
2.238832	0.001596	0.001559	0.001086
2.237432	0.001865	0.001595	0.007731
2.236035	0.002017	0.001644	0.010679
2.234639	0.002023	0.001900	0.003540
2.233245	0.002045	0.002006	0.001104
2.231854	0.002224	0.002058	0.004743
2.230464	0.002094	0.002037	0.001623
2.229076	0.001964	0.002050	-0.002487
2.227690	0.002216	0.002059	0.004482
2.226306	0.002185	0.001950	0.006715
2.224924	0.002268	0.001905	0.010423
2.223544	0.002110	0.002108	0.000041
2.222165	0.002126	0.002205	-0.002255
2.220789	0.002326	0.002268	0.001648
2.219414	0.002215	0.002205	0.000292
2.218042	0.002417	0.002165	0.007206
2.216671	0.002403	0.002348	0.001582
2.215302	0.002454	0.002281	0.004960
2.213935	0.002537	0.002478	0.001697
2.212570	0.002720	0.002563	0.004481
2.211207	0.002770	0.002725	0.001299
2.209845	0.002765	0.002618	0.004192
2.208486	0.002864	0.002643	0.006321
2.207128	0.002801	0.002593	0.005960
2.205772	0.002892	0.002870	0.000634
2.204418	0.002962	0.002803	0.004563
2.203066	0.002840	0.002718	0.003479
2.201716	0.002810	0.002789	0.000626
2.200367	0.002942	0.002815	0.003655
2.199021	0.002997	0.002939	0.001653
2.197676	0.003121	0.002962	0.004548
2.196333	0.003300	0.003026	0.007851
2.194992	0.003211	0.003180	0.000914
2.193653	0.003165	0.002989	0.005027
2.192315	0.003361	0.003104	0.007371
2.190980	0.003483	0.003484	-0.000044
2.189646	0.003746	0.003498	0.007123
2.188314	0.003569	0.003386	0.005236
2.186984	0.003474	0.003403	0.002029
2.185655	0.003386	0.003471	-0.002437
2.184328	0.003515	0.003335	0.005174
2.183004	0.003728	0.003639	0.002546
2.181681	0.003734	0.003633	0.002875
2.180359	0.003886	0.003800	0.002481
2.179040	0.003786	0.003605	0.005177
2.177722	0.004096	0.003837	0.007426
2.176406	0.004075	0.003856	0.006297
2.175092	0.004232	0.004023	0.005983
2.173780	0.004071	0.004068	0.000087
2.172469	0.004062	0.003883	0.005128
2.171160	0.004240	0.004116	0.003544
2.169853	0.004345	0.004173	0.004930
2.168548	0.004446	0.004246	0.005724
2.167244	0.004461	0.004356	0.003013
2.165943	0.004456	0.004316	0.004018
2.164643	0.004407	0.004258	0.004276
2.163344	0.004516	0.004456	0.001704
2.162048	0.004512	0.004163	0.009970
2.160753	0.004439	0.004372	0.001932
2.159460	0.004569	0.004528	0.001191
2.158168	0.004608	0.004485	0.003537
2.156879	0.004681	0.004464	0.006224
2.155591	0.004798	0.004598	0.005738
2.154304	0.004804	0.004849	-0.001290
2.153020	0.004929	0.004973	-0.001247
2.151737	0.005215	0.005045	0.004852
2.150456	0.004976	0.005031	-0.001589
2.149177	0.005183	0.005001	0.005207
2.147899	0.005112	0.005044	0.001946
2.146623	0.005189	0.005036	0.004390
2.145349	0.005258	0.004921	0.009635
2.144076	0.005113	0.004908	0.005857
2.142805	0.005067	0.004903	0.004692
2.141536	0.005298	0.005103	0.005579
2.140268	0.005256	0.005019	0.006804
2.139002	0.005346	0.005147	0.005698
2.137738	0.005190	0.005108	0.002358
2.136476	0.005532	0.005327	0.005875
2.135215	0.005339	0.005204	0.003851
2.133956	0.005455	0.005392	0.001826
2.132698	0.005538	0.005462	0.002187
2.131442	0.005716	0.005564	0.004356
2.130188	0.005558	0.005461	0.002772
2.128935	0.005570	0.005404	0.004745
2.127684	0.005761	0.005482	0.007996
2.126435	0.005712	0.005566	0.004176
2.125187	0.005711	0.005550	0.004619
2.123941	0.006078	0.005879	0.005682
2.122697	0.006028	0.005883	0.004151
2.121454	0.006289	0.006040	0.007143
2.120213	0.006125	0.005900	0.006434
2.118974	0.006087	0.006026	0.001739
2.117736	0.006229	0.006178	0.001436
2.116500	0.006322	0.006195	0.003643
2.115265	0.006425	0.006304	0.003468
2.114032	0.006594	0.006184	0.011740
2.112801	0.006361	0.006245	0.003329
2.111571	0.006304	0.006160	0.004110
2.110343	0.006292	0.006155	0.003931
2.109116	0.006417	0.006244	0.004955
2.107891	0.006427	0.006322	0.002991
2.106668	0.006452	0.006429	0.000648
2.105446	0.006441	0.006368	0.002088
2.104226	0.006541	0.006214	0.009354
2.103007	0.006522	0.006392	0.003724
2.101790	0.006662	0.006521	0.004035
2.100575	0.007009	0.006743	0.007632
2.099361	0.006768	0.006641	0.003623
2.098149	0.006663	0.006615	0.001371
2.096938	0.006786	0.006627	0.004538
2.095729	0.006669	0.006585	0.002408
2.094521	0.006882	0.006719	0.004668
2.093315	0.006845	0.006796	0.001398
2.092111	0.007044	0.006948	0.002770
2.090908	0.007136	0.006946	0.005457
2.089707	0.007009	0.006820	0.005399
2.088507	0.007260	0.007007	0.007222
2.087309	0.007274	0.007075	0.005685
2.086112	0.007094	0.007025	0.001983
2.084917	0.007220	0.007089	0.003751
2.083723	0.007281	0.007044	0.006791
2.082531	0.007260	0.006979	0.008048
2.081341	0.007284	0.007134	0.004311
2.080152	0.007397	0.007109	0.008248
2.078964	0.007433	0.007337	0.002764
2.077778	0.007535	0.007394	0.004035
2.076594	0.007565	0.007442	0.003525
2.075411	0.007715	0.007506	0.005976
2.074230	0.007704	0.007505	0.005704
2.073050	0.007552	0.007463	0.002538
2.071871	0.007438	0.007479	-0.001160
2.070694	0.007434	0.007416	0.000524
2.069519	0.007706	0.007364	0.009813
2.068345	0.007719	0.007524	0.005608
2.067173	0.007509	0.007581	-0.002057
2.066002	0.007852	0.007616	0.006758
2.064833	0.007799	0.007675	0.003532
2.063665	0.008007	0.007880	0.003639
2.062498	0.007898	0.007921	-0.000676
2.061333	0.007745	0.007742	0.000085
2.060170	0.007948	0.007643	0.008749
2.059008	0.007729	0.007524	0.005883
2.057848	0.007862	0.007625	0.006797
2.056689	0.007803	0.007752	0.001454
2.055531	0.008002	0.007810	0.005510
2.054375	0.007980	0.007837	0.004109
2.053221	0.008223	0.008081	0.004071
2.052067	0.008405	0.008217	0.005384
2.050916	0.008352	0.008282	0.001998
2.049766	0.008260	0.008283	-0.000634
2.048617	0.008326	0.008205	0.003470
2.047470	0.008414	0.008229	0.005320
2.046324	0.008377	0.008210	0.004791
2.045179	0.008102	0.007948	0.004408
2.044036	0.008177	0.007975	0.005791
2.042895	0.008299	0.008093	0.005913
2.041755	0.008126	0.008121	0.000148
2.040616	0.008323	0.008111	0.006074
2.039479	0.008158	0.007974	0.005274
2.038343	0.008257	0.008070	0.005353
2.037209	0.008251	0.008130	0.003451
2.036076	0.008355	0.008194	0.004612
2.034945	0.008310	0.008199	0.003190
2.033815	0.008443	0.008393	0.001423
2.032686	0.008522	0.008476	0.001308
2.031559	0.008611	0.008457	0.004395
2.030433	0.008538	0.008456	0.002337
2.029309	0.008649	0.008454	0.005591
2.028186	0.008551	0.008405	0.004164
2.027064	0.008679	0.008485	0.005552
2.025944	0.008601	0.008362	0.006873
2.024825	0.008459	0.008348	0.003189
2.023708	0.008445	0.008229	0.006187
2.022592	0.008483	0.008319	0.004713
2.021477	0.008561	0.008260	0.008625
2.020364	0.008494	0.008396	0.002818
2.019252	0.008664	0.008413	0.007189
2.018142	0.008853	0.008677	0.005056
2.017033	0.008981	0.008813	0.004810
2.015925	0.008973	0.008837	0.003907
2.014819	0.008916	0.008845	0.002023
2.013714	0.008891	0.008748	0.004122
2.012610	0.008742	0.008486	0.007353
2.011508	0.008881	0.008839	0.001186
2.010407	0.008901	0.008792	0.003135
2.009308	0.008777	0.008675	0.002926
2.008210	0.008783	0.008555	0.006542
2.007113	0.008890	0.008816	0.002108
2.006018	0.009019	0.008859	0.004591
2.004924	0.009132	0.008861	0.007774
2.003831	0.009281	0.008968	0.008960
2.002740	0.009117	0.008858	0.007397
2.001650	0.008927	0.008900	0.000768
2.000561	0.009035	0.008798	0.006778
1.999474	0.008717	0.008767	-0.001438
1.998388	0.008735	0.008622	0.003241
1.997303	0.008710	0.008584	0.003610
1.996220	0.008874	0.008694	0.005155
1.995138	0.008951	0.008863	0.002519
1.994058	0.008923	0.008802	0.003462
1.992978	0.009073	0.008746	0.009358
1.991901	0.009024	0.008745	0.007988
1.990824	0.008950	0.008865	0.002427
1.989749	0.008977	0.008699	0.007962
1.988675	0.009055	0.008827	0.006534
1.987602	0.009165	0.008929	0.006765
1.986531	0.009299	0.008917	0.010947
1.985461	0.009174	0.009051	0.003523
1.984392	0.009205	0.009158	0.001342
1.983325	0.009069	0.008924	0.004164
1.982259	0.009089	0.008753	0.009614
1.981194	0.009305	0.009075	0.006581
1.980130	0.009159	0.008969	0.005452
1.979068	0.009126	0.008952	0.004988
1.978007	0.009155	0.009118	0.001064
1.976948	0.009169	0.009025	0.004138
1.975889	0.009125	0.009256	-0.003739
1.974832	0.009231	0.009190	0.001153
1.973777	0.009377	0.009080	0.008490
1.972722	0.009212	0.008979	0.006656
1.971669	0.009207	0.009144	0.001808
1.970617	0.009251	0.009008	0.006960
1.969566	0.009275	0.009238	0.001047
1.968517	0.009443	0.009286	0.004479
1.967469	0.009350	0.009111	0.006846
1.966422	0.009496	0.009286	0.006017
1.965377	0.009328	0.009065	0.007549
1.964333	0.009520	0.009384	0.003911
1.963290	0.009500	0.009317	0.005245
1.962248	0.009524	0.009271	0.007235
1.961207	0.009480	0.009355	0.003559
1.960168	0.009426	0.009306	0.003447
1.959130	0.009663	0.009370	0.008381
1.958094	0.009567	0.009407	0.004600
1.957058	0.009569	0.009500	0.001981
1.956024	0.009813	0.009560	0.007248
1.954991	0.009730	0.009742	-0.000345
1.953959	0.009673	0.009529	0.004122
1.952929	0.009837	0.009521	0.009048
1.951900	0.009948	0.009837	0.003190
1.950872	0.009945	0.009795	0.004304
1.949845	0.009820	0.009634	0.005333
1.948819	0.009840	0.009678	0.004656
1.947795	0.009970	0.009724	0.007026
1.946772	0.010005	0.009776	0.006536
1.945750	0.010112	0.009980	0.003782
1.944729	0.010138	0.009955	0.005237
1.943710	0.010051	0.009932	0.003423
1.942692	0.010247	0.009991	0.007324
1.941675	0.010389	0.010196	0.005523
1.940659	0.010163	0.010057	0.003065
1.939645	0.010283	0.010163	0.003426
1.938631	0.010252	0.010170	0.002355
1.937619	0.010164	0.010136	0.000787
1.936608	0.010112	0.010042	0.001993
1.935599	0.010011	0.009858	0.004367
1.934590	0.010043	0.009781	0.007513
1.933583	0.009991	0.009677	0.008971
1.932577	0.010162	0.009938	0.006418
1.931572	0.010192	0.009961	0.006605
1.930568	0.010147	0.009806	0.009758
1.929566	0.010148	0.009999	0.004269
1.928565	0.010028	0.009992	0.001012
1.927565	0.009972	0.009847	0.003581
1.926566	0.010191	0.009966	0.006438
1.925568	0.010397	0.010258	0.003978
1.924571	0.010412	0.010367	0.001279
1.923576	0.010605	0.010357	0.007086
1.922582	0.010435	0.010309	0.003595
1.921589	0.010401	0.010159	0.006933
1.920597	0.010347	0.010433	-0.002439
1.919606	0.010342	0.010331	0.000320
1.918617	0.010575	0.010274	0.008614
1.917629	0.010463	0.010203	0.007447
1.916641	0.010349	0.010298	0.001477
1.915655	0.010524	0.010293	0.006592
1.914671	0.010504	0.010354	0.004300
1.913687	0.010608	0.010358	0.007177
1.912704	0.010575	0.010374	0.005747
1.911723	0.010564	0.010406	0.004546
1.910743	0.010634	0.010387	0.007081
1.909764	0.010695	0.010677	0.000529
1.908786	0.010952	0.010876	0.002181
1.907809	0.010993	0.010761	0.006649
1.906834	0.010761	0.010775	-0.000417
1.905859	0.010741	0.010829	-0.002522
1.904886	0.010987	0.010910	0.002202
1.903914	0.011049	0.010859	0.005451
1.902943	0.010729	0.010725	0.000103
1.901973	0.011019	0.010559	0.013155
1.901004	0.011048	0.010931	0.003345
1.900036	0.011039	0.010959	0.002309
1.899070	0.011126	0.011096	0.000848
1.898105	0.011189	0.010859	0.009441
1.897140	0.011062	0.010846	0.006195
1.896177	0.011015	0.010867	0.004249
1.895215	0.011044	0.010782	0.007508
1.894254	0.010998	0.011010	-0.000336
1.893295	0.011125	0.010979	0.004180
1.892336	0.011250	0.011034	0.006211
1.891378	0.011296	0.011101	0.005573
1.890422	0.011160	0.011159	0.000026
1.889467	0.011204	0.011062	0.004089
1.888513	0.011207	0.010940	0.007656
1.887560	0.010900	0.010971	-0.002029
1.886608	0.010908	0.010892	0.000444
1.885657	0.011290	0.011078	0.006055
1.884707	0.011331	0.011322	0.000269
1.883758	0.011432	0.011344	0.002522
1.882811	0.011196	0.011305	-0.003111
1.881864	0.011316	0.011183	0.003814
1.880919	0.011311	0.011315	-0.000115
1.879975	0.011459	0.011191	0.007681
1.879032	0.011572	0.011298	0.007850
1.878090	0.011515	0.011197	0.009112
1.877149	0.011332	0.011319	0.000367
1.876209	0.011450	0.011282	0.004823
1.875270	0.011584	0.011397	0.005369
1.874332	0.011571	0.011501	0.001996
1.873396	0.011588	0.011479	0.003108
1.872460	0.011629	0.011476	0.004365
1.871525	0.011545	0.011509	0.001033
1.870592	0.011591	0.011448	0.004112
1.869660	0.011618	0.011454	0.004692
1.868728	0.011575	0.011580	-0.000147
1.867798	0.011681	0.011524	0.004485
1.866869	0.011632	0.011630	0.000056
1.865941	0.011846	0.011671	0.005005
1.865014	0.011883	0.011732	0.004329
1.864088	0.012002	0.011650	0.010088
1.863163	0.011749	0.011857	-0.003081
1.862239	0.011911	0.011710	0.005742
1.861317	0.011829	0.011841	-0.000351
1.860395	0.011997	0.011956	0.001179
1.859474	0.012092	0.011972	0.003445
1.858555	0.012258	0.012010	0.007123
1.857636	0.012001	0.011912	0.002538
1.856719	0.011868	0.011735	0.003811
1.855802	0.011981	0.011764	0.006216
1.854887	0.012084	0.011873	0.006035
1.853973	0.011906	0.011723	0.005246
1.853059	0.011772	0.011575	0.005625
1.852147	0.011825	0.011758	0.001907
1.851236	0.012004	0.011579	0.012158
1.850326	0.011824	0.011641	0.005238
1.849416	0.011979	0.011791	0.005389
1.848508	0.011992	0.011887	0.003026
1.847601	0.011924	0.011859	0.001856
1.846695	0.012024	0.011848	0.005038
1.845790	0.012141	0.012046	0.002724
1.844886	0.012301	0.012351	-0.001437
1.843983	0.012437	0.012327	0.003166
1.843081	0.012488	0.012368	0.003448
1.842180	0.012304	0.012379	-0.002147
1.841280	0.012438	0.012305	0.003813
1.840381	0.012451	0.012415	0.001016
1.839484	0.012364	0.012392	-0.000798
1.838587	0.012450	0.012377	0.002085
1.837691	0.012521	0.012358	0.004680
1.836796	0.012372	0.012279	0.002662
1.835902	0.012510	0.012329	0.005180
1.835009	0.012458	0.012170	0.008268
1.834118	0.012448	0.012340	0.003082
1.833227	0.012359	0.012491	-0.003799
1.832337	0.012416	0.012320	0.002757
1.831448	0.012621	0.012492	0.003700
1.830560	0.012684	0.012493	0.005475
1.829674	0.012716	0.012622	0.002693
1.828788	0.012783	0.012719	0.001859
1.827903	0.012633	0.012629	0.000115
1.827019	0.012830	0.012705	0.003582
1.826136	0.012721	0.012536	0.005303
1.825255	0.012565	0.012411	0.004414
1.824374	0.012593	0.012300	0.008418
1.823494	0.012502	0.012632	-0.003739
1.822615	0.012670	0.012541	0.003690
1.821737	0.012746	0.012663	0.002377
1.820860	0.012845	0.012942	-0.002787
1.819984	0.013076	0.012911	0.004713
1.819109	0.013183	0.012877	0.008756
1.818235	0.013134	0.013005	0.003693
1.817362	0.012987	0.012823	0.004678
1.816490	0.013056	0.012713	0.009845
1.815619	0.012909	0.012792	0.003342
1.814749	0.013106	0.012810	0.008492
1.813880	0.013065	0.012972	0.002666
1.813012	0.013172	0.013013	0.004573
1.812145	0.013077	0.012919	0.004511
1.811279	0.012981	0.013050	-0.001983
1.810413	0.013092	0.012818	0.007860
1.809549	0.013054	0.013070	-0.000450
1.808686	0.013268	0.013099	0.004842
1.807824	0.013384	0.013098	0.008220
1.806962	0.013335	0.013302	0.000935
1.806102	0.013373	0.013245	0.003652
1.805242	0.013296	0.013262	0.000993
1.804384	0.013409	0.013382	0.000757
1.803526	0.013485	0.013327	0.004537
1.802670	0.013447	0.013385	0.001777
1.801814	0.013571	0.013486	0.002439
1.800959	0.013548	0.013287	0.007488
1.800105	0.013711	0.013492	0.006296
1.799252	0.013770	0.013873	-0.002943
1.798401	0.013704	0.013647	0.001628
1.797550	0.014078	0.013720	0.010258
1.796700	0.014048	0.013917	0.003757
1.795851	0.014223	0.013942	0.008054
1.795002	0.014262	0.014116	0.004194
1.794155	0.014139	0.013972	0.004786
1.793309	0.014021	0.013926	0.002713
1.792464	0.013982	0.013827	0.004434
1.791619	0.013817	0.013938	-0.003470
1.790776	0.013966	0.013781	0.005310
1.789933	0.013866	0.013834	0.000937
1.789092	0.013851	0.013808	0.001233
1.788251	0.013919	0.014012	-0.002661
1.787411	0.014123	0.013832	0.008336
1.786572	0.014014	0.013894	0.003446
1.785734	0.014258	0.013978	0.008012
1.784897	0.014048	0.013782	0.007610
1.784061	0.013968	0.013995	-0.000764
1.783226	0.014068	0.013853	0.006145
1.782392	0.013787	0.013764	0.000658
1.781558	0.013885	0.013614	0.007774
1.780726	0.013654	0.013608	0.001331
1.779894	0.013902	0.013540	0.010389
1.779064	0.013972	0.013664	0.008842
1.778234	0.014155	0.013876	0.008001
1.777405	0.014161	0.013915	0.007045
1.776577	0.014152	0.014032	0.003447
1.775750	0.014168	0.014254	-0.002448
1.774924	0.014373	0.014252	0.003471
1.774099	0.014326	0.014233	0.002669
1.773275	0.014552	0.014221	0.009472
1.772451	0.014309	0.014336	-0.000795
1.771629	0.014419	0.014291	0.003659
1.770807	0.014441	0.014387	0.001544
1.769986	0.014455	0.014443	0.000361
1.769167	0.014387	0.014446	-0.001706
1.768348	0.014453	0.014354	0.002830
1.767530	0.014627	0.014551	0.002169
1.766712	0.014504	0.014430	0.002122
1.765896	0.014636	0.014275	0.010336
1.765081	0.014401	0.014279	0.003499
1.764266	0.014700	0.014507	0.005527
1.763453	0.014656	0.014487	0.004860
1.762640	0.014625	0.014606	0.000536
1.761828	0.014679	0.014709	-0.000852
1.761017	0.015047	0.014878	0.004846
1.760207	0.015132	0.014951	0.005194
1.759398	0.014869	0.014858	0.000305
1.758589	0.014786	0.014807	-0.000608
1.757782	0.014690	0.014818	-0.003656
1.756975	0.014750	0.014492	0.007410
1.756169	0.014844	0.014609	0.006726
1.755365	0.014798	0.014653	0.004141
1.754560	0.014764	0.014620	0.004121
1.753757	0.015067	0.014888	0.005121
1.752955	0.014854	0.014620	0.006695
1.752154	0.014900	0.014837	0.001793
1.751353	0.015019	0.014859	0.004593
1.750553	0.014893	0.014690	0.005796
1.749755	0.014696	0.014871	-0.005011
1.748957	0.014774	0.014724	0.001432
1.748159	0.014774	0.014746	0.000804
1.747363	0.014707	0.014680	0.000763
1.746568	0.014688	0.014606	0.002361
1.745773	0.014673	0.014568	0.003009
1.744979	0.014768	0.014530	0.006808
1.744187	0.014941	0.014665	0.007920
1.743395	0.015245	0.015160	0.002443
1.742603	0.015093	0.015049	0.001270
1.741813	0.014972	0.014840	0.003793
1.741024	0.014816	0.014608	0.005958
1.740235	0.014906	0.014935	-0.000843
1.739447	0.014914	0.014781	0.003823
1.738660	0.014924	0.014851	0.002084
1.737874	0.015323	0.014983	0.009764
1.737089	0.015185	0.015050	0.003864
1.736304	0.015265	0.015099	0.004751
1.735521	0.015242	0.014827	0.011870
1.734738	0.015319	0.015075	0.006984
1.733956	0.014864	0.014986	-0.003473
1.733175	0.014927	0.014678	0.007130
1.732395	0.014952	0.014798	0.004432
1.731615	0.014997	0.014876	0.003487
1.730837	0.015096	0.014944	0.004358
1.730059	0.015010	0.014842	0.004797
1.729282	0.014712	0.014453	0.007447
1.728506	0.015018	0.014769	0.007146
1.727730	0.015252	0.014930	0.009222
1.726956	0.015119	0.014626	0.014134
1.726182	0.014977	0.014829	0.004247
1.725409	0.014779	0.014664	0.003317
1.724637	0.015044	0.014913	0.003763
1.723866	0.015012	0.014959	0.001518
1.723096	0.015250	0.015100	0.004317
1.722326	0.015220	0.015232	-0.000343
1.721557	0.015526	0.015217	0.008852
1.720789	0.015525	0.015544	-0.000540
1.720022	0.015598	0.015483	0.003310
1.719256	0.015759	0.015742	0.000496
1.718490	0.015822	0.015586	0.006760
1.717726	0.015633	0.015475	0.004517
1.716962	0.015523	0.015640	-0.003349
1.716199	0.015487	0.015691	-0.005854
1.715436	0.015582	0.015429	0.004375
1.714675	0.015281	0.015213	0.001943
1.713914	0.015374	0.015217	0.004481
1.713154	0.015467	0.015441	0.000752
1.712395	0.015457	0.015341	0.003327
1.711637	0.015659	0.015747	-0.002517
1.710879	0.015721	0.015568	0.004385
1.710122	0.015681	0.015455	0.006458
1.709366	0.015608	0.015585	0.000656
1.708611	0.015988	0.015853	0.003858
1.707857	0.015723	0.015631	0.002615
1.707103	0.015670	0.015786	-0.003323
1.706351	0.015702	0.015643	0.001704
1.705599	0.015689	0.015608	0.002330
1.704847	0.015590	0.015529	0.001736
1.704097	0.015471	0.015524	-0.001493
1.703347	0.015507	0.015403	0.002972
1.702599	0.015594	0.015499	0.002715
1.701850	0.015863	0.015569	0.008438
1.701103	0.015472	0.015571	-0.002845
1.700357	0.015452	0.015265	0.005346
1.699611	0.015610	0.015604	0.000182
1.698866	0.015862	0.015443	0.012012
1.698122	0.015688	0.015592	0.002757
1.697378	0.015610	0.015604	0.000181
1.696636	0.015805	0.015793	0.000347
1.695894	0.015838	0.015520	0.009111
1.695153	0.015814	0.015635	0.005132
1.694412	0.016047	0.015875	0.004931
1.693673	0.015874	0.015683	0.005456
1.692934	0.015511	0.015621	-0.003148
1.692196	0.015460	0.015496	-0.001038
1.691459	0.015472	0.015458	0.000420
1.690722	0.015395	0.015287	0.003094
1.689987	0.015108	0.015248	-0.003993
1.689252	0.015282	0.015339	-0.001615
1.688518	0.015363	0.015384	-0.000582
1.687784	0.015353	0.015042	0.008917
1.687051	0.015207	0.015004	0.005810
1.686320	0.015390	0.015076	0.009001
1.685588	0.015594	0.015321	0.007835
1.684858	0.015450	0.015433	0.000478
1.684128	0.015476	0.015234	0.006928
1.683399	0.015297	0.015183	0.003288
1.682671	0.015479	0.015379	0.002851
1.681944	0.015402	0.015315	0.002475
1.681217	0.015454	0.015200	0.007286
1.680491	0.015741	0.015225	0.014800
1.679766	0.015612	0.015382	0.006582
1.679042	0.015585	0.015480	0.002999
1.678318	0.015866	0.015736	0.003734
1.677595	0.015700	0.015846	-0.004181
1.676873	0.015692	0.015750	-0.001674
1.676152	0.015863	0.015686	0.005059
1.675431	0.015849	0.015785	0.001848
1.674711	0.015832	0.015510	0.009213
1.673992	0.015815	0.015917	-0.002905
1.673273	0.015971	0.015859	0.003211
1.672556	0.016085	0.015673	0.011812
1.671839	0.016111	0.015819	0.008363
1.671122	0.016323	0.016139	0.005250
1.670407	0.016094	0.016228	-0.003849
1.669692	0.016174	0.015946	0.006526
1.668978	0.015988	0.015848	0.004013
1.668265	0.016004	0.015796	0.005938
1.667552	0.015956	0.016018	-0.001778
1.666840	0.015821	0.015896	-0.002164
1.666129	0.015690	0.015804	-0.003266
1.665418	0.015767	0.015918	-0.004317
1.664709	0.015940	0.015747	0.005522
1.664000	0.015857	0.015628	0.006573
1.663292	0.015977	0.016006	-0.000822
1.662584	0.015900	0.016118	-0.006259
1.661877	0.015960	0.015951	0.000258
1.661171	0.016268	0.016025	0.006969
1.660466	0.016280	0.016259	0.000601
1.659761	0.016088	0.016336	-0.007102
1.659057	0.015946	0.015943	0.000071
1.658354	0.016205	0.016165	0.001134
1.657651	0.016439	0.016074	0.010454
1.656950	0.016347	0.016134	0.006105
1.656249	0.016182	0.016068	0.003250
1.655548	0.016512	0.016401	0.003181
1.654848	0.016349	0.016048	0.008625
1.654150	0.016329	0.016224	0.003005
1.653451	0.016380	0.016225	0.004450
1.652754	0.016466	0.016083	0.010965
1.652057	0.016394	0.016446	-0.001489
1.651361	0.016531	0.016498	0.000941
1.650665	0.016579	0.016317	0.007480
1.649971	0.016349	0.016437	-0.002506
1.649277	0.016294	0.016255	0.001123
1.648583	0.016120	0.016083	0.001063
1.647891	0.016286	0.016306	-0.000572
1.647199	0.016131	0.016016	0.003282
1.646508	0.016226	0.016042	0.005273
1.645817	0.016215	0.016199	0.000465
1.645127	0.016210	0.016216	-0.000175
1.644438	0.016192	0.016404	-0.006094
1.643750	0.016338	0.016240	0.002827
1.643062	0.016146	0.015840	0.008774
1.642375	0.016437	0.016174	0.007518
1.641689	0.016382	0.016227	0.004434
1.641003	0.016477	0.016596	-0.003403
1.640318	0.016610	0.016256	0.010133
1.639634	0.016198	0.016447	-0.007121
1.638950	0.016316	0.016404	-0.002515
1.638267	0.016208	0.016336	-0.003685
1.637585	0.016136	0.016165	-0.000825
1.636903	0.016268	0.016067	0.005736
1.636222	0.016123	0.016157	-0.000980
1.635542	0.015980	0.016151	-0.004896
1.634863	0.016172	0.016076	0.002772
1.634184	0.016285	0.016392	-0.003073
1.633506	0.016273	0.016165	0.003105
1.632828	0.016088	0.016094	-0.000169
1.632151	0.016277	0.016159	0.003397
1.631475	0.016212	0.016161	0.001470
1.630800	0.015972	0.015941	0.000879
1.630125	0.015910	0.015829	0.002316
1.629451	0.016107	0.015876	0.006607
1.628778	0.015693	0.015781	-0.002528
1.628105	0.015722	0.015557	0.004738
1.627433	0.015732	0.015721	0.000334
1.626761	0.015743	0.015494	0.007131
1.626091	0.015650	0.015369	0.008046
1.625421	0.015942	0.015737	0.005870
1.624751	0.015936	0.015733	0.005813
1.624083	0.015845	0.015681	0.004721
1.623414	0.015626	0.015614	0.000354
1.622747	0.015903	0.015719	0.005275
1.622080	0.015744	0.015799	-0.001570
1.621414	0.015961	0.015735	0.006478
1.620749	0.016037	0.015815	0.006350
1.620084	0.016156	0.016008	0.004224
1.619420	0.015858	0.015927	-0.001964
1.618757	0.016091	0.015884	0.005915
1.618094	0.015960	0.015825	0.003860
1.617432	0.015914	0.015612	0.008629
1.616770	0.015983	0.016045	-0.001763
1.616109	0.015961	0.015950	0.000310
1.615449	0.016050	0.015867	0.005249
1.614790	0.016063	0.015720	0.009833
1.614131	0.015897	0.015647	0.007166
1.613473	0.015784	0.015742	0.001211
1.612815	0.015644	0.015718	-0.002121
1.612158	0.015545	0.015582	-0.001076
1.611502	0.015741	0.015717	0.000674
1.610846	0.015808	0.015657	0.004319
1.610191	0.015624	0.015684	-0.001698
1.609537	0.015701	0.015426	0.007886
1.608883	0.015516	0.015269	0.007069
1.608230	0.015862	0.015469	0.011272
1.607578	0.015887	0.015738	0.004270
1.606926	0.015714	0.015925	-0.006056
1.606275	0.015928	0.016053	-0.003585
1.605625	0.016152	0.016015	0.003951
1.604975	0.016297	0.015978	0.009144
1.604326	0.015989	0.015855	0.003837
1.603677	0.015880	0.016067	-0.005366
1.603029	0.016027	0.016254	-0.006506
1.602382	0.016049	0.016191	-0.004069
1.601735	0.016094	0.016178	-0.002421
1.601089	0.016293	0.016405	-0.003213
1.600444	0.016676	0.016477	0.005684
1.599799	0.016236	0.016337	-0.002918
1.599155	0.016222	0.016315	-0.002659
1.598512	0.016065	0.015967	0.002816
1.597869	0.016224	0.016187	0.001065
1.597227	0.015982	0.015955	0.000774
1.596585	0.016172	0.016029	0.004103
1.595944	0.016080	0.015914	0.004743
1.595304	0.015923	0.015988	-0.001866
1.594664	0.016327	0.016237	0.002594
1.594025	0.016274	0.016212	0.001775
1.593386	0.016135	0.016175	-0.001142
1.592749	0.015982	0.016074	-0.002625
1.592111	0.016301	0.016063	0.006812
1.591475	0.016164	0.015928	0.006767
1.590839	0.016100	0.015894	0.005906
1.590203	0.015718	0.015892	-0.004985
1.589569	0.015833	0.015891	-0.001674
1.588935	0.015970	0.015949	0.000626
1.588301	0.016025	0.015829	0.005595
1.587668	0.015883	0.015702	0.005188
1.587036	0.015811	0.015817	-0.000189
1.586404	0.015933	0.016053	-0.003413
1.585773	0.015716	0.015963	-0.007072
1.585143	0.016064	0.015986	0.002230
1.584513	0.016358	0.016023	0.009578
1.583884	0.016096	0.015953	0.004098
1.583255	0.016474	0.015755	0.020583
1.582627	0.016268	0.016096	0.004934
1.582000	0.015865	0.016003	-0.003956
1.581373	0.016038	0.015964	0.002147
1.580747	0.016099	0.016301	-0.005797
1.580121	0.016577	0.016164	0.011839
1.579496	0.016175	0.016160	0.000412
1.578872	0.015926	0.016119	-0.005536
1.578248	0.016139	0.016287	-0.004236
1.577625	0.016446	0.016391	0.001565
1.577002	0.016161	0.016357	-0.005629
1.576380	0.015794	0.016182	-0.011114
1.575759	0.016029	0.016088	-0.001682
1.575138	0.016250	0.016375	-0.003570
1.574518	0.016362	0.016436	-0.002137
1.573899	0.016272	0.016391	-0.003423
1.573280	0.016250	0.016402	-0.004355
1.572661	0.016494	0.016482	0.000362
1.572044	0.016028	0.016027	0.000024
1.571426	0.016140	0.016067	0.002095
1.570810	0.016412	0.016349	0.001823
1.570194	0.016456	0.016402	0.001549
1.569578	0.016378	0.016607	-0.006546
1.568964	0.016444	0.016430	0.000415
1.568349	0.016456	0.016743	-0.008205
1.567736	0.017038	0.016439	0.017175
1.567123	0.016512	0.016363	0.004261
1.566510	0.016619	0.016165	0.013019
1.565899	0.016449	0.016665	-0.006170
1.565287	0.016538	0.016498	0.001144
1.564677	0.016835	0.016779	0.001611
1.564066	0.016883	0.016855	0.000813
1.563457	0.016924	0.016896	0.000795
1.562848	0.016515	0.016929	-0.011866
1.562240	0.017000	0.017140	-0.003995
1.561632	0.016664	0.016730	-0.001910
1.561025	0.016541	0.016636	-0.002700
1.560418	0.016111	0.016323	-0.006082
1.559812	0.016262	0.016207	0.001563
1.559207	0.016498	0.016416	0.002364
1.558602	0.016520	0.016297	0.006405
1.557997	0.016536	0.016677	-0.004038
1.557394	0.016699	0.016620	0.002264
1.556791	0.016435	0.016833	-0.011390
1.556188	0.016761	0.017075	-0.008998
1.555586	0.017008	0.016952	0.001593
1.554985	0.017173	0.017310	-0.003940
1.554384	0.017467	0.017223	0.006995
1.553783	0.017188	0.017178	0.000271
1.553184	0.017021	0.017039	-0.000532
1.552585	0.017175	0.017646	-0.013475
1.551986	0.017872	0.017531	0.009763
1.551388	0.017443	0.017408	0.001008
1.550791	0.017341	0.017301	0.001148
1.550194	0.017216	0.017372	-0.004471
1.549597	0.017508	0.017339	0.004829
1.549002	0.017718	0.017445	0.007815
1.548406	0.017869	0.017991	-0.003482
1.547812	0.017871	0.017989	-0.003380
1.547218	0.017716	0.017779	-0.001812
1.546624	0.017623	0.017618	0.000151
1.546031	0.017597	0.017363	0.006681
1.545439	0.017175	0.017036	0.003975
1.544847	0.017488	0.017291	0.005655
1.544256	0.017397	0.017326	0.002033
1.543665	0.017412	0.017322	0.002573
1.543075	0.017358	0.017588	-0.006611
1.542486	0.017406	0.017757	-0.010061
1.541897	0.017558	0.017814	-0.007324
1.541308	0.017251	0.017740	-0.013999
1.540720	0.018068	0.017629	0.012562
1.540133	0.017897	0.018064	-0.004804
1.539546	0.017505	0.017652	-0.004186
1.538960	0.017615	0.017879	-0.007587
1.538374	0.017504	0.017810	-0.008776
1.537789	0.017958	0.017926	0.000936
1.537204	0.017912	0.018017	-0.003011
1.536620	0.018391	0.018048	0.009824
1.536037	0.017770	0.017885	-0.003295
1.535454	0.017916	0.017536	0.010872
1.534872	0.017580	0.017411	0.004848
1.534290	0.017615	0.017430	0.005296
1.533708	0.017958	0.017754	0.005850
1.533128	0.018134	0.017540	0.017029
1.532548	0.018146	0.018012	0.003829
1.531968	0.018123	0.018381	-0.007377
1.531389	0.018260	0.018258	0.000066
1.530810	0.018376	0.018514	-0.003937
1.530232	0.018616	0.018488	0.003653
1.529655	0.018377	0.018140	0.006790
1.529078	0.017935	0.018137	-0.005811
1.528501	0.018015	0.018380	-0.010459
1.527925	0.018449	0.018122	0.009353
1.527350	0.018514	0.018507	0.000215
1.526775	0.018561	0.018893	-0.009498
1.526201	0.018638	0.018862	-0.006427
1.525627	0.018660	0.018677	-0.000492
1.525054	0.019211	0.019002	0.005988
1.524481	0.018863	0.018946	-0.002401
1.523909	0.019260	0.019011	0.007135
1.523338	0.019002	0.018873	0.003704
1.522767	0.019344	0.019423	-0.002255
1.522196	0.019283	0.019183	0.002863
1.521626	0.019360	0.019157	0.005820
1.521057	0.019523	0.019232	0.008340
1.520488	0.019549	0.019625	-0.002192
1.519919	0.019671	0.019347	0.009288
1.519351	0.019432	0.019235	0.005635
1.518784	0.019175	0.018737	0.012568
1.518217	0.019338	0.018817	0.014926
1.517651	0.019147	0.019010	0.003930
1.517085	0.019363	0.018777	0.016782
1.516520	0.019246	0.019258	-0.000361
1.515955	0.019245	0.019672	-0.012229
1.515391	0.019157	0.018744	0.011822
1.514827	0.018828	0.019140	-0.008946
1.514264	0.019015	0.018993	0.000615
1.513702	0.018993	0.019257	-0.007576
1.513139	0.019456	0.019300	0.004474
1.512578	0.019118	0.019363	-0.007019
1.512017	0.019498	0.019042	0.013057
1.511456	0.019607	0.019406	0.005773
1.510896	0.019611	0.019283	0.009385
1.510337	0.019706	0.019785	-0.002252
1.509778	0.019681	0.019908	-0.006511
1.509219	0.020098	0.019623	0.013611
1.508661	0.020368	0.020095	0.007820
1.508104	0.020269	0.020239	0.000847
1.507547	0.020268	0.020167	0.002872
1.506990	0.019934	0.020001	-0.001917
1.506435	0.020039	0.019972	0.001909
1.505879	0.020075	0.019330	0.021359
1.505324	0.019463	0.019648	-0.005318
1.504770	0.020205	0.020267	-0.001777
1.504216	0.019955	0.020168	-0.006120
1.503663	0.020363	0.020167	0.005625
1.503110	0.020588	0.020714	-0.003597
1.502558	0.020675	0.021025	-0.010038
1.502006	0.020995	0.020528	0.013382
1.501454	0.020630	0.020585	0.001291
1.500904	0.020286	0.020876	-0.016889
1.500353	0.020881	0.020680	0.005749
1.499803	0.020902	0.021116	-0.006137
1.499254	0.020695	0.021482	-0.022547
1.498705	0.021081	0.020962	0.003391
1.498157	0.021067	0.020768	0.008568
1.497609	0.021070	0.020996	0.002141
1.497062	0.021098	0.021268	-0.004865
1.496515	0.021466	0.020495	0.027816
1.495969	0.020995	0.020981	0.000380
1.495423	0.021121	0.020673	0.012833
1.494878	0.020608	0.020865	-0.007353
1.494333	0.021886	0.021451	0.012478
1.493789	0.021333	0.020867	0.013357
1.493245	0.021397	0.021311	0.002463
1.492702	0.021475	0.021429	0.001328
1.492159	0.021434	0.021437	-0.000066
1.491617	0.021174	0.021422	-0.007110
1.491075	0.021237	0.021143	0.002690
1.490533	0.021282	0.020889	0.011264
1.489993	0.021574	0.021467	0.003070
1.489452	0.021568	0.021420	0.004244
1.488912	0.021939	0.022123	-0.005266
1.488373	0.021981	0.021557	0.012163
1.487834	0.021701	0.021514	0.005361
1.487296	0.021974	0.021549	0.012179
1.486758	0.021523	0.021886	-0.010385
1.486221	0.022286	0.021772	0.014741
1.485684	0.021796	0.022322	-0.015080
1.485147	0.022027	0.022111	-0.002385
1.484611	0.022281	0.022143	0.003939
1.484076	0.022187	0.022093	0.002691
1.483541	0.022284	0.021852	0.012368
1.483007	0.022012	0.022135	-0.003536
1.482473	0.022417	0.022800	-0.010966
1.481939	0.022460	0.022152	0.008830
1.481406	0.022781	0.022737	0.001264
1.480874	0.022049	0.022487	-0.012535
1.480341	0.022127	0.022534	-0.011681
1.479810	0.021628	0.022081	-0.012972
1.479279	0.022670	0.022046	0.017901
1.478748	0.022096	0.022752	-0.018789
1.478218	0.023051	0.022583	0.013415
1.477688	0.022746	0.022957	-0.006038
1.477159	0.022999	0.022822	0.005085
1.476631	0.022804	0.022146	0.018843
1.476102	0.022322	0.022929	-0.017385
1.475575	0.022163	0.022217	-0.001532
1.475047	0.022365	0.021858	0.014516
1.474521	0.022423	0.023074	-0.018652
1.473994	0.022766	0.022850	-0.002412
1.473469	0.022905	0.022341	0.016155
1.472943	0.022646	0.023356	-0.020354
1.472418	0.023798	0.023279	0.014893
1.471894	0.023686	0.023025	0.018930
1.471370	0.023047	0.022986	0.001745
1.470846	0.023337	0.023243	0.002685
1.470323	0.023429	0.023083	0.009914
1.469801	0.023212	0.023362	-0.004296
1.469279	0.023631	0.023344	0.008223
1.468757	0.023798	0.023986	-0.005389
1.468236	0.023321	0.023618	-0.008511
1.467716	0.023779	0.024064	-0.008164
1.467195	0.023242	0.023281	-0.001109
1.466676	0.023511	0.023930	-0.011994
1.466156	0.023572	0.023389	0.005249
1.465638	0.023137	0.023823	-0.019668
1.465119	0.023871	0.023827	0.001237
1.464601	0.023899	0.023582	0.009093
1.464084	0.024134	0.024156	-0.000613
1.463567	0.023891	0.023984	-0.002661
1.463051	0.024428	0.023707	0.020659
1.462535	0.023907	0.023345	0.016102
1.462019	0.023812	0.023828	-0.000439
1.461504	0.023871	0.023262	0.017438
1.460989	0.023775	0.023342	0.012403
1.460475	0.023443	0.023954	-0.014653
1.459962	0.023190	0.023584	-0.011274
1.459448	0.023490	0.023584	-0.002702
1.458936	0.023816	0.023329	0.013960
1.458423	0.023522	0.023596	-0.002122
1.457911	0.023908	0.023688	0.006307
1.457400	0.023651	0.023861	-0.006004
1.456889	0.023569	0.023872	-0.008661
1.456379	0.024420	0.023766	0.018733
1.455869	0.023869	0.024435	-0.016197
1.455359	0.024541	0.023965	0.016500
1.454850	0.024643	0.024252	0.011190
1.454341	0.024643	0.024160	0.013847
1.453833	0.024097	0.024085	0.000344
1.453325	0.024678	0.023978	0.020053
1.452818	0.024589	0.024099	0.014047
1.452311	0.023984	0.024724	-0.021199
1.451805	0.024881	0.024951	-0.002005
1.451299	0.024692	0.024690	0.000040
1.450793	0.024516	0.024322	0.005564
1.450288	0.023998	0.024186	-0.005388
1.449783	0.024527	0.023732	0.022777
1.449279	0.024005	0.025108	-0.031591
1.448775	0.023776	0.024068	-0.008375
1.448272	0.023960	0.024064	-0.002986
1.447769	0.024847	0.024448	0.011435
1.447267	0.024904	0.024489	0.011885
1.446765	0.024584	0.024432	0.004360
1.446263	0.024639	0.024512	0.003662
1.445762	0.024117	0.024613	-0.014211
1.445262	0.025156	0.024871	0.008184
1.444762	0.024868	0.024380	0.013970
1.444262	0.024827	0.024456	0.010638
1.443763	0.024061	0.024898	-0.023975
1.443264	0.024127	0.023983	0.004122
1.442765	0.024769	0.024441	0.009395
1.442267	0.024374	0.024777	-0.011542
1.441770	0.024540	0.024209	0.009484
1.441273	0.024264	0.024129	0.003886
1.440776	0.024261	0.023959	0.008634
1.440280	0.024436	0.024315	0.003487
1.439784	0.024196	0.024586	-0.011170
1.439289	0.024260	0.023847	0.011844
1.438794	0.024166	0.024328	-0.004631
1.438299	0.024584	0.024329	0.007320
1.437805	0.024996	0.024144	0.024429
1.437312	0.024358	0.024915	-0.015932
1.436819	0.023918	0.024194	-0.007913
1.436326	0.023621	0.024428	-0.023109
1.435834	0.023367	0.024041	-0.019313
1.435342	0.024222	0.024377	-0.004430
1.434850	0.024665	0.023856	0.023161
1.434359	0.024437	0.024198	0.006850
1.433869	0.024280	0.022918	0.039016
1.433379	0.023702	0.024566	-0.024770
1.432889	0.024935	0.023866	0.030647
1.432400	0.024625	0.024278	0.009949
1.431911	0.023494	0.023799	-0.008717
1.431422	0.024641	0.024454	0.005349
1.430934	0.023842	0.024870	-0.029448
1.430447	0.024491	0.023525	0.027679
1.429960	0.024315	0.024328	-0.000357
1.429473	0.024453	0.024354	0.002839
1.428987	0.024072	0.024808	-0.021087
1.428501	0.024170	0.023342	0.023715
1.428015	0.024562	0.024040	0.014955
1.427530	0.023525	0.024204	-0.019440
1.427046	0.023922	0.024407	-0.013891
1.426561	0.024215	0.023556	0.018893
1.426078	0.023884	0.024043	-0.004544
1.425594	0.024214	0.024521	-0.008806
1.425111	0.024491	0.023924	0.016236
1.424629	0.024350	0.024009	0.009746
1.424147	0.023864	0.023022	0.024146
1.423665	0.024189	0.023819	0.010612
1.423184	0.023924	0.024070	-0.004168
1.422703	0.023925	0.023937	-0.000349
1.422223	0.024623	0.023518	0.031641
1.421743	0.023939	0.023462	0.013655
1.421263	0.023839	0.022860	0.028036
1.420784	0.024118	0.023729	0.011135
1.420306	0.023554	0.023663	-0.003116
1.419827	0.023368	0.023910	-0.015505
1.419349	0.023257	0.023848	-0.016919
1.418872	0.023627	0.023028	0.017167
1.418395	0.023480	0.023711	-0.006608
1.417918	0.024091	0.022955	0.032540
1.417442	0.023291	0.022779	0.014691
1.416966	0.023375	0.023130	0.007005
1.416491	0.023440	0.022913	0.015122
1.416016	0.022478	0.023613	-0.032507
1.415541	0.022800	0.022996	-0.005614
1.415067	0.021811	0.022233	-0.012089
1.414593	0.022048	0.023220	-0.033584
1.414120	0.021696	0.022663	-0.027701
1.413647	0.022126	0.022293	-0.004784
1.413174	0.023746	0.023750	-0.000113
1.412702	0.023303	0.023216	0.002491
1.412231	0.023334	0.022964	0.010602
1.411759	0.022676	0.023874	-0.034313
1.411288	0.022939	0.024044	-0.031659
1.410818	0.022798	0.021854	0.027046
1.410348	0.022613	0.022640	-0.000771
1.409878	0.022447	0.022482	-0.001010
1.409409	0.022709	0.021919	0.022627
1.408940	0.021624	0.021114	0.014619
1.408472	0.021932	0.022498	-0.016223
1.408004	0.021980	0.021793	0.005351
1.407536	0.022416	0.021995	0.012046
1.407069	0.021821	0.022356	-0.015336
1.406602	0.021028	0.021915	-0.025399
1.406135	0.021953	0.021601	0.010073
1.405669	0.022224	0.022216	0.000230
1.405204	0.021821	0.021629	0.005515
1.404738	0.022978	0.021561	0.040588
1.404274	0.022170	0.021662	0.014547
1.403809	0.022344	0.022075	0.007710
1.403345	0.022073	0.022019	0.001564
1.402882	0.021803	0.021499	0.008686
1.402418	0.021637	0.021938	-0.008608
1.401955	0.021822	0.022392	-0.016330
1.401493	0.021900	0.022425	-0.015050
1.401031	0.022131	0.020563	0.044940
1.400569	0.020228	0.020957	-0.020880
1.400108	0.022073	0.021481	0.016973
1.399647	0.022344	0.021243	0.031538
1.399187	0.021630	0.021362	0.007669
1.398727	0.021900	0.022066	-0.004737
1.398267	0.022167	0.021592	0.016465
1.397808	0.020513	0.021484	-0.027817
1.397349	0.020741	0.020441	0.008573
1.396890	0.020922	0.020005	0.026275
1.396432	0.020745	0.020233	0.014675
1.395974	0.020681	0.020720	-0.001112
1.395517	0.021008	0.020672	0.009625
1.395060	0.020855	0.020736	0.003404
1.394604	0.020966	0.020217	0.021466
1.394147	0.020207	0.020014	0.005544
1.393692	0.019834	0.020882	-0.030050
1.393236	0.020556	0.019683	0.025001
1.392781	0.020978	0.020856	0.003514
1.392327	0.019266	0.021308	-0.058494
1.391873	0.019845	0.021053	-0.034619
1.391419	0.019928	0.020883	-0.027379
1.390965	0.020630	0.020656	-0.000747
1.390512	0.019928	0.020084	-0.004472
