6.542578	-0.157484	-0.157484	0.000000
6.529189	-0.157484	-0.157484	0.000000
6.515856	-0.492274	-0.654643	4.651510
6.502578	-0.391243	-0.644897	7.266645
6.489355	-0.572588	-0.518508	-1.549294
6.476188	-0.525144	-0.490071	-1.004774
6.463075	-0.651053	-0.450874	-5.734693
6.450016	-0.547055	-0.472456	-2.137104
6.437011	-0.518861	-0.490973	-0.798933
6.424060	-0.460589	-0.634659	4.986738
6.411162	-0.500824	-0.499091	-0.049650
6.398317	-0.489743	-0.566701	2.204694
6.385525	-0.578674	-0.513384	-1.870414
6.372785	-0.482543	-0.541230	1.681260
6.360096	-0.534273	-0.547720	0.385223
6.347460	-0.591868	-0.554972	-1.056974
6.334875	-0.546243	-0.546532	0.008286
6.322341	-0.693209	-0.486031	-5.935222
6.309857	-0.593680	-0.486488	-3.070843
6.297424	-0.477892	-0.715073	6.794753
6.285042	-0.624775	-0.520898	-2.975848
6.272709	-0.592321	-0.372244	-6.304756
6.260425	-0.454055	-0.510273	1.610524
6.248191	-0.412517	-0.390618	-0.627370
6.236005	-0.462068	-0.384129	-2.232806
6.223868	-0.521661	-0.605680	2.406951
6.211780	-0.566593	-0.466656	-2.862973
6.199740	-0.573373	-0.444935	-3.679476
6.187747	-0.531114	-0.482300	-1.398412
6.175802	-0.460928	-0.587166	3.616442
6.163904	-0.512635	-0.502654	-0.285925
6.152053	-0.592800	-0.559394	-0.957021
6.140248	-0.610112	-0.463811	-4.191233
6.128490	-0.522993	-0.513018	-0.285758
6.116778	-0.625138	-0.465864	-4.562848
6.105112	-0.523552	-0.542509	0.543069
6.093492	-0.566602	-0.595868	0.838432
6.081916	-0.526978	-0.454194	-2.085119
6.070386	-0.525297	-0.556836	0.903509
6.058901	-0.386219	-0.552887	4.774682
6.047460	-0.493804	-0.509785	0.457821
6.036063	-0.435506	-0.676485	6.903535
6.024710	-0.568813	-0.454261	-3.281659
6.013401	-0.515037	-0.502770	-0.351450
6.002135	-0.587036	-0.456103	-3.750943
5.990913	-0.428932	-0.603955	5.014044
5.979734	-0.485986	-0.546688	1.738982
5.968597	-0.448418	-0.557482	3.124443
5.957503	-0.526857	-0.450353	-2.191676
5.946451	-0.496144	-0.441038	-1.578666
5.935442	-0.597891	-0.411449	-5.341181
5.924474	-0.500185	-0.501845	0.047556
5.913547	-0.559887	-0.425689	-3.844489
5.902662	-0.583633	-0.488936	-2.712878
5.891818	-0.638170	-0.425702	-6.086765
5.881015	-0.629027	-0.480806	-4.246198
5.870252	-0.583446	-0.561411	-0.631247
5.859530	-0.729898	-0.574506	-4.451651
5.848848	-0.568879	-0.530940	-1.086873
5.838205	-0.440746	-0.583937	4.102143
5.827603	-0.530515	-0.519249	-0.322766
5.817040	-0.584284	-0.546414	-1.084888
5.806516	-0.504291	-0.578670	2.130793
5.796031	-0.458706	-0.579341	3.455917
5.785586	-0.581845	-0.595401	0.388361
5.775178	-0.624149	-0.450199	-4.983293
5.764810	-0.595791	-0.569516	-0.752714
5.754479	-0.417958	-0.474660	1.624403
5.744186	-0.462444	-0.451428	-0.315581
5.733931	-0.657347	-0.568924	-2.533143
5.723714	-0.544089	-0.510234	-0.969877
5.713534	-0.416651	-0.434003	0.497078
5.703391	-0.512513	-0.513234	0.020644
5.693285	-0.533269	-0.488419	-1.284845
5.683216	-0.551352	-0.513556	-1.082782
5.673184	-0.551548	-0.561694	0.290670
5.663188	-0.611543	-0.448924	-4.658681
5.653228	-0.565442	-0.566081	0.018301
5.643304	-0.654070	-0.559305	-2.714816
5.633415	-0.734277	-0.487123	-7.080432
5.623562	-0.544183	-0.437330	-3.061116
5.613745	-0.549889	-0.553433	0.101526
5.603963	-0.546939	-0.577764	0.883068
5.594216	-0.603403	-0.661835	1.673941
5.584504	-0.524120	-0.522870	-0.035803
5.574826	-0.721653	-0.469884	-7.212657
5.565183	-0.644710	-0.578204	-1.905262
5.555574	-0.607066	-0.483523	-3.539229
5.545999	-0.645358	-0.585108	-1.726029
5.536458	-0.568414	-0.471131	-2.786956
5.526950	-0.624560	-0.671142	1.334470
5.517477	-0.572410	-0.380124	-5.508591
5.508036	-0.655785	-0.626650	-0.834666
5.498629	-0.601186	-0.754599	4.394977
5.489255	-0.640230	-0.513835	-3.620953
5.479914	-0.602077	-0.537312	-1.855397
5.470605	-0.578070	-0.647510	1.989310
5.461329	-0.581865	-0.622590	1.166693
5.452085	-0.569164	-0.550321	-0.539791
5.442874	-0.703857	-0.825776	3.492723
5.433694	-0.773006	-0.656470	-3.338515
5.424546	-0.968176	-0.542773	-12.186907
5.415430	-0.710947	-0.719646	0.249213
5.406345	-0.583226	-0.794258	6.045615
5.397292	-0.665058	-0.629755	-1.011338
5.388270	-0.676932	-0.621055	-1.600762
5.379279	-0.641180	-0.536834	-2.989300
5.370319	-0.754182	-0.690464	-1.825383
5.361389	-0.662230	-0.722049	1.713689
5.352490	-0.685407	-0.731329	1.315580
5.343621	-0.618542	-0.582011	-1.046536
5.334783	-0.775642	-0.683294	-2.645598
5.325975	-0.935934	-0.738372	-5.659716
5.317196	-0.689443	-0.732603	1.236452
5.308448	-1.102881	-0.987561	-3.303659
5.299729	-0.709172	-0.615604	-2.680535
5.291039	-0.760525	-0.799637	1.120486
5.282379	-0.900645	-0.648014	-7.237348
5.273748	-1.055084	-1.011388	-1.251804
5.265146	-0.614235	-0.939939	9.330723
5.256573	-0.868444	-1.703950	23.935467
5.248029	-0.791041	-0.722574	-1.961433
5.239513	-0.806648	-0.800718	-0.169883
5.231026	-0.965396	-1.746241	22.369574
5.222567	-0.885836	-1.062425	5.058915
5.214136	-1.117517	-2.928732	51.887483
5.205733	-1.199510	-1.123288	-2.183605
5.197358	-1.119897	-0.811564	-8.833096
5.189011	-1.222608	-0.861491	-10.345238
5.180691	-1.183924	-1.151117	-0.939849
5.172399	-1.279976	-0.856566	-12.129802
5.164135	-0.673431	-0.857368	5.269422
5.155897	-1.862815	-0.911449	-27.254632
5.147687	-1.298883	-1.350716	1.484914
5.139503	-1.549841	-1.635426	2.451810
5.131346	-1.353928	-1.226253	-3.657615
5.123216	-1.713065	-4.245810	72.557778
5.115113	-2.267235	-1.003019	-36.217133
5.107036	-1.573022	-0.959553	-17.574569
5.098985	-1.178212	-2.338375	33.236222
5.090960	-2.952457	-0.952967	-57.281175
5.082962	-1.891404	-1.950669	1.697800
5.074989	-1.240532	-1.572492	9.509969
5.067042	-3.274158	-2.975507	-8.555707
5.059121	-1.604981	-4.634888	86.800437
5.051225	-2.263732	-10.795612	244.420361
5.043355	-3.283878	-1.952432	-38.143110
5.035510	-4.216333	-15.080345	311.231024
5.027690	-4.060738	-2.838252	-35.021632
5.019895	16.393865	-11.822090	808.327572
5.012126	251.943571	7.171703	7012.197471
5.004381	-5.133626	7.869797	-372.520645
4.996660	-5.485295	-8.537147	87.429115
4.988964	2.338471	3.591652	-35.900987
4.981293	3.144936	2.831993	8.965144
4.973646	3.382886	5.825220	-69.967721
4.966023	-11.016740	2.971261	-400.726715
4.958425	3.125535	1.104916	57.886472
4.950850	10.706812	-6.291566	486.967653
4.943299	2.108711	2.151929	-1.238106
4.935772	1.801728	1.181764	17.760639
4.928269	56.767480	1.303967	1588.912590
4.920789	1.438211	2.631555	-34.186804
4.913333	2.019039	2.103089	-2.407857
4.905900	1.035790	1.657626	-17.814304
4.898490	1.329987	1.201069	3.693253
4.891103	0.763805	0.904447	-4.029072
4.883739	1.524857	0.834733	19.770598
4.876399	0.928514	0.831868	2.768723
4.869081	1.059914	1.002580	1.642480
4.861785	0.703387	1.567052	-24.742195
4.854512	0.775746	1.396870	-17.793911
4.847262	1.197773	0.607403	16.912852
4.840034	0.842208	0.896687	-1.560722
4.832829	1.124422	0.980145	4.133237
4.825645	0.725003	0.897977	-4.955352
4.818484	0.818773	0.571624	7.080314
4.811344	0.716950	0.672319	1.278584
4.804227	0.972908	0.643635	9.432954
4.797131	0.859282	0.904269	-1.288763
4.790057	0.890524	0.777718	3.231671
4.783004	0.648581	0.935942	-8.232288
4.775973	0.688560	0.563406	3.585389
4.768963	0.851640	0.560924	8.328408
4.761974	1.142020	0.645442	14.225916
4.755007	0.825032	0.844403	-0.554934
4.748061	0.628180	0.623721	0.127747
4.741136	0.467887	0.732377	-7.577065
4.734231	0.562388	0.684844	-3.508114
4.727348	0.530036	0.468561	1.761128
4.720485	0.498856	0.475449	0.670556
4.713642	0.567154	0.535014	0.920751
4.706821	0.610382	0.508559	2.917024
4.700019	0.430784	0.495802	-1.862637
4.693238	0.503460	0.449938	1.533291
4.686478	0.441546	0.685103	-6.977409
4.679737	0.429165	0.339666	2.563966
4.673016	0.495610	0.317618	5.099112
4.666316	0.418208	0.483819	-1.879618
4.659635	0.487415	0.428642	1.683711
4.652974	0.453663	0.351559	2.925068
4.646333	0.406478	0.317753	2.541776
4.639711	0.409968	0.410463	-0.014200
4.633109	0.437850	0.475346	-1.074192
4.626527	0.339461	0.354638	-0.434781
4.619963	0.408379	0.328761	2.280914
4.613420	0.359879	0.388031	-0.806497
4.606895	0.377995	0.327811	1.437642
4.600389	0.405626	0.337692	1.946155
4.593902	0.390014	0.263672	3.619421
4.587435	0.416675	0.319839	2.774156
4.580986	0.372622	0.319194	1.530599
4.574556	0.295926	0.316059	-0.576773
4.568145	0.381311	0.293392	2.518703
4.561752	0.306397	0.275529	0.884300
4.555378	0.279991	0.298867	-0.540766
4.549022	0.359099	0.231638	3.651492
4.542685	0.306433	0.230963	2.162061
4.536365	0.248917	0.289706	-1.168502
4.530065	0.272412	0.250860	0.617416
4.523782	0.246295	0.207587	1.108908
4.517517	0.207546	0.219227	-0.334629
4.511271	0.279164	0.257742	0.613707
4.505042	0.284300	0.254870	0.843116
4.498831	0.309870	0.240942	1.974639
4.492638	0.251954	0.252800	-0.024241
4.486462	0.209330	0.279952	-2.023184
4.480304	0.299355	0.251131	1.381512
4.474164	0.273088	0.239997	0.947986
4.468041	0.285876	0.228200	1.652281
4.461935	0.307202	0.254473	1.510567
4.455847	0.270919	0.271291	-0.010655
4.449776	0.238251	0.236952	0.037227
4.443722	0.261560	0.263616	-0.058911
4.437686	0.258120	0.249009	0.261027
4.431666	0.271087	0.216598	1.561004
4.425663	0.239637	0.245362	-0.163986
4.419677	0.275492	0.275368	0.003546
4.413708	0.287549	0.224483	1.806714
4.407755	0.275923	0.297232	-0.610457
4.401820	0.263327	0.252915	0.298285
4.395901	0.311121	0.209610	2.908081
4.389998	0.233032	0.244483	-0.328020
4.384112	0.237466	0.232215	0.150434
4.378242	0.262463	0.318547	-1.606693
4.372389	0.252618	0.230269	0.640234
4.366551	0.255531	0.259763	-0.121251
4.360730	0.271900	0.263644	0.236505
4.354925	0.281920	0.233369	1.390892
4.349136	0.297131	0.238770	1.671935
4.343364	0.239580	0.221577	0.515741
4.337607	0.303452	0.241062	1.787352
4.331865	0.259735	0.288419	-0.821738
4.326140	0.283347	0.223195	1.723229
4.320430	0.255764	0.192251	1.819536
4.314736	0.245355	0.235124	0.293095
4.309058	0.238056	0.227287	0.308509
4.303395	0.225622	0.199097	0.759872
4.297748	0.199124	0.179243	0.569563
4.292116	0.202188	0.220797	-0.533127
4.286499	0.222088	0.192340	0.852232
4.280898	0.204968	0.175079	0.856263
4.275312	0.167649	0.193130	-0.729978
4.269741	0.179468	0.173856	0.160761
4.264185	0.159438	0.169660	-0.292833
4.258644	0.189168	0.186520	0.075865
4.253118	0.177040	0.150400	0.763189
4.247607	0.173782	0.148113	0.735368
4.242111	0.160112	0.148405	0.335408
4.236629	0.157926	0.130570	0.783692
4.231163	0.146189	0.163452	-0.494574
4.225711	0.146809	0.124211	0.647361
4.220274	0.161052	0.150693	0.296778
4.214851	0.169671	0.117068	1.506960
4.209442	0.158983	0.138018	0.600608
4.204049	0.138252	0.137589	0.018978
4.198669	0.195208	0.137993	1.639095
4.193304	0.160777	0.179049	-0.523467
4.187953	0.139199	0.121528	0.506262
4.182616	0.162928	0.127208	1.023285
4.177294	0.166530	0.134842	0.907806
4.171985	0.128202	0.130947	-0.078617
4.166691	0.128917	0.145865	-0.485499
4.161411	0.146004	0.147940	-0.055459
4.156144	0.165221	0.119814	1.300839
4.150892	0.164097	0.124539	1.133244
4.145653	0.147484	0.130926	0.474346
4.140428	0.157582	0.145411	0.348690
4.135217	0.166282	0.175978	-0.277768
4.130019	0.162662	0.154106	0.245125
4.124835	0.150254	0.138642	0.332663
4.119665	0.152073	0.162491	-0.298468
4.114508	0.171255	0.151686	0.560605
4.109364	0.166790	0.143995	0.653018
4.104234	0.166759	0.152446	0.410028
4.099117	0.163693	0.160615	0.088154
4.094014	0.177411	0.164594	0.367187
4.088924	0.162322	0.159367	0.084632
4.083846	0.210734	0.120821	2.575799
4.078783	0.193539	0.138249	1.583962
4.073732	0.180576	0.162901	0.506361
4.068694	0.159196	0.146209	0.372060
4.063669	0.154166	0.166856	-0.363529
4.058657	0.173729	0.150862	0.655105
4.053658	0.152163	0.149314	0.081634
4.048672	0.165432	0.176234	-0.309448
4.043699	0.166242	0.138959	0.781600
4.038738	0.160209	0.171526	-0.324194
4.033790	0.150923	0.155674	-0.136102
4.028855	0.173353	0.172376	0.027986
4.023933	0.142788	0.139519	0.093668
4.019022	0.184301	0.142772	1.189725
4.014125	0.159747	0.152026	0.221177
4.009240	0.146456	0.141325	0.147012
4.004367	0.137739	0.140159	-0.069316
3.999506	0.155257	0.138401	0.482889
3.994658	0.149099	0.124412	0.707209
3.989823	0.147475	0.149324	-0.052975
3.984999	0.146468	0.114916	0.903901
3.980187	0.150865	0.144287	0.188449
3.975388	0.158304	0.142909	0.441014
3.970601	0.146975	0.156663	-0.277558
3.965826	0.155198	0.135392	0.567403
3.961063	0.170773	0.147342	0.671275
3.956311	0.150431	0.131473	0.543102
3.951572	0.159510	0.157556	0.055987
3.946844	0.135963	0.140093	-0.118317
3.942129	0.146761	0.116038	0.880149
3.937425	0.162767	0.151455	0.324056
3.932733	0.155294	0.126651	0.820553
3.928052	0.149836	0.131910	0.513541
3.923383	0.141830	0.132434	0.269195
3.918726	0.123856	0.131613	-0.222215
3.914080	0.134132	0.139759	-0.161184
3.909446	0.145705	0.137950	0.222144
3.904823	0.150893	0.123374	0.788383
3.900212	0.136929	0.145751	-0.252722
3.895612	0.123844	0.134596	-0.308041
3.891023	0.139877	0.114437	0.728794
3.886446	0.147272	0.133523	0.393891
3.881880	0.144705	0.125098	0.561699
3.877325	0.162676	0.141369	0.610401
3.872781	0.157783	0.144971	0.367029
3.868249	0.146845	0.149067	-0.063650
3.863727	0.161240	0.123508	1.080941
3.859217	0.156990	0.155232	0.050380
3.854718	0.148626	0.133210	0.441660
3.850229	0.163344	0.141284	0.631948
3.845752	0.165992	0.131113	0.999225
3.841285	0.149372	0.171646	-0.638106
3.836829	0.157519	0.141270	0.465501
3.832384	0.131025	0.142370	-0.325019
3.827950	0.157284	0.149677	0.217927
3.823527	0.152794	0.135735	0.488704
3.819114	0.159884	0.156126	0.107665
3.814712	0.140205	0.136062	0.118682
3.810321	0.145338	0.132290	0.373777
3.805940	0.126225	0.159812	-0.962184
3.801570	0.169604	0.156140	0.385727
3.797210	0.170588	0.136489	0.976855
3.792860	0.160090	0.144661	0.442028
3.788522	0.154360	0.137059	0.495634
3.784193	0.132243	0.150954	-0.536055
3.779875	0.150502	0.117207	0.953824
3.775567	0.178138	0.129690	1.387958
3.771269	0.161621	0.148738	0.369069
3.766982	0.155889	0.156641	-0.021526
3.762705	0.143267	0.138145	0.146743
3.758438	0.142748	0.141106	0.047051
3.754181	0.168919	0.152472	0.471171
3.749935	0.151413	0.158492	-0.202806
3.745698	0.143477	0.145038	-0.044716
3.741472	0.155669	0.159937	-0.122273
3.737255	0.165517	0.136661	0.826662
3.733048	0.151439	0.140497	0.313460
3.728852	0.168988	0.165229	0.107703
3.724665	0.163797	0.138915	0.712824
3.720488	0.176277	0.149986	0.753185
3.716321	0.141282	0.139062	0.063602
3.712163	0.145870	0.144354	0.043406
3.708016	0.145287	0.143432	0.053166
3.703878	0.153626	0.142302	0.324424
3.699750	0.171553	0.147824	0.679779
3.695631	0.169187	0.125422	1.253755
3.691522	0.163704	0.131452	0.923955
3.687423	0.175476	0.150481	0.716077
3.683333	0.141947	0.147261	-0.152243
3.679253	0.149660	0.173932	-0.695349
3.675182	0.175733	0.159017	0.478864
3.671120	0.173061	0.168621	0.127196
3.667069	0.169480	0.142346	0.777349
3.663026	0.160918	0.148831	0.346278
3.658993	0.173771	0.159069	0.421156
3.654969	0.180022	0.154976	0.717525
3.650954	0.185004	0.153103	0.913893
3.646949	0.156402	0.159565	-0.090612
3.642953	0.175651	0.155275	0.583730
3.638966	0.162274	0.159747	0.072405
3.634988	0.187039	0.133090	1.545511
3.631020	0.174952	0.155735	0.550540
3.627060	0.147370	0.148029	-0.018889
3.623110	0.161108	0.155533	0.159701
3.619168	0.165624	0.155088	0.301855
3.615236	0.153146	0.136241	0.484310
3.611312	0.156077	0.152416	0.104892
3.607398	0.155651	0.157876	-0.063750
3.603492	0.161087	0.143041	0.516979
3.599596	0.157711	0.143373	0.410774
3.595708	0.170330	0.159961	0.297038
3.591829	0.167621	0.158981	0.247524
3.587959	0.190446	0.159738	0.879710
3.584097	0.167066	0.163945	0.089427
3.580244	0.166813	0.148518	0.524136
3.576400	0.169520	0.158136	0.326130
3.572565	0.161353	0.169948	-0.246219
3.568738	0.155529	0.163612	-0.231549
3.564920	0.167959	0.160411	0.216227
3.561111	0.159776	0.155516	0.122047
3.557310	0.170894	0.152502	0.526911
3.553517	0.182983	0.169797	0.377769
3.549734	0.154820	0.170068	-0.436811
3.545958	0.162540	0.166091	-0.101738
3.542191	0.155211	0.149098	0.175135
3.538433	0.152058	0.135703	0.468545
3.534683	0.174138	0.163242	0.312143
3.530941	0.163576	0.174836	-0.322585
3.527207	0.158306	0.157403	0.025869
3.523482	0.188371	0.142397	1.317078
3.519765	0.140849	0.171801	-0.886695
3.516057	0.151140	0.129696	0.614335
3.512356	0.169137	0.164344	0.137302
3.508664	0.167946	0.196895	-0.829341
3.504980	0.168591	0.179114	-0.301471
3.501304	0.196064	0.168707	0.783716
3.497636	0.160176	0.148523	0.333835
3.493977	0.178839	0.171575	0.208096
3.490325	0.181446	0.169230	0.349983
3.486682	0.172348	0.170444	0.054524
3.483046	0.170758	0.180038	-0.265847
3.479419	0.179792	0.151255	0.817527
3.475799	0.179749	0.149331	0.871420
3.472187	0.175759	0.172279	0.099693
3.468583	0.155578	0.156627	-0.030051
3.464988	0.174762	0.169170	0.160176
3.461400	0.176097	0.153305	0.652950
3.457819	0.183162	0.150872	0.925026
3.454247	0.168631	0.158303	0.295895
3.450682	0.159378	0.172512	-0.376253
3.447125	0.155296	0.143422	0.340175
3.443576	0.155089	0.177339	-0.637408
3.440035	0.167614	0.164022	0.102921
3.436501	0.178923	0.167226	0.335088
3.432975	0.162251	0.161572	0.019475
3.429457	0.176764	0.175310	0.041653
3.425946	0.170878	0.149190	0.621316
3.422442	0.166528	0.168526	-0.057236
3.418947	0.195184	0.169347	0.740182
3.415459	0.198016	0.166324	0.907919
3.411978	0.168985	0.190545	-0.617658
3.408505	0.208008	0.159106	1.400934
3.405039	0.201779	0.165772	1.031516
3.401581	0.182336	0.168980	0.382614
3.398130	0.185269	0.175111	0.291014
3.394686	0.182224	0.199025	-0.481331
3.391250	0.179389	0.152558	0.768652
3.387821	0.187467	0.162777	0.707311
3.384400	0.158749	0.171980	-0.379038
3.380986	0.149243	0.171285	-0.631468
3.377579	0.190907	0.158356	0.932525
3.374179	0.195828	0.165878	0.858002
3.370787	0.177057	0.158555	0.530057
3.367401	0.155640	0.167346	-0.335360
3.364023	0.175764	0.164509	0.322446
3.360652	0.187912	0.178290	0.275654
3.357289	0.172096	0.183596	-0.329451
3.353932	0.186911	0.170763	0.462601
3.350582	0.155995	0.153327	0.076447
3.347240	0.167588	0.165380	0.063244
3.343904	0.182831	0.179631	0.091681
3.340576	0.216564	0.195528	0.602635
3.337255	0.217698	0.178679	1.117817
3.333940	0.198910	0.189316	0.274854
3.330633	0.198903	0.184173	0.421982
3.327332	0.205487	0.201941	0.101598
3.324038	0.194598	0.201226	-0.189881
3.320752	0.184138	0.216400	-0.924231
3.317472	0.185567	0.182872	0.077201
3.314199	0.171476	0.196661	-0.721483
3.310933	0.186665	0.190000	-0.095555
3.307673	0.200665	0.189456	0.321132
3.304421	0.186065	0.201267	-0.435508
3.301175	0.196764	0.192694	0.116578
3.297936	0.218890	0.181988	1.057167
3.294703	0.209861	0.179550	0.868354
3.291478	0.199404	0.198127	0.036600
3.288259	0.207933	0.193692	0.407989
3.285046	0.196787	0.197192	-0.011588
3.281841	0.195495	0.195836	-0.009750
3.278642	0.197049	0.224164	-0.776768
3.275449	0.168605	0.191883	-0.666852
3.272263	0.220167	0.193852	0.753856
3.269084	0.228178	0.192098	1.033636
3.265911	0.205578	0.202992	0.074091
3.262745	0.228564	0.226127	0.069806
3.259585	0.212629	0.180933	0.908046
3.256432	0.216941	0.193536	0.670496
3.253285	0.197213	0.206714	-0.272183
3.250145	0.207663	0.198799	0.253923
3.247011	0.253175	0.198032	1.579714
3.243883	0.201979	0.203630	-0.047291
3.240762	0.202719	0.219799	-0.489305
3.237647	0.218713	0.207656	0.316753
3.234539	0.200105	0.213388	-0.380521
3.231437	0.234322	0.207272	0.774920
3.228341	0.209788	0.181842	0.800609
3.225251	0.188120	0.200617	-0.358025
3.222168	0.189950	0.199206	-0.265173
3.219091	0.179662	0.178641	0.029264
3.216020	0.207836	0.185295	0.645747
3.212956	0.219135	0.200722	0.527475
3.209897	0.192317	0.206792	-0.414675
3.206845	0.218417	0.203559	0.425640
3.203799	0.209375	0.202194	0.205712
3.200759	0.204943	0.194064	0.311639
3.197725	0.224740	0.191620	0.948828
3.194697	0.194280	0.194702	-0.012080
3.191676	0.213665	0.186781	0.770193
3.188660	0.219471	0.206170	0.381066
3.185651	0.206199	0.220020	-0.395962
3.182647	0.204197	0.212439	-0.236111
3.179650	0.233596	0.209962	0.677063
3.176658	0.212032	0.195691	0.468149
3.173673	0.226740	0.194574	0.921490
3.170693	0.217947	0.238440	-0.587090
3.167720	0.231083	0.206096	0.715822
3.164752	0.208421	0.209637	-0.034832
3.161790	0.242718	0.204795	1.086413
3.158834	0.207121	0.204815	0.066073
3.155884	0.195017	0.205659	-0.304876
3.152940	0.208411	0.208075	0.009611
3.150001	0.223052	0.212722	0.295910
3.147069	0.226814	0.196364	0.872354
3.144142	0.221663	0.221136	0.015089
3.141221	0.233919	0.208395	0.731207
3.138306	0.200368	0.209238	-0.254102
3.135396	0.226213	0.221666	0.130267
3.132493	0.201012	0.235195	-0.979252
3.129595	0.223902	0.214476	0.270016
3.126702	0.223103	0.216479	0.189772
3.123816	0.247944	0.237287	0.305308
3.120935	0.228311	0.195826	0.930627
3.118059	0.231866	0.225792	0.174003
3.115190	0.228898	0.220415	0.243016
3.112326	0.229919	0.198282	0.906316
3.109467	0.229291	0.168737	1.734729
3.106614	0.198166	0.209324	-0.319664
3.103767	0.210610	0.211435	-0.023647
3.100925	0.209805	0.211790	-0.056865
3.098089	0.229370	0.232927	-0.101917
3.095258	0.218945	0.248744	-0.853675
3.092433	0.243034	0.217789	0.723219
3.089613	0.230306	0.218666	0.333462
3.086799	0.232956	0.196446	1.045945
3.083990	0.225862	0.208179	0.506587
3.081187	0.199209	0.242233	-1.232525
3.078389	0.214814	0.199022	0.452422
3.075596	0.196970	0.200665	-0.105829
3.072809	0.220136	0.202236	0.512796
3.070027	0.203759	0.215415	-0.333914
3.067251	0.204438	0.180782	0.677695
3.064480	0.196819	0.208257	-0.327660
3.061714	0.202388	0.196508	0.168449
3.058954	0.199600	0.188092	0.329665
3.056199	0.196238	0.211005	-0.423064
3.053449	0.227298	0.196169	0.891783
3.050704	0.202195	0.187246	0.428260
3.047965	0.192007	0.203864	-0.339689
3.045231	0.215840	0.224369	-0.244316
3.042502	0.214211	0.230920	-0.478670
3.039779	0.216527	0.218941	-0.069145
3.037060	0.222400	0.222645	-0.007012
3.034347	0.237587	0.200471	1.063277
3.031639	0.212527	0.227221	-0.420967
3.028936	0.233715	0.217305	0.470092
3.026238	0.217546	0.203506	0.402217
3.023545	0.228527	0.212121	0.470008
3.020858	0.221628	0.202362	0.551916
3.018175	0.241901	0.214013	0.798938
3.015498	0.238555	0.245280	-0.192645
3.012826	0.250815	0.193976	1.628326
3.010158	0.250302	0.233962	0.468103
3.007496	0.241154	0.202797	1.098845
3.004839	0.238553	0.226509	0.345037
3.002187	0.238129	0.217754	0.583686
2.999540	0.216554	0.231314	-0.422841
2.996897	0.233189	0.223947	0.264766
2.994260	0.217103	0.235430	-0.525009
2.991628	0.256779	0.197960	1.685056
2.989000	0.241491	0.238693	0.080134
2.986378	0.258864	0.255481	0.096920
2.983760	0.271126	0.259319	0.338245
2.981148	0.240672	0.210326	0.869352
2.978540	0.272838	0.258398	0.413667
2.975937	0.263595	0.268157	-0.130705
2.973339	0.257356	0.246258	0.317914
2.970746	0.256929	0.249914	0.200974
2.968158	0.245094	0.272885	-0.796167
2.965574	0.250675	0.259284	-0.246642
2.962995	0.237077	0.240302	-0.092408
2.960421	0.244524	0.288086	-1.247951
2.957852	0.242701	0.236861	0.167289
2.955288	0.266459	0.219143	1.355499
2.952728	0.233558	0.212278	0.609623
2.950173	0.214338	0.217017	-0.076758
2.947623	0.222404	0.217996	0.126280
2.945078	0.245041	0.243622	0.040640
2.942537	0.268210	0.203348	1.858168
2.940001	0.213642	0.227144	-0.386805
2.937469	0.230462	0.192081	1.099536
2.934943	0.226291	0.200427	0.740961
2.932421	0.227463	0.224072	0.097152
2.929903	0.214547	0.208591	0.170633
2.927390	0.230868	0.229010	0.053210
2.924882	0.247530	0.223879	0.677551
2.922378	0.213291	0.218695	-0.154837
2.919879	0.202596	0.243031	-1.158369
2.917385	0.244153	0.220493	0.677817
2.914895	0.218804	0.217201	0.045943
2.912410	0.212931	0.207318	0.160799
2.909929	0.231980	0.210671	0.610465
2.907453	0.223842	0.243591	-0.565771
2.904981	0.228964	0.199837	0.834451
2.902513	0.225443	0.223378	0.059150
2.900051	0.236859	0.188662	1.380741
2.897592	0.218369	0.215237	0.089705
2.895138	0.223223	0.186481	1.052587
2.892689	0.191925	0.204514	-0.360663
2.890244	0.197845	0.203043	-0.148936
2.887803	0.182630	0.182896	-0.007614
2.885367	0.179640	0.166514	0.376039
2.882936	0.171610	0.164307	0.209211
2.880508	0.150449	0.163349	-0.369559
2.878085	0.167374	0.167597	-0.006404
2.875667	0.150497	0.141323	0.262832
2.873252	0.154852	0.157009	-0.061795
2.870842	0.164946	0.150130	0.424445
2.868437	0.154035	0.143740	0.294945
2.866036	0.144556	0.138456	0.174754
2.863639	0.146110	0.148027	-0.054907
2.861246	0.142384	0.148699	-0.180932
2.858858	0.146912	0.137060	0.282237
2.856474	0.140758	0.131561	0.263463
2.854094	0.137662	0.123820	0.396554
2.851718	0.128580	0.130539	-0.056113
2.849347	0.128287	0.120152	0.233054
2.846980	0.116265	0.113307	0.084747
2.844617	0.124825	0.121551	0.093782
2.842258	0.123781	0.117091	0.191652
2.839904	0.116824	0.103512	0.381364
2.837553	0.117146	0.112572	0.131011
2.835207	0.118352	0.107371	0.314574
2.832865	0.115303	0.114079	0.035086
2.830528	0.116007	0.110219	0.165823
2.828194	0.112563	0.110096	0.070661
2.825864	0.112028	0.112469	-0.012638
2.823539	0.099240	0.115853	-0.475925
2.821218	0.108776	0.113471	-0.134487
2.818901	0.107608	0.109876	-0.064964
2.816587	0.099362	0.106550	-0.205916
2.814278	0.109170	0.106768	0.068793
2.811973	0.112438	0.109332	0.088974
2.809673	0.108282	0.106758	0.043662
2.807376	0.104016	0.099486	0.129754
2.805083	0.102245	0.104973	-0.078176
2.802794	0.106493	0.104245	0.064398
2.800509	0.103731	0.102440	0.037002
2.798228	0.103179	0.102118	0.030390
2.795952	0.101024	0.101169	-0.004170
2.793679	0.100753	0.106025	-0.151011
2.791410	0.097664	0.096978	0.019650
2.789145	0.095132	0.098127	-0.085806
2.786884	0.101644	0.092645	0.257794
2.784627	0.101148	0.097341	0.109059
2.782374	0.096062	0.100242	-0.119764
2.780125	0.095371	0.095575	-0.005837
2.777880	0.092040	0.090476	0.044795
2.775638	0.093100	0.096239	-0.089927
2.773401	0.089713	0.086092	0.103725
2.771167	0.088562	0.089046	-0.013863
2.768938	0.087523	0.085652	0.053576
2.766712	0.082191	0.082839	-0.018547
2.764490	0.081801	0.082375	-0.016451
2.762272	0.081944	0.080076	0.053505
2.760058	0.082170	0.081662	0.014563
2.757847	0.079033	0.079786	-0.021563
2.755640	0.078090	0.081893	-0.108966
2.753437	0.079816	0.082240	-0.069431
2.751238	0.079598	0.077625	0.056520
2.749043	0.078377	0.077399	0.028032
2.746852	0.079007	0.079869	-0.024713
2.744664	0.075904	0.079304	-0.097381
2.742480	0.079390	0.080048	-0.018845
2.740300	0.079400	0.080730	-0.038114
2.738123	0.077994	0.079981	-0.056921
2.735950	0.079460	0.076201	0.093358
2.733781	0.081760	0.077921	0.109965
2.731616	0.078254	0.077713	0.015505
2.729454	0.077009	0.081051	-0.115796
2.727296	0.081084	0.079925	0.033204
2.725142	0.076607	0.077948	-0.038440
2.722991	0.076940	0.074399	0.072786
2.720844	0.076506	0.078204	-0.048643
2.718701	0.079365	0.079531	-0.004775
2.716561	0.080898	0.078895	0.057407
2.714425	0.076910	0.077785	-0.025064
2.712293	0.074655	0.078864	-0.120575
2.710164	0.074953	0.080169	-0.149424
2.708039	0.079508	0.077328	0.062452
2.705917	0.079647	0.079220	0.012236
2.703799	0.076350	0.078148	-0.051485
2.701685	0.076309	0.078004	-0.048557
2.699574	0.076417	0.078184	-0.050617
2.697466	0.077717	0.076395	0.037849
2.695363	0.077413	0.078234	-0.023519
2.693262	0.076210	0.076778	-0.016273
2.691166	0.076257	0.074725	0.043893
2.689072	0.075172	0.077254	-0.059665
2.686983	0.075268	0.077906	-0.075577
2.684897	0.075222	0.075962	-0.021198
2.682814	0.075702	0.075597	0.002998
2.680735	0.073369	0.076472	-0.088893
2.678659	0.073989	0.077715	-0.106752
2.676587	0.077079	0.076468	0.017503
2.674518	0.078224	0.078139	0.002443
2.672453	0.074699	0.076246	-0.044319
2.670391	0.074441	0.074299	0.004060
2.668333	0.074788	0.074567	0.006330
2.666278	0.074427	0.075947	-0.043546
2.664226	0.075781	0.076428	-0.018526
2.662178	0.073729	0.075491	-0.050492
2.660133	0.072685	0.075838	-0.090314
2.658092	0.074709	0.076542	-0.052521
2.656054	0.077382	0.077812	-0.012311
2.654019	0.074761	0.074508	0.007241
2.651988	0.074959	0.076713	-0.050264
2.649960	0.075098	0.075007	0.002607
2.647936	0.074987	0.076875	-0.054085
2.645915	0.073663	0.073279	0.011010
2.643897	0.072701	0.073056	-0.010148
2.641882	0.074022	0.076650	-0.075285
2.639871	0.074884	0.074535	0.009997
2.637863	0.072920	0.079171	-0.179072
2.635859	0.074804	0.075296	-0.014078
2.633857	0.074665	0.072718	0.055787
2.631859	0.072861	0.073832	-0.027812
2.629865	0.072589	0.074307	-0.049194
2.627873	0.074344	0.072390	0.055979
2.625885	0.073950	0.072751	0.034347
2.623900	0.072634	0.073663	-0.029474
2.621919	0.073404	0.073672	-0.007674
2.619940	0.071085	0.072621	-0.044026
2.617965	0.070414	0.071517	-0.031585
2.615993	0.070710	0.072613	-0.054522
2.614025	0.072104	0.070328	0.050886
2.612059	0.072124	0.070732	0.039855
2.610097	0.070653	0.072544	-0.054169
2.608138	0.070610	0.070294	0.009048
2.606182	0.069494	0.070410	-0.026259
2.604229	0.070066	0.070558	-0.014106
2.602280	0.068088	0.069784	-0.048593
2.600333	0.068214	0.069426	-0.034740
2.598390	0.068596	0.069328	-0.020955
2.596450	0.070000	0.069086	0.026180
2.594513	0.067960	0.068703	-0.021292
2.592579	0.066981	0.068575	-0.045682
2.590648	0.067257	0.069032	-0.050866
2.588721	0.066979	0.069008	-0.058148
2.586796	0.068805	0.069600	-0.022783
2.584875	0.067634	0.067340	0.008422
2.582957	0.067440	0.068768	-0.038040
2.581042	0.067603	0.067949	-0.009913
2.579130	0.067376	0.068260	-0.025323
2.577221	0.065956	0.067964	-0.057523
2.575315	0.065624	0.068713	-0.088522
2.573412	0.066656	0.067308	-0.018653
2.571512	0.067499	0.068161	-0.018978
2.569615	0.067882	0.067523	0.010279
2.567722	0.068060	0.069117	-0.030264
2.565831	0.067251	0.067798	-0.015681
2.563943	0.066676	0.068186	-0.043265
2.562058	0.066875	0.068102	-0.035148
2.560177	0.065931	0.069188	-0.093297
2.558298	0.067478	0.068454	-0.027957
2.556423	0.066774	0.067452	-0.019407
2.554550	0.066761	0.068772	-0.057606
2.552680	0.067122	0.068167	-0.029932
2.550813	0.066557	0.067816	-0.036044
2.548950	0.065968	0.069326	-0.096215
2.547089	0.066763	0.069702	-0.084194
2.545231	0.066014	0.068501	-0.071249
2.543376	0.066833	0.067704	-0.024941
2.541524	0.066807	0.068299	-0.042745
2.539675	0.066778	0.067986	-0.034587
2.537829	0.065658	0.068494	-0.081242
2.535986	0.067004	0.067353	-0.009980
2.534146	0.066960	0.068172	-0.034714
2.532308	0.067884	0.069266	-0.039608
2.530474	0.067707	0.069967	-0.064745
2.528642	0.067313	0.066580	0.020978
2.526814	0.066240	0.068772	-0.072547
2.524988	0.065345	0.069225	-0.111157
2.523165	0.066054	0.068173	-0.060707
2.521345	0.066107	0.069285	-0.091049
2.519528	0.065612	0.067723	-0.060487
2.517714	0.067194	0.067092	0.002931
2.515902	0.066257	0.066888	-0.018063
2.514093	0.066735	0.068162	-0.040898
2.512288	0.065568	0.068964	-0.097301
2.510485	0.067745	0.068509	-0.021896
2.508684	0.069962	0.068724	0.035463
2.506887	0.067073	0.068061	-0.028295
2.505092	0.067686	0.070124	-0.069829
2.503301	0.066566	0.070769	-0.120430
2.501512	0.067862	0.068887	-0.029382
2.499726	0.069966	0.069401	0.016187
2.497942	0.067892	0.070783	-0.082831
2.496162	0.070123	0.070913	-0.022630
2.494384	0.069550	0.071699	-0.061579
2.492609	0.069951	0.071476	-0.043701
2.490836	0.070238	0.074309	-0.116627
2.489067	0.069016	0.071125	-0.060437
2.487300	0.068741	0.073330	-0.131439
2.485536	0.070733	0.071961	-0.035184
2.483774	0.069892	0.074136	-0.121564
2.482016	0.073754	0.073038	0.020521
2.480260	0.073414	0.074303	-0.025494
2.478507	0.076568	0.073135	0.098345
2.476756	0.073642	0.073914	-0.007792
2.475008	0.073793	0.072638	0.033088
2.473263	0.074404	0.072328	0.059460
2.471521	0.072517	0.072190	0.009370
2.469781	0.073745	0.073217	0.015130
2.468044	0.072227	0.075550	-0.095181
2.466309	0.072760	0.074855	-0.060012
2.464578	0.072966	0.073165	-0.005710
2.462848	0.073424	0.074107	-0.019557
2.461122	0.073082	0.073399	-0.009070
2.459398	0.073538	0.072756	0.022395
2.457677	0.072877	0.074032	-0.033078
2.455958	0.073153	0.075302	-0.061575
2.454243	0.072876	0.075600	-0.078025
2.452529	0.073380	0.073152	0.006519
2.450819	0.072176	0.073080	-0.025914
2.449111	0.074803	0.072685	0.060676
2.447405	0.073152	0.075386	-0.064002
2.445702	0.074873	0.073168	0.048839
2.444002	0.074354	0.073163	0.034131
2.442304	0.072702	0.073633	-0.026685
2.440609	0.072974	0.073394	-0.012023
2.438917	0.074090	0.075316	-0.035132
2.437227	0.073777	0.076190	-0.069110
2.435539	0.072935	0.076805	-0.110874
2.433854	0.073491	0.074682	-0.034117
2.432172	0.072034	0.076590	-0.130532
2.430492	0.075012	0.075814	-0.022984
2.428815	0.073351	0.074687	-0.038278
2.427140	0.074266	0.071603	0.076284
2.425468	0.071444	0.076123	-0.134050
2.423799	0.075493	0.075935	-0.012648
2.422131	0.072694	0.074502	-0.051781
2.420467	0.076818	0.077675	-0.024542
2.418805	0.076332	0.077461	-0.032340
2.417145	0.075486	0.075361	0.003558
2.415488	0.074291	0.076285	-0.057132
2.413833	0.074702	0.074245	0.013095
2.412181	0.075055	0.075932	-0.025137
2.410532	0.075544	0.075957	-0.011852
2.408884	0.075586	0.075242	0.009857
2.407240	0.074857	0.075595	-0.021129
2.405598	0.076416	0.075541	0.025073
2.403958	0.076906	0.075801	0.031659
2.402320	0.074503	0.074911	-0.011689
2.400685	0.077805	0.076820	0.028203
2.399053	0.074902	0.076833	-0.055337
2.397423	0.075315	0.078842	-0.101025
2.395795	0.075549	0.076279	-0.020903
2.394170	0.074600	0.074698	-0.002787
2.392547	0.075353	0.076332	-0.028048
2.390927	0.075946	0.078980	-0.086919
2.389309	0.077774	0.079160	-0.039709
2.387694	0.077882	0.077557	0.009312
2.386081	0.079068	0.076313	0.078923
2.384470	0.075945	0.075797	0.004227
2.382861	0.074379	0.076636	-0.064652
2.381255	0.077361	0.077921	-0.016054
2.379652	0.078601	0.078201	0.011457
2.378051	0.076411	0.078635	-0.063722
2.376452	0.074919	0.079830	-0.140690
2.374855	0.076977	0.077069	-0.002642
2.373261	0.080952	0.076627	0.123897
2.371669	0.079634	0.075602	0.115510
2.370080	0.079467	0.078888	0.016575
2.368493	0.078001	0.077310	0.019806
2.366908	0.076296	0.078821	-0.072321
2.365326	0.078550	0.076212	0.066975
2.363745	0.081077	0.080825	0.007210
2.362168	0.079855	0.078681	0.033612
2.360592	0.075783	0.079707	-0.112407
2.359019	0.078559	0.080281	-0.049327
2.357448	0.079793	0.075902	0.111455
2.355880	0.079677	0.078615	0.030435
2.354313	0.077096	0.080214	-0.089319
2.352749	0.081124	0.081807	-0.019560
2.351188	0.079382	0.077348	0.058287
2.349628	0.081318	0.077460	0.110507
2.348071	0.081035	0.081694	-0.018888
2.346516	0.080439	0.082765	-0.066631
2.344964	0.079750	0.080364	-0.017582
2.343413	0.080803	0.083538	-0.078351
2.341865	0.081195	0.086258	-0.145036
2.340319	0.080778	0.077733	0.087229
2.338776	0.079155	0.080220	-0.030511
2.337235	0.082996	0.080938	0.058964
2.335695	0.079160	0.081873	-0.077706
2.334159	0.079774	0.083467	-0.105795
2.332624	0.082877	0.082044	0.023853
2.331091	0.079307	0.084990	-0.162826
2.329561	0.079763	0.079758	0.000130
2.328033	0.081624	0.081719	-0.002736
2.326508	0.081157	0.080622	0.015353
2.324984	0.082718	0.080445	0.065134
2.323463	0.076924	0.077619	-0.019918
2.321943	0.080129	0.082737	-0.074713
2.320426	0.078785	0.081060	-0.065170
2.318912	0.076238	0.079521	-0.094042
2.317399	0.082806	0.080726	0.059589
2.315888	0.078717	0.081197	-0.071054
2.314380	0.076074	0.079482	-0.097616
2.312874	0.077847	0.079481	-0.046822
2.311370	0.079493	0.078278	0.034822
2.309868	0.077508	0.079385	-0.053764
2.308369	0.082839	0.079237	0.103198
2.306871	0.080962	0.075997	0.142230
2.305376	0.080307	0.078100	0.063232
2.303883	0.078639	0.078989	-0.010043
2.302392	0.082026	0.082332	-0.008765
2.300903	0.082616	0.083214	-0.017114
2.299416	0.080902	0.080396	0.014491
2.297931	0.081936	0.082532	-0.017057
2.296449	0.084898	0.084120	0.022303
2.294968	0.087460	0.082008	0.156188
2.293490	0.086792	0.080174	0.189576
2.292013	0.087925	0.083052	0.139602
2.290539	0.090258	0.086494	0.107837
2.289067	0.086186	0.088429	-0.064283
2.287597	0.085299	0.089927	-0.132583
2.286129	0.084134	0.092603	-0.242617
2.284664	0.088209	0.087691	0.014846
2.283200	0.089312	0.084412	0.140376
2.281738	0.088321	0.092582	-0.122077
2.280279	0.083450	0.091517	-0.231115
2.278821	0.085306	0.089365	-0.116287
2.277366	0.089562	0.095186	-0.161115
2.275912	0.090334	0.090297	0.001066
2.274461	0.092116	0.092696	-0.016639
2.273012	0.088887	0.093004	-0.117939
2.271564	0.088430	0.091286	-0.081838
2.270119	0.085622	0.084912	0.020357
2.268676	0.089901	0.091941	-0.058462
2.267235	0.091676	0.086496	0.148408
2.265796	0.085793	0.090808	-0.143676
2.264359	0.086745	0.090778	-0.115549
2.262923	0.088043	0.087681	0.010369
2.261490	0.089637	0.091154	-0.043459
2.260059	0.092116	0.092011	0.002998
2.258630	0.089388	0.093149	-0.107764
2.257203	0.090526	0.087275	0.093140
2.255778	0.085878	0.087229	-0.038690
2.254355	0.089219	0.088012	0.034557
2.252934	0.083453	0.086556	-0.088893
2.251515	0.087602	0.088071	-0.013427
2.250098	0.088393	0.087620	0.022127
2.248683	0.081421	0.086351	-0.141236
2.247269	0.081519	0.085965	-0.127370
2.245858	0.084277	0.087539	-0.093455
2.244449	0.083691	0.087358	-0.105062
2.243042	0.083337	0.083940	-0.017293
2.241636	0.082888	0.086598	-0.106260
2.240233	0.085986	0.082104	0.111191
2.238832	0.082768	0.085083	-0.066329
2.237432	0.089295	0.090360	-0.030495
2.236035	0.089061	0.093045	-0.114113
2.234639	0.091070	0.089983	0.031126
2.233245	0.095438	0.088643	0.194662
2.231854	0.099012	0.092199	0.195159
2.230464	0.094922	0.091623	0.094512
2.229076	0.087828	0.091361	-0.101203
2.227690	0.089787	0.099157	-0.268428
2.226306	0.096475	0.094807	0.047770
2.224924	0.095681	0.091168	0.129302
2.223544	0.090517	0.089186	0.038143
2.222165	0.092385	0.093951	-0.044858
2.220789	0.093183	0.089778	0.097542
2.219414	0.098542	0.094307	0.121305
2.218042	0.089729	0.093687	-0.113376
2.216671	0.094402	0.089397	0.143379
2.215302	0.097735	0.089211	0.244174
2.213935	0.095227	0.096362	-0.032515
2.212570	0.089286	0.093603	-0.123678
2.211207	0.101785	0.093727	0.230863
2.209845	0.097116	0.095623	0.042785
2.208486	0.093709	0.092538	0.033530
2.207128	0.090420	0.092725	-0.066028
2.205772	0.097870	0.097340	0.015179
2.204418	0.097281	0.098388	-0.031728
2.203066	0.100238	0.098718	0.043544
2.201716	0.099783	0.092236	0.216206
2.200367	0.098445	0.095420	0.086642
2.199021	0.097132	0.095534	0.045790
2.197676	0.098848	0.094324	0.129609
2.196333	0.096374	0.093399	0.085254
2.194992	0.099232	0.091897	0.210143
2.193653	0.096187	0.094633	0.044502
2.192315	0.095243	0.094388	0.024506
2.190980	0.092364	0.092521	-0.004503
2.189646	0.099273	0.095170	0.117546
2.188314	0.096412	0.092600	0.109203
2.186984	0.100842	0.095109	0.164241
2.185655	0.096443	0.095308	0.032519
2.184328	0.094096	0.099639	-0.158796
2.183004	0.095980	0.092084	0.111622
2.181681	0.094291	0.103923	-0.275935
2.180359	0.096712	0.093359	0.096065
2.179040	0.093928	0.095402	-0.042220
2.177722	0.093965	0.099262	-0.151749
2.176406	0.098047	0.096763	0.036773
2.175092	0.094575	0.099855	-0.151279
2.173780	0.097037	0.093728	0.094798
2.172469	0.100751	0.095150	0.160478
2.171160	0.097968	0.092134	0.167142
2.169853	0.090084	0.097259	-0.205569
2.168548	0.094729	0.096653	-0.055134
2.167244	0.100851	0.096213	0.132873
2.165943	0.104203	0.094175	0.287282
2.164643	0.098971	0.097292	0.048086
2.163344	0.095292	0.099159	-0.110788
2.162048	0.097487	0.105034	-0.216191
2.160753	0.095678	0.099906	-0.121150
2.159460	0.091162	0.097146	-0.171425
2.158168	0.097339	0.100865	-0.101025
2.156879	0.092342	0.099618	-0.208457
2.155591	0.098261	0.102375	-0.117869
2.154304	0.097422	0.094296	0.089546
2.153020	0.105088	0.099460	0.161245
2.151737	0.095494	0.095853	-0.010281
2.150456	0.099934	0.098892	0.029864
2.149177	0.096787	0.091531	0.150585
2.147899	0.101995	0.101478	0.014806
2.146623	0.095505	0.097477	-0.056474
2.145349	0.099016	0.100615	-0.045801
2.144076	0.093829	0.093738	0.002599
2.142805	0.100301	0.096666	0.104131
2.141536	0.102930	0.095830	0.203423
2.140268	0.096559	0.092083	0.128248
2.139002	0.096849	0.097310	-0.013200
2.137738	0.098723	0.101935	-0.092038
2.136476	0.105465	0.096303	0.262466
2.135215	0.103134	0.090541	0.360756
2.133956	0.095217	0.093552	0.047716
2.132698	0.098405	0.089228	0.262913
2.131442	0.100290	0.096864	0.098145
2.130188	0.099902	0.099141	0.021814
2.128935	0.102529	0.099978	0.073086
2.127684	0.094640	0.100390	-0.164734
2.126435	0.098872	0.103988	-0.146566
2.125187	0.097219	0.094788	0.069634
2.123941	0.096814	0.094284	0.072483
2.122697	0.105762	0.100217	0.158855
2.121454	0.100446	0.097646	0.080218
2.120213	0.097252	0.101004	-0.107488
2.118974	0.097771	0.100776	-0.086077
2.117736	0.100029	0.099430	0.017187
2.116500	0.101889	0.103409	-0.043532
2.115265	0.104992	0.096809	0.234421
2.114032	0.094558	0.099304	-0.135962
2.112801	0.096374	0.097008	-0.018168
2.111571	0.098981	0.097879	0.031572
2.110343	0.102354	0.104384	-0.058167
2.109116	0.094644	0.094962	-0.009121
2.107891	0.104778	0.099939	0.138648
2.106668	0.097681	0.108267	-0.303282
2.105446	0.100115	0.099008	0.031703
2.104226	0.100260	0.094037	0.178280
2.103007	0.099558	0.100517	-0.027478
2.101790	0.096544	0.108681	-0.347723
2.100575	0.106312	0.100448	0.167995
2.099361	0.108067	0.102907	0.147814
2.098149	0.101458	0.098654	0.080321
2.096938	0.098765	0.101365	-0.074461
2.095729	0.096191	0.102276	-0.174308
2.094521	0.097145	0.095772	0.039326
2.093315	0.102799	0.103394	-0.017034
2.092111	0.096883	0.108219	-0.324751
2.090908	0.100647	0.105651	-0.143342
2.089707	0.099732	0.096955	0.079568
2.088507	0.106134	0.101164	0.142390
2.087309	0.107233	0.101615	0.160959
2.086112	0.102348	0.099815	0.072562
2.084917	0.101631	0.107228	-0.160330
2.083723	0.102814	0.098342	0.128126
2.082531	0.100145	0.101099	-0.027325
2.081341	0.103942	0.102719	0.035036
2.080152	0.100744	0.098653	0.059922
2.078964	0.104221	0.091431	0.366398
2.077778	0.099499	0.101830	-0.066773
2.076594	0.102950	0.090980	0.342907
2.075411	0.097019	0.104438	-0.212546
2.074230	0.102624	0.099704	0.083643
2.073050	0.100720	0.100535	0.005312
2.071871	0.101547	0.091519	0.287261
2.070694	0.100389	0.105372	-0.142743
2.069519	0.102645	0.103702	-0.030278
2.068345	0.104599	0.109369	-0.136657
2.067173	0.108194	0.103627	0.130835
2.066002	0.106574	0.099746	0.195604
2.064833	0.111827	0.106136	0.163038
2.063665	0.101321	0.107585	-0.179443
2.062498	0.106382	0.104383	0.057287
2.061333	0.105131	0.108026	-0.082915
2.060170	0.107044	0.108213	-0.033493
2.059008	0.107622	0.103723	0.111689
2.057848	0.103146	0.100491	0.076043
2.056689	0.108009	0.109091	-0.031002
2.055531	0.101772	0.102825	-0.030181
2.054375	0.102836	0.098358	0.128289
2.053221	0.107559	0.100331	0.207063
2.052067	0.106518	0.097631	0.254608
2.050916	0.107916	0.107417	0.014297
2.049766	0.101271	0.104384	-0.089182
2.048617	0.105713	0.113588	-0.225610
2.047470	0.109699	0.104675	0.143915
2.046324	0.113815	0.105514	0.237786
2.045179	0.110786	0.102633	0.233575
2.044036	0.119952	0.098450	0.615978
2.042895	0.108917	0.107072	0.052878
2.041755	0.105412	0.106370	-0.027433
2.040616	0.104967	0.108156	-0.091359
2.039479	0.110508	0.105384	0.146786
2.038343	0.101208	0.102913	-0.048841
2.037209	0.104004	0.113979	-0.285757
2.036076	0.112560	0.101871	0.306213
2.034945	0.105303	0.108239	-0.084109
2.033815	0.096693	0.111122	-0.413361
2.032686	0.109217	0.110362	-0.032789
2.031559	0.105345	0.102153	0.091441
2.030433	0.115827	0.101977	0.396774
2.029309	0.109499	0.107541	0.056104
2.028186	0.109546	0.105170	0.125339
2.027064	0.116614	0.103730	0.369114
2.025944	0.102186	0.109446	-0.207979
2.024825	0.107312	0.115027	-0.221018
2.023708	0.111013	0.109092	0.055011
2.022592	0.104277	0.107288	-0.086258
2.021477	0.109873	0.108924	0.027185
2.020364	0.107375	0.101542	0.167114
2.019252	0.108896	0.108551	0.009864
2.018142	0.116142	0.112867	0.093795
2.017033	0.114004	0.104775	0.264410
2.015925	0.111668	0.109518	0.061591
2.014819	0.115175	0.109826	0.153246
2.013714	0.110817	0.108971	0.052867
2.012610	0.108781	0.113658	-0.139701
2.011508	0.111740	0.104603	0.204455
2.010407	0.109635	0.110029	-0.011277
2.009308	0.117460	0.112047	0.155056
2.008210	0.115514	0.114192	0.037867
2.007113	0.114238	0.110673	0.102124
2.006018	0.106236	0.108839	-0.074561
2.004924	0.109568	0.108520	0.030028
2.003831	0.113827	0.111108	0.077893
2.002740	0.111873	0.118950	-0.202751
2.001650	0.116816	0.115553	0.036189
2.000561	0.115071	0.110977	0.117282
1.999474	0.110149	0.101971	0.234277
1.998388	0.110417	0.104202	0.178051
1.997303	0.116681	0.114613	0.059252
1.996220	0.110821	0.103050	0.222621
1.995138	0.109918	0.118119	-0.234945
1.994058	0.115321	0.109018	0.180587
1.992978	0.107276	0.110923	-0.104497
1.991901	0.110663	0.104247	0.183830
1.990824	0.100330	0.110948	-0.304190
1.989749	0.108789	0.111807	-0.086474
1.988675	0.108446	0.108977	-0.015209
1.987602	0.111716	0.108202	0.100673
1.986531	0.110693	0.113410	-0.077831
1.985461	0.106012	0.112742	-0.192806
1.984392	0.111488	0.113446	-0.056072
1.983325	0.115178	0.108613	0.188073
1.982259	0.119135	0.102162	0.486252
1.981194	0.107194	0.101844	0.153271
1.980130	0.109017	0.111369	-0.067373
1.979068	0.111260	0.108253	0.086142
1.978007	0.103135	0.109608	-0.185434
1.976948	0.110831	0.103819	0.200897
1.975889	0.111188	0.110208	0.028056
1.974832	0.100074	0.107755	-0.220025
1.973777	0.117522	0.112062	0.156406
1.972722	0.112879	0.116841	-0.113500
1.971669	0.115677	0.117145	-0.042044
1.970617	0.113288	0.106529	0.193617
1.969566	0.105692	0.109088	-0.097308
1.968517	0.109264	0.104554	0.134942
1.967469	0.112992	0.105967	0.201259
1.966422	0.104703	0.104202	0.014347
1.965377	0.106393	0.109486	-0.088619
1.964333	0.103436	0.105326	-0.054149
1.963290	0.110283	0.110519	-0.006753
1.962248	0.119810	0.116237	0.102360
1.961207	0.112047	0.107301	0.135979
1.960168	0.111246	0.110585	0.018929
1.959130	0.115111	0.108756	0.182064
1.958094	0.106786	0.104383	0.068834
1.957058	0.116069	0.103992	0.345977
1.956024	0.105757	0.103111	0.075798
1.954991	0.113904	0.107518	0.182961
1.953959	0.110109	0.107079	0.086792
1.952929	0.110194	0.116488	-0.180296
1.951900	0.110257	0.107777	0.071045
1.950872	0.116690	0.114079	0.074795
1.949845	0.113828	0.106402	0.212739
1.948819	0.110016	0.113501	-0.099839
1.947795	0.114263	0.107704	0.187892
1.946772	0.114389	0.115857	-0.042057
1.945750	0.115646	0.119107	-0.099149
1.944729	0.113063	0.106352	0.192232
1.943710	0.112175	0.110265	0.054716
1.942692	0.116963	0.109391	0.216930
1.941675	0.112906	0.110134	0.079422
1.940659	0.119952	0.108750	0.320923
1.939645	0.114331	0.106476	0.225018
1.938631	0.111529	0.116880	-0.153290
1.937619	0.119153	0.114864	0.122875
1.936608	0.123891	0.110571	0.381577
1.935599	0.113130	0.112436	0.019888
1.934590	0.115936	0.116065	-0.003701
1.933583	0.121495	0.113564	0.227198
1.932577	0.106128	0.115278	-0.262134
1.931572	0.120941	0.119674	0.036289
1.930568	0.120223	0.112996	0.207025
1.929566	0.128753	0.120639	0.232429
1.928565	0.123913	0.119411	0.128971
1.927565	0.124813	0.111624	0.377830
1.926566	0.118973	0.109838	0.261714
1.925568	0.116500	0.118070	-0.044981
1.924571	0.119718	0.114969	0.136041
1.923576	0.119364	0.121279	-0.054854
1.922582	0.117668	0.125157	-0.214545
1.921589	0.117928	0.122631	-0.134731
1.920597	0.125464	0.115218	0.293525
1.919606	0.117845	0.115311	0.072598
1.918617	0.117422	0.118247	-0.023635
1.917629	0.115008	0.119848	-0.138655
1.916641	0.125035	0.116183	0.253596
1.915655	0.125259	0.121725	0.101232
1.914671	0.129997	0.103958	0.745983
1.913687	0.118130	0.112738	0.154483
1.912704	0.127841	0.109335	0.530171
1.911723	0.122753	0.118579	0.119583
1.910743	0.120406	0.113795	0.189384
1.909764	0.121447	0.118920	0.072385
1.908786	0.115948	0.128711	-0.365654
1.907809	0.124077	0.114599	0.271533
1.906834	0.120991	0.118550	0.069926
1.905859	0.123815	0.120597	0.092187
1.904886	0.127985	0.117241	0.307784
1.903914	0.108994	0.127522	-0.530765
1.902943	0.121395	0.120067	0.038033
1.901973	0.125022	0.131618	-0.188967
1.901004	0.123987	0.122990	0.028582
1.900036	0.124448	0.113993	0.299511
1.899070	0.128960	0.132799	-0.109960
1.898105	0.116979	0.128555	-0.331637
1.897140	0.125928	0.123388	0.072780
1.896177	0.130338	0.127398	0.084228
1.895215	0.127064	0.123474	0.102869
1.894254	0.117368	0.127202	-0.281709
1.893295	0.122713	0.132256	-0.273381
1.892336	0.118048	0.125346	-0.209093
1.891378	0.130025	0.113339	0.478020
1.890422	0.129249	0.134868	-0.160963
1.889467	0.126635	0.114642	0.343589
1.888513	0.125007	0.117398	0.217975
1.887560	0.114633	0.122012	-0.211387
1.886608	0.121801	0.118156	0.104427
1.885657	0.126390	0.128696	-0.066059
1.884707	0.124382	0.126981	-0.074457
1.883758	0.131768	0.126709	0.144944
1.882811	0.128109	0.132035	-0.112476
1.881864	0.126654	0.125605	0.030039
1.880919	0.133860	0.125920	0.227442
1.879975	0.135195	0.130457	0.135728
1.879032	0.133818	0.128989	0.138336
1.878090	0.130718	0.126300	0.126562
1.877149	0.132957	0.128625	0.124099
1.876209	0.133127	0.126689	0.184453
1.875270	0.143486	0.140124	0.096312
1.874332	0.129783	0.135412	-0.161261
1.873396	0.128277	0.135101	-0.195499
1.872460	0.120548	0.125979	-0.155604
1.871525	0.132344	0.137571	-0.149740
1.870592	0.146078	0.124044	0.631219
1.869660	0.142274	0.135089	0.205842
1.868728	0.132985	0.128117	0.139474
1.867798	0.137272	0.130581	0.191672
1.866869	0.138800	0.131772	0.201333
1.865941	0.147926	0.131255	0.477585
1.865014	0.131237	0.124248	0.200212
1.864088	0.132720	0.135570	-0.081640
1.863163	0.140209	0.127231	0.371797
1.862239	0.124713	0.132724	-0.229510
1.861317	0.143567	0.125980	0.503818
1.860395	0.138858	0.136558	0.065882
1.859474	0.142465	0.128816	0.391016
1.858555	0.145145	0.141352	0.108645
1.857636	0.151647	0.123436	0.808199
1.856719	0.146559	0.134516	0.345010
1.855802	0.140004	0.140147	-0.004085
1.854887	0.140303	0.128269	0.344754
1.853973	0.127411	0.143164	-0.451293
1.853059	0.145767	0.132252	0.387170
1.852147	0.137139	0.136710	0.012302
1.851236	0.149199	0.143096	0.174841
1.850326	0.145378	0.138965	0.183718
1.849416	0.147769	0.131251	0.473203
1.848508	0.149874	0.142687	0.205895
1.847601	0.144293	0.140348	0.113027
1.846695	0.136095	0.142142	-0.173237
1.845790	0.142338	0.141009	0.038063
1.844886	0.144209	0.147462	-0.093172
1.843983	0.147314	0.130231	0.489382
1.843081	0.146559	0.133964	0.360812
1.842180	0.150184	0.141921	0.236720
1.841280	0.143651	0.137298	0.181996
1.840381	0.146647	0.135519	0.318793
1.839484	0.137456	0.141556	-0.117449
1.838587	0.139942	0.133733	0.177861
1.837691	0.153658	0.147158	0.186213
1.836796	0.153236	0.143193	0.287726
1.835902	0.137804	0.130951	0.196332
1.835009	0.144432	0.148881	-0.127458
1.834118	0.155005	0.139259	0.451096
1.833227	0.142450	0.137275	0.148262
1.832337	0.141127	0.137915	0.092020
1.831448	0.158629	0.136081	0.645960
1.830560	0.151098	0.135273	0.453362
1.829674	0.154015	0.157256	-0.092852
1.828788	0.150471	0.150802	-0.009488
1.827903	0.150759	0.151041	-0.008082
1.827019	0.147783	0.135750	0.344727
1.826136	0.161198	0.145275	0.456160
1.825255	0.138226	0.146802	-0.245682
1.824374	0.153649	0.154919	-0.036370
1.823494	0.167286	0.148716	0.531979
1.822615	0.156186	0.151652	0.129910
1.821737	0.151988	0.147918	0.116594
1.820860	0.145901	0.143203	0.077279
1.819984	0.159688	0.148572	0.318436
1.819109	0.154056	0.146264	0.223202
1.818235	0.161556	0.145696	0.454332
1.817362	0.155916	0.143576	0.353496
1.816490	0.150969	0.156149	-0.148390
1.815619	0.152489	0.153231	-0.021242
1.814749	0.179931	0.151989	0.800488
1.813880	0.160398	0.157339	0.087632
1.813012	0.163661	0.149772	0.397891
1.812145	0.162696	0.150443	0.351037
1.811279	0.161262	0.157453	0.109097
1.810413	0.142986	0.151704	-0.249755
1.809549	0.159769	0.156254	0.100704
1.808686	0.175786	0.157179	0.533062
1.807824	0.155780	0.168815	-0.373425
1.806962	0.169641	0.152621	0.487583
1.806102	0.154187	0.152293	0.054277
1.805242	0.167671	0.147227	0.585685
1.804384	0.155164	0.159582	-0.126555
1.803526	0.171794	0.150558	0.608371
1.802670	0.151220	0.154130	-0.083345
1.801814	0.160302	0.167848	-0.216176
1.800959	0.164108	0.161452	0.076074
1.800105	0.149049	0.160529	-0.328869
1.799252	0.171177	0.152823	0.525776
1.798401	0.169312	0.168275	0.029727
1.797550	0.172520	0.170520	0.057298
1.796700	0.165742	0.170177	-0.127057
1.795851	0.179681	0.180996	-0.037678
1.795002	0.171576	0.184220	-0.362208
1.794155	0.166797	0.159587	0.206571
1.793309	0.170306	0.160237	0.288460
1.792464	0.162308	0.174239	-0.341786
1.791619	0.169856	0.175697	-0.167345
1.790776	0.166657	0.177168	-0.301098
1.789933	0.170034	0.174432	-0.125994
1.789092	0.178004	0.163702	0.409731
1.788251	0.178382	0.168563	0.281284
1.787411	0.184971	0.173699	0.322910
1.786572	0.204999	0.161222	1.254124
1.785734	0.197826	0.169249	0.818684
1.784897	0.171023	0.176640	-0.160899
1.784061	0.188017	0.181361	0.190657
1.783226	0.168363	0.176806	-0.241886
1.782392	0.189834	0.167839	0.630095
1.781558	0.181594	0.153906	0.793199
1.780726	0.167721	0.161855	0.168045
1.779894	0.174186	0.183183	-0.257745
1.779064	0.182234	0.160498	0.622689
1.778234	0.180037	0.176540	0.100196
1.777405	0.193030	0.193349	-0.009132
1.776577	0.192166	0.162397	0.852847
1.775750	0.183756	0.172725	0.316017
1.774924	0.191881	0.190717	0.033337
1.774099	0.192003	0.186889	0.146505
1.773275	0.178297	0.174104	0.120131
1.772451	0.197789	0.181400	0.469492
1.771629	0.196565	0.167165	0.842246
1.770807	0.176600	0.176286	0.008993
1.769986	0.195043	0.188145	0.197612
1.769167	0.202425	0.165696	1.052214
1.768348	0.202764	0.183115	0.562899
1.767530	0.199102	0.207886	-0.251649
1.766712	0.191300	0.169411	0.627069
1.765896	0.182303	0.179725	0.073864
1.765081	0.184018	0.171473	0.359376
1.764266	0.196868	0.176240	0.590934
1.763453	0.201694	0.196387	0.152058
1.762640	0.197492	0.187455	0.287539
1.761828	0.212124	0.190735	0.612736
1.761017	0.193514	0.171581	0.628338
1.760207	0.198871	0.183360	0.444361
1.759398	0.198144	0.177464	0.592442
1.758589	0.196230	0.183703	0.358868
1.757782	0.202427	0.188152	0.408948
1.756975	0.187659	0.201530	-0.397380
1.756169	0.209495	0.226397	-0.484210
1.755365	0.206543	0.199182	0.210890
1.754560	0.199262	0.195155	0.117646
1.753757	0.211535	0.170449	1.177042
1.752955	0.192887	0.184653	0.235890
1.752154	0.183256	0.184602	-0.038559
1.751353	0.190644	0.191330	-0.019662
1.750553	0.207508	0.186966	0.588483
1.749755	0.207447	0.190911	0.473732
1.748957	0.204698	0.178428	0.752580
1.748159	0.196078	0.195027	0.030124
1.747363	0.208284	0.211371	-0.088415
1.746568	0.195368	0.184419	0.313648
1.745773	0.219562	0.218062	0.042968
1.744979	0.221020	0.205896	0.433263
1.744187	0.201054	0.197046	0.114817
1.743395	0.194323	0.198023	-0.106006
1.742603	0.198590	0.193963	0.132550
1.741813	0.222586	0.203520	0.546192
1.741024	0.221874	0.209642	0.350430
1.740235	0.211518	0.190055	0.614868
1.739447	0.233095	0.194758	1.098273
1.738660	0.219872	0.198394	0.615276
1.737874	0.211897	0.218772	-0.196947
1.737089	0.210317	0.192702	0.504636
1.736304	0.202906	0.206509	-0.103223
1.735521	0.225700	0.207517	0.520878
1.734738	0.217860	0.226144	-0.237298
1.733956	0.229043	0.219021	0.287109
1.733175	0.218887	0.212409	0.185569
1.732395	0.203066	0.203773	-0.020255
1.731615	0.238610	0.206303	0.925535
1.730837	0.205857	0.194768	0.317685
1.730059	0.237453	0.191702	1.310670
1.729282	0.233134	0.221610	0.330142
1.728506	0.241759	0.223336	0.527797
1.727730	0.212846	0.208205	0.132974
1.726956	0.210017	0.207424	0.074272
1.726182	0.213384	0.206531	0.196328
1.725409	0.247499	0.219269	0.808728
1.724637	0.261590	0.218421	1.236692
1.723866	0.249196	0.214936	0.981470
1.723096	0.239949	0.213645	0.753561
1.722326	0.242712	0.213806	0.828106
1.721557	0.278472	0.244559	0.971534
1.720789	0.227514	0.234529	-0.200960
1.720022	0.251978	0.213908	1.090612
1.719256	0.253894	0.232054	0.625667
1.718490	0.221348	0.242798	-0.614505
1.717726	0.238747	0.236116	0.075380
1.716962	0.231342	0.237178	-0.167205
1.716199	0.235797	0.209005	0.767520
1.715436	0.220552	0.232858	-0.352553
1.714675	0.245634	0.226236	0.555723
1.713914	0.255686	0.257304	-0.046342
1.713154	0.260987	0.251300	0.277523
1.712395	0.238513	0.252307	-0.395188
1.711637	0.210302	0.231745	-0.614306
1.710879	0.253927	0.251849	0.059538
1.710122	0.272777	0.231588	1.179976
1.709366	0.277284	0.229618	1.365547
1.708611	0.232257	0.243731	-0.328706
1.707857	0.246879	0.253314	-0.184354
1.707103	0.255114	0.235215	0.570042
1.706351	0.256771	0.248284	0.243138
1.705599	0.266548	0.285236	-0.535354
1.704847	0.275749	0.269975	0.165420
1.704097	0.227943	0.260552	-0.934188
1.703347	0.278396	0.221254	1.637003
1.702599	0.240542	0.259870	-0.553715
1.701850	0.264628	0.246737	0.512530
1.701103	0.271336	0.237190	0.978207
1.700357	0.234822	0.249554	-0.422028
1.699611	0.219263	0.266970	-1.366714
1.698866	0.264056	0.240668	0.670003
1.698122	0.269760	0.249289	0.586452
1.697378	0.274965	0.256200	0.537593
1.696636	0.254456	0.274803	-0.582900
1.695894	0.234052	0.251383	-0.496494
1.695153	0.280253	0.245766	0.987992
1.694412	0.274360	0.266762	0.217678
1.693673	0.234141	0.241106	-0.199532
1.692934	0.270755	0.251155	0.561503
1.692196	0.285561	0.244016	1.190177
1.691459	0.303700	0.255409	1.383447
1.690722	0.304136	0.245694	1.674233
1.689987	0.274059	0.286320	-0.351247
1.689252	0.255750	0.261044	-0.151665
1.688518	0.279455	0.256108	0.668842
1.687784	0.285596	0.238060	1.361823
1.687051	0.261709	0.286614	-0.713471
1.686320	0.272996	0.278050	-0.144803
1.685588	0.306470	0.234335	2.066519
1.684858	0.258012	0.269993	-0.343229
1.684128	0.300878	0.289709	0.319990
1.683399	0.287799	0.280234	0.216717
1.682671	0.298922	0.277116	0.624679
1.681944	0.255243	0.268832	-0.389302
1.681217	0.285467	0.299483	-0.401536
1.680491	0.284640	0.324123	-1.131098
1.679766	0.277493	0.281515	-0.115246
1.679042	0.283808	0.311327	-0.788344
1.678318	0.318506	0.277871	1.164097
1.677595	0.327016	0.287256	1.139022
1.676873	0.322966	0.311634	0.324639
1.676152	0.311622	0.290645	0.600961
1.675431	0.350495	0.284760	1.883172
1.674711	0.294864	0.292300	0.073434
1.673992	0.306014	0.304637	0.039447
1.673273	0.323428	0.266106	1.642172
1.672556	0.283928	0.272864	0.316978
1.671839	0.297927	0.285938	0.343476
1.671122	0.322206	0.280048	1.207743
1.670407	0.344272	0.314793	0.844529
1.669692	0.325314	0.302338	0.658213
1.668978	0.269742	0.324408	-1.566082
1.668265	0.391074	0.324060	1.919789
1.667552	0.334995	0.302320	0.936068
1.666840	0.319404	0.297129	0.638129
1.666129	0.308360	0.317530	-0.262689
1.665418	0.306988	0.316426	-0.270380
1.664709	0.246769	0.297196	-1.444628
1.664000	0.347594	0.304996	1.220361
1.663292	0.341003	0.324828	0.463393
1.662584	0.335405	0.273265	1.780182
1.661877	0.326736	0.319148	0.217382
1.661171	0.323143	0.281094	1.204624
1.660466	0.297133	0.300236	-0.088898
1.659761	0.339135	0.315799	0.668536
1.659057	0.346940	0.319970	0.772648
1.658354	0.319909	0.318032	0.053771
1.657651	0.323002	0.320671	0.066784
1.656950	0.304231	0.319312	-0.432044
1.656249	0.345198	0.292028	1.523208
1.655548	0.368835	0.329103	1.138241
1.654848	0.290457	0.283832	0.189804
1.654150	0.317397	0.317802	-0.011613
1.653451	0.338710	0.287308	1.472572
1.652754	0.305618	0.317608	-0.343489
1.652057	0.293567	0.270218	0.668908
1.651361	0.259362	0.291255	-0.913684
1.650665	0.332605	0.331081	0.043672
1.649971	0.286332	0.334778	-1.387886
1.649277	0.308586	0.310929	-0.067129
1.648583	0.290988	0.298895	-0.226523
1.647891	0.342788	0.235664	3.068887
1.647199	0.290177	0.267815	0.640622
1.646508	0.292168	0.271738	0.585273
1.645817	0.304037	0.262788	1.181699
1.645127	0.315298	0.224917	2.589226
1.644438	0.297720	0.240855	1.629073
1.643750	0.295802	0.295121	0.019512
1.643062	0.314205	0.314299	-0.002696
1.642375	0.277317	0.294790	-0.500577
1.641689	0.366183	0.271383	2.715801
1.641003	0.269326	0.294083	-0.709238
1.640318	0.292679	0.287307	0.153921
1.639634	0.299779	0.322135	-0.640435
1.638950	0.287490	0.272325	0.434467
1.638267	0.281480	0.233455	1.375833
1.637585	0.300125	0.253693	1.330164
1.636903	0.271449	0.298499	-0.774930
1.636222	0.282186	0.297674	-0.443708
1.635542	0.347597	0.312119	1.016354
1.634863	0.316796	0.285017	0.910402
1.634184	0.326187	0.271658	1.562161
1.633506	0.313081	0.293776	0.553049
1.632828	0.306955	0.264958	1.203143
1.632151	0.284369	0.291406	-0.201607
1.631475	0.347453	0.294286	1.523122
1.630800	0.303932	0.338454	-0.988965
1.630125	0.339462	0.292556	1.343741
1.629451	0.315207	0.317964	-0.078955
1.628778	0.308486	0.274150	0.983639
1.628105	0.252637	0.292909	-1.153710
1.627433	0.369231	0.332724	1.045833
1.626761	0.301454	0.277619	0.682815
1.626091	0.395853	0.336676	1.695296
1.625421	0.367797	0.374206	-0.183579
1.624751	0.400068	0.343703	1.614724
1.624083	0.347658	0.332490	0.434540
1.623414	0.348506	0.329145	0.554627
1.622747	0.362653	0.336362	0.753175
1.622080	0.359156	0.345737	0.384430
1.621414	0.343524	0.378436	-1.000169
1.620749	0.343029	0.403845	-1.742245
1.620084	0.392384	0.361642	0.880698
1.619420	0.381440	0.303578	2.230585
1.618757	0.387219	0.447429	-1.724885
1.618094	0.379590	0.409799	-0.865420
1.617432	0.409561	0.353762	1.598536
1.616770	0.394860	0.387368	0.214626
1.616109	0.386428	0.444837	-1.673292
1.615449	0.376270	0.523058	-4.205147
1.614790	0.411216	0.499849	-2.539148
1.614131	0.450363	0.437536	0.367475
1.613473	0.427236	0.446161	-0.542153
1.612815	0.437400	0.456307	-0.541665
1.612158	0.491359	0.419096	2.070164
1.611502	0.424336	0.497935	-2.108457
1.610846	0.445928	0.444751	0.033716
1.610191	0.530981	0.497211	0.967454
1.609537	0.451900	0.507607	-1.595891
1.608883	0.448063	0.532040	-2.405774
1.608230	0.461293	0.427324	0.973137
1.607578	0.492827	0.461429	0.899485
1.606926	0.585365	0.516273	1.979323
1.606275	0.544239	0.487379	1.628924
1.605625	0.619830	0.461189	4.544724
1.604975	0.558979	0.505304	1.537667
1.604326	0.512210	0.485861	0.754857
1.603677	0.544432	0.430977	3.250231
1.603029	0.480337	0.445893	0.986757
1.602382	0.411279	0.427541	-0.465854
1.601735	0.534113	0.648909	-3.288675
1.601089	0.573292	0.442129	3.757538
1.600444	0.634555	0.455219	5.137604
1.599799	0.525668	0.559216	-0.961084
1.599155	0.556809	0.503204	1.535689
1.598512	0.667967	0.546254	3.486845
1.597869	0.832312	0.678544	4.405112
1.597227	0.669056	0.647525	0.616821
1.596585	0.580051	0.619209	-1.121794
1.595944	0.686561	0.489754	5.638113
1.595304	0.547057	0.565743	-0.535312
1.594664	0.506294	0.783984	-7.955228
1.594025	0.681898	0.573698	3.099690
1.593386	0.709266	0.690003	0.551846
1.592749	0.605977	0.696379	-2.589837
1.592111	0.663300	0.586808	2.191343
1.591475	0.626110	0.572708	1.529857
1.590839	0.807233	0.616936	5.451631
1.590203	0.603525	0.738558	-3.868402
1.589569	0.876196	0.550616	9.327180
1.588935	0.806881	0.637173	4.861778
1.588301	0.559711	0.633389	-2.110713
1.587668	0.802235	0.692721	3.137345
1.587036	0.613576	0.894019	-8.034100
1.586404	0.875566	0.865585	0.285937
1.585773	0.875247	1.081300	-5.902961
1.585143	0.775296	0.722906	1.500867
1.584513	0.947388	0.735400	6.073034
1.583884	0.920808	0.684928	6.757481
1.583255	0.998358	0.955344	1.232254
1.582627	1.052180	0.630747	12.073179
1.582000	1.060305	1.108028	-1.367162
1.581373	0.860845	0.905363	-1.275347
1.580747	0.750473	0.854661	-2.984759
1.580121	0.794094	1.082747	-8.269282
1.579496	0.690110	1.016069	-9.338046
1.578872	0.746536	1.024884	-7.974063
1.578248	1.123249	0.853777	7.719808
1.577625	0.899973	0.762360	3.942329
1.577002	1.156820	0.887258	7.722382
1.576380	1.073244	0.975516	2.799711
1.575759	0.740473	0.643689	2.772643
1.575138	1.091935	0.988353	2.967401
1.574518	1.137861	0.972689	4.731811
1.573899	1.207807	1.197323	0.300323
1.573280	1.087739	1.590170	-14.393585
1.572661	1.429993	0.881292	15.719133
1.572044	0.951761	0.662277	8.293087
1.571426	0.873790	0.755333	3.393551
1.570810	1.104255	1.482540	-10.837084
1.570194	1.288711	1.000721	8.250306
1.569578	1.564194	1.048316	14.778791
1.568964	0.989114	1.178114	-5.414464
1.568349	0.991733	0.818074	4.974964
1.567736	1.180458	1.222446	-1.202877
1.567123	1.622520	1.439894	5.231846
1.566510	1.646133	3.458872	-51.931145
1.565899	1.180481	2.873847	-48.511367
1.565287	0.975532	1.808307	-23.857260
1.564677	1.368390	1.168316	5.731707
1.564066	1.855622	1.131134	20.755062
1.563457	1.179596	1.193077	-0.386198
1.562848	1.444691	0.936972	14.545075
1.562240	1.560687	0.917868	18.415431
1.561632	1.051208	1.331416	-8.027354
1.561025	1.888092	1.546977	9.772231
1.560418	1.184725	1.690207	-14.480989
1.559812	1.254006	2.105822	-24.402742
1.559207	0.947407	1.949402	-28.705043
1.558602	1.811955	1.226001	16.786351
1.557997	2.210246	1.170807	29.777735
1.557394	2.002636	1.363308	18.315400
1.556791	2.159323	1.075160	31.058982
1.556188	1.378320	2.196191	-23.430266
1.555586	1.246773	2.724299	-42.328023
1.554985	2.888328	1.296766	45.594898
1.554384	1.332865	2.943306	-46.135717
1.553783	1.194549	1.889300	-19.903159
1.553184	1.689462	1.317946	10.643149
1.552585	2.410393	3.811191	-40.129896
1.551986	5.128175	2.170363	84.735065
1.551388	3.602529	2.154627	41.479340
1.550791	2.235841	2.726807	-14.065112
1.550194	2.175798	1.555674	17.765233
1.549597	2.048854	1.256234	22.706903
1.549002	1.497451	1.355333	4.071397
1.548406	1.136929	6.716223	-159.835004
1.547812	3.095060	1.437453	47.486962
1.547218	2.074656	59.762574	-1652.637090
1.546624	1.914159	3.838679	-55.133452
1.546031	3.034869	2.061338	27.889626
1.545439	2.077505	3.234884	-33.156452
1.544847	8.559171	100.086507	-2622.065056
1.544256	1.731492	2.326589	-17.048265
1.543665	2.271080	1.760108	14.638269
1.543075	3.083135	2.089959	28.452384
1.542486	3.240400	-8.268441	329.704016
1.541897	34.650329	-10.022777	1279.790218
1.541308	5.194177	2.869427	66.599175
1.540720	2.046262	4.057112	-57.606611
1.540133	3.114021	2.013459	31.528775
1.539546	3.109906	11.026725	-226.800172
1.538960	4.344518	2.921614	40.763209
1.538374	5.309246	10.340475	-144.134082
1.537789	4.406393	40.180011	-1024.838655
1.537204	4.336523	2.656071	48.141406
1.536620	13.927475	2.304049	332.986642
1.536037	3.527586	1.277127	64.470911
1.535454	8.199907	-8.823636	487.688578
1.534872	6.277922	-26.208821	930.676625
1.534290	2.522852	2.452948	2.002596
1.533708	6.768936	-9.108590	454.857617
1.533128	2.112699	3.427574	-37.668378
1.532548	3.961517	4.116570	-4.441932
1.531968	28.689873	-27.649297	1613.998320
1.531389	5.694152	20.535711	-425.179347
1.530810	13.218339	134.396244	-3471.491268
1.530232	5.125154	117.902073	-3230.820727
1.529655	4.151532	-7.484619	333.351184
1.529078	141.285183	-3.050751	4134.919945
1.528501	13.084220	-10.417661	673.279285
1.527925	-17.212699	-2.229433	-429.238952
1.527350	-7.378222	-5.771810	-46.020304
1.526775	3.750685	-23.600663	783.558424
1.526201	-10.734430	-5.906271	-138.316548
1.525627	6.373857	-7.909102	409.176650
1.525054	16.275861	6.022013	293.751096
1.524481	-33.291179	-3.443906	-855.061388
1.523909	6.507631	-5.757521	351.370714
1.523338	8.849881	-2.192229	316.333152
1.522767	15.719950	-3.325711	545.617984
1.522196	-10.447080	-3.784700	-190.863104
1.521626	-8.581218	2.622182	-320.953765
1.521057	-79.984741	74.490387	-4425.386428
1.520488	-2.002826	9.091798	-317.837549
1.519919	-7.724525	-8.029004	8.722670
1.519351	-48.618251	-2.509629	-1320.914709
1.518784	-6.521740	-3.266985	-93.241873
1.518217	-2.598143	-16.184279	389.214101
1.517651	24.186944	-5.118166	839.529579
1.517085	-8.061534	-2.540531	-158.165077
1.516520	-1.388330	31.365554	-938.329641
1.515955	-18.400009	-3.982531	-413.030309
1.515391	-6.531453	-16.708195	291.542198
1.514827	22.380009	-4.774611	777.922566
1.514264	6.431411	-2.735859	262.622935
1.513702	-2.480723	-8.593790	175.126460
1.513139	-2.262615	-3.622367	38.954021
1.512578	-7.838823	-3.837086	-114.641315
1.512017	-5.787356	-3.072844	-77.765039
1.511456	-1.729467	-5.654908	112.455586
1.510896	-4.239185	-6.467950	63.849401
1.510337	-2.971650	-2.852216	-3.421514
1.509778	-2.040222	-1.606888	-12.414111
1.509219	-7.908852	-1.587049	-181.106314
1.508661	-3.345999	-3.221148	-3.576714
1.508104	-2.430418	-3.574273	32.769034
1.507547	14.097936	10.540591	101.910440
1.506990	-2.322308	-1.939237	-10.974170
1.506435	-1.880298	-7.010817	146.978565
1.505879	-2.689208	-1.907637	-22.390379
1.505324	-3.515317	-1.163225	-67.382467
1.504770	-1.436683	-1.068733	-10.540988
1.504216	-2.339876	-1.262528	-30.863757
1.503663	-1.412119	-2.893160	42.428693
1.503110	-1.686819	-2.433967	21.404209
1.502558	-3.749298	-2.075665	-47.946029
1.502006	-5.561402	-2.180187	-96.864656
1.501454	-1.771421	-1.815391	1.259632
1.500904	-2.539162	-9.342275	194.894838
1.500353	-1.663543	-1.460992	-5.802663
1.499803	-1.549769	-3.354331	51.696893
1.499254	-2.028760	-1.163166	-24.797441
1.498705	-2.946458	-1.493990	-41.610128
1.498157	-1.417717	-3.293043	53.724136
1.497609	-2.231984	-1.673708	-15.993433
1.497062	-1.998534	-1.523489	-13.609032
1.496515	-2.738542	-1.785451	-27.304049
1.495969	-1.577883	-1.148047	-12.313891
1.495423	-1.359674	-1.659179	8.580166
1.494878	-1.434806	-1.336010	-2.830279
1.494333	-1.290650	-1.559454	7.700680
1.493789	-1.550611	-1.613556	1.803243
1.493245	-1.612978	-1.140812	-13.526576
1.492702	-2.138657	-1.019681	-32.056303
1.492159	-1.511939	-1.527693	0.451321
1.491617	-1.764715	-1.212248	-15.827026
1.491075	-1.126714	-1.823407	19.958786
1.490533	-1.480255	-1.099818	-10.898706
1.489993	-1.611446	-1.233824	-10.818051
1.489452	-1.531980	-1.358554	-4.968293
1.488912	-1.289626	-1.190241	-2.847162
1.488373	-1.544520	-1.009420	-15.329493
1.487834	-1.635342	-0.944014	-19.805075
1.487296	-1.217547	-2.331313	31.907025
1.486758	-1.750741	-2.169272	11.990036
1.486221	-1.499678	-1.927247	12.248933
1.485684	-1.513931	-4.855029	95.715409
1.485147	-1.597163	-0.783527	-23.308950
1.484611	-2.183457	-0.833624	-38.669859
1.484076	-1.277046	-1.161298	-3.315932
1.483541	-1.242327	-1.222980	-0.554254
1.483007	-2.275169	-2.160432	-3.286956
1.482473	-2.069114	-0.941994	-32.289630
1.481939	-1.091572	-1.315030	6.401605
1.481406	-2.374291	-1.090080	-36.789938
1.480874	-0.953538	-0.939104	-0.413516
1.480341	-1.704814	-1.167568	-15.390964
1.479810	-1.321458	-1.454445	3.809792
1.479279	-1.624701	-0.871774	-21.569773
1.478748	-0.957726	-1.446454	14.001033
1.478218	-1.050255	-0.906231	-4.125996
1.477688	-1.391676	-1.485661	2.692456
1.477159	-1.186816	-1.133103	-1.538767
1.476631	-0.930210	-1.070034	4.005647
1.476102	-0.701454	-0.833096	3.771271
1.475575	-1.311586	-1.230640	-2.318931
1.475047	-0.827023	-0.955953	3.693572
1.474521	-1.006395	-1.041068	0.993301
1.473994	-1.114048	-0.989881	-3.557117
1.473469	-0.923158	-1.053473	3.733246
1.472943	-1.607667	-0.973813	-18.158598
1.472418	-1.565183	-0.820628	-21.329955
1.471894	-1.252404	-1.215741	-1.050308
1.471370	-1.074709	-1.022240	-1.503126
1.470846	-0.957216	-1.136432	5.134167
1.470323	-1.637069	-1.132073	-14.467093
1.469801	-1.849558	-1.316389	-15.274171
1.469279	-1.139253	-1.158540	0.552535
1.468757	-0.932274	-0.751697	-5.173133
1.468236	-1.085688	-1.061514	-0.692548
1.467716	-0.962290	-1.157953	5.605337
1.467195	-1.135124	-0.918119	-6.216744
1.466676	-1.174116	-1.199473	0.726419
1.466156	-0.977992	-1.017621	1.135282
1.465638	-0.854356	-1.064558	6.021846
1.465119	-0.804280	-0.883031	2.256044
1.464601	-0.919108	-0.684250	-6.728179
1.464084	-1.183893	-1.132658	-1.467775
1.463567	-1.235623	-0.892968	-9.816347
1.463051	-1.090190	-0.770117	-9.169402
1.462535	-1.091961	-0.953350	-3.970905
1.462019	-0.749609	-0.833978	2.416977
1.461504	-0.912310	-1.141356	6.561679
1.460989	-1.927941	-1.504064	-12.143177
1.460475	-1.075438	-0.890301	-5.303777
1.459962	-1.433227	-0.931491	-14.373679
1.459448	-1.075865	-0.977697	-2.812302
1.458936	-0.774595	-0.712644	-1.774754
1.458423	-1.118382	-0.965105	-4.391063
1.457911	-1.241052	-0.595933	-18.481297
1.457400	-0.892737	-0.876297	-0.470968
1.456889	-1.126769	-0.926401	-5.740116
1.456379	-0.828039	-0.772557	-1.589424
1.455869	-1.194434	-0.715290	-13.726455
1.455359	-0.881520	-1.005345	3.547350
1.454850	-0.779431	-0.779004	-0.012223
1.454341	-0.925757	-1.374118	12.844591
1.453833	-1.268823	-0.916459	-10.094481
1.453325	-0.947581	-0.664338	-8.114310
1.452818	-0.847085	-0.863120	0.459352
1.452311	-1.341772	-0.895960	-12.771578
1.451805	-0.820196	-1.246900	12.224162
1.451299	-0.843873	-0.771953	-2.060343
1.450793	-0.867109	-1.435011	16.269205
1.450288	-0.962880	-0.740148	-6.380802
1.449783	-0.917283	-1.027973	3.171032
1.449279	-1.135806	-1.203015	1.925379
1.448775	-0.787268	-0.866139	2.259483
1.448272	-1.213608	-0.713572	-14.324969
1.447769	-0.936790	-0.810232	-3.625638
1.447267	-0.926071	-0.848028	-2.235762
1.446765	-0.800358	-1.015198	6.154717
1.446263	-0.846689	-0.695987	-4.317300
1.445762	-0.815722	-0.568513	-7.082016
1.445262	-1.217079	-0.807791	-11.725216
1.444762	-0.956081	-0.819186	-3.921750
1.444262	-0.808752	-0.737796	-2.032742
1.443763	-1.113157	-0.760379	-10.106365
1.443264	-1.002883	-0.671376	-9.496964
1.442765	-0.881200	-0.794751	-2.476594
1.442267	-1.223007	-0.794718	-12.269569
1.441770	-1.034919	-0.651132	-10.994683
1.441273	-0.985362	-0.689410	-8.478404
1.440776	-0.921218	-0.863344	-1.657983
1.440280	-0.811012	-0.679480	-3.768122
1.439784	-0.824567	-0.593719	-6.613302
1.439289	-1.081965	-0.575114	-14.520201
1.438794	-0.821910	-0.653567	-4.822670
1.438299	-0.708848	-0.651855	-1.632741
1.437805	-0.672348	-0.677857	0.157832
1.437312	-0.994990	-1.002888	0.226270
1.436819	-1.176836	-0.752199	-12.164947
1.436326	-0.838001	-0.819372	-0.533706
1.435834	-0.818064	-1.038723	6.321392
1.435342	-1.033450	-0.648851	-11.017963
1.434850	-1.034010	-0.991551	-1.216377
1.434359	-0.723080	-0.676698	-1.328749
1.433869	-0.678171	-0.770258	2.638081
1.433379	-0.741092	-0.641578	-2.850887
1.432889	-0.829589	-0.719845	-3.143928
1.432400	-0.843988	-0.792619	-1.471630
1.431911	-0.886950	-0.814355	-2.079678
1.431422	-1.082016	-0.729851	-10.088782
1.430934	-0.628144	-0.596549	-0.905128
1.430447	-0.882135	-0.993016	3.176498
1.429960	-0.726375	-0.807615	2.327367
1.429473	-1.950715	-0.893172	-30.296381
1.428987	-0.751788	-0.878540	3.631188
1.428501	-0.729451	-0.533847	-5.603627
1.428015	-1.169128	-0.681636	-13.965627
1.427530	-0.758577	-0.668562	-2.578736
1.427046	-0.854147	-0.673754	-5.167863
1.426561	-0.749467	-0.733473	-0.458203
1.426078	-0.742946	-1.060928	9.109513
1.425594	-1.033063	-0.697988	-9.599207
1.425111	-0.751011	-0.776567	0.732118
1.424629	-0.916625	-0.641279	-7.888081
1.424147	-0.826873	-0.655622	-4.905981
1.423665	-0.805410	-0.778941	-0.758270
1.423184	-0.789679	-0.579310	-6.026627
1.422703	-0.848828	-0.594532	-7.285049
1.422223	-0.762627	-0.926573	4.696714
1.421743	-1.017221	-0.568306	-12.860452
1.421263	-1.369138	-0.810635	-15.999925
1.420784	-0.675070	-0.499530	-5.028853
1.420306	-0.808198	-0.594964	-6.108710
1.419827	-0.605951	-0.835485	6.575666
1.419349	-0.787846	-0.747207	-1.164236
1.418872	-0.681110	-1.022108	9.768863
1.418395	-0.903769	-0.520939	-10.967278
1.417918	-0.676604	-0.794707	3.383403
1.417442	-0.818307	-0.501343	-9.080362
1.416966	-0.650360	-0.940106	8.300608
1.416491	-0.718109	-0.915802	5.663486
1.416016	-0.755006	-0.640991	-3.266278
1.415541	-0.619393	-0.895418	7.907553
1.415067	-0.889159	-0.603796	-8.175044
1.414593	-0.591488	-0.531484	-1.718991
1.414120	-0.809712	-0.657798	-4.352005
1.413647	-0.739420	-0.518142	-6.339164
1.413174	-0.856864	-0.601239	-7.323106
1.412702	-0.661814	-0.732382	2.021626
1.412231	-0.642525	-0.818365	5.037435
1.411759	-0.636927	-0.658768	0.625674
1.411288	-0.601290	-0.771272	4.869630
1.410818	-1.034724	-0.907221	-3.652688
1.410348	-0.604108	-0.609203	0.145968
1.409878	-0.918641	-0.640433	-7.970069
1.409409	-0.749770	-0.548148	-5.776059
1.408940	-0.749361	-0.775138	0.738438
1.408472	-0.642777	-0.750404	3.083295
1.408004	-0.633160	-0.636732	0.102337
1.407536	-0.661353	-0.602339	-1.690632
1.407069	-0.835728	-0.840685	0.142017
1.406602	-0.689430	-0.971866	8.091193
1.406135	-0.706877	-0.658988	-1.371934
1.405669	-0.671885	-0.733025	1.751530
1.405204	-0.670269	-0.531260	-3.982305
1.404738	-0.631170	-0.659911	0.823381
1.404274	-0.829326	-0.548087	-8.056904
1.403809	-0.536988	-0.479030	-1.660372
1.403345	-0.642897	-1.292369	18.605990
1.402882	-0.657317	-0.576797	-2.306732
1.402418	-0.621948	-0.534051	-2.518083
1.401955	-0.560184	-0.542574	-0.504509
1.401493	-0.864349	-0.542909	-9.208581
1.401031	-0.613484	-0.751712	3.959939
1.400569	-0.725781	-0.593520	-3.789013
1.400108	-0.737637	-0.598966	-3.972635
1.399647	-0.832196	-0.622620	-6.003913
1.399187	-0.707273	-0.492385	-6.156102
1.398727	-0.913599	-0.476261	-12.528811
1.398267	-0.949604	-0.634079	-9.039111
1.397808	-0.588608	-0.734196	4.170787
1.397349	-0.875139	-0.565150	-8.880527
1.396890	-0.605860	-0.714604	3.115277
1.396432	-0.598839	-0.635631	1.054010
1.395974	-0.472442	-0.576963	2.994304
1.395517	-0.584832	-0.629335	1.274901
1.395060	-0.691098	-0.633105	-1.661377
1.394604	-0.879563	-0.649046	-6.603827
1.394147	-0.703102	-0.562574	-4.025817
1.393692	-0.525312	-0.646933	3.484194
1.393236	-0.912548	-0.731534	-5.185670
1.392781	-0.655310	-0.665408	0.289284
1.392327	-0.612454	-0.572600	-1.141749
1.391873	-0.713970	-0.492115	-6.355672
1.391419	-0.439468	-0.493289	1.541858
1.390965	-0.535468	-0.683919	4.252800
1.390512	-0.659914	-0.607753	-1.494298
