6.542578	4558518618868151.000000	4558518618868151.000000	0.000000
6.529189	0.005270	0.005270	0.000000
6.515856	-0.221980	-0.068831	-4.387405
6.502578	0.076935	2.746643	-76.481511
6.489355	-0.441518	-0.189945	-7.207020
6.476188	-0.220144	0.330508	-15.775015
6.463075	-0.254859	-0.186759	-1.950931
6.450016	-0.062418	-0.400892	9.696553
6.437011	0.331448	-0.560224	25.544510
6.424060	0.110637	-0.364691	13.617165
6.411162	0.045236	-0.327912	10.689891
6.398317	-3.673086	0.464711	-118.539158
6.385525	-0.132933	-4.221658	117.133322
6.372785	0.125735	-0.925774	30.123518
6.360096	-0.292230	-0.153643	-3.970236
6.347460	1.716558	-0.105839	52.207820
6.334875	-0.669504	0.610656	-36.673881
6.322341	-0.349227	0.122558	-13.515640
6.309857	-0.049026	-0.396758	9.961788
6.297424	-0.558723	1.022870	-45.309277
6.285042	-0.203455	-0.989700	22.524267
6.272709	-0.135370	0.704939	-24.073077
6.260425	2.366425	-0.266641	75.431763
6.248191	-0.311503	-0.741930	12.330832
6.236005	-0.690805	-0.546032	-4.147459
6.223868	-0.440301	-0.232833	-5.943503
6.211780	-0.366157	-0.201008	-4.731181
6.199740	-0.278706	-0.364110	2.446650
6.187747	-0.353671	-0.279932	-2.112469
6.175802	-0.520540	-0.394619	-3.607367
6.163904	-0.428702	-0.394929	-0.967544
6.152053	-0.316044	-0.231863	-2.411595
6.140248	-0.287563	-0.251235	-1.040714
6.128490	-0.474942	-0.208419	-7.635312
6.116778	-0.358133	-0.287744	-2.016489
6.105112	-0.320359	-0.613710	8.403895
6.093492	-0.322280	-0.332350	0.288475
6.081916	-0.300383	-0.318113	0.507929
6.070386	-0.392955	-0.376302	-0.477070
6.058901	-0.390389	-0.228697	-4.632124
6.047460	-0.362395	-0.514983	4.371350
6.036063	-0.402125	-0.340024	-1.779068
6.024710	-0.326458	-0.312093	-0.411540
6.013401	-0.331661	-0.209222	-3.507643
6.002135	-0.391847	-0.266321	-3.596049
5.990913	-0.268999	-0.308178	1.122397
5.979734	-0.337935	-0.489324	4.336953
5.968597	-0.356913	-0.327621	-0.839136
5.957503	-0.253368	-0.244730	-0.247477
5.946451	-0.413824	-0.356429	-1.644233
5.935442	-0.447711	-0.353218	-2.707021
5.924474	-0.295303	-0.394817	2.850884
5.913547	-0.345587	-0.268249	-2.215562
5.902662	-0.529318	-0.388021	-4.047851
5.891818	-0.299964	-0.542723	6.954526
5.881015	-0.290030	-0.396979	3.063852
5.870252	-0.392417	-0.359875	-0.932277
5.859530	-0.426487	-0.286119	-4.021260
5.848848	-0.502560	-0.338200	-4.708566
5.838205	-0.199779	-0.318521	3.401708
5.827603	-0.423316	-0.422888	-0.012262
5.817040	-0.235693	-0.312665	2.205082
5.806516	-0.350344	-0.252734	-2.796337
5.796031	-0.263145	-0.330387	1.926343
5.785586	-0.253602	-0.316692	1.807402
5.775178	-0.363966	-0.227626	-3.905850
5.764810	-0.289259	-0.434465	4.159859
5.754479	-0.255190	-0.133488	-3.486488
5.744186	-0.354502	-0.250971	-2.965941
5.733931	-0.595121	-0.394503	-5.747293
5.723714	-0.209413	-0.311954	2.937578
5.713534	-0.375394	-0.344353	-0.889242
5.703391	-0.315308	-0.302265	-0.373652
5.693285	-0.433428	-0.255537	-5.096227
5.683216	-0.331539	-0.255291	-2.184344
5.673184	-0.319322	-0.375892	1.620612
5.663188	-0.289467	-0.125690	-4.691892
5.653228	-0.438501	-0.139682	-8.560531
5.643304	-0.388256	-0.360096	-0.806716
5.633415	-0.360639	-0.336989	-0.677533
5.623562	-0.461897	-0.208834	-7.249718
5.613745	-0.324473	-0.338583	0.404232
5.603963	-0.504290	-0.332642	-4.917345
5.594216	-0.326578	-0.305184	-0.612879
5.584504	-0.313949	-0.329965	0.458844
5.574826	-0.367057	-0.279587	-2.505832
5.565183	-0.411782	-0.336877	-2.145870
5.555574	-0.363116	-0.347398	-0.450303
5.545999	-0.424318	-0.381156	-1.236519
5.536458	-0.373110	-0.392364	0.551591
5.526950	-0.359877	-0.348132	-0.336479
5.517477	-0.376906	-0.386968	0.288249
5.508036	-0.371177	-0.325317	-1.313805
5.498629	-0.422177	-0.327867	-2.701767
5.489255	-0.434323	-0.413605	-0.593507
5.479914	-0.347360	-0.438271	2.604403
5.470605	-0.418079	-0.415415	-0.076316
5.461329	-0.364605	-0.342988	-0.619285
5.452085	-0.376432	-0.326246	-1.437720
5.442874	-0.410106	-0.381520	-0.818926
5.433694	-0.344058	-0.372219	0.806748
5.424546	-0.428607	-0.401930	-0.764261
5.415430	-0.429203	-0.379936	-1.411390
5.406345	-0.370565	-0.398868	0.810840
5.397292	-0.384195	-0.382121	-0.059392
5.388270	-0.466914	-0.388129	-2.257037
5.379279	-0.409762	-0.367347	-1.215106
5.370319	-0.421210	-0.369555	-1.479807
5.361389	-0.376447	-0.359234	-0.493125
5.352490	-0.462310	-0.406804	-1.590130
5.343621	-0.397575	-0.359135	-1.101243
5.334783	-0.422245	-0.383894	-1.098663
5.325975	-0.396287	-0.374291	-0.630137
5.317196	-0.403042	-0.414215	0.320103
5.308448	-0.440452	-0.356222	-2.413021
5.299729	-0.409537	-0.434271	0.708584
5.291039	-0.402757	-0.374050	-0.822377
5.282379	-0.394396	-0.379044	-0.439790
5.273748	-0.412490	-0.367212	-1.297128
5.265146	-0.432702	-0.381481	-1.467391
5.256573	-0.419287	-0.377746	-1.190059
5.248029	-0.421457	-0.392824	-0.820264
5.239513	-0.417360	-0.406354	-0.315298
5.231026	-0.416979	-0.380129	-1.055675
5.222567	-0.406801	-0.354460	-1.499457
5.214136	-0.443330	-0.389168	-1.551623
5.205733	-0.425006	-0.402529	-0.643918
5.197358	-0.431331	-0.366755	-1.849960
5.189011	-0.441407	-0.398748	-1.222102
5.180691	-0.416272	-0.390926	-0.726130
5.172399	-0.424285	-0.388662	-1.020527
5.164135	-0.406968	-0.407616	0.018569
5.155897	-0.392295	-0.409600	0.495751
5.147687	-0.419556	-0.401125	-0.528016
5.139503	-0.429346	-0.376501	-1.513876
5.131346	-0.430237	-0.402092	-0.806295
5.123216	-0.417877	-0.409027	-0.253561
5.115113	-0.409481	-0.421545	0.345605
5.107036	-0.422401	-0.397733	-0.706679
5.098985	-0.410567	-0.400630	-0.284661
5.090960	-0.443240	-0.391445	-1.483815
5.082962	-0.429451	-0.384747	-1.280695
5.074989	-0.429832	-0.387260	-1.219603
5.067042	-0.427733	-0.388821	-1.114742
5.059121	-0.432743	-0.400748	-0.916598
5.051225	-0.425631	-0.395641	-0.859156
5.043355	-0.417288	-0.404035	-0.379657
5.035510	-0.436025	-0.405789	-0.866195
5.027690	-0.418572	-0.396545	-0.631047
5.019895	-0.413947	-0.412866	-0.030949
5.012126	-0.417360	-0.400912	-0.471176
5.004381	-0.426770	-0.388263	-1.103125
4.996660	-0.413601	-0.388518	-0.718577
4.988964	-0.416680	-0.405119	-0.331208
4.981293	-0.415122	-0.425110	0.286115
4.973646	-0.427255	-0.400960	-0.753293
4.966023	-0.431746	-0.401796	-0.857982
4.958425	-0.425406	-0.405179	-0.579471
4.950850	-0.439407	-0.397623	-1.197041
4.943299	-0.428832	-0.388586	-1.152977
4.935772	-0.422171	-0.391732	-0.872019
4.928269	-0.427095	-0.402825	-0.695311
4.920789	-0.435827	-0.392517	-1.240746
4.913333	-0.428132	-0.397270	-0.884130
4.905900	-0.439462	-0.395659	-1.254856
4.898490	-0.425954	-0.395053	-0.885239
4.891103	-0.415777	-0.400536	-0.436612
4.883739	-0.418859	-0.412175	-0.191475
4.876399	-0.436456	-0.394059	-1.214610
4.869081	-0.429831	-0.390574	-1.124621
4.861785	-0.433319	-0.382507	-1.455634
4.854512	-0.417223	-0.392562	-0.706472
4.847262	-0.431365	-0.404815	-0.760599
4.840034	-0.426834	-0.407947	-0.541089
4.832829	-0.423210	-0.395709	-0.787846
4.825645	-0.422287	-0.393565	-0.822829
4.818484	-0.433938	-0.401806	-0.920517
4.811344	-0.425096	-0.405546	-0.560047
4.804227	-0.419136	-0.397103	-0.631203
4.797131	-0.426197	-0.396413	-0.853232
4.790057	-0.426130	-0.405473	-0.591787
4.783004	-0.414060	-0.401745	-0.352778
4.775973	-0.435424	-0.393812	-1.192085
4.768963	-0.428728	-0.404006	-0.708217
4.761974	-0.418663	-0.398857	-0.567416
4.755007	-0.428565	-0.404510	-0.689102
4.748061	-0.423921	-0.400704	-0.665109
4.741136	-0.441969	-0.399100	-1.228126
4.734231	-0.429321	-0.405187	-0.691379
4.727348	-0.422215	-0.394992	-0.779864
4.720485	-0.427700	-0.395597	-0.919667
4.713642	-0.431556	-0.399545	-0.917053
4.706821	-0.436641	-0.409121	-0.788376
4.700019	-0.432821	-0.402763	-0.861100
4.693238	-0.427129	-0.398779	-0.812167
4.686478	-0.429346	-0.401065	-0.810198
4.679737	-0.431299	-0.391010	-1.154186
4.673016	-0.430269	-0.399967	-0.868077
4.666316	-0.428861	-0.398052	-0.882621
4.659635	-0.430707	-0.400538	-0.864287
4.652974	-0.424043	-0.410086	-0.399832
4.646333	-0.423996	-0.403509	-0.586901
4.639711	-0.422953	-0.401388	-0.617775
4.633109	-0.425978	-0.400609	-0.726770
4.626527	-0.429667	-0.395057	-0.991509
4.619963	-0.428320	-0.397029	-0.896439
4.613420	-0.435066	-0.395486	-1.133892
4.606895	-0.423410	-0.399174	-0.694331
4.600389	-0.430137	-0.399486	-0.878086
4.593902	-0.430590	-0.398910	-0.907559
4.587435	-0.425251	-0.394571	-0.878935
4.580986	-0.427642	-0.402058	-0.732936
4.574556	-0.433490	-0.400571	-0.943071
4.568145	-0.427444	-0.410212	-0.493658
4.561752	-0.433768	-0.405723	-0.803439
4.555378	-0.423510	-0.396300	-0.779499
4.549022	-0.428831	-0.403167	-0.735204
4.542685	-0.425221	-0.402342	-0.655420
4.536365	-0.432827	-0.404349	-0.815831
4.530065	-0.421739	-0.398518	-0.665232
4.523782	-0.421682	-0.398006	-0.678286
4.517517	-0.422966	-0.397807	-0.720747
4.511271	-0.424055	-0.397228	-0.768541
4.505042	-0.431765	-0.398299	-0.958734
4.498831	-0.432828	-0.397291	-1.018054
4.492638	-0.432303	-0.403193	-0.833949
4.486462	-0.431675	-0.398895	-0.939086
4.480304	-0.425321	-0.400624	-0.707535
4.474164	-0.426958	-0.395637	-0.897285
4.468041	-0.425319	-0.401482	-0.682874
4.461935	-0.428205	-0.400831	-0.784225
4.455847	-0.429853	-0.397463	-0.927904
4.449776	-0.425387	-0.405312	-0.575109
4.443722	-0.422642	-0.405623	-0.487560
4.437686	-0.432734	-0.402256	-0.873131
4.431666	-0.428814	-0.402937	-0.741303
4.425663	-0.422879	-0.396530	-0.754853
4.419677	-0.423978	-0.400456	-0.673848
4.413708	-0.430471	-0.404247	-0.751262
4.407755	-0.432190	-0.402067	-0.862954
4.401820	-0.434185	-0.399961	-0.980437
4.395901	-0.429698	-0.397512	-0.922048
4.389998	-0.430933	-0.391636	-1.125771
4.384112	-0.434829	-0.395851	-1.116630
4.378242	-0.428019	-0.396661	-0.898332
4.372389	-0.427376	-0.398752	-0.820011
4.366551	-0.423243	-0.395349	-0.799128
4.360730	-0.427740	-0.396682	-0.889734
4.354925	-0.428723	-0.394685	-0.975118
4.349136	-0.426409	-0.399137	-0.781309
4.343364	-0.421322	-0.403187	-0.519539
4.337607	-0.429793	-0.396297	-0.959590
4.331865	-0.421774	-0.401012	-0.594778
4.326140	-0.429211	-0.397721	-0.902117
4.320430	-0.429808	-0.392512	-1.068444
4.314736	-0.426037	-0.392417	-0.963131
4.309058	-0.424646	-0.399351	-0.724650
4.303395	-0.430333	-0.399807	-0.874514
4.297748	-0.431339	-0.392845	-1.102786
4.292116	-0.427289	-0.395546	-0.909383
4.286499	-0.427954	-0.393900	-0.975597
4.280898	-0.425083	-0.396358	-0.822900
4.275312	-0.422430	-0.395326	-0.776468
4.269741	-0.418587	-0.391887	-0.764908
4.264185	-0.422971	-0.394271	-0.822195
4.258644	-0.420371	-0.392337	-0.803120
4.253118	-0.424856	-0.393091	-0.910005
4.247607	-0.426128	-0.393143	-0.944944
4.242111	-0.424614	-0.393406	-0.894028
4.236629	-0.426946	-0.392906	-0.975153
4.231163	-0.424504	-0.393501	-0.888182
4.225711	-0.425540	-0.393760	-0.910443
4.220274	-0.425341	-0.394161	-0.893229
4.214851	-0.422902	-0.390823	-0.919003
4.209442	-0.419503	-0.391899	-0.790796
4.204049	-0.421438	-0.396875	-0.703655
4.198669	-0.424257	-0.393486	-0.881542
4.193304	-0.424016	-0.390789	-0.951883
4.187953	-0.425480	-0.390260	-1.008982
4.182616	-0.426894	-0.392993	-0.971202
4.177294	-0.422298	-0.393119	-0.835912
4.171985	-0.426195	-0.393078	-0.948707
4.166691	-0.423773	-0.393247	-0.874521
4.161411	-0.422340	-0.386843	-1.016910
4.156144	-0.425870	-0.394011	-0.912719
4.150892	-0.424259	-0.392266	-0.916546
4.145653	-0.423488	-0.393973	-0.845524
4.140428	-0.423241	-0.390503	-0.937875
4.135217	-0.421693	-0.390975	-0.879996
4.130019	-0.419636	-0.386534	-0.948305
4.124835	-0.418561	-0.395752	-0.653418
4.119665	-0.423422	-0.388292	-1.006420
4.114508	-0.419620	-0.387193	-0.928963
4.109364	-0.422070	-0.388732	-0.955079
4.104234	-0.421773	-0.391378	-0.870763
4.099117	-0.416134	-0.388833	-0.782121
4.094014	-0.421869	-0.388031	-0.969386
4.088924	-0.418533	-0.387483	-0.889539
4.083846	-0.417612	-0.385708	-0.913976
4.078783	-0.422573	-0.387183	-1.013839
4.073732	-0.418858	-0.392507	-0.754910
4.068694	-0.420551	-0.389027	-0.903080
4.063669	-0.422136	-0.387737	-0.985462
4.058657	-0.421717	-0.390350	-0.898598
4.053658	-0.420833	-0.387801	-0.946303
4.048672	-0.423459	-0.388419	-1.003828
4.043699	-0.421589	-0.387125	-0.987322
4.038738	-0.420987	-0.386024	-1.001622
4.033790	-0.418856	-0.388338	-0.874267
4.028855	-0.418974	-0.388104	-0.884359
4.023933	-0.419527	-0.384710	-0.997435
4.019022	-0.417528	-0.384343	-0.950677
4.014125	-0.421735	-0.384338	-1.071348
4.009240	-0.415987	-0.385033	-0.886758
4.004367	-0.416287	-0.382130	-0.978521
3.999506	-0.416090	-0.383111	-0.944790
3.994658	-0.417691	-0.388837	-0.826615
3.989823	-0.416047	-0.383340	-0.937002
3.984999	-0.422606	-0.385527	-1.062239
3.980187	-0.421341	-0.381173	-1.150728
3.975388	-0.418734	-0.383473	-1.010151
3.970601	-0.414007	-0.385841	-0.806892
3.965826	-0.416515	-0.383779	-0.937812
3.961063	-0.414794	-0.386226	-0.818421
3.956311	-0.419081	-0.384226	-0.998520
3.951572	-0.413722	-0.381198	-0.931748
3.946844	-0.415262	-0.381029	-0.980713
3.942129	-0.416983	-0.379568	-1.071852
3.937425	-0.414383	-0.382745	-0.906362
3.932733	-0.417992	-0.379709	-1.096738
3.928052	-0.416637	-0.382582	-0.975603
3.923383	-0.416845	-0.380002	-1.055447
3.918726	-0.412037	-0.381642	-0.870738
3.914080	-0.412380	-0.379252	-0.949056
3.909446	-0.414336	-0.378725	-1.020189
3.904823	-0.411866	-0.379932	-0.914854
3.900212	-0.414239	-0.384275	-0.858405
3.895612	-0.415604	-0.379480	-1.034853
3.891023	-0.415995	-0.380731	-1.010253
3.886446	-0.415700	-0.380910	-0.996669
3.881880	-0.412157	-0.379824	-0.926256
3.877325	-0.413435	-0.382493	-0.886427
3.872781	-0.412250	-0.381090	-0.892685
3.868249	-0.416393	-0.380502	-1.028205
3.863727	-0.410999	-0.377276	-0.966103
3.859217	-0.410664	-0.377874	-0.939378
3.854718	-0.407801	-0.379499	-0.810771
3.850229	-0.410692	-0.381335	-0.841021
3.845752	-0.413128	-0.376289	-1.055382
3.841285	-0.412911	-0.379422	-0.959392
3.836829	-0.409519	-0.381002	-0.816940
3.832384	-0.411300	-0.375159	-1.035350
3.827950	-0.412285	-0.377831	-0.987026
3.823527	-0.412814	-0.376867	-1.029825
3.819114	-0.411956	-0.378185	-0.967469
3.814712	-0.413422	-0.376120	-1.068624
3.810321	-0.410521	-0.376760	-0.967180
3.805940	-0.409875	-0.376551	-0.954650
3.801570	-0.410249	-0.373253	-1.059853
3.797210	-0.409954	-0.377462	-0.930816
3.792860	-0.406167	-0.377408	-0.823897
3.788522	-0.408022	-0.374507	-0.960123
3.784193	-0.408801	-0.378528	-0.867265
3.779875	-0.405801	-0.376826	-0.830075
3.775567	-0.409636	-0.372745	-1.056869
3.771269	-0.407030	-0.374995	-0.917714
3.766982	-0.410262	-0.372972	-1.068287
3.762705	-0.406982	-0.372716	-0.981650
3.758438	-0.410486	-0.370848	-1.135538
3.754181	-0.405976	-0.371386	-0.990927
3.749935	-0.410500	-0.371719	-1.110998
3.745698	-0.409350	-0.371662	-1.079684
3.741472	-0.408896	-0.372702	-1.036894
3.737255	-0.409868	-0.369149	-1.166510
3.733048	-0.406152	-0.373181	-0.944569
3.728852	-0.406342	-0.373249	-0.948042
3.724665	-0.406842	-0.371519	-1.011925
3.720488	-0.405240	-0.372120	-0.948817
3.716321	-0.407733	-0.372528	-1.008558
3.712163	-0.407814	-0.371189	-1.049235
3.708016	-0.407179	-0.371786	-1.013912
3.703878	-0.406039	-0.370980	-1.004348
3.699750	-0.404904	-0.370881	-0.974707
3.695631	-0.405797	-0.370509	-1.010942
3.691522	-0.407393	-0.371682	-1.023040
3.687423	-0.405965	-0.370724	-1.009598
3.683333	-0.403109	-0.366641	-1.044753
3.679253	-0.406573	-0.370914	-1.021564
3.675182	-0.406371	-0.371013	-1.012930
3.671120	-0.405820	-0.371825	-0.973870
3.667069	-0.405588	-0.371050	-0.989447
3.663026	-0.405410	-0.370130	-1.010695
3.658993	-0.405030	-0.369997	-1.003619
3.654969	-0.403840	-0.371912	-0.914667
3.650954	-0.405023	-0.368741	-1.039427
3.646949	-0.403602	-0.369158	-0.986735
3.642953	-0.405938	-0.365952	-1.145521
3.638966	-0.406079	-0.367717	-1.099002
3.634988	-0.403989	-0.369286	-0.994160
3.631020	-0.404196	-0.367632	-1.047490
3.627060	-0.405208	-0.365436	-1.139375
3.623110	-0.400569	-0.366858	-0.965764
3.619168	-0.404279	-0.365924	-1.098804
3.615236	-0.401440	-0.367539	-0.971191
3.611312	-0.403359	-0.368479	-0.999242
3.607398	-0.403592	-0.367377	-1.037505
3.603492	-0.402690	-0.367537	-1.007041
3.599596	-0.401520	-0.369457	-0.918517
3.595708	-0.401844	-0.366736	-1.005764
3.591829	-0.401168	-0.367700	-0.958771
3.587959	-0.407122	-0.364448	-1.222514
3.584097	-0.402704	-0.364888	-1.083340
3.580244	-0.399680	-0.363867	-1.025963
3.576400	-0.399722	-0.363731	-1.031070
3.572565	-0.399488	-0.364344	-1.006801
3.568738	-0.397690	-0.364742	-0.943882
3.564920	-0.402366	-0.363167	-1.122989
3.561111	-0.399810	-0.365308	-0.988424
3.557310	-0.398692	-0.363848	-0.998210
3.553517	-0.399960	-0.362865	-1.062712
3.549734	-0.399023	-0.364457	-0.990237
3.545958	-0.399241	-0.363410	-1.026488
3.542191	-0.396758	-0.364025	-0.937731
3.538433	-0.400130	-0.364868	-1.010190
3.534683	-0.398705	-0.360728	-1.087968
3.530941	-0.398277	-0.361102	-1.064992
3.527207	-0.400823	-0.363549	-1.067814
3.523482	-0.397061	-0.362371	-0.993778
3.519765	-0.395561	-0.364380	-0.893282
3.516057	-0.400089	-0.364727	-1.013036
3.512356	-0.397514	-0.362205	-1.011507
3.508664	-0.395882	-0.363613	-0.924446
3.504980	-0.398359	-0.361823	-1.046668
3.501304	-0.398731	-0.363611	-1.006129
3.497636	-0.398962	-0.362690	-1.039104
3.493977	-0.397761	-0.361439	-1.040555
3.490325	-0.396790	-0.362848	-0.972367
3.486682	-0.398299	-0.359849	-1.101530
3.483046	-0.398687	-0.361256	-1.072318
3.479419	-0.396779	-0.363881	-0.942459
3.475799	-0.395605	-0.359368	-1.038118
3.472187	-0.395418	-0.359163	-1.038633
3.468583	-0.396125	-0.359221	-1.057207
3.464988	-0.396077	-0.364423	-0.906818
3.461400	-0.393562	-0.358561	-1.002708
3.457819	-0.393821	-0.359172	-0.992603
3.454247	-0.394481	-0.360105	-0.984812
3.450682	-0.392744	-0.358221	-0.989028
3.447125	-0.393713	-0.358775	-1.000895
3.443576	-0.392534	-0.357424	-1.005818
3.440035	-0.393807	-0.358707	-1.005541
3.436501	-0.390847	-0.358757	-0.919294
3.432975	-0.391675	-0.357934	-0.966617
3.429457	-0.392169	-0.356760	-1.014395
3.425946	-0.390789	-0.356050	-0.995202
3.422442	-0.394587	-0.355764	-1.112191
3.418947	-0.390088	-0.357354	-0.937742
3.415459	-0.390714	-0.356135	-0.990618
3.411978	-0.391653	-0.357718	-0.972168
3.408505	-0.392720	-0.356481	-1.038170
3.405039	-0.389862	-0.356384	-0.959093
3.401581	-0.390779	-0.357124	-0.964146
3.398130	-0.390635	-0.357662	-0.944614
3.394686	-0.391750	-0.354594	-1.064460
3.391250	-0.392493	-0.355733	-1.053091
3.387821	-0.389227	-0.355352	-0.970436
3.384400	-0.391550	-0.355526	-1.032011
3.380986	-0.390551	-0.354730	-1.026181
3.377579	-0.387348	-0.353469	-0.970561
3.374179	-0.386904	-0.353516	-0.956497
3.370787	-0.387360	-0.353614	-0.966728
3.367401	-0.387913	-0.354329	-0.962129
3.364023	-0.386193	-0.352553	-0.963701
3.360652	-0.388396	-0.352961	-1.015131
3.357289	-0.386160	-0.354547	-0.905667
3.353932	-0.386608	-0.352858	-0.966851
3.350582	-0.386092	-0.351856	-0.980799
3.347240	-0.386966	-0.354303	-0.935744
3.343904	-0.388806	-0.355256	-0.961164
3.340576	-0.385990	-0.356064	-0.857308
3.337255	-0.387439	-0.352043	-1.014044
3.333940	-0.384762	-0.351600	-0.950045
3.330633	-0.388556	-0.353445	-1.005870
3.327332	-0.387217	-0.353364	-0.969806
3.324038	-0.386370	-0.350762	-1.020101
3.320752	-0.387362	-0.351104	-1.038713
3.317472	-0.386164	-0.350754	-1.014443
3.314199	-0.384642	-0.353154	-0.902066
3.310933	-0.386291	-0.351045	-1.009729
3.307673	-0.383932	-0.352230	-0.908169
3.304421	-0.382279	-0.350246	-0.917691
3.301175	-0.383845	-0.351596	-0.923863
3.297936	-0.383914	-0.350668	-0.952445
3.294703	-0.384965	-0.348701	-1.038891
3.291478	-0.383801	-0.351321	-0.930477
3.288259	-0.381313	-0.350866	-0.872216
3.285046	-0.380805	-0.347174	-0.963453
3.281841	-0.381204	-0.349122	-0.919080
3.278642	-0.381360	-0.349862	-0.902353
3.275449	-0.381243	-0.348798	-0.929486
3.272263	-0.380998	-0.350939	-0.861128
3.269084	-0.383961	-0.350699	-0.952884
3.265911	-0.383432	-0.348759	-0.993292
3.262745	-0.381886	-0.349857	-0.917561
3.259585	-0.382613	-0.349985	-0.934732
3.256432	-0.382075	-0.349190	-0.942078
3.253285	-0.382299	-0.348688	-0.962874
3.250145	-0.382573	-0.347581	-1.002459
3.247011	-0.378978	-0.344673	-0.982771
3.243883	-0.379493	-0.347222	-0.924490
3.240762	-0.378062	-0.346309	-0.909651
3.237647	-0.380681	-0.348285	-0.928058
3.234539	-0.379715	-0.346258	-0.958456
3.231437	-0.378412	-0.344583	-0.969139
3.228341	-0.378008	-0.347804	-0.865277
3.225251	-0.375679	-0.345649	-0.860295
3.222168	-0.377729	-0.345595	-0.920576
3.219091	-0.377425	-0.345408	-0.917220
3.216020	-0.377819	-0.344380	-0.957946
3.212956	-0.378432	-0.346093	-0.926430
3.209897	-0.377028	-0.345688	-0.897826
3.206845	-0.377623	-0.345045	-0.933283
3.203799	-0.375711	-0.345880	-0.854585
3.200759	-0.375734	-0.345009	-0.880191
3.197725	-0.376667	-0.343392	-0.953272
3.194697	-0.374496	-0.342970	-0.903173
3.191676	-0.374272	-0.347547	-0.765622
3.188660	-0.376949	-0.344619	-0.926176
3.185651	-0.375825	-0.342835	-0.945103
3.182647	-0.375940	-0.343172	-0.938726
3.179650	-0.377651	-0.342547	-1.005651
3.176658	-0.375393	-0.343055	-0.926421
3.173673	-0.375838	-0.342970	-0.941612
3.170693	-0.374232	-0.343972	-0.866893
3.167720	-0.373633	-0.344403	-0.837387
3.164752	-0.374994	-0.341496	-0.959664
3.161790	-0.374774	-0.339393	-1.013567
3.158834	-0.372775	-0.341921	-0.883896
3.155884	-0.374955	-0.342173	-0.939146
3.152940	-0.374014	-0.339941	-0.976104
3.150001	-0.372679	-0.341989	-0.879183
3.147069	-0.372338	-0.342354	-0.858987
3.144142	-0.373040	-0.343207	-0.854663
3.141221	-0.371240	-0.340791	-0.872314
3.138306	-0.370315	-0.340139	-0.864487
3.135396	-0.370447	-0.339356	-0.890696
3.132493	-0.371848	-0.341488	-0.869727
3.129595	-0.371486	-0.341275	-0.865500
3.126702	-0.372239	-0.343029	-0.836798
3.123816	-0.374718	-0.343706	-0.888423
3.120935	-0.370935	-0.342278	-0.820960
3.118059	-0.370714	-0.341625	-0.833331
3.115190	-0.371965	-0.341287	-0.878873
3.112326	-0.372905	-0.340023	-0.941988
3.109467	-0.368805	-0.338762	-0.860656
3.106614	-0.369781	-0.341308	-0.815680
3.103767	-0.368971	-0.338155	-0.882826
3.100925	-0.369874	-0.338517	-0.898297
3.098089	-0.371256	-0.338037	-0.951670
3.095258	-0.370304	-0.337460	-0.940899
3.092433	-0.370343	-0.340384	-0.858260
3.089613	-0.369792	-0.338002	-0.910718
3.086799	-0.367897	-0.338884	-0.831163
3.083990	-0.367539	-0.340852	-0.764530
3.081187	-0.368745	-0.336470	-0.924612
3.078389	-0.367520	-0.339496	-0.802827
3.075596	-0.368079	-0.336763	-0.897157
3.072809	-0.368077	-0.335614	-0.929981
3.070027	-0.368586	-0.338396	-0.864872
3.067251	-0.366281	-0.336082	-0.865125
3.064480	-0.367460	-0.336009	-0.901020
3.061714	-0.366953	-0.337152	-0.853724
3.058954	-0.367900	-0.335549	-0.926770
3.056199	-0.368425	-0.336768	-0.906907
3.053449	-0.366754	-0.338510	-0.809109
3.050704	-0.369960	-0.335320	-0.992388
3.047965	-0.366722	-0.335833	-0.884887
3.045231	-0.368923	-0.334583	-0.983767
3.042502	-0.366872	-0.336457	-0.871327
3.039779	-0.369153	-0.337803	-0.898103
3.037060	-0.368614	-0.336657	-0.915515
3.034347	-0.368239	-0.337466	-0.881577
3.031639	-0.367925	-0.333956	-0.973148
3.028936	-0.366498	-0.335983	-0.874185
3.026238	-0.365469	-0.335429	-0.860586
3.023545	-0.365987	-0.337756	-0.808742
3.020858	-0.366298	-0.335128	-0.892944
3.018175	-0.366432	-0.337389	-0.832001
3.015498	-0.367482	-0.334027	-0.958403
3.012826	-0.365750	-0.336970	-0.824485
3.010158	-0.365459	-0.336245	-0.836894
3.007496	-0.364825	-0.336545	-0.810159
3.004839	-0.366114	-0.334597	-0.902899
3.002187	-0.365444	-0.333546	-0.913816
2.999540	-0.365413	-0.335674	-0.851939
2.996897	-0.364350	-0.335967	-0.813113
2.994260	-0.365605	-0.334175	-0.900402
2.991628	-0.364512	-0.335394	-0.834172
2.989000	-0.364637	-0.333657	-0.887495
2.986378	-0.365687	-0.334771	-0.885662
2.983760	-0.363307	-0.333056	-0.866613
2.981148	-0.364314	-0.334121	-0.864948
2.978540	-0.363056	-0.334507	-0.817866
2.975937	-0.362516	-0.332684	-0.854622
2.973339	-0.362464	-0.330579	-0.913421
2.970746	-0.360440	-0.331423	-0.831280
2.968158	-0.363924	-0.329921	-0.974120
2.965574	-0.360039	-0.331756	-0.810250
2.962995	-0.363191	-0.329973	-0.951621
2.960421	-0.361820	-0.330717	-0.891045
2.957852	-0.361313	-0.330716	-0.876535
2.955288	-0.361484	-0.330665	-0.882897
2.952728	-0.360638	-0.331296	-0.840593
2.950173	-0.362248	-0.331180	-0.890020
2.947623	-0.362322	-0.329158	-0.950105
2.945078	-0.359945	-0.329368	-0.875958
2.942537	-0.361106	-0.329197	-0.914138
2.940001	-0.360313	-0.329370	-0.886438
2.937469	-0.359007	-0.329502	-0.845244
2.934943	-0.361539	-0.327933	-0.962737
2.932421	-0.361247	-0.329937	-0.896945
2.929903	-0.358577	-0.330883	-0.793383
2.927390	-0.360294	-0.329883	-0.871214
2.924882	-0.360513	-0.328276	-0.923520
2.922378	-0.361411	-0.330696	-0.879939
2.919879	-0.360006	-0.330504	-0.845148
2.917385	-0.359823	-0.331143	-0.821608
2.914895	-0.359935	-0.330054	-0.856037
2.912410	-0.360545	-0.329694	-0.883810
2.909929	-0.358587	-0.328152	-0.871893
2.907453	-0.361007	-0.330790	-0.865673
2.904981	-0.360125	-0.331240	-0.827482
2.902513	-0.360892	-0.330767	-0.863010
2.900051	-0.360972	-0.331770	-0.836568
2.897592	-0.361752	-0.330994	-0.881160
2.895138	-0.361653	-0.330537	-0.891398
2.892689	-0.362981	-0.329326	-0.964148
2.890244	-0.362567	-0.329221	-0.955306
2.887803	-0.361533	-0.331581	-0.858055
2.885367	-0.360869	-0.330260	-0.876899
2.882936	-0.362619	-0.329280	-0.955087
2.880508	-0.362168	-0.330031	-0.920655
2.878085	-0.361819	-0.332007	-0.854043
2.875667	-0.363773	-0.329026	-0.995445
2.873252	-0.361612	-0.331152	-0.872616
2.870842	-0.362554	-0.331201	-0.898222
2.868437	-0.364469	-0.330920	-0.961102
2.866036	-0.365200	-0.330449	-0.995526
2.863639	-0.364404	-0.330860	-0.960970
2.861246	-0.364914	-0.331578	-0.955017
2.858858	-0.362967	-0.330196	-0.938830
2.856474	-0.363311	-0.329279	-0.974940
2.854094	-0.362378	-0.330743	-0.906275
2.851718	-0.362765	-0.330134	-0.934807
2.849347	-0.362185	-0.329448	-0.937825
2.846980	-0.361776	-0.329586	-0.922180
2.844617	-0.361409	-0.329164	-0.923762
2.842258	-0.361225	-0.329381	-0.912273
2.839904	-0.361008	-0.329114	-0.913709
2.837553	-0.360563	-0.328074	-0.930746
2.835207	-0.358268	-0.327879	-0.870580
2.832865	-0.359518	-0.327352	-0.921490
2.830528	-0.358640	-0.327332	-0.896898
2.828194	-0.358736	-0.326931	-0.911132
2.825864	-0.358092	-0.327364	-0.880298
2.823539	-0.357568	-0.326060	-0.902634
2.821218	-0.357212	-0.326712	-0.873772
2.818901	-0.357263	-0.325416	-0.912371
2.816587	-0.357430	-0.325219	-0.922782
2.814278	-0.357179	-0.325708	-0.901579
2.811973	-0.356416	-0.325291	-0.891674
2.809673	-0.356412	-0.325629	-0.881856
2.807376	-0.356643	-0.324604	-0.917834
2.805083	-0.356007	-0.324878	-0.891789
2.802794	-0.356477	-0.325888	-0.876311
2.800509	-0.355840	-0.324714	-0.891705
2.798228	-0.356060	-0.324416	-0.906552
2.795952	-0.355836	-0.324794	-0.889283
2.793679	-0.356842	-0.324739	-0.919684
2.791410	-0.356189	-0.325023	-0.892840
2.789145	-0.356473	-0.325240	-0.894748
2.786884	-0.357005	-0.325151	-0.912565
2.784627	-0.357438	-0.324956	-0.930551
2.782374	-0.357546	-0.325097	-0.929586
2.780125	-0.357654	-0.325464	-0.922175
2.777880	-0.357608	-0.325270	-0.926403
2.775638	-0.357329	-0.325040	-0.924990
2.773401	-0.357746	-0.324988	-0.938440
2.771167	-0.357429	-0.325199	-0.923336
2.768938	-0.356935	-0.324508	-0.928985
2.766712	-0.356366	-0.324496	-0.913006
2.764490	-0.356005	-0.323997	-0.916976
2.762272	-0.355646	-0.323525	-0.920180
2.760058	-0.354907	-0.323102	-0.911124
2.757847	-0.354074	-0.322779	-0.896533
2.755640	-0.353238	-0.322011	-0.894602
2.753437	-0.352605	-0.321894	-0.879801
2.751238	-0.352142	-0.321328	-0.882754
2.749043	-0.351770	-0.320985	-0.881940
2.746852	-0.351035	-0.320657	-0.870277
2.744664	-0.350975	-0.319928	-0.889427
2.742480	-0.350679	-0.320059	-0.877224
2.740300	-0.350494	-0.319855	-0.877739
2.738123	-0.350277	-0.319490	-0.881978
2.735950	-0.350106	-0.319877	-0.866006
2.733781	-0.350148	-0.319901	-0.866514
2.731616	-0.350279	-0.319566	-0.879870
2.729454	-0.350034	-0.319488	-0.875057
2.727296	-0.350179	-0.319481	-0.879431
2.725142	-0.349918	-0.319527	-0.870618
2.722991	-0.349653	-0.318878	-0.881647
2.720844	-0.349633	-0.319133	-0.873735
2.718701	-0.349659	-0.319000	-0.878317
2.716561	-0.349764	-0.319288	-0.873074
2.714425	-0.349448	-0.318576	-0.884415
2.712293	-0.349257	-0.318509	-0.880853
2.710164	-0.349403	-0.318706	-0.879390
2.708039	-0.349491	-0.318713	-0.881725
2.705917	-0.348972	-0.318610	-0.869810
2.703799	-0.348957	-0.318080	-0.884573
2.701685	-0.348758	-0.317818	-0.886360
2.699574	-0.348476	-0.317825	-0.878083
2.697466	-0.348355	-0.317796	-0.875470
2.695363	-0.348365	-0.317812	-0.875279
2.693262	-0.348071	-0.317416	-0.878209
2.691166	-0.347986	-0.317217	-0.881481
2.689072	-0.347813	-0.316903	-0.885495
2.686983	-0.347902	-0.316901	-0.888103
2.684897	-0.347408	-0.316478	-0.886077
2.682814	-0.347404	-0.316717	-0.879109
2.680735	-0.347360	-0.316472	-0.884866
2.678659	-0.347138	-0.316368	-0.881493
2.676587	-0.346688	-0.316131	-0.875390
2.674518	-0.347086	-0.316060	-0.888828
2.672453	-0.346815	-0.315821	-0.887923
2.670391	-0.346692	-0.315560	-0.891866
2.668333	-0.346599	-0.315348	-0.895266
2.666278	-0.346303	-0.315456	-0.883704
2.664226	-0.346326	-0.315227	-0.890904
2.662178	-0.346215	-0.314869	-0.898004
2.660133	-0.346091	-0.315299	-0.882145
2.658092	-0.345716	-0.315138	-0.875998
2.656054	-0.345560	-0.314845	-0.879928
2.654019	-0.345434	-0.314706	-0.880302
2.651988	-0.345798	-0.314310	-0.902088
2.649960	-0.345583	-0.314458	-0.891669
2.647936	-0.345283	-0.314258	-0.888805
2.645915	-0.345133	-0.314138	-0.887937
2.643897	-0.344975	-0.313923	-0.889563
2.641882	-0.345042	-0.313890	-0.892444
2.639871	-0.344758	-0.313911	-0.883700
2.637863	-0.344716	-0.313358	-0.898336
2.635859	-0.344741	-0.313438	-0.896761
2.633857	-0.344548	-0.313653	-0.885061
2.631859	-0.344559	-0.312977	-0.904746
2.629865	-0.344515	-0.313146	-0.898668
2.627873	-0.344288	-0.313115	-0.893029
2.625885	-0.344350	-0.312996	-0.898237
2.623900	-0.343956	-0.312790	-0.892846
2.621919	-0.344182	-0.312685	-0.902342
2.619940	-0.344079	-0.312436	-0.906492
2.617965	-0.343768	-0.312428	-0.897846
2.615993	-0.343775	-0.312371	-0.899639
2.614025	-0.343834	-0.312256	-0.904651
2.612059	-0.343612	-0.312104	-0.902658
2.610097	-0.343827	-0.312177	-0.906700
2.608138	-0.343818	-0.312200	-0.905773
2.606182	-0.343731	-0.312008	-0.908785
2.604229	-0.343841	-0.311800	-0.917909
2.602280	-0.343728	-0.311856	-0.913064
2.600333	-0.343838	-0.311559	-0.924730
2.598390	-0.343821	-0.311538	-0.924837
2.596450	-0.343849	-0.311671	-0.921841
2.594513	-0.344404	-0.311625	-0.939033
2.592579	-0.344349	-0.311460	-0.942211
2.590648	-0.344481	-0.311448	-0.946321
2.588721	-0.344873	-0.311243	-0.963424
2.586796	-0.344991	-0.311237	-0.966956
2.584875	-0.345356	-0.311356	-0.974041
2.582957	-0.345624	-0.311171	-0.986984
2.581042	-0.345827	-0.311240	-0.990837
2.579130	-0.345800	-0.311062	-0.995178
2.577221	-0.346179	-0.311166	-1.003043
2.575315	-0.345957	-0.311022	-1.000802
2.573412	-0.345672	-0.310869	-0.997038
2.571512	-0.345932	-0.310947	-1.002249
2.569615	-0.345801	-0.310787	-1.003077
2.567722	-0.345841	-0.310741	-1.005552
2.565831	-0.345361	-0.310506	-0.998527
2.563943	-0.345098	-0.310459	-0.992348
2.562058	-0.345632	-0.310471	-1.007292
2.560177	-0.345178	-0.310210	-1.001768
2.558298	-0.344975	-0.310210	-0.995956
2.556423	-0.345137	-0.309818	-1.011805
2.554550	-0.344732	-0.309906	-0.997687
2.552680	-0.344601	-0.309796	-0.997093
2.550813	-0.344812	-0.309825	-1.002314
2.548950	-0.344855	-0.309738	-1.006027
2.547089	-0.344774	-0.309645	-1.006376
2.545231	-0.345234	-0.309717	-1.017470
2.543376	-0.345335	-0.309716	-1.020417
2.541524	-0.345462	-0.309789	-1.021950
2.539675	-0.345797	-0.309648	-1.035592
2.537829	-0.346038	-0.309563	-1.044936
2.535986	-0.346241	-0.309771	-1.044786
2.534146	-0.346529	-0.309562	-1.059002
2.532308	-0.346952	-0.309730	-1.066330
2.530474	-0.347211	-0.309862	-1.069986
2.528642	-0.347365	-0.309760	-1.077301
2.526814	-0.347617	-0.309782	-1.083894
2.524988	-0.347579	-0.309762	-1.083375
2.523165	-0.347564	-0.309620	-1.087015
2.521345	-0.347223	-0.309590	-1.078101
2.519528	-0.347274	-0.309423	-1.084352
2.517714	-0.346693	-0.309166	-1.075065
2.515902	-0.346108	-0.308826	-1.068047
2.514093	-0.345374	-0.308644	-1.052241
2.512288	-0.345030	-0.308406	-1.049220
2.510485	-0.343843	-0.307924	-1.029009
2.508684	-0.343232	-0.307800	-1.015057
2.506887	-0.342414	-0.307782	-0.992118
2.505092	-0.341895	-0.307496	-0.985449
2.503301	-0.341274	-0.307189	-0.976447
2.501512	-0.340868	-0.306940	-0.971965
2.499726	-0.340477	-0.306883	-0.962406
2.497942	-0.340216	-0.306814	-0.956889
2.496162	-0.340042	-0.306596	-0.958146
2.494384	-0.339490	-0.306563	-0.943303
2.492609	-0.339389	-0.306484	-0.942635
2.490836	-0.339063	-0.306273	-0.939369
2.489067	-0.339121	-0.306338	-0.939177
2.487300	-0.338852	-0.306290	-0.932810
2.485536	-0.338719	-0.306015	-0.936906
2.483774	-0.338409	-0.306076	-0.926280
2.482016	-0.338631	-0.305820	-0.939975
2.480260	-0.338606	-0.305816	-0.939357
2.478507	-0.338652	-0.306011	-0.935116
2.476756	-0.338496	-0.305695	-0.939683
2.475008	-0.338463	-0.305762	-0.936795
2.473263	-0.338505	-0.305532	-0.944613
2.471521	-0.338428	-0.305546	-0.941987
2.469781	-0.338500	-0.305411	-0.947935
2.468044	-0.338322	-0.305558	-0.938632
2.466309	-0.338269	-0.305263	-0.945565
2.464578	-0.338192	-0.305389	-0.939724
2.462848	-0.338257	-0.305434	-0.940318
2.461122	-0.338273	-0.305337	-0.943551
2.459398	-0.337977	-0.305078	-0.942468
2.457677	-0.337996	-0.305071	-0.943228
2.455958	-0.337666	-0.304923	-0.938008
2.454243	-0.338049	-0.304931	-0.948770
2.452529	-0.337945	-0.304733	-0.951437
2.450819	-0.337933	-0.304779	-0.949775
2.449111	-0.337830	-0.304542	-0.953629
2.447405	-0.337935	-0.304613	-0.954580
2.445702	-0.337980	-0.304467	-0.960073
2.444002	-0.337777	-0.304481	-0.953881
2.442304	-0.337846	-0.304680	-0.950138
2.440609	-0.337515	-0.304429	-0.947849
2.438917	-0.337352	-0.304377	-0.944674
2.437227	-0.337631	-0.304255	-0.956160
2.435539	-0.337686	-0.304448	-0.952202
2.433854	-0.337392	-0.304206	-0.950711
2.432172	-0.337300	-0.304084	-0.951555
2.430492	-0.337260	-0.304106	-0.949802
2.428815	-0.337319	-0.304017	-0.954030
2.427140	-0.337424	-0.303949	-0.958997
2.425468	-0.337393	-0.303837	-0.961313
2.423799	-0.337500	-0.303906	-0.962405
2.422131	-0.337178	-0.303897	-0.953436
2.420467	-0.337181	-0.303839	-0.955171
2.418805	-0.337356	-0.303915	-0.958002
2.417145	-0.337033	-0.303702	-0.954875
2.415488	-0.337217	-0.303334	-0.970671
2.413833	-0.337064	-0.303763	-0.954021
2.412181	-0.337196	-0.303630	-0.961596
2.410532	-0.337023	-0.303518	-0.959842
2.408884	-0.337132	-0.303219	-0.971547
2.407240	-0.336999	-0.303343	-0.964185
2.405598	-0.337048	-0.303220	-0.969100
2.403958	-0.336845	-0.303160	-0.965010
2.402320	-0.336908	-0.303338	-0.961695
2.400685	-0.336913	-0.302794	-0.977459
2.399053	-0.336735	-0.303061	-0.964691
2.397423	-0.336560	-0.302900	-0.964267
2.395795	-0.336558	-0.302982	-0.961878
2.394170	-0.336578	-0.302859	-0.965959
2.392547	-0.336501	-0.302714	-0.967934
2.390927	-0.336511	-0.302711	-0.968318
2.389309	-0.336498	-0.302756	-0.966650
2.387694	-0.336417	-0.302670	-0.966791
2.386081	-0.336241	-0.302396	-0.969581
2.384470	-0.336342	-0.302318	-0.974705
2.382861	-0.336251	-0.302392	-0.970007
2.381255	-0.336116	-0.302326	-0.968007
2.379652	-0.335728	-0.302045	-0.964955
2.378051	-0.336039	-0.302374	-0.964438
2.376452	-0.336265	-0.302277	-0.973658
2.374855	-0.335889	-0.301951	-0.972253
2.373261	-0.335942	-0.301865	-0.976229
2.371669	-0.335857	-0.301907	-0.972587
2.370080	-0.335896	-0.302131	-0.967300
2.368493	-0.335810	-0.301889	-0.971786
2.366908	-0.335805	-0.301746	-0.975732
2.365326	-0.335755	-0.301606	-0.978302
2.363745	-0.335643	-0.301805	-0.969390
2.362168	-0.335560	-0.301575	-0.973609
2.360592	-0.335770	-0.301557	-0.980125
2.359019	-0.335564	-0.301734	-0.969150
2.357448	-0.335776	-0.301675	-0.976910
2.355880	-0.335527	-0.301785	-0.966656
2.354313	-0.335551	-0.301504	-0.975383
2.352749	-0.335518	-0.301416	-0.976956
2.351188	-0.335514	-0.301572	-0.972367
2.349628	-0.335677	-0.301331	-0.983961
2.348071	-0.335520	-0.301363	-0.978526
2.346516	-0.335527	-0.301203	-0.983294
2.344964	-0.335492	-0.301241	-0.981221
2.343413	-0.335665	-0.301120	-0.989639
2.341865	-0.335542	-0.301120	-0.986139
2.340319	-0.335510	-0.301148	-0.984399
2.338776	-0.335112	-0.300933	-0.979159
2.337235	-0.335445	-0.301031	-0.985891
2.335695	-0.335367	-0.300990	-0.984842
2.334159	-0.335480	-0.301020	-0.987224
2.332624	-0.335153	-0.300660	-0.988126
2.331091	-0.334949	-0.300488	-0.987236
2.329561	-0.335192	-0.300433	-0.995772
2.328033	-0.335170	-0.300488	-0.993582
2.326508	-0.335059	-0.300491	-0.990288
2.324984	-0.334998	-0.300427	-0.990387
2.323463	-0.335061	-0.300489	-0.990406
2.321943	-0.335125	-0.300100	-1.003396
2.320426	-0.334721	-0.300527	-0.979569
2.318912	-0.334782	-0.300212	-0.990345
2.317399	-0.334666	-0.300322	-0.983885
2.315888	-0.334495	-0.299740	-0.995661
2.314380	-0.334474	-0.300034	-0.986623
2.312874	-0.334518	-0.299927	-0.990969
2.311370	-0.334450	-0.299779	-0.993247
2.309868	-0.334335	-0.299727	-0.991449
2.308369	-0.334660	-0.299895	-0.995955
2.306871	-0.334516	-0.299499	-1.003148
2.305376	-0.334490	-0.299740	-0.995524
2.303883	-0.334365	-0.299734	-0.992122
2.302392	-0.334264	-0.299744	-0.988928
2.300903	-0.334355	-0.299652	-0.994178
2.299416	-0.334490	-0.299772	-0.994609
2.297931	-0.334252	-0.299689	-0.990134
2.296449	-0.334687	-0.299470	-1.008884
2.294968	-0.334535	-0.299537	-1.002597
2.293490	-0.334505	-0.299781	-0.994763
2.292013	-0.334451	-0.299725	-0.994842
2.290539	-0.334680	-0.299722	-1.001475
2.289067	-0.334837	-0.300090	-0.995428
2.287597	-0.334995	-0.300122	-0.999035
2.286129	-0.334986	-0.299874	-1.005878
2.284664	-0.335060	-0.299922	-1.006617
2.283200	-0.334991	-0.300133	-0.998597
2.281738	-0.334925	-0.299705	-1.008956
2.280279	-0.335113	-0.299950	-1.007349
2.278821	-0.335037	-0.299844	-1.008188
2.277366	-0.334855	-0.299804	-1.004142
2.275912	-0.335315	-0.300067	-1.009797
2.274461	-0.334957	-0.299848	-1.005799
2.273012	-0.335151	-0.299548	-1.019961
2.271564	-0.335131	-0.299846	-1.010843
2.270119	-0.335089	-0.299889	-1.008411
2.268676	-0.335009	-0.299869	-1.006679
2.267235	-0.335272	-0.299621	-1.021328
2.265796	-0.335096	-0.299540	-1.018585
2.264359	-0.335086	-0.299212	-1.027739
2.262923	-0.334890	-0.299198	-1.022498
2.261490	-0.334588	-0.299613	-1.001956
2.260059	-0.334680	-0.299446	-1.009365
2.258630	-0.334829	-0.299499	-1.012135
2.257203	-0.334816	-0.298998	-1.026102
2.255778	-0.334642	-0.298783	-1.027277
2.254355	-0.334623	-0.298967	-1.021457
2.252934	-0.334446	-0.298595	-1.027059
2.251515	-0.334430	-0.298862	-1.018951
2.250098	-0.334440	-0.298575	-1.027478
2.248683	-0.334331	-0.298436	-1.028323
2.247269	-0.334023	-0.298337	-1.022350
2.245858	-0.333745	-0.298229	-1.017469
2.244449	-0.333570	-0.297929	-1.021057
2.243042	-0.333544	-0.297943	-1.019887
2.241636	-0.333976	-0.298110	-1.027486
2.240233	-0.333971	-0.298580	-1.013851
2.238832	-0.334398	-0.298450	-1.029844
2.237432	-0.334456	-0.298448	-1.031536
2.236035	-0.334678	-0.298784	-1.028273
2.234639	-0.334620	-0.298411	-1.037335
2.233245	-0.334623	-0.298853	-1.024749
2.231854	-0.334670	-0.298571	-1.034161
2.230464	-0.334678	-0.298770	-1.028673
2.229076	-0.334805	-0.298630	-1.036354
2.227690	-0.334604	-0.299048	-1.018606
2.226306	-0.334642	-0.298916	-1.023474
2.224924	-0.335039	-0.298508	-1.046544
2.223544	-0.334875	-0.298473	-1.042833
2.222165	-0.334664	-0.299026	-1.020941
2.220789	-0.335088	-0.298428	-1.050229
2.219414	-0.334873	-0.298297	-1.047802
2.218042	-0.334620	-0.298053	-1.047575
2.216671	-0.334533	-0.298526	-1.031536
2.215302	-0.334432	-0.298531	-1.028511
2.213935	-0.334652	-0.298820	-1.026499
2.212570	-0.334698	-0.298441	-1.038688
2.211207	-0.334899	-0.298606	-1.039710
2.209845	-0.334389	-0.298087	-1.039970
2.208486	-0.334426	-0.298321	-1.034325
2.207128	-0.334669	-0.297989	-1.050821
2.205772	-0.334393	-0.297892	-1.045667
2.204418	-0.334803	-0.297866	-1.058165
2.203066	-0.334395	-0.298057	-1.041006
2.201716	-0.334714	-0.297838	-1.056408
2.200367	-0.334238	-0.298105	-1.035129
2.199021	-0.334255	-0.298213	-1.032520
2.197676	-0.334419	-0.297943	-1.044962
2.196333	-0.334370	-0.298158	-1.037387
2.194992	-0.334318	-0.298143	-1.036337
2.193653	-0.334172	-0.297528	-1.049761
2.192315	-0.334198	-0.297567	-1.049415
2.190980	-0.334258	-0.297889	-1.041910
2.189646	-0.333979	-0.298087	-1.028244
2.188314	-0.334089	-0.297886	-1.037145
2.186984	-0.334200	-0.297596	-1.048622
2.185655	-0.334011	-0.297629	-1.042241
2.184328	-0.334002	-0.297680	-1.040553
2.183004	-0.334138	-0.297704	-1.043758
2.181681	-0.334056	-0.297551	-1.045785
2.180359	-0.334523	-0.297454	-1.061947
2.179040	-0.334001	-0.297421	-1.047956
2.177722	-0.333953	-0.297397	-1.047259
2.176406	-0.334020	-0.296999	-1.060580
2.175092	-0.334094	-0.297523	-1.047704
2.173780	-0.334252	-0.297320	-1.058025
2.172469	-0.334028	-0.296816	-1.066034
2.171160	-0.333945	-0.297652	-1.039722
2.169853	-0.334096	-0.297216	-1.056542
2.168548	-0.333545	-0.297065	-1.045082
2.167244	-0.333524	-0.296882	-1.049699
2.165943	-0.333982	-0.297038	-1.058350
2.164643	-0.333648	-0.297017	-1.049405
2.163344	-0.333557	-0.297160	-1.042718
2.162048	-0.333829	-0.297116	-1.051759
2.160753	-0.333889	-0.296671	-1.066217
2.159460	-0.333694	-0.297132	-1.047440
2.158168	-0.333507	-0.297097	-1.043055
2.156879	-0.333737	-0.296672	-1.061839
2.155591	-0.333693	-0.296805	-1.056772
2.154304	-0.333636	-0.296784	-1.055738
2.153020	-0.333631	-0.296795	-1.055296
2.151737	-0.333773	-0.296896	-1.056459
2.150456	-0.333573	-0.296568	-1.060103
2.149177	-0.333827	-0.296394	-1.072371
2.147899	-0.333174	-0.296428	-1.052710
2.146623	-0.333315	-0.296063	-1.067193
2.145349	-0.333351	-0.296186	-1.064699
2.144076	-0.333437	-0.296302	-1.063837
2.142805	-0.333353	-0.296022	-1.069466
2.141536	-0.333342	-0.296181	-1.064598
2.140268	-0.333234	-0.296030	-1.065819
2.139002	-0.333032	-0.296471	-1.047390
2.137738	-0.333332	-0.296209	-1.063501
2.136476	-0.333294	-0.296055	-1.066825
2.135215	-0.333385	-0.296093	-1.068324
2.133956	-0.333102	-0.296320	-1.053712
2.132698	-0.332943	-0.295884	-1.061646
2.131442	-0.333198	-0.295784	-1.071856
2.130188	-0.333113	-0.295839	-1.067812
2.128935	-0.333352	-0.295786	-1.076176
2.127684	-0.333163	-0.295817	-1.069875
2.126435	-0.333113	-0.295949	-1.064660
2.125187	-0.332976	-0.296095	-1.056559
2.123941	-0.333013	-0.295852	-1.064581
2.122697	-0.332922	-0.295691	-1.066588
2.121454	-0.333035	-0.295866	-1.064805
2.120213	-0.333007	-0.296105	-1.057171
2.118974	-0.333018	-0.295717	-1.068590
2.117736	-0.332576	-0.295645	-1.057994
2.116500	-0.332759	-0.295500	-1.067371
2.115265	-0.332609	-0.295234	-1.070720
2.114032	-0.332726	-0.295555	-1.064859
2.112801	-0.332992	-0.295451	-1.075466
2.111571	-0.332845	-0.295835	-1.060271
2.110343	-0.332481	-0.295447	-1.060942
2.109116	-0.332408	-0.295433	-1.059279
2.107891	-0.332256	-0.295111	-1.064119
2.106668	-0.332688	-0.295622	-1.061866
2.105446	-0.332414	-0.295075	-1.069677
2.104226	-0.332554	-0.295180	-1.070683
2.103007	-0.332770	-0.295015	-1.081627
2.101790	-0.332464	-0.294804	-1.078907
2.100575	-0.332586	-0.294799	-1.082538
2.099361	-0.332294	-0.294711	-1.076687
2.098149	-0.332537	-0.295088	-1.072848
2.096938	-0.332608	-0.295217	-1.071185
2.095729	-0.332543	-0.295094	-1.072832
2.094521	-0.332347	-0.295202	-1.064132
2.093315	-0.332418	-0.294810	-1.077414
2.092111	-0.332241	-0.294967	-1.067817
2.090908	-0.332158	-0.294788	-1.070556
2.089707	-0.332265	-0.294962	-1.068650
2.088507	-0.332338	-0.294614	-1.080733
2.087309	-0.332034	-0.294599	-1.072434
2.086112	-0.332204	-0.294479	-1.080739
2.084917	-0.332383	-0.294409	-1.087880
2.083723	-0.332535	-0.294693	-1.084077
2.082531	-0.331912	-0.294950	-1.058864
2.081341	-0.331897	-0.294622	-1.067839
2.080152	-0.332233	-0.294414	-1.083440
2.078964	-0.331931	-0.294533	-1.071387
2.077778	-0.331936	-0.294320	-1.077629
2.076594	-0.331932	-0.294590	-1.069784
2.075411	-0.332065	-0.294705	-1.070276
2.074230	-0.332063	-0.294140	-1.086417
2.073050	-0.332024	-0.294258	-1.081912
2.071871	-0.331920	-0.294233	-1.079652
2.070694	-0.331926	-0.294215	-1.080355
2.069519	-0.331892	-0.294332	-1.075996
2.068345	-0.332225	-0.293963	-1.096108
2.067173	-0.331899	-0.294286	-1.077532
2.066002	-0.331812	-0.293890	-1.086401
2.064833	-0.331925	-0.294177	-1.081399
2.063665	-0.332063	-0.294181	-1.085242
2.062498	-0.332157	-0.294183	-1.087880
2.061333	-0.331997	-0.293947	-1.090057
2.060170	-0.331871	-0.293941	-1.086611
2.059008	-0.332248	-0.294348	-1.085747
2.057848	-0.331857	-0.293726	-1.092365
2.056689	-0.331700	-0.293829	-1.084916
2.055531	-0.332344	-0.294044	-1.097220
2.054375	-0.331800	-0.294019	-1.082344
2.053221	-0.332287	-0.294056	-1.095245
2.052067	-0.332162	-0.293998	-1.093307
2.050916	-0.332522	-0.294083	-1.101198
2.049766	-0.331553	-0.293993	-1.076014
2.048617	-0.331709	-0.294023	-1.079610
2.047470	-0.332023	-0.294129	-1.085588
2.046324	-0.331649	-0.293852	-1.082797
2.045179	-0.331522	-0.293695	-1.083661
2.044036	-0.331880	-0.293559	-1.097823
2.042895	-0.331642	-0.293640	-1.088659
2.041755	-0.331480	-0.293498	-1.088104
2.040616	-0.331677	-0.293322	-1.098795
2.039479	-0.331511	-0.293278	-1.095318
2.038343	-0.331223	-0.293502	-1.080633
2.037209	-0.331377	-0.293403	-1.087885
2.036076	-0.331554	-0.293634	-1.086334
2.034945	-0.331744	-0.293423	-1.097812
2.033815	-0.331530	-0.293454	-1.090806
2.032686	-0.331581	-0.293079	-1.103006
2.031559	-0.331722	-0.293001	-1.109265
2.030433	-0.332032	-0.292970	-1.119049
2.029309	-0.331580	-0.293420	-1.093197
2.028186	-0.331622	-0.293357	-1.096211
2.027064	-0.331574	-0.293218	-1.098807
2.025944	-0.331535	-0.293327	-1.094571
2.024825	-0.331876	-0.292953	-1.115073
2.023708	-0.331064	-0.293217	-1.084232
2.022592	-0.331630	-0.293144	-1.102535
2.021477	-0.331734	-0.293041	-1.108465
2.020364	-0.331480	-0.292987	-1.102760
2.019252	-0.331794	-0.293327	-1.101991
2.018142	-0.331535	-0.292929	-1.105974
2.017033	-0.331837	-0.293177	-1.107543
2.015925	-0.331332	-0.292935	-1.100002
2.014819	-0.331555	-0.292867	-1.108320
2.013714	-0.331514	-0.292879	-1.106800
2.012610	-0.331602	-0.292819	-1.111051
2.011508	-0.331663	-0.293127	-1.103976
2.010407	-0.331538	-0.292877	-1.107560
2.009308	-0.331614	-0.293259	-1.098799
2.008210	-0.331772	-0.292747	-1.117997
2.007113	-0.331650	-0.292517	-1.121085
2.006018	-0.331689	-0.292847	-1.112754
2.004924	-0.331305	-0.292532	-1.110777
2.003831	-0.331351	-0.292514	-1.112577
2.002740	-0.331173	-0.292375	-1.111506
2.001650	-0.331275	-0.292849	-1.100821
2.000561	-0.330933	-0.292537	-1.099971
1.999474	-0.331124	-0.292470	-1.107358
1.998388	-0.331185	-0.292473	-1.109019
1.997303	-0.331187	-0.292139	-1.118661
1.996220	-0.331523	-0.292522	-1.117290
1.995138	-0.331267	-0.292396	-1.113588
1.994058	-0.331183	-0.292203	-1.116692
1.992978	-0.331142	-0.292324	-1.112054
1.991901	-0.331148	-0.291790	-1.127534
1.990824	-0.331321	-0.292453	-1.113487
1.989749	-0.331052	-0.292143	-1.114646
1.988675	-0.331257	-0.291798	-1.130423
1.987602	-0.330614	-0.292167	-1.101427
1.986531	-0.330551	-0.292027	-1.103632
1.985461	-0.330596	-0.291936	-1.107518
1.984392	-0.330636	-0.291719	-1.114898
1.983325	-0.331038	-0.291934	-1.120231
1.982259	-0.330596	-0.291542	-1.118820
1.981194	-0.330604	-0.291883	-1.109267
1.980130	-0.330355	-0.291640	-1.109120
1.979068	-0.330292	-0.291748	-1.104212
1.978007	-0.330556	-0.291732	-1.112204
1.976948	-0.330752	-0.291619	-1.121087
1.975889	-0.330900	-0.291532	-1.127806
1.974832	-0.330913	-0.291580	-1.126788
1.973777	-0.330847	-0.291395	-1.130208
1.972722	-0.330532	-0.291454	-1.119511
1.971669	-0.330524	-0.291638	-1.114011
1.970617	-0.330738	-0.291814	-1.115089
1.969566	-0.330756	-0.291527	-1.123831
1.968517	-0.330768	-0.291704	-1.119084
1.967469	-0.330546	-0.291282	-1.124836
1.966422	-0.330799	-0.291505	-1.125672
1.965377	-0.330852	-0.291037	-1.140624
1.964333	-0.330798	-0.291223	-1.133754
1.963290	-0.330233	-0.291268	-1.116251
1.962248	-0.330300	-0.291732	-1.104895
1.961207	-0.330405	-0.290943	-1.130488
1.960168	-0.330388	-0.291131	-1.124620
1.959130	-0.330846	-0.291294	-1.133086
1.958094	-0.330513	-0.291314	-1.122967
1.957058	-0.330214	-0.291209	-1.117403
1.956024	-0.330466	-0.290973	-1.131379
1.954991	-0.330322	-0.291035	-1.125483
1.953959	-0.330478	-0.290973	-1.131753
1.952929	-0.330710	-0.290856	-1.141726
1.951900	-0.330724	-0.290953	-1.139353
1.950872	-0.330986	-0.290869	-1.149254
1.949845	-0.330674	-0.290879	-1.140037
1.948819	-0.331261	-0.291276	-1.145498
1.947795	-0.330820	-0.290721	-1.148739
1.946772	-0.330228	-0.291041	-1.122606
1.945750	-0.330404	-0.290970	-1.129706
1.944729	-0.330501	-0.290925	-1.133759
1.943710	-0.330418	-0.291113	-1.126010
1.942692	-0.330396	-0.290818	-1.133844
1.941675	-0.330442	-0.290897	-1.132881
1.940659	-0.330781	-0.290773	-1.146139
1.939645	-0.330505	-0.290606	-1.143005
1.938631	-0.330777	-0.291045	-1.138225
1.937619	-0.330885	-0.290890	-1.145761
1.936608	-0.330773	-0.290904	-1.142180
1.935599	-0.330823	-0.290894	-1.143875
1.934590	-0.330619	-0.290672	-1.144399
1.933583	-0.330893	-0.290663	-1.152514
1.932577	-0.330871	-0.290366	-1.160385
1.931572	-0.330574	-0.290695	-1.142438
1.930568	-0.330290	-0.290650	-1.135599
1.929566	-0.329873	-0.290328	-1.132892
1.928565	-0.330435	-0.290497	-1.144156
1.927565	-0.330255	-0.290463	-1.139933
1.926566	-0.330264	-0.290638	-1.135190
1.925568	-0.330296	-0.290626	-1.136478
1.924571	-0.330579	-0.290957	-1.135094
1.923576	-0.330462	-0.290546	-1.143512
1.922582	-0.330532	-0.290626	-1.143234
1.921589	-0.330696	-0.290680	-1.146376
1.920597	-0.330703	-0.290975	-1.138123
1.919606	-0.330707	-0.290605	-1.148831
1.918617	-0.330661	-0.290718	-1.144301
1.917629	-0.330874	-0.290438	-1.158389
1.916641	-0.330376	-0.290323	-1.147433
1.915655	-0.330489	-0.290770	-1.137884
1.914671	-0.330562	-0.290469	-1.148573
1.913687	-0.330803	-0.290453	-1.155952
1.912704	-0.331068	-0.290419	-1.164504
1.911723	-0.330860	-0.290483	-1.156722
1.910743	-0.330548	-0.290200	-1.155888
1.909764	-0.330597	-0.290094	-1.160328
1.908786	-0.330558	-0.290290	-1.153597
1.907809	-0.330597	-0.290075	-1.160855
1.906834	-0.330275	-0.290082	-1.151445
1.905859	-0.330290	-0.290088	-1.151709
1.904886	-0.330621	-0.290081	-1.161393
1.903914	-0.330764	-0.290376	-1.157022
1.902943	-0.330605	-0.290210	-1.157229
1.901973	-0.330634	-0.289939	-1.165844
1.901004	-0.330651	-0.290120	-1.161101
1.900036	-0.330915	-0.290107	-1.169056
1.899070	-0.330670	-0.290087	-1.162624
1.898105	-0.330600	-0.289789	-1.169146
1.897140	-0.330882	-0.289963	-1.172245
1.896177	-0.330916	-0.289934	-1.174030
1.895215	-0.330955	-0.290181	-1.168072
1.894254	-0.330299	-0.290223	-1.148078
1.893295	-0.330708	-0.289914	-1.168683
1.892336	-0.330530	-0.289737	-1.168650
1.891378	-0.330688	-0.289747	-1.172892
1.890422	-0.330825	-0.290138	-1.165601
1.889467	-0.330430	-0.290058	-1.156579
1.888513	-0.330904	-0.290023	-1.171144
1.887560	-0.330457	-0.289913	-1.161491
1.886608	-0.330485	-0.289797	-1.165619
1.885657	-0.330621	-0.289718	-1.171790
1.884707	-0.330510	-0.289695	-1.169277
1.883758	-0.330629	-0.289908	-1.166577
1.882811	-0.330664	-0.290024	-1.164265
1.881864	-0.330476	-0.289697	-1.168237
1.880919	-0.330233	-0.289741	-1.159997
1.879975	-0.330726	-0.289707	-1.175116
1.879032	-0.330415	-0.289537	-1.171050
1.878090	-0.330557	-0.289665	-1.171466
1.877149	-0.330505	-0.289609	-1.171576
1.876209	-0.330852	-0.290193	-1.164775
1.875270	-0.330726	-0.289956	-1.167965
1.874332	-0.330542	-0.289396	-1.178744
1.873396	-0.330372	-0.290043	-1.155315
1.872460	-0.330899	-0.289722	-1.179635
1.871525	-0.330665	-0.289234	-1.186903
1.870592	-0.330566	-0.289549	-1.175033
1.869660	-0.330297	-0.289282	-1.174990
1.868728	-0.330782	-0.289622	-1.179151
1.867798	-0.330730	-0.289560	-1.179435
1.866869	-0.330476	-0.289610	-1.170728
1.865941	-0.330359	-0.290135	-1.152320
1.865014	-0.330650	-0.289445	-1.180441
1.864088	-0.330161	-0.289085	-1.176741
1.863163	-0.330382	-0.289470	-1.172053
1.862239	-0.330474	-0.289325	-1.178826
1.861317	-0.330259	-0.289199	-1.176267
1.860395	-0.330884	-0.289074	-1.197758
1.859474	-0.330444	-0.289238	-1.180464
1.858555	-0.330309	-0.289015	-1.183003
1.857636	-0.330241	-0.289136	-1.177583
1.856719	-0.330142	-0.288939	-1.180357
1.855802	-0.331089	-0.289201	-1.200000
1.854887	-0.330030	-0.288934	-1.177322
1.853973	-0.330140	-0.288760	-1.185449
1.853059	-0.330164	-0.289187	-1.173901
1.852147	-0.330348	-0.289047	-1.183190
1.851236	-0.330320	-0.288781	-1.190006
1.850326	-0.330278	-0.289183	-1.177270
1.849416	-0.330232	-0.289109	-1.178079
1.848508	-0.330380	-0.289515	-1.170704
1.847601	-0.330669	-0.288740	-1.201171
1.846695	-0.330226	-0.288697	-1.189738
1.845790	-0.330649	-0.288915	-1.195604
1.844886	-0.330806	-0.288674	-1.206990
1.843983	-0.330779	-0.288637	-1.207299
1.843081	-0.331072	-0.288634	-1.215771
1.842180	-0.330598	-0.288558	-1.204349
1.841280	-0.331176	-0.288935	-1.210123
1.840381	-0.330650	-0.288796	-1.199038
1.839484	-0.330813	-0.288918	-1.200193
1.838587	-0.330265	-0.288464	-1.197524
1.837691	-0.330719	-0.288356	-1.213589
1.836796	-0.330341	-0.288978	-1.184960
1.835902	-0.330685	-0.288460	-1.209662
1.835009	-0.330168	-0.288378	-1.197203
1.834118	-0.330517	-0.288719	-1.197444
1.833227	-0.330610	-0.288702	-1.200578
1.832337	-0.331066	-0.289016	-1.204644
1.831448	-0.330195	-0.288898	-1.183066
1.830560	-0.330350	-0.288499	-1.198940
1.829674	-0.330231	-0.288744	-1.188497
1.828788	-0.330642	-0.288947	-1.194484
1.827903	-0.330462	-0.289064	-1.185981
1.827019	-0.331111	-0.289086	-1.203943
1.826136	-0.330464	-0.288719	-1.195931
1.825255	-0.330080	-0.288772	-1.183398
1.824374	-0.330220	-0.288033	-1.208579
1.823494	-0.330050	-0.288373	-1.193980
1.822615	-0.330095	-0.288149	-1.201672
1.821737	-0.330419	-0.288328	-1.205806
1.820860	-0.330002	-0.288486	-1.189355
1.819984	-0.330340	-0.288617	-1.195287
1.819109	-0.330051	-0.287980	-1.205255
1.818235	-0.329897	-0.288413	-1.188428
1.817362	-0.329933	-0.288441	-1.188682
1.816490	-0.329982	-0.288150	-1.198406
1.815619	-0.330052	-0.287790	-1.210735
1.814749	-0.330410	-0.287848	-1.219299
1.813880	-0.330055	-0.287891	-1.207923
1.813012	-0.329988	-0.288514	-1.188139
1.812145	-0.330650	-0.288065	-1.219980
1.811279	-0.330449	-0.288687	-1.196389
1.810413	-0.330233	-0.287865	-1.213769
1.809549	-0.330591	-0.288172	-1.215190
1.808686	-0.329998	-0.288033	-1.202213
1.807824	-0.329845	-0.287995	-1.198918
1.806962	-0.330052	-0.287952	-1.206067
1.806102	-0.330053	-0.288118	-1.201361
1.805242	-0.330046	-0.287812	-1.209937
1.804384	-0.330567	-0.287798	-1.225249
1.803526	-0.330090	-0.288163	-1.201109
1.802670	-0.330058	-0.288265	-1.197287
1.801814	-0.330012	-0.287817	-1.208796
1.800959	-0.329626	-0.288060	-1.190798
1.800105	-0.329905	-0.288126	-1.196871
1.799252	-0.329921	-0.288022	-1.200333
1.798401	-0.329938	-0.287909	-1.204032
1.797550	-0.329903	-0.288018	-1.199940
1.796700	-0.330616	-0.287417	-1.237538
1.795851	-0.330590	-0.287389	-1.237609
1.795002	-0.330299	-0.287956	-1.213057
1.794155	-0.330438	-0.287855	-1.219899
1.793309	-0.329522	-0.288040	-1.188373
1.792464	-0.330093	-0.287041	-1.233344
1.791619	-0.329846	-0.287678	-1.208029
1.790776	-0.330364	-0.287660	-1.223368
1.789933	-0.330219	-0.287703	-1.218008
1.789092	-0.330303	-0.287672	-1.221267
1.788251	-0.330273	-0.287573	-1.223261
1.787411	-0.330611	-0.287613	-1.231798
1.786572	-0.330795	-0.287914	-1.228451
1.785734	-0.329823	-0.287403	-1.215237
1.784897	-0.330245	-0.287777	-1.216633
1.784061	-0.330057	-0.287531	-1.218297
1.783226	-0.330341	-0.287468	-1.228233
1.782392	-0.329705	-0.287210	-1.217404
1.781558	-0.329580	-0.287053	-1.218302
1.780726	-0.329448	-0.287064	-1.214202
1.779894	-0.330065	-0.287654	-1.214998
1.779064	-0.330075	-0.287083	-1.231645
1.778234	-0.329772	-0.287042	-1.224107
1.777405	-0.330102	-0.287404	-1.223204
1.776577	-0.330077	-0.287228	-1.227517
1.775750	-0.329933	-0.287859	-1.205325
1.774924	-0.329925	-0.287028	-1.228926
1.774099	-0.330005	-0.287325	-1.222693
1.773275	-0.329756	-0.287456	-1.211796
1.772451	-0.329807	-0.287181	-1.221133
1.771629	-0.329833	-0.286719	-1.235132
1.770807	-0.329412	-0.287150	-1.210715
1.769986	-0.329586	-0.287065	-1.218154
1.769167	-0.329486	-0.287426	-1.204934
1.768348	-0.329244	-0.287098	-1.207389
1.767530	-0.329690	-0.287068	-1.221022
1.766712	-0.329580	-0.287639	-1.201526
1.765896	-0.329890	-0.287536	-1.213325
1.765081	-0.329873	-0.287843	-1.204081
1.764266	-0.329821	-0.286691	-1.235603
1.763453	-0.329973	-0.286426	-1.247540
1.762640	-0.329987	-0.286473	-1.246577
1.761828	-0.329883	-0.286876	-1.232066
1.761017	-0.329911	-0.286684	-1.238369
1.760207	-0.329878	-0.287284	-1.220209
1.759398	-0.330084	-0.286660	-1.244005
1.758589	-0.330347	-0.286830	-1.246680
1.757782	-0.330199	-0.287042	-1.236367
1.756975	-0.329998	-0.286833	-1.236594
1.756169	-0.329533	-0.286397	-1.235754
1.755365	-0.329243	-0.286720	-1.218195
1.754560	-0.329852	-0.287064	-1.225785
1.753757	-0.330166	-0.286578	-1.248697
1.752955	-0.329318	-0.286755	-1.219327
1.752154	-0.329373	-0.286234	-1.235850
1.751353	-0.329865	-0.287007	-1.227818
1.750553	-0.330472	-0.286396	-1.262656
1.749755	-0.329880	-0.286820	-1.233569
1.748957	-0.329336	-0.286929	-1.214868
1.748159	-0.329522	-0.286225	-1.240370
1.747363	-0.329726	-0.286058	-1.250985
1.746568	-0.329726	-0.286167	-1.247870
1.745773	-0.330178	-0.286353	-1.255488
1.744979	-0.329922	-0.286711	-1.237920
1.744187	-0.329847	-0.286805	-1.233048
1.743395	-0.330099	-0.285756	-1.270344
1.742603	-0.329809	-0.286910	-1.228966
1.741813	-0.329904	-0.286153	-1.253376
1.741024	-0.329205	-0.286879	-1.212556
1.740235	-0.329795	-0.286409	-1.242915
1.739447	-0.329785	-0.286303	-1.245667
1.738660	-0.329859	-0.286628	-1.238474
1.737874	-0.329746	-0.287097	-1.221825
1.737089	-0.329638	-0.286491	-1.236085
1.736304	-0.330074	-0.286551	-1.246855
1.735521	-0.329683	-0.286360	-1.241126
1.734738	-0.329981	-0.286359	-1.249672
1.733956	-0.329732	-0.286418	-1.240845
1.733175	-0.329990	-0.286597	-1.243115
1.732395	-0.330750	-0.286023	-1.281355
1.731615	-0.330191	-0.285945	-1.267544
1.730837	-0.329858	-0.286646	-1.237936
1.730059	-0.330330	-0.286188	-1.264563
1.729282	-0.329249	-0.287206	-1.204461
1.728506	-0.330163	-0.286181	-1.259986
1.727730	-0.329881	-0.286218	-1.250851
1.726956	-0.330217	-0.286589	-1.249831
1.726182	-0.330201	-0.286234	-1.259563
1.725409	-0.330484	-0.285862	-1.278327
1.724637	-0.329825	-0.285967	-1.256435
1.723866	-0.330758	-0.286111	-1.279030
1.723096	-0.329922	-0.285853	-1.262503
1.722326	-0.330056	-0.286338	-1.252413
1.721557	-0.330068	-0.285820	-1.267621
1.720789	-0.329821	-0.286384	-1.244398
1.720022	-0.330069	-0.286220	-1.256190
1.719256	-0.329981	-0.286095	-1.257236
1.718490	-0.329427	-0.286200	-1.238375
1.717726	-0.329326	-0.286250	-1.234030
1.716962	-0.329954	-0.286768	-1.237197
1.716199	-0.330033	-0.286382	-1.250515
1.715436	-0.330183	-0.286321	-1.256558
1.714675	-0.329731	-0.285804	-1.258404
1.713914	-0.329797	-0.285378	-1.272503
1.713154	-0.329467	-0.285963	-1.246292
1.712395	-0.330391	-0.286148	-1.267464
1.711637	-0.329803	-0.285435	-1.271046
1.710879	-0.330229	-0.286142	-1.262999
1.710122	-0.329750	-0.286169	-1.248505
1.709366	-0.329395	-0.286207	-1.237268
1.708611	-0.330463	-0.286065	-1.271913
1.707857	-0.330086	-0.285296	-1.283144
1.707103	-0.329621	-0.285422	-1.266210
1.706351	-0.330143	-0.285505	-1.278789
1.705599	-0.329706	-0.286078	-1.249856
1.704847	-0.329668	-0.286176	-1.245955
1.704097	-0.329867	-0.286055	-1.255119
1.703347	-0.330128	-0.286216	-1.257976
1.702599	-0.329883	-0.285383	-1.274810
1.701850	-0.329827	-0.285991	-1.255814
1.701103	-0.329353	-0.285656	-1.251827
1.700357	-0.329270	-0.285587	-1.251414
1.699611	-0.329400	-0.285554	-1.256087
1.698866	-0.329148	-0.285462	-1.251515
1.698122	-0.329647	-0.285183	-1.273799
1.697378	-0.329535	-0.285601	-1.258620
1.696636	-0.329673	-0.285289	-1.271510
1.695894	-0.330094	-0.285428	-1.279589
1.695153	-0.329206	-0.285362	-1.256053
1.694412	-0.329459	-0.285444	-1.260948
1.693673	-0.329466	-0.285666	-1.254770
1.692934	-0.329599	-0.285811	-1.254413
1.692196	-0.330332	-0.285371	-1.288025
1.691459	-0.329249	-0.285062	-1.265851
1.690722	-0.329182	-0.285316	-1.256644
1.689987	-0.329346	-0.285100	-1.267565
1.689252	-0.329246	-0.284753	-1.274617
1.688518	-0.329655	-0.284727	-1.287091
1.687784	-0.329454	-0.285362	-1.263155
1.687051	-0.328887	-0.285669	-1.238105
1.686320	-0.328970	-0.285487	-1.245699
1.685588	-0.329725	-0.285077	-1.279073
1.684858	-0.329546	-0.285475	-1.262540
1.684128	-0.330139	-0.285672	-1.273876
1.683399	-0.330139	-0.284797	-1.298976
1.682671	-0.329191	-0.284797	-1.271791
1.681944	-0.329813	-0.285078	-1.281564
1.681217	-0.329428	-0.284953	-1.274115
1.680491	-0.328887	-0.284703	-1.265761
1.679766	-0.329054	-0.284458	-1.277582
1.679042	-0.329597	-0.285065	-1.275772
1.678318	-0.329231	-0.285414	-1.255255
1.677595	-0.329757	-0.285358	-1.271946
1.676873	-0.329382	-0.284687	-1.280415
1.676152	-0.329283	-0.284530	-1.282095
1.675431	-0.328980	-0.284382	-1.277657
1.674711	-0.329538	-0.285083	-1.273542
1.673992	-0.329536	-0.284610	-1.287050
1.673273	-0.328859	-0.284788	-1.262568
1.672556	-0.330042	-0.284985	-1.290787
1.671839	-0.330157	-0.284262	-1.314797
1.671122	-0.329501	-0.283990	-1.303785
1.670407	-0.329622	-0.284150	-1.302665
1.669692	-0.329430	-0.285085	-1.270381
1.668978	-0.329350	-0.284301	-1.290539
1.668265	-0.330263	-0.285378	-1.285866
1.667552	-0.329514	-0.283788	-1.309936
1.666840	-0.329857	-0.284571	-1.297368
1.666129	-0.329067	-0.284020	-1.290504
1.665418	-0.330013	-0.284989	-1.289847
1.664709	-0.329388	-0.285210	-1.265603
1.664000	-0.329211	-0.284106	-1.292163
1.663292	-0.329276	-0.284406	-1.285433
1.662584	-0.329719	-0.284676	-1.290408
1.661877	-0.330030	-0.284603	-1.301393
1.661171	-0.329873	-0.285314	-1.276528
1.660466	-0.329572	-0.285452	-1.263970
1.659761	-0.329784	-0.284827	-1.287939
1.659057	-0.329530	-0.284868	-1.279468
1.658354	-0.329514	-0.284686	-1.284235
1.657651	-0.328985	-0.285682	-1.240543
1.656950	-0.328942	-0.284756	-1.265856
1.656249	-0.328823	-0.284593	-1.267096
1.655548	-0.329320	-0.284010	-1.298027
1.654848	-0.329195	-0.285121	-1.262627
1.654150	-0.329804	-0.284928	-1.285616
1.653451	-0.329488	-0.284740	-1.281930
1.652754	-0.330161	-0.284777	-1.300166
1.652057	-0.329764	-0.284669	-1.291863
1.651361	-0.330095	-0.284268	-1.312859
1.650665	-0.329519	-0.284374	-1.293309
1.649971	-0.328755	-0.284853	-1.257687
1.649277	-0.329913	-0.284208	-1.309368
1.648583	-0.329248	-0.284481	-1.282500
1.647891	-0.329478	-0.284948	-1.275682
1.647199	-0.329325	-0.284041	-1.297295
1.646508	-0.329153	-0.284541	-1.278049
1.645817	-0.329142	-0.283782	-1.299476
1.645127	-0.329664	-0.284332	-1.298674
1.644438	-0.329517	-0.284364	-1.293516
1.643750	-0.329379	-0.283391	-1.317448
1.643062	-0.329358	-0.284245	-1.292397
1.642375	-0.329350	-0.283821	-1.304299
1.641689	-0.329786	-0.283115	-1.337021
1.641003	-0.329859	-0.284091	-1.311148
1.640318	-0.328787	-0.284555	-1.267146
1.639634	-0.329080	-0.284230	-1.284842
1.638950	-0.328784	-0.283922	-1.285184
1.638267	-0.329524	-0.284181	-1.298986
1.637585	-0.329333	-0.283547	-1.311681
1.636903	-0.328979	-0.284347	-1.278622
1.636222	-0.328821	-0.283882	-1.287405
1.635542	-0.328976	-0.283982	-1.288990
1.634863	-0.328642	-0.283504	-1.293119
1.634184	-0.328888	-0.283934	-1.287831
1.633506	-0.328615	-0.283894	-1.281178
1.632828	-0.329574	-0.283987	-1.305962
1.632151	-0.329502	-0.284345	-1.293629
1.631475	-0.328876	-0.283593	-1.297268
1.630800	-0.329001	-0.283628	-1.299833
1.630125	-0.329277	-0.283590	-1.308831
1.629451	-0.328369	-0.284683	-1.251503
1.628778	-0.329612	-0.283037	-1.334276
1.628105	-0.329040	-0.284223	-1.283890
1.627433	-0.329445	-0.283368	-1.320004
1.626761	-0.329696	-0.284050	-1.307676
1.626091	-0.329694	-0.283660	-1.318755
1.625421	-0.329111	-0.283930	-1.294353
1.624751	-0.329785	-0.283684	-1.320701
1.624083	-0.328365	-0.284066	-1.269068
1.623414	-0.328932	-0.283915	-1.289637
1.622747	-0.328105	-0.283565	-1.275973
1.622080	-0.329594	-0.283175	-1.329809
1.621414	-0.328873	-0.283400	-1.302703
1.620749	-0.329285	-0.284354	-1.287180
1.620084	-0.329388	-0.283842	-1.304793
1.619420	-0.328959	-0.283281	-1.308567
1.618757	-0.328355	-0.283251	-1.292124
1.618094	-0.328301	-0.283916	-1.271534
1.617432	-0.329226	-0.283694	-1.304383
1.616770	-0.328478	-0.283189	-1.297432
1.616109	-0.328887	-0.283329	-1.305128
1.615449	-0.329057	-0.283739	-1.298255
1.614790	-0.329663	-0.284205	-1.302263
1.614131	-0.328410	-0.283012	-1.300544
1.613473	-0.329492	-0.283667	-1.312787
1.612815	-0.329987	-0.284492	-1.303337
1.612158	-0.329017	-0.283126	-1.314693
1.611502	-0.329024	-0.283996	-1.289984
1.610846	-0.328859	-0.284109	-1.281988
1.610191	-0.329165	-0.283415	-1.310648
1.609537	-0.328699	-0.283922	-1.282755
1.608883	-0.329103	-0.283519	-1.305899
1.608230	-0.329936	-0.283560	-1.328581
1.607578	-0.329180	-0.284141	-1.290293
1.606926	-0.329522	-0.284378	-1.293283
1.606275	-0.329707	-0.283987	-1.309789
1.605625	-0.329825	-0.283321	-1.332219
1.604975	-0.329717	-0.283979	-1.310306
1.604326	-0.328969	-0.283660	-1.297999
1.603677	-0.329394	-0.282603	-1.340478
1.603029	-0.329158	-0.283745	-1.300991
1.602382	-0.328442	-0.283337	-1.292154
1.601735	-0.328416	-0.282632	-1.311607
1.601089	-0.329698	-0.283862	-1.313094
1.600444	-0.329416	-0.283166	-1.324956
1.599799	-0.328672	-0.282846	-1.312814
1.599155	-0.329253	-0.283626	-1.307111
1.598512	-0.329614	-0.283468	-1.322008
1.597869	-0.329087	-0.282634	-1.330781
1.597227	-0.327932	-0.283207	-1.281268
1.596585	-0.329322	-0.282960	-1.328157
1.595944	-0.328368	-0.283129	-1.296012
1.595304	-0.329080	-0.283365	-1.309652
1.594664	-0.329441	-0.283608	-1.313012
1.594025	-0.329271	-0.283703	-1.305412
1.593386	-0.328734	-0.283838	-1.286160
1.592749	-0.329302	-0.283102	-1.323551
1.592111	-0.327950	-0.283607	-1.270313
1.591475	-0.330161	-0.282418	-1.367746
1.590839	-0.328462	-0.282925	-1.304542
1.590203	-0.329003	-0.282508	-1.331988
1.589569	-0.328411	-0.283475	-1.287310
1.588935	-0.328119	-0.283651	-1.273908
1.588301	-0.329981	-0.283542	-1.330368
1.587668	-0.328159	-0.283677	-1.274322
1.587036	-0.328797	-0.283200	-1.306259
1.586404	-0.328081	-0.283886	-1.266086
1.585773	-0.328748	-0.283346	-1.300654
1.585143	-0.328834	-0.282911	-1.315589
1.584513	-0.328364	-0.282288	-1.319992
1.583884	-0.328732	-0.283183	-1.304881
1.583255	-0.328074	-0.281880	-1.323348
1.582627	-0.327583	-0.283105	-1.274209
1.582000	-0.328462	-0.283691	-1.282586
1.581373	-0.328764	-0.282959	-1.312215
1.580747	-0.328627	-0.283166	-1.302349
1.580121	-0.330010	-0.283597	-1.329644
1.579496	-0.328695	-0.282523	-1.322744
1.578872	-0.328259	-0.283183	-1.291314
1.578248	-0.329505	-0.282803	-1.337908
1.577625	-0.328812	-0.282790	-1.318431
1.577002	-0.328943	-0.282440	-1.332194
1.576380	-0.328906	-0.280882	-1.375787
1.575759	-0.328499	-0.283014	-1.303049
1.575138	-0.329256	-0.282502	-1.339399
1.574518	-0.328397	-0.282748	-1.307738
1.573899	-0.328460	-0.283757	-1.280648
1.573280	-0.328520	-0.282937	-1.305855
1.572661	-0.327801	-0.281837	-1.316766
1.572044	-0.328685	-0.283428	-1.296528
1.571426	-0.328808	-0.283764	-1.290415
1.570810	-0.328726	-0.283919	-1.283598
1.570194	-0.328490	-0.283399	-1.291753
1.569578	-0.327693	-0.282906	-1.283074
1.568964	-0.328915	-0.283927	-1.288814
1.568349	-0.330022	-0.282455	-1.362673
1.567736	-0.327828	-0.282470	-1.299409
1.567123	-0.328956	-0.281913	-1.347681
1.566510	-0.329677	-0.281150	-1.390212
1.565899	-0.328842	-0.282970	-1.314151
1.565287	-0.329243	-0.283274	-1.316931
1.564677	-0.329158	-0.283822	-1.298782
1.564066	-0.327628	-0.282652	-1.288468
1.563457	-0.327400	-0.282993	-1.272181
1.562848	-0.328138	-0.282934	-1.295003
1.562240	-0.327627	-0.282181	-1.301937
1.561632	-0.328717	-0.284272	-1.273255
1.561025	-0.329291	-0.280993	-1.383611
1.560418	-0.328562	-0.282678	-1.314463
1.559812	-0.328247	-0.283275	-1.288370
1.559207	-0.328903	-0.282491	-1.329604
1.558602	-0.327514	-0.283714	-1.254796
1.557997	-0.328606	-0.283586	-1.289728
1.557394	-0.326940	-0.283438	-1.246243
1.556791	-0.329902	-0.283294	-1.335211
1.556188	-0.330189	-0.282635	-1.362311
1.555586	-0.328773	-0.282790	-1.317303
1.554985	-0.329125	-0.282180	-1.344882
1.554384	-0.328810	-0.282406	-1.329381
1.553783	-0.328505	-0.282627	-1.314306
1.553184	-0.330494	-0.281282	-1.409827
1.552585	-0.329033	-0.282715	-1.326910
1.551986	-0.329777	-0.284244	-1.304422
1.551388	-0.328910	-0.283125	-1.311641
1.550791	-0.329713	-0.283234	-1.331509
1.550194	-0.328941	-0.283037	-1.315051
1.549597	-0.328857	-0.282412	-1.330557
1.549002	-0.329480	-0.283496	-1.317341
1.548406	-0.329346	-0.283834	-1.303823
1.547812	-0.327883	-0.282496	-1.300229
1.547218	-0.329300	-0.282990	-1.326681
1.546624	-0.327021	-0.280717	-1.326509
1.546031	-0.328880	-0.283795	-1.291572
1.545439	-0.328770	-0.282618	-1.322172
1.544847	-0.328081	-0.282372	-1.309446
1.544256	-0.329218	-0.283692	-1.304218
1.543665	-0.329237	-0.283067	-1.322676
1.543075	-0.327973	-0.281540	-1.330198
1.542486	-0.329608	-0.284613	-1.289023
1.541897	-0.329770	-0.282143	-1.364409
1.541308	-0.328752	-0.281572	-1.351592
1.540720	-0.329358	-0.283091	-1.325457
1.540133	-0.329180	-0.284020	-1.293731
1.539546	-0.329300	-0.282659	-1.336166
1.538960	-0.330540	-0.282303	-1.381878
1.538374	-0.329310	-0.282754	-1.333742
1.537789	-0.328606	-0.283599	-1.289379
1.537204	-0.330154	-0.281854	-1.383676
1.536620	-0.329316	-0.281065	-1.382279
1.536037	-0.328979	-0.283570	-1.300870
1.535454	-0.329272	-0.284186	-1.291630
1.534872	-0.328787	-0.283321	-1.302524
1.534290	-0.329915	-0.282555	-1.356786
1.533708	-0.329326	-0.282047	-1.354443
1.533128	-0.328743	-0.283331	-1.300953
1.532548	-0.327966	-0.282939	-1.289923
1.531968	-0.329349	-0.283028	-1.327001
1.531389	-0.330224	-0.281538	-1.394728
1.530810	-0.328425	-0.282633	-1.311855
1.530232	-0.329261	-0.281198	-1.376911
1.529655	-0.325873	-0.283065	-1.226348
1.529078	-0.330256	-0.284299	-1.316594
1.528501	-0.327671	-0.283292	-1.271389
1.527925	-0.330159	-0.282056	-1.378032
1.527350	-0.330281	-0.282098	-1.380351
1.526775	-0.329127	-0.283186	-1.316104
1.526201	-0.327788	-0.283138	-1.279143
1.525627	-0.328844	-0.283138	-1.309365
1.525054	-0.330659	-0.283671	-1.346089
1.524481	-0.327784	-0.283415	-1.271080
1.523909	-0.328635	-0.283119	-1.303948
1.523338	-0.329911	-0.282961	-1.345014
1.522767	-0.328163	-0.282425	-1.310286
1.522196	-0.330266	-0.284175	-1.320396
1.521626	-0.329196	-0.281201	-1.374966
1.521057	-0.330098	-0.283255	-1.341940
1.520488	-0.329636	-0.282589	-1.347784
1.519919	-0.327977	-0.282215	-1.310977
1.519351	-0.327863	-0.284319	-1.247448
1.518784	-0.329175	-0.283063	-1.321014
1.518217	-0.328298	-0.283464	-1.284391
1.517651	-0.329807	-0.282882	-1.344296
1.517085	-0.330290	-0.283047	-1.353407
1.516520	-0.328935	-0.284105	-1.284279
1.515955	-0.330969	-0.285534	-1.301607
1.515391	-0.330346	-0.283574	-1.339911
1.514827	-0.329759	-0.284495	-1.296708
1.514264	-0.328841	-0.280876	-1.374092
1.513702	-0.331078	-0.282643	-1.387559
1.513139	-0.329056	-0.282248	-1.340962
1.512578	-0.331347	-0.283922	-1.358635
1.512017	-0.328313	-0.283259	-1.290714
1.511456	-0.329268	-0.285215	-1.262025
1.510896	-0.329553	-0.283209	-1.327661
1.510337	-0.330382	-0.284061	-1.327001
1.509778	-0.330682	-0.281975	-1.395357
1.509219	-0.330206	-0.281565	-1.393457
1.508661	-0.329429	-0.282154	-1.354305
1.508104	-0.330826	-0.282515	-1.384012
1.507547	-0.330937	-0.283638	-1.355009
1.506990	-0.329989	-0.284146	-1.313300
1.506435	-0.330231	-0.282957	-1.354301
1.505879	-0.331198	-0.282248	-1.402322
1.505324	-0.329808	-0.284398	-1.300918
1.504770	-0.330095	-0.283195	-1.343590
1.504216	-0.330768	-0.285005	-1.311009
1.503663	-0.330950	-0.283883	-1.348388
1.503110	-0.330542	-0.284332	-1.323826
1.502558	-0.330706	-0.285052	-1.307892
1.502006	-0.331031	-0.284528	-1.332215
1.501454	-0.329344	-0.283569	-1.311373
1.500904	-0.329799	-0.283738	-1.319568
1.500353	-0.329803	-0.282224	-1.363060
1.499803	-0.331488	-0.282679	-1.398283
1.499254	-0.329279	-0.282026	-1.353723
1.498705	-0.331420	-0.284252	-1.351265
1.498157	-0.330879	-0.283098	-1.368816
1.497609	-0.330471	-0.284138	-1.327335
1.497062	-0.329745	-0.283401	-1.327659
1.496515	-0.328745	-0.282214	-1.333016
1.495969	-0.327362	-0.283508	-1.256329
1.495423	-0.329244	-0.284772	-1.274021
1.494878	-0.331917	-0.285371	-1.333457
1.494333	-0.330405	-0.282167	-1.381919
1.493789	-0.330968	-0.284664	-1.326510
1.493245	-0.330899	-0.282109	-1.397730
1.492702	-0.330144	-0.282239	-1.372388
1.492159	-0.328265	-0.284353	-1.257969
1.491617	-0.331626	-0.285341	-1.325959
1.491075	-0.331274	-0.283822	-1.359394
1.490533	-0.331047	-0.279885	-1.465709
1.489993	-0.331148	-0.283945	-1.352262
1.489452	-0.331582	-0.285279	-1.326496
1.488912	-0.330683	-0.285435	-1.296258
1.488373	-0.330713	-0.286146	-1.276745
1.487834	-0.329711	-0.284262	-1.302033
1.487296	-0.334088	-0.282155	-1.487770
1.486758	-0.332732	-0.282941	-1.426418
1.486221	-0.331411	-0.284559	-1.342208
1.485684	-0.329584	-0.283665	-1.315494
1.485147	-0.333031	-0.284845	-1.380430
1.484611	-0.332146	-0.285765	-1.328729
1.484076	-0.332522	-0.285251	-1.354215
1.483541	-0.332241	-0.283309	-1.401803
1.483007	-0.331225	-0.283938	-1.354652
1.482473	-0.333232	-0.282473	-1.454162
1.481939	-0.331581	-0.283143	-1.387648
1.481406	-0.330909	-0.283417	-1.360552
1.480874	-0.330753	-0.283666	-1.348936
1.480341	-0.333099	-0.284587	-1.389751
1.479810	-0.333628	-0.281646	-1.489163
1.479279	-0.331023	-0.285617	-1.300799
1.478748	-0.332637	-0.285336	-1.355070
1.478218	-0.330966	-0.286194	-1.282613
1.477688	-0.333271	-0.283891	-1.414638
1.477159	-0.330029	-0.283366	-1.336800
1.476631	-0.331589	-0.284072	-1.361243
1.476102	-0.331288	-0.285359	-1.315771
1.475575	-0.332917	-0.285187	-1.367364
1.475047	-0.333015	-0.283674	-1.413530
1.474521	-0.333496	-0.284122	-1.414474
1.473994	-0.330948	-0.281545	-1.415311
1.473469	-0.330472	-0.284575	-1.314866
1.472943	-0.329827	-0.286003	-1.255469
1.472418	-0.330127	-0.282824	-1.355115
1.471894	-0.334282	-0.286508	-1.368618
1.471370	-0.333549	-0.285604	-1.373548
1.470846	-0.332371	-0.285912	-1.330942
1.470323	-0.331812	-0.286681	-1.292898
1.469801	-0.334546	-0.285805	-1.396336
1.469279	-0.329017	-0.281747	-1.354191
1.468757	-0.334196	-0.287351	-1.342026
1.468236	-0.332418	-0.284408	-1.375382
1.467716	-0.331518	-0.283799	-1.367050
1.467195	-0.330107	-0.283939	-1.322616
1.466676	-0.331391	-0.284448	-1.344829
1.466156	-0.332137	-0.285025	-1.349655
1.465638	-0.329654	-0.285116	-1.275897
1.465119	-0.336157	-0.283978	-1.494804
1.464601	-0.336191	-0.280141	-1.605723
1.464084	-0.334491	-0.282945	-1.476692
1.463567	-0.334945	-0.287436	-1.361044
1.463051	-0.332185	-0.287413	-1.282609
1.462535	-0.330441	-0.285191	-1.296332
1.462019	-0.334732	-0.286148	-1.391810
1.461504	-0.334707	-0.283263	-1.473770
1.460989	-0.337035	-0.282639	-1.558339
1.460475	-0.334394	-0.286232	-1.379738
1.459962	-0.333029	-0.283220	-1.426921
1.459448	-0.332550	-0.283592	-1.402547
1.458936	-0.336345	-0.285783	-1.448476
1.458423	-0.334320	-0.287879	-1.330436
1.457911	-0.334403	-0.284619	-1.426209
1.457400	-0.331727	-0.286126	-1.306369
1.456889	-0.336994	-0.281884	-1.578778
1.456379	-0.341840	-0.285040	-1.627198
1.455869	-0.337251	-0.283443	-1.541471
1.455359	-0.338503	-0.286086	-1.501628
1.454850	-0.334370	-0.288784	-1.305950
1.454341	-0.335648	-0.287457	-1.380568
1.453833	-0.335400	-0.284778	-1.450213
1.453325	-0.332679	-0.286871	-1.312296
1.452818	-0.332220	-0.284228	-1.374867
1.452311	-0.337574	-0.285665	-1.487076
1.451805	-0.340442	-0.285074	-1.586171
1.451299	-0.338061	-0.287625	-1.444882
1.450793	-0.337834	-0.286640	-1.466610
1.450288	-0.336266	-0.283590	-1.509056
1.449783	-0.338013	-0.288272	-1.424976
1.449279	-0.334786	-0.287352	-1.358888
1.448775	-0.336581	-0.287862	-1.395705
1.448272	-0.334437	-0.285199	-1.410571
1.447769	-0.334773	-0.287613	-1.351025
1.447267	-0.334038	-0.285190	-1.399386
1.446765	-0.335010	-0.286560	-1.387975
1.446263	-0.338061	-0.286042	-1.490243
1.445762	-0.338286	-0.285267	-1.518900
1.445262	-0.333573	-0.287968	-1.306488
1.444762	-0.335430	-0.288076	-1.356600
1.444262	-0.333603	-0.283784	-1.427218
1.443763	-0.335000	-0.286467	-1.390396
1.443264	-0.331347	-0.290334	-1.174950
1.442765	-0.332185	-0.285518	-1.336916
1.442267	-0.331510	-0.287341	-1.265355
1.441770	-0.335501	-0.286742	-1.396833
1.441273	-0.335983	-0.284536	-1.473852
1.440776	-0.331162	-0.287735	-1.244072
1.440280	-0.335047	-0.286556	-1.389162
1.439784	-0.335438	-0.286845	-1.392063
1.439289	-0.334156	-0.285771	-1.386132
1.438794	-0.334564	-0.290311	-1.267764
1.438299	-0.335343	-0.287506	-1.370438
1.437805	-0.334515	-0.288166	-1.327799
1.437312	-0.339242	-0.287668	-1.477462
1.436819	-0.337189	-0.284962	-1.496205
1.436326	-0.334815	-0.285949	-1.399927
1.435834	-0.336579	-0.284318	-1.497180
1.435342	-0.335499	-0.285890	-1.421198
1.434850	-0.340119	-0.286786	-1.527874
1.434359	-0.340049	-0.286932	-1.521699
1.433869	-0.335797	-0.281607	-1.552414
1.433379	-0.333388	-0.288788	-1.277710
1.432889	-0.335257	-0.285558	-1.423768
1.432400	-0.334868	-0.284135	-1.453380
1.431911	-0.335551	-0.288333	-1.352689
1.431422	-0.334825	-0.285494	-1.413236
1.430934	-0.336939	-0.287717	-1.410114
1.430447	-0.337519	-0.287572	-1.430874
1.429960	-0.338698	-0.285479	-1.524625
1.429473	-0.335957	-0.286682	-1.411646
1.428987	-0.331560	-0.288722	-1.227236
1.428501	-0.334701	-0.285693	-1.403976
1.428015	-0.335582	-0.283561	-1.490293
1.427530	-0.334449	-0.286394	-1.376692
1.427046	-0.338657	-0.287410	-1.468103
1.426561	-0.335494	-0.288351	-1.350540
1.426078	-0.335472	-0.286134	-1.413426
1.425594	-0.334933	-0.289370	-1.305281
1.425111	-0.338026	-0.286223	-1.484054
1.424629	-0.336187	-0.285673	-1.447112
1.424147	-0.335737	-0.285811	-1.430282
1.423665	-0.332573	-0.286405	-1.322614
1.423184	-0.336234	-0.287338	-1.400748
1.422703	-0.335886	-0.283748	-1.493637
1.422223	-0.337101	-0.286272	-1.456139
1.421743	-0.336634	-0.283952	-1.509230
1.421263	-0.332120	-0.287332	-1.283094
1.420784	-0.333479	-0.285953	-1.361519
1.420306	-0.340079	-0.290085	-1.432223
1.419827	-0.334519	-0.286362	-1.379610
1.419349	-0.337957	-0.283120	-1.570952
1.418872	-0.335665	-0.288573	-1.349090
1.418395	-0.337639	-0.283676	-1.545927
1.417918	-0.338095	-0.287737	-1.442626
1.417442	-0.335619	-0.286830	-1.397692
1.416966	-0.335703	-0.286044	-1.422648
1.416491	-0.334572	-0.280481	-1.549590
1.416016	-0.335565	-0.289522	-1.319053
1.415541	-0.338380	-0.286862	-1.475872
1.415067	-0.340617	-0.287528	-1.520894
1.414593	-0.336631	-0.282758	-1.543338
1.414120	-0.337415	-0.288533	-1.400357
1.413647	-0.339094	-0.281453	-1.651289
1.413174	-0.342452	-0.283130	-1.699445
1.412702	-0.330921	-0.285918	-1.289243
1.412231	-0.335818	-0.290230	-1.306000
1.411759	-0.338952	-0.278717	-1.725612
1.411288	-0.342866	-0.282507	-1.729172
1.410818	-0.341463	-0.290971	-1.446466
1.410348	-0.337478	-0.283421	-1.548619
1.409878	-0.342496	-0.286613	-1.600955
1.409409	-0.341470	-0.281566	-1.716114
1.408940	-0.334560	-0.285359	-1.409514
1.408472	-0.335254	-0.285528	-1.424529
1.408004	-0.337729	-0.288591	-1.407695
1.407536	-0.338452	-0.289820	-1.393201
1.407069	-0.335062	-0.283857	-1.466932
1.406602	-0.335712	-0.292211	-1.246199
1.406135	-0.327737	-0.287627	-1.149066
1.405669	-0.331661	-0.290100	-1.190649
1.405204	-0.337859	-0.283873	-1.546580
1.404738	-0.336308	-0.283860	-1.502524
1.404274	-0.340612	-0.284190	-1.616357
1.403809	-0.332962	-0.289514	-1.244693
1.403345	-0.337792	-0.288543	-1.410895
1.402882	-0.339267	-0.287387	-1.486258
1.402418	-0.338290	-0.287800	-1.446448
1.401955	-0.341646	-0.285683	-1.603225
1.401493	-0.339204	-0.289352	-1.428161
1.401031	-0.338001	-0.288013	-1.432054
1.400569	-0.342756	-0.279692	-1.806650
1.400108	-0.336740	-0.292019	-1.281152
1.399647	-0.334990	-0.287000	-1.374797
1.399187	-0.334645	-0.287837	-1.340941
1.398727	-0.342565	-0.283459	-1.693258
1.398267	-0.335514	-0.288063	-1.359390
1.397808	-0.341294	-0.283403	-1.658458
1.397349	-0.341313	-0.281626	-1.709886
1.396890	-0.337628	-0.287312	-1.441434
1.396432	-0.342944	-0.290645	-1.498276
1.395974	-0.339096	-0.288168	-1.458990
1.395517	-0.340970	-0.282124	-1.685817
1.395060	-0.338520	-0.286748	-1.483150
1.394604	-0.338877	-0.282081	-1.627090
1.394147	-0.337505	-0.282545	-1.574506
1.393692	-0.337901	-0.290877	-1.347153
1.393236	-0.331869	-0.286663	-1.295057
1.392781	-0.332465	-0.287702	-1.282362
1.392327	-0.337446	-0.287872	-1.420204
1.391873	-0.340456	-0.288060	-1.501021
1.391419	-0.334528	-0.289488	-1.290291
1.390965	-0.338013	-0.288516	-1.417977
1.390512	-0.337133	-0.284591	-1.505215
