6.542578	4558518618868151.000000	4558518618868151.000000	0.000000
6.529189	0.005270	0.005270	0.000000
6.515856	-0.243114	0.908007	-32.977192
6.502578	-0.004579	0.061436	-1.891187
6.489355	0.447136	1.125648	-19.437953
6.476188	-0.082590	-1.152121	30.639806
6.463075	-0.067595	0.777516	-24.210646
6.450016	-0.073837	-0.783596	20.333082
6.437011	0.554504	3.836486	-94.021862
6.424060	0.035574	-0.820998	24.538987
6.411162	-5.703806	-0.199700	-157.681023
6.398317	0.615973	-0.190180	23.094593
6.385525	0.268937	-0.364832	18.156149
6.372785	-135.550258	-0.112509	-3880.005691
6.360096	-1.703018	-0.205986	-42.886826
6.347460	0.514847	-0.226057	21.225329
6.334875	2.021683	-2.350487	125.253461
6.322341	-0.887613	0.068765	-27.398231
6.309857	0.988839	-0.042401	29.542876
6.297424	0.631631	0.126261	14.477792
6.285042	0.483988	-0.157812	18.386218
6.272709	-0.046568	-0.151859	3.016353
6.260425	-19.445876	-1.567134	-512.188214
6.248191	-5.586216	-0.002040	-159.974856
6.236005	-0.671170	0.026359	-19.982724
6.223868	-0.089211	0.824305	-26.170288
6.211780	0.686015	1.372713	-19.672444
6.199740	-0.154826	-1.668908	43.375241
6.187747	-0.511613	1.272289	-51.105029
6.175802	-0.264126	0.114824	-10.856127
6.163904	0.735536	-1.047606	51.083263
6.152053	0.611551	-12.349830	371.316213
6.140248	-0.202991	-0.149409	-1.535017
6.128490	0.299471	-0.104614	11.576183
6.116778	229.980939	-0.120489	6591.920357
6.105112	-0.027961	-0.603012	16.474003
6.093492	0.053526	0.130372	-2.201471
6.081916	-1.355434	-0.216621	-32.624612
6.070386	-0.719850	-0.882367	4.655769
6.058901	-0.231305	-0.160099	-2.039914
6.047460	-0.282803	-0.112717	-4.872600
6.036063	0.014563	0.143277	-3.687384
6.024710	-0.178907	-0.232562	1.537100
6.013401	1.875629	-0.497620	67.988552
6.002135	-0.304466	-0.097060	-5.941768
5.990913	-0.614738	-0.281131	-9.557134
5.979734	-6.281589	-0.530814	-164.747555
5.968597	0.501532	-0.351035	24.424240
5.957503	-0.007681	-0.768805	21.804598
5.946451	-0.009244	-0.271780	7.521095
5.935442	3.117539	-0.052399	90.812045
5.924474	-0.106815	0.707584	-23.330816
5.913547	0.234378	0.689882	-13.049229
5.902662	1.592476	-0.768296	67.631128
5.891818	-0.149269	-1.129060	28.068945
5.881015	1.620964	-0.089108	48.989953
5.870252	0.032106	-0.773483	23.078416
5.859530	0.175370	-0.586728	21.832509
5.848848	0.117333	2.734051	-74.963452
5.838205	0.049965	0.127042	-2.208104
5.827603	2.458273	0.980303	42.340719
5.817040	-0.038254	0.126356	-4.715704
5.806516	-0.162676	0.986936	-32.933953
5.796031	-0.267335	-1.664810	40.034714
5.785586	-0.051598	138.796838	-3977.714694
5.775178	0.285377	0.330261	-1.285834
5.764810	0.747960	-6.237768	200.126370
5.754479	-1.625378	0.263437	-54.110557
5.744186	0.383095	-0.209963	16.989846
5.733931	0.803348	-4.235077	144.340266
5.723714	0.317649	-0.703966	29.267125
5.713534	0.941216	-0.344991	36.847095
5.703391	-0.019365	0.020286	-1.135930
5.693285	-0.377609	0.085938	-13.279652
5.683216	1.272595	0.215759	30.276126
5.673184	-2.380543	0.124695	-71.769804
5.663188	0.111849	-1.808520	55.014527
5.653228	-0.403734	-0.300418	-2.959793
5.643304	-0.271634	0.486371	-21.715265
5.633415	0.101077	-0.101684	5.808651
5.623562	-0.217179	0.798483	-29.096563
5.613745	1.056318	0.725208	9.485621
5.603963	0.306471	0.885069	-16.575627
5.594216	0.164060	0.371528	-5.943528
5.584504	0.007775	-0.264048	7.787152
5.574826	0.139778	0.082925	1.628733
5.565183	0.128304	0.032498	2.744642
5.555574	-0.021635	0.184282	-5.899093
5.545999	2.360562	-0.920435	93.993646
5.536458	1.261849	-0.212633	42.240809
5.526950	0.024595	-0.371119	11.336392
5.517477	-0.468161	0.675705	-32.769363
5.508036	-0.177550	-0.271237	2.683942
5.498629	0.259868	-0.441759	20.100142
5.489255	0.136962	-0.362660	14.313132
5.479914	-0.478220	0.766837	-35.668270
5.470605	-0.128735	-0.279374	4.315490
5.461329	-0.276087	-1.369155	31.314091
5.452085	0.146843	-0.226335	10.690746
5.442874	0.117268	0.030144	2.495920
5.433694	-0.292145	0.014397	-8.781782
5.424546	-0.074005	-0.398366	9.292268
5.415430	-0.737225	-0.289279	-12.832722
5.406345	-0.150201	30.034752	-864.735212
5.397292	-0.289814	-0.212027	-2.228458
5.388270	-0.192431	-0.268380	2.175789
5.379279	0.057695	-0.546423	17.306688
5.370319	-0.281641	-0.270769	-0.311472
5.361389	-0.132475	-0.140293	0.223972
5.352490	-0.121207	0.034074	-4.448492
5.343621	0.095117	-0.659186	21.609188
5.334783	-0.277369	0.150979	-12.271255
5.325975	-0.113705	-0.108607	-0.146054
5.317196	-0.240059	-0.393897	4.407150
5.308448	-0.489198	-0.075191	-11.860430
5.299729	-0.207604	-0.148949	-1.680347
5.291039	-0.062651	-0.198253	3.884709
5.282379	-0.148155	-0.166517	0.526008
5.273748	0.045165	-0.259361	8.724027
5.265146	-0.088354	-5.577933	157.264845
5.256573	-0.091624	-0.665476	16.439645
5.248029	-0.070266	-0.198412	3.671123
5.239513	-0.123255	-0.085468	-1.082528
5.231026	-0.298940	-0.029615	-7.715578
5.222567	-0.269505	-0.569652	8.598580
5.214136	-0.284036	-0.123912	-4.587211
5.205733	-0.269260	-0.352166	2.375076
5.197358	-0.127185	-0.369916	6.953753
5.189011	-0.232690	-0.212333	-0.583170
5.180691	-0.211926	-0.337786	3.605615
5.172399	-0.185228	-0.331097	4.178850
5.164135	-0.114206	-0.168961	1.568635
5.155897	-0.161939	-0.118342	-1.248945
5.147687	-0.153569	-0.121403	-0.921486
5.139503	-0.330953	0.084646	-11.906040
5.131346	-0.238999	-0.486825	7.099696
5.123216	-0.204895	-0.139156	-1.883269
5.115113	-0.281821	-0.194875	-2.490820
5.107036	-0.252813	-0.174436	-2.245333
5.098985	-0.089213	-0.148048	1.685506
5.090960	-0.122225	-0.128940	0.192375
5.082962	-0.204192	-0.210345	0.176260
5.074989	-0.247419	-0.189842	-1.649467
5.067042	-0.118993	-0.190978	2.062216
5.059121	-0.130491	-0.125731	-0.136374
5.051225	-0.168482	-0.230457	1.775445
5.043355	-0.196523	-0.152509	-1.260918
5.035510	-0.168986	-0.127007	-1.202605
5.027690	-0.216071	-0.312843	2.772315
5.019895	-0.153927	-0.046823	-3.068312
5.012126	-0.190810	-0.175133	-0.449130
5.004381	-0.191258	-0.258993	1.940462
4.996660	-0.228069	-0.203373	-0.707476
4.988964	-0.218001	-0.215662	-0.066988
4.981293	-0.212776	-0.134448	-2.243938
4.973646	-0.248866	-0.106290	-4.084495
4.966023	-0.233897	-0.202273	-0.905954
4.958425	-0.161340	-0.019207	-4.071821
4.950850	-0.153786	-0.235988	2.354903
4.943299	-0.135625	-0.191306	1.595146
4.935772	-0.156506	-0.178001	0.615803
4.928269	-0.145142	-0.210947	1.885180
4.920789	-0.181838	-0.256887	2.149995
4.913333	-0.155965	-0.247929	2.634571
4.905900	-0.181793	-0.193447	0.333866
4.898490	-0.200705	-0.189166	-0.330572
4.891103	-0.258928	-0.223916	-1.003020
4.883739	-0.178143	-0.274373	2.756764
4.876399	-0.164178	-0.122138	-1.204345
4.869081	-0.165253	-0.175604	0.296518
4.861785	-0.183398	-0.126016	-1.643869
4.854512	-0.152145	-0.203997	1.485457
4.847262	-0.216049	-0.130820	-2.441607
4.840034	-0.176224	-0.188644	0.355809
4.832829	-0.153790	-0.183683	0.856361
4.825645	-0.208428	-0.163514	-1.286687
4.818484	-0.204682	-0.149135	-1.591309
4.811344	-0.214685	-0.147422	-1.926958
4.804227	-0.198909	-0.109469	-2.562269
4.797131	-0.187758	-0.238391	1.450526
4.790057	-0.185056	-0.193740	0.248767
4.783004	-0.135089	-0.220228	2.439070
4.775973	-0.143682	-0.177796	0.977289
4.768963	-0.207413	-0.148282	-1.693978
4.761974	-0.170334	-0.137793	-0.932236
4.755007	-0.188865	-0.182010	-0.196383
4.748061	-0.192592	-0.187392	-0.148988
4.741136	-0.184805	-0.161072	-0.679899
4.734231	-0.175683	-0.225621	1.430624
4.727348	-0.159359	-0.135714	-0.677374
4.720485	-0.201433	-0.158518	-1.229435
4.713642	-0.187458	-0.121875	-1.878824
4.706821	-0.187821	-0.214260	0.757410
4.700019	-0.184379	-0.264360	2.291278
4.693238	-0.150847	-0.212835	1.775838
4.686478	-0.169006	-0.141250	-0.795147
4.679737	-0.178254	-0.166435	-0.338588
4.673016	-0.207152	-0.199827	-0.209861
4.666316	-0.200733	-0.296554	2.745073
4.659635	-0.177600	-0.197789	0.578361
4.652974	-0.171437	-0.178721	0.208653
4.646333	-0.182760	-0.211402	0.820546
4.639711	-0.195829	-0.086798	-3.123518
4.633109	-0.203664	-0.128613	-2.150054
4.626527	-0.221721	-0.230536	0.252532
4.619963	-0.203983	-0.163697	-1.154101
4.613420	-0.179236	-0.194540	0.438416
4.606895	-0.199180	-0.121645	-2.221196
4.600389	-0.227437	-0.140318	-2.495783
4.593902	-0.169582	-0.162874	-0.192184
4.587435	-0.200107	-0.149165	-1.459380
4.580986	-0.200386	-0.162649	-1.081087
4.574556	-0.222512	-0.175801	-1.338171
4.568145	-0.174730	-0.174692	-0.001083
4.561752	-0.189470	-0.135625	-1.542552
4.555378	-0.195676	-0.117575	-2.237411
4.549022	-0.182439	-0.120495	-1.774565
4.542685	-0.166530	-0.180081	0.388189
4.536365	-0.200010	-0.213058	0.373804
4.530065	-0.206612	-0.157932	-1.394592
4.523782	-0.216586	-0.159081	-1.647401
4.517517	-0.178180	-0.166294	-0.340509
4.511271	-0.169126	-0.193435	0.696403
4.505042	-0.193600	-0.163868	-0.851762
4.498831	-0.159781	-0.201792	1.203512
4.492638	-0.179509	-0.135346	-1.265188
4.486462	-0.181236	-0.189329	0.231835
4.480304	-0.174910	-0.159961	-0.428272
4.474164	-0.185529	-0.201052	0.444703
4.468041	-0.168863	-0.141147	-0.794008
4.461935	-0.143322	-0.208036	1.853919
4.455847	-0.157124	-0.199231	1.206259
4.449776	-0.176698	-0.166520	-0.291554
4.443722	-0.201114	-0.205396	0.122673
4.437686	-0.179534	-0.193528	0.400903
4.431666	-0.203391	-0.134637	-1.969656
4.425663	-0.220748	-0.166194	-1.562881
4.419677	-0.182512	-0.180292	-0.063590
4.413708	-0.182506	-0.167982	-0.416085
4.407755	-0.182106	-0.129519	-1.506514
4.401820	-0.169746	-0.123258	-1.331784
4.395901	-0.148119	-0.149964	0.052860
4.389998	-0.194829	-0.162946	-0.913392
4.384112	-0.167148	-0.214874	1.367237
4.378242	-0.170835	-0.179174	0.238888
4.372389	-0.174480	-0.150461	-0.688108
4.366551	-0.186717	-0.150608	-1.034448
4.360730	-0.179457	-0.203480	0.688222
4.354925	-0.178510	-0.170761	-0.221988
4.349136	-0.158667	-0.150801	-0.225342
4.343364	-0.162957	-0.197571	0.991609
4.337607	-0.180237	-0.152318	-0.799799
4.331865	-0.187393	-0.132375	-1.576136
4.326140	-0.210992	-0.168446	-1.218841
4.320430	-0.191878	-0.104738	-2.496373
4.314736	-0.166913	-0.178332	0.327135
4.309058	-0.186508	-0.130407	-1.607195
4.303395	-0.185151	-0.157538	-0.791080
4.297748	-0.185069	-0.141133	-1.258673
4.292116	-0.181111	-0.145348	-1.024539
4.286499	-0.182710	-0.158871	-0.682924
4.280898	-0.183237	-0.136037	-1.352162
4.275312	-0.170479	-0.142335	-0.806263
4.269741	-0.178814	-0.190114	0.323707
4.264185	-0.175858	-0.141274	-0.990744
4.258644	-0.177925	-0.206574	0.820740
4.253118	-0.191032	-0.165641	-0.727379
4.247607	-0.179035	-0.192750	0.392915
4.242111	-0.192656	-0.154634	-1.089238
4.236629	-0.175914	-0.131763	-1.264857
4.231163	-0.165379	-0.166505	0.032270
4.225711	-0.162763	-0.153900	-0.253912
4.220274	-0.191755	-0.176530	-0.436159
4.214851	-0.169535	-0.160273	-0.265337
4.209442	-0.170116	-0.148841	-0.609473
4.204049	-0.183228	-0.132835	-1.443633
4.198669	-0.186515	-0.142993	-1.246799
4.193304	-0.194587	-0.156963	-1.077841
4.187953	-0.178572	-0.150327	-0.809153
4.182616	-0.172030	-0.139784	-0.923768
4.177294	-0.186216	-0.162395	-0.682424
4.171985	-0.170516	-0.178227	0.220891
4.166691	-0.173697	-0.119248	-1.559856
4.161411	-0.174246	-0.137959	-1.039561
4.156144	-0.171889	-0.162307	-0.274498
4.150892	-0.173791	-0.165520	-0.236934
4.145653	-0.181823	-0.157049	-0.709732
4.140428	-0.155024	-0.172550	0.502088
4.135217	-0.187858	-0.146750	-1.177655
4.130019	-0.180242	-0.129862	-1.443287
4.124835	-0.172843	-0.177009	0.119350
4.119665	-0.162903	-0.190577	0.792790
4.114508	-0.183953	-0.143934	-1.146444
4.109364	-0.198099	-0.112700	-2.446503
4.104234	-0.165564	-0.169497	0.112681
4.099117	-0.168803	-0.127860	-1.172934
4.094014	-0.179234	-0.127598	-1.479260
4.088924	-0.183418	-0.117212	-1.896661
4.083846	-0.181834	-0.167566	-0.408765
4.078783	-0.159411	-0.144544	-0.425892
4.073732	-0.186988	-0.134006	-1.517820
4.068694	-0.169914	-0.142469	-0.786256
4.063669	-0.172998	-0.122486	-1.447062
4.058657	-0.182527	-0.107019	-2.163145
4.053658	-0.150977	-0.152106	0.032319
4.048672	-0.190443	-0.124158	-1.898924
4.043699	-0.166064	-0.138246	-0.796919
4.038738	-0.157017	-0.149639	-0.211384
4.033790	-0.176224	-0.147689	-0.817471
4.028855	-0.171857	-0.142234	-0.848655
4.023933	-0.175172	-0.148479	-0.764703
4.019022	-0.187826	-0.142972	-1.284996
4.014125	-0.177764	-0.160739	-0.487734
4.009240	-0.182612	-0.107183	-2.160859
4.004367	-0.172815	-0.141486	-0.897516
3.999506	-0.178530	-0.136857	-1.193856
3.994658	-0.178861	-0.145444	-0.957324
3.989823	-0.168006	-0.129697	-1.097461
3.984999	-0.161996	-0.146745	-0.436904
3.980187	-0.162008	-0.118502	-1.246334
3.975388	-0.171712	-0.137068	-0.992472
3.970601	-0.170458	-0.101922	-1.963420
3.965826	-0.170975	-0.157980	-0.372299
3.961063	-0.171791	-0.131400	-1.157104
3.956311	-0.155153	-0.122445	-0.937028
3.951572	-0.166864	-0.171591	0.135404
3.946844	-0.161678	-0.112274	-1.415326
3.942129	-0.164892	-0.088019	-2.202239
3.937425	-0.185679	-0.163745	-0.628364
3.932733	-0.159604	-0.150877	-0.250013
3.928052	-0.167279	-0.128212	-1.119190
3.923383	-0.162027	-0.147748	-0.409076
3.918726	-0.173821	-0.159945	-0.397519
3.914080	-0.173827	-0.142843	-0.887623
3.909446	-0.167676	-0.144038	-0.677179
3.904823	-0.162184	-0.124517	-1.079064
3.900212	-0.163503	-0.123714	-1.139860
3.895612	-0.168761	-0.125840	-1.229584
3.891023	-0.153804	-0.151802	-0.057358
3.886446	-0.184580	-0.129527	-1.577165
3.881880	-0.182665	-0.109879	-2.085186
3.877325	-0.154763	-0.133061	-0.621712
3.872781	-0.168687	-0.131163	-1.074973
3.868249	-0.156397	-0.114349	-1.204574
3.863727	-0.158143	-0.115501	-1.221603
3.859217	-0.166641	-0.110286	-1.614430
3.854718	-0.169969	-0.132368	-1.077171
3.850229	-0.164595	-0.109538	-1.577275
3.845752	-0.153365	-0.143728	-0.276075
3.841285	-0.162136	-0.176146	0.401369
3.836829	-0.162974	-0.132767	-0.865364
3.832384	-0.169783	-0.077291	-2.649711
3.827950	-0.146946	-0.125894	-0.603094
3.823527	-0.155041	-0.156124	0.031017
3.819114	-0.151873	-0.125473	-0.756308
3.814712	-0.163567	-0.132025	-0.903624
3.810321	-0.148182	-0.149123	0.026962
3.805940	-0.155690	-0.135303	-0.584031
3.801570	-0.170367	-0.124615	-1.310696
3.797210	-0.156710	-0.153123	-0.102753
3.792860	-0.155968	-0.177376	0.613309
3.788522	-0.150025	-0.112674	-1.070042
3.784193	-0.147915	-0.107838	-1.148132
3.779875	-0.155268	-0.090768	-1.847806
3.775567	-0.150911	-0.107033	-1.257008
3.771269	-0.164240	-0.121386	-1.227692
3.766982	-0.152803	-0.122882	-0.857153
3.762705	-0.141582	-0.139402	-0.062467
3.758438	-0.163954	-0.081420	-2.364412
3.754181	-0.169388	-0.116069	-1.527477
3.749935	-0.145059	-0.141771	-0.094185
3.745698	-0.153044	-0.128520	-0.702538
3.741472	-0.139759	-0.132671	-0.203065
3.737255	-0.148860	-0.109694	-1.122031
3.733048	-0.149574	-0.123101	-0.758391
3.728852	-0.143779	-0.119038	-0.708789
3.724665	-0.150072	-0.114927	-1.006816
3.720488	-0.151396	-0.133539	-0.511564
3.716321	-0.148328	-0.112948	-1.013549
3.712163	-0.156285	-0.145659	-0.304415
3.708016	-0.160390	-0.104678	-1.596015
3.703878	-0.158490	-0.090977	-1.934105
3.699750	-0.153541	-0.072024	-2.335303
3.695631	-0.155054	-0.113825	-1.181111
3.691522	-0.142583	-0.130858	-0.335877
3.687423	-0.154081	-0.111672	-1.214948
3.683333	-0.144650	-0.128224	-0.470589
3.679253	-0.142912	-0.102766	-1.150085
3.675182	-0.150502	-0.097077	-1.530503
3.671120	-0.144279	-0.090079	-1.552717
3.667069	-0.163585	-0.104262	-1.699483
3.663026	-0.133610	-0.118890	-0.421683
3.658993	-0.162649	-0.137451	-0.721870
3.654969	-0.161139	-0.069254	-2.632308
3.650954	-0.153359	-0.107596	-1.311024
3.646949	-0.149119	-0.088457	-1.737820
3.642953	-0.150055	-0.073233	-2.200806
3.638966	-0.177448	-0.078039	-2.847861
3.634988	-0.155555	-0.102287	-1.526014
3.631020	-0.132988	-0.091139	-1.198904
3.627060	-0.130502	-0.093385	-1.063335
3.623110	-0.136715	-0.121621	-0.432399
3.619168	-0.144114	-0.101497	-1.220879
3.615236	-0.164756	-0.143982	-0.595128
3.611312	-0.159107	-0.146931	-0.348804
3.607398	-0.144346	-0.104197	-1.150179
3.603492	-0.140001	-0.149491	0.271861
3.599596	-0.135892	-0.113939	-0.628916
3.595708	-0.144566	-0.101347	-1.238139
3.591829	-0.122060	-0.089282	-0.939027
3.587959	-0.116181	-0.107685	-0.243377
3.584097	-0.130208	-0.151979	0.623691
3.580244	-0.130279	-0.081804	-1.388716
3.576400	-0.120650	-0.099778	-0.597919
3.572565	-0.141510	-0.060121	-2.331613
3.568738	-0.139550	-0.108936	-0.877031
3.564920	-0.136077	-0.089108	-1.345548
3.561111	-0.134333	-0.101422	-0.942819
3.557310	-0.135024	-0.133868	-0.033125
3.553517	-0.146579	-0.076399	-2.010523
3.549734	-0.133116	-0.101658	-0.901204
3.545958	-0.146788	-0.130497	-0.466703
3.542191	-0.142512	-0.101203	-1.183434
3.538433	-0.138530	-0.104083	-0.986815
3.534683	-0.141229	-0.071976	-1.983955
3.530941	-0.120253	-0.072720	-1.361702
3.527207	-0.143872	-0.110234	-0.963661
3.523482	-0.142611	-0.070371	-2.069517
3.519765	-0.122696	-0.127171	0.128201
3.516057	-0.146482	-0.079422	-1.921142
3.512356	-0.139395	-0.095411	-1.260066
3.508664	-0.142118	-0.117518	-0.704716
3.504980	-0.126285	-0.095741	-0.875034
3.501304	-0.132019	-0.080546	-1.474603
3.497636	-0.128435	-0.075616	-1.513154
3.493977	-0.129308	-0.069057	-1.726071
3.490325	-0.153709	-0.071909	-2.343413
3.486682	-0.152280	-0.086356	-1.888579
3.483046	-0.135544	-0.068237	-1.928210
3.479419	-0.132708	-0.097573	-1.006534
3.475799	-0.141931	-0.036750	-3.013207
3.472187	-0.127060	-0.082440	-1.278257
3.468583	-0.140858	-0.102327	-1.103852
3.464988	-0.130727	-0.104269	-0.757950
3.461400	-0.136744	-0.087487	-1.411098
3.457819	-0.125791	-0.119393	-0.183275
3.454247	-0.134210	-0.109022	-0.721582
3.450682	-0.157672	-0.060633	-2.779966
3.447125	-0.140477	-0.095613	-1.285253
3.443576	-0.133004	-0.085012	-1.374871
3.440035	-0.138330	-0.087110	-1.467361
3.436501	-0.138249	-0.075860	-1.787330
3.432975	-0.112266	-0.092762	-0.558748
3.429457	-0.130599	-0.130162	-0.012527
3.425946	-0.127474	-0.107609	-0.569090
3.422442	-0.138878	-0.082412	-1.617630
3.418947	-0.154652	-0.123398	-0.895347
3.415459	-0.115759	-0.120305	0.130210
3.411978	-0.130889	-0.091579	-1.126147
3.408505	-0.125760	-0.056384	-1.987460
3.405039	-0.136897	-0.035165	-2.914413
3.401581	-0.139228	-0.048875	-2.588419
3.398130	-0.142384	-0.088796	-1.535199
3.394686	-0.138921	-0.068280	-2.023735
3.391250	-0.138144	-0.067944	-2.011075
3.387821	-0.133844	-0.119542	-0.409737
3.384400	-0.128443	-0.033222	-2.727886
3.380986	-0.121194	-0.137579	0.469381
3.377579	-0.134081	-0.055153	-2.261111
3.374179	-0.126461	-0.084515	-1.201656
3.370787	-0.108415	-0.113503	0.145741
3.367401	-0.122431	-0.049774	-2.081470
3.364023	-0.128435	-0.070652	-1.655361
3.360652	-0.117446	-0.071413	-1.318773
3.357289	-0.111616	-0.079958	-0.906933
3.353932	-0.133388	-0.065882	-1.933908
3.350582	-0.110989	-0.083249	-0.794676
3.347240	-0.113674	-0.120543	0.196803
3.343904	-0.150544	-0.110233	-1.154848
3.340576	-0.123055	-0.106731	-0.467639
3.337255	-0.114305	-0.107149	-0.205002
3.333940	-0.154145	-0.027281	-3.634383
3.330633	-0.119193	-0.065539	-1.537083
3.327332	-0.121179	-0.073178	-1.375129
3.324038	-0.143393	-0.063895	-2.277430
3.320752	-0.116621	-0.100050	-0.474736
3.317472	-0.118495	-0.080255	-1.095520
3.314199	-0.147189	-0.081841	-1.872069
3.310933	-0.109970	-0.028432	-2.335892
3.307673	-0.107041	-0.102766	-0.122488
3.304421	-0.140118	-0.068795	-2.043244
3.301175	-0.123731	-0.088787	-1.001066
3.297936	-0.113067	-0.056913	-1.608707
3.294703	-0.104559	-0.047755	-1.627320
3.291478	-0.141249	-0.051137	-2.581512
3.288259	-0.105964	-0.070669	-1.011136
3.285046	-0.126813	-0.094246	-0.932985
3.281841	-0.141217	-0.128288	-0.370367
3.278642	-0.112156	-0.061444	-1.452793
3.275449	-0.149872	-0.095764	-1.550067
3.272263	-0.160807	-0.105465	-1.585450
3.269084	-0.138872	-0.120106	-0.537607
3.265911	-0.141682	-0.091751	-1.430434
3.262745	-0.128423	-0.062856	-1.878358
3.259585	-0.129160	-0.127891	-0.036350
3.256432	-0.112398	-0.048198	-1.839171
3.253285	-0.114580	0.008169	-3.516497
3.250145	-0.128301	-0.058404	-2.002398
3.247011	-0.109721	-0.051177	-1.677175
3.243883	-0.132603	-0.084525	-1.377319
3.240762	-0.123133	-0.090304	-0.940498
3.237647	-0.122141	-0.053503	-1.966352
3.234539	-0.091496	-0.112761	0.609203
3.231437	-0.104416	-0.047621	-1.627057
3.228341	-0.114406	-0.079898	-0.988589
3.225251	-0.124550	-0.100703	-0.683151
3.222168	-0.128122	-0.076625	-1.475274
3.219091	-0.089883	-0.066403	-0.672638
3.216020	-0.091380	-0.108902	0.501987
3.212956	-0.110005	-0.149877	1.142254
3.209897	-0.110855	-0.056597	-1.554359
3.206845	-0.121801	0.015247	-3.926133
3.203799	-0.107202	-0.039518	-1.939005
3.200759	-0.112934	-0.038401	-2.135219
3.197725	-0.103367	-0.011196	-2.640513
3.194697	-0.104863	-0.069050	-1.025966
3.191676	-0.089698	-0.062985	-0.765274
3.188660	-0.125829	-0.048014	-2.229228
3.185651	-0.126613	-0.035413	-2.612671
3.182647	-0.131363	-0.039861	-2.621339
3.179650	-0.131314	-0.056636	-2.139376
3.176658	-0.107119	-0.074643	-0.930367
3.173673	-0.109188	-0.070237	-1.115888
3.170693	-0.117318	-0.070385	-1.344530
3.167720	-0.114827	-0.102206	-0.361568
3.164752	-0.116347	-0.053169	-1.809923
3.161790	-0.095738	-0.064275	-0.901351
3.158834	-0.091435	-0.065410	-0.745558
3.155884	-0.121954	-0.090700	-0.895375
3.152940	-0.131945	-0.040181	-2.628853
3.150001	-0.122076	-0.067408	-1.566110
3.147069	-0.124745	-0.106049	-0.535587
3.144142	-0.128229	-0.086666	-1.190699
3.141221	-0.113372	-0.040362	-2.091591
3.138306	-0.127985	-0.054762	-2.097688
3.135396	-0.119308	-0.026771	-2.650991
3.132493	-0.151265	-0.040738	-3.166347
3.129595	-0.139259	-0.050229	-2.550531
3.126702	-0.090521	-0.096685	0.176575
3.123816	-0.161890	-0.106578	-1.584570
3.120935	-0.143705	-0.041702	-2.922181
3.118059	-0.103878	-0.073225	-0.878148
3.115190	-0.130822	-0.031118	-2.856304
3.112326	-0.131230	-0.071357	-1.715236
3.109467	-0.109613	-0.071435	-1.093732
3.106614	-0.118954	-0.016640	-2.931075
3.103767	-0.107504	-0.071731	-1.024832
3.100925	-0.100162	-0.033890	-1.898569
3.098089	-0.111499	-0.089702	-0.624424
3.095258	-0.108536	-0.055553	-1.517865
3.092433	-0.114303	-0.073261	-1.175775
3.089613	-0.119779	-0.039290	-2.305845
3.086799	-0.132267	0.012413	-4.144778
3.083990	-0.121921	-0.005025	-3.348830
3.081187	-0.110792	-0.047873	-1.802488
3.078389	-0.080248	-0.045027	-1.009014
3.075596	-0.101834	-0.095029	-0.194945
3.072809	-0.103464	-0.024719	-2.255877
3.070027	-0.117628	-0.126542	0.255365
3.067251	-0.104703	-0.029931	-2.142064
3.064480	-0.115937	-0.049957	-1.890210
3.061714	-0.126836	-0.083611	-1.238298
3.058954	-0.128847	-0.031812	-2.779853
3.056199	-0.112633	0.023425	-3.897797
3.053449	-0.107285	-0.033135	-2.124232
3.050704	-0.114940	-0.025779	-2.554276
3.047965	-0.112623	-0.095111	-0.501698
3.045231	-0.127637	-0.065229	-1.787849
3.042502	-0.111112	-0.037736	-2.102059
3.039779	-0.099815	-0.045607	-1.552942
3.037060	-0.097458	0.006098	-2.966653
3.034347	-0.125667	-0.047482	-2.239813
3.031639	-0.124370	0.001405	-3.603186
3.028936	-0.120979	-0.058419	-1.792223
3.026238	-0.120021	-0.054731	-1.870415
3.023545	-0.120145	-0.048769	-2.044775
3.020858	-0.133830	-0.049415	-2.418322
3.018175	-0.083239	-0.059751	-0.672883
3.015498	-0.125976	-0.001803	-3.557296
3.012826	-0.114765	-0.073575	-1.180009
3.010158	-0.090688	-0.095915	0.149752
3.007496	-0.097726	-0.058948	-1.110900
3.004839	-0.133643	-0.055449	-2.240080
3.002187	-0.091696	-0.087165	-0.129802
2.999540	-0.105494	-0.064046	-1.187377
2.996897	-0.079627	-0.034514	-1.292390
2.994260	-0.096772	-0.075160	-0.619120
2.991628	-0.092197	-0.009999	-2.354816
2.989000	-0.100099	-0.054443	-1.307939
2.986378	-0.113679	-0.036251	-2.218144
2.983760	-0.091220	-0.038653	-1.505942
2.981148	-0.118007	-0.075625	-1.214156
2.978540	-0.134077	-0.079995	-1.549335
2.975937	-0.074056	0.006402	-2.304935
2.973339	-0.113654	-0.022468	-2.612287
2.970746	-0.113446	-0.019346	-2.695755
2.968158	-0.126128	-0.040406	-2.455740
2.965574	-0.111028	-0.059277	-1.482547
2.962995	-0.063698	-0.064079	0.010932
2.960421	-0.097653	-0.043577	-1.549162
2.957852	-0.084234	-0.008743	-2.162667
2.955288	-0.140854	-0.030632	-3.157644
2.952728	-0.086375	-0.076626	-0.279299
2.950173	-0.110801	-0.070826	-1.145183
2.947623	-0.102942	-0.046160	-1.626692
2.945078	-0.100859	-0.111287	0.298747
2.942537	-0.126341	-0.090751	-1.019580
2.940001	-0.114344	-0.126059	0.335606
2.937469	-0.078815	-0.078388	-0.012238
2.934943	-0.064915	-0.033876	-0.889205
2.932421	-0.113114	-0.028330	-2.428905
2.929903	-0.088694	-0.054835	-0.969985
2.927390	-0.139006	-0.024380	-3.283801
2.924882	-0.068909	-0.047393	-0.616386
2.922378	-0.129651	-0.057959	-2.053806
2.919879	-0.110402	-0.069098	-1.183281
2.917385	-0.113877	-0.072818	-1.176240
2.914895	-0.090781	-0.045891	-1.285996
2.912410	-0.116497	-0.006450	-3.152620
2.909929	-0.128667	-0.022145	-3.051623
2.907453	-0.121270	-0.046776	-2.134082
2.904981	-0.108552	-0.077431	-0.891563
2.902513	-0.100445	-0.031100	-1.986594
2.900051	-0.110287	-0.037494	-2.085351
2.897592	-0.125253	-0.025880	-2.846821
2.895138	-0.079595	-0.046199	-0.956709
2.892689	-0.124694	0.000837	-3.596187
2.890244	-0.126056	-0.033848	-2.641555
2.887803	-0.142768	-0.039929	-2.946128
2.885367	-0.117759	-0.060073	-1.652568
2.882936	-0.087825	-0.068144	-0.563816
2.880508	-0.122465	-0.066453	-1.604631
2.878085	-0.100121	-0.043178	-1.631284
2.875667	-0.117271	-0.073442	-1.255618
2.873252	-0.092370	-0.029109	-1.812294
2.870842	-0.110508	0.004239	-3.287255
2.868437	-0.108681	-0.049918	-1.683422
2.866036	-0.117789	-0.080589	-1.065709
2.863639	-0.120205	-0.019686	-2.879669
2.861246	-0.123043	-0.056748	-1.899218
2.858858	-0.105512	-0.027735	-2.228146
2.856474	-0.122891	-0.046393	-2.191516
2.854094	-0.102633	-0.036088	-1.906380
2.851718	-0.121732	-0.022501	-2.842756
2.849347	-0.107995	-0.040409	-1.936175
2.846980	-0.106838	-0.015761	-2.609159
2.844617	-0.108763	-0.033598	-2.153300
2.842258	-0.107281	-0.038796	-1.961953
2.839904	-0.113134	-0.034130	-2.263296
2.837553	-0.114998	-0.018967	-2.751077
2.835207	-0.122372	-0.044158	-2.240656
2.832865	-0.116231	-0.040477	-2.170192
2.830528	-0.099065	-0.020318	-2.255951
2.828194	-0.121227	-0.009925	-3.188560
2.825864	-0.096480	-0.040960	-1.590532
2.823539	-0.109392	-0.037034	-2.072919
2.821218	-0.106383	-0.026572	-2.286412
2.818901	-0.106940	-0.037655	-1.984894
2.816587	-0.110896	-0.024206	-2.483489
2.814278	-0.113425	-0.016489	-2.777002
2.811973	-0.116612	-0.028862	-2.513841
2.809673	-0.098308	-0.048608	-1.423816
2.807376	-0.108764	-0.027357	-2.332122
2.805083	-0.098711	-0.053421	-1.297471
2.802794	-0.102373	-0.043492	-1.686803
2.800509	-0.109346	-0.014038	-2.730387
2.798228	-0.108161	-0.034722	-2.103884
2.795952	-0.100921	-0.036113	-1.856612
2.793679	-0.105927	-0.020914	-2.435440
2.791410	-0.113163	-0.054388	-1.683798
2.789145	-0.107233	-0.048836	-1.672969
2.786884	-0.112007	-0.010219	-2.916007
2.784627	-0.106915	-0.031641	-2.156443
2.782374	-0.115472	-0.027426	-2.522332
2.780125	-0.104104	-0.004469	-2.854335
2.777880	-0.110010	-0.026471	-2.393230
2.775638	-0.107532	-0.030824	-2.197526
2.773401	-0.106860	-0.021181	-2.454517
2.771167	-0.114476	-0.023277	-2.612656
2.768938	-0.112384	-0.031735	-2.310424
2.766712	-0.109698	-0.031082	-2.252189
2.764490	-0.106739	-0.030550	-2.182676
2.762272	-0.106871	-0.032587	-2.128095
2.760058	-0.106650	-0.030122	-2.192358
2.757847	-0.109070	-0.024463	-2.423818
2.755640	-0.112146	-0.015284	-2.774894
2.753437	-0.104331	-0.024337	-2.291661
2.751238	-0.111808	-0.026915	-2.432000
2.749043	-0.111540	-0.017981	-2.680272
2.746852	-0.106937	-0.027473	-2.276470
2.744664	-0.110863	-0.036207	-2.138728
2.742480	-0.107854	-0.020870	-2.491917
2.740300	-0.106740	-0.030899	-2.172680
2.738123	-0.107483	-0.023296	-2.411791
2.735950	-0.109271	-0.019098	-2.583267
2.733781	-0.108725	-0.022843	-2.460352
2.731616	-0.108664	-0.016624	-2.636766
2.729454	-0.105687	-0.015013	-2.597631
2.727296	-0.107794	-0.018384	-2.561421
2.725142	-0.109236	-0.023644	-2.452045
2.722991	-0.101701	-0.028411	-2.099605
2.720844	-0.106838	-0.013124	-2.684725
2.718701	-0.099005	-0.034712	-1.841833
2.716561	-0.103501	-0.026268	-2.212561
2.714425	-0.108233	-0.018323	-2.575731
2.712293	-0.108174	-0.027716	-2.304939
2.710164	-0.107069	-0.030781	-2.185469
2.708039	-0.103400	-0.011986	-2.618794
2.705917	-0.107933	-0.024648	-2.385941
2.703799	-0.107176	-0.015798	-2.617786
2.701685	-0.109148	-0.017663	-2.620856
2.699574	-0.103627	-0.024533	-2.265863
2.697466	-0.104794	-0.021291	-2.392187
2.695363	-0.105403	-0.024794	-2.309277
2.693262	-0.102946	-0.027731	-2.154763
2.691166	-0.100341	-0.022976	-2.216349
2.689072	-0.103752	-0.026809	-2.204269
2.686983	-0.101552	-0.020307	-2.327509
2.684897	-0.101848	-0.021556	-2.300194
2.682814	-0.102825	-0.018189	-2.424635
2.680735	-0.105468	-0.027797	-2.225128
2.678659	-0.107106	-0.023734	-2.388424
2.676587	-0.102841	-0.014594	-2.528096
2.674518	-0.100479	-0.021597	-2.259780
2.672453	-0.103866	-0.021411	-2.362171
2.670391	-0.108445	-0.014208	-2.699688
2.668333	-0.100290	-0.013455	-2.487650
2.666278	-0.106563	-0.018231	-2.530537
2.664226	-0.101104	-0.021418	-2.282819
2.662178	-0.102652	-0.013408	-2.556675
2.660133	-0.101984	-0.023630	-2.244656
2.658092	-0.098831	-0.016694	-2.353050
2.656054	-0.101367	-0.028810	-2.078588
2.654019	-0.102811	-0.018420	-2.417625
2.651988	-0.101753	-0.025745	-2.177486
2.649960	-0.098651	-0.020400	-2.241729
2.647936	-0.102922	-0.008062	-2.717540
2.645915	-0.100485	-0.011751	-2.542041
2.643897	-0.103760	-0.018823	-2.433257
2.641882	-0.102514	-0.013926	-2.537871
2.639871	-0.098153	-0.013349	-2.429440
2.637863	-0.103530	-0.015675	-2.516837
2.635859	-0.099107	-0.019143	-2.290792
2.633857	-0.099551	-0.024545	-2.148737
2.631859	-0.101261	-0.022530	-2.255469
2.629865	-0.098305	-0.019381	-2.261005
2.627873	-0.101574	-0.027919	-2.110058
2.625885	-0.099289	-0.019661	-2.281180
2.623900	-0.100631	-0.027524	-2.094355
2.621919	-0.100448	-0.021236	-2.269237
2.619940	-0.099374	-0.023580	-2.171357
2.617965	-0.104315	-0.018021	-2.472142
2.615993	-0.100706	-0.024213	-2.191350
2.614025	-0.099144	-0.020379	-2.256451
2.612059	-0.098571	-0.016668	-2.346345
2.610097	-0.102387	-0.020334	-2.350630
2.608138	-0.101233	-0.008086	-2.668472
2.606182	-0.101539	-0.014161	-2.503189
2.604229	-0.098729	-0.013065	-2.454095
2.602280	-0.103086	-0.021165	-2.346868
2.600333	-0.098850	-0.017875	-2.319742
2.598390	-0.101746	-0.011374	-2.588973
2.596450	-0.098175	-0.015359	-2.372500
2.594513	-0.100275	-0.022227	-2.235909
2.592579	-0.101540	-0.019842	-2.340471
2.590648	-0.101063	-0.014645	-2.475685
2.588721	-0.098685	-0.017075	-2.337933
2.586796	-0.100430	-0.016125	-2.415152
2.584875	-0.101172	-0.016284	-2.431879
2.582957	-0.098515	-0.019004	-2.277816
2.581042	-0.099953	-0.023239	-2.197703
2.579130	-0.097262	-0.011469	-2.457798
2.577221	-0.100801	-0.019404	-2.331849
2.575315	-0.096812	-0.020781	-2.178144
2.573412	-0.103442	-0.018136	-2.443838
2.571512	-0.098895	-0.017146	-2.341919
2.569615	-0.100183	-0.023556	-2.195213
2.567722	-0.100413	-0.016360	-2.407931
2.565831	-0.098707	-0.013842	-2.431221
2.563943	-0.097039	-0.018207	-2.258373
2.562058	-0.096172	-0.019011	-2.210506
2.560177	-0.097851	-0.016142	-2.340793
2.558298	-0.098056	-0.021037	-2.206434
2.556423	-0.099267	-0.023823	-2.161293
2.554550	-0.101005	-0.018761	-2.356125
2.552680	-0.097590	-0.015279	-2.358054
2.550813	-0.097279	-0.016455	-2.315436
2.548950	-0.096100	-0.008989	-2.495545
2.547089	-0.096496	-0.010992	-2.449517
2.545231	-0.097707	-0.021298	-2.188963
2.543376	-0.095889	-0.019487	-2.188746
2.541524	-0.098575	-0.017136	-2.333053
2.539675	-0.099507	-0.018339	-2.325289
2.537829	-0.096831	-0.017055	-2.285410
2.535986	-0.096898	-0.023083	-2.114622
2.534146	-0.097645	-0.018669	-2.262498
2.532308	-0.096374	-0.019076	-2.214414
2.530474	-0.096870	-0.012613	-2.413801
2.528642	-0.096018	-0.015064	-2.319165
2.526814	-0.095525	-0.016459	-2.265067
2.524988	-0.098235	-0.015130	-2.380793
2.523165	-0.097275	-0.015128	-2.353347
2.521345	-0.098016	-0.020487	-2.221028
2.519528	-0.093550	-0.019650	-2.117093
2.517714	-0.097497	-0.016042	-2.333510
2.515902	-0.096351	-0.017342	-2.263451
2.514093	-0.094885	-0.012870	-2.349571
2.512288	-0.095544	-0.020579	-2.147595
2.510485	-0.098680	-0.015769	-2.375208
2.508684	-0.095187	-0.012667	-2.364021
2.506887	-0.096083	-0.013921	-2.353785
2.505092	-0.097412	-0.016880	-2.307061
2.503301	-0.096188	-0.022673	-2.106045
2.501512	-0.098649	-0.018714	-2.289957
2.499726	-0.095833	-0.017759	-2.236667
2.497942	-0.095650	-0.017365	-2.242693
2.496162	-0.094185	-0.013351	-2.315733
2.494384	-0.093609	-0.021997	-2.051544
2.492609	-0.096111	-0.015149	-2.319400
2.490836	-0.098275	-0.016504	-2.342563
2.489067	-0.097887	-0.024627	-2.098733
2.487300	-0.094977	-0.014521	-2.304913
2.485536	-0.101190	-0.009000	-2.641069
2.483774	-0.094221	-0.018387	-2.172488
2.482016	-0.096409	-0.019369	-2.207020
2.480260	-0.094063	-0.016025	-2.235614
2.478507	-0.094618	-0.014776	-2.287311
2.476756	-0.100497	-0.014067	-2.476052
2.475008	-0.096027	-0.013244	-2.371577
2.473263	-0.095895	-0.021261	-2.138092
2.471521	-0.094879	-0.021041	-2.115312
2.469781	-0.100813	-0.017987	-2.372793
2.468044	-0.095937	-0.009409	-2.478819
2.466309	-0.094622	-0.012383	-2.355975
2.464578	-0.095360	-0.024034	-2.043327
2.462848	-0.097735	-0.017948	-2.285712
2.461122	-0.094291	-0.019330	-2.147477
2.459398	-0.094939	-0.019613	-2.157944
2.457677	-0.093269	-0.018401	-2.144814
2.455958	-0.094558	-0.013413	-2.324636
2.454243	-0.096584	-0.019890	-2.197143
2.452529	-0.093387	-0.015587	-2.228830
2.450819	-0.092860	-0.019236	-2.109176
2.449111	-0.096185	-0.016531	-2.281912
2.447405	-0.097222	-0.028552	-1.967250
2.445702	-0.091801	-0.018379	-2.103390
2.444002	-0.097476	-0.018658	-2.257971
2.442304	-0.092890	-0.024906	-1.947603
2.440609	-0.096708	-0.019443	-2.213494
2.438917	-0.096691	-0.016601	-2.294404
2.437227	-0.090799	-0.022841	-1.946855
2.435539	-0.098186	-0.012502	-2.454664
2.433854	-0.091865	-0.010945	-2.318169
2.432172	-0.087668	-0.025013	-1.794950
2.430492	-0.092701	-0.020331	-2.073263
2.428815	-0.093615	-0.025179	-1.960542
2.427140	-0.097664	-0.025373	-2.070966
2.425468	-0.090287	-0.019237	-2.035429
2.423799	-0.094571	-0.019203	-2.159115
2.422131	-0.093353	-0.016857	-2.191467
2.420467	-0.090143	-0.013001	-2.209945
2.418805	-0.092303	-0.030436	-1.772373
2.417145	-0.091842	-0.008574	-2.385462
2.415488	-0.094775	-0.024956	-2.000153
2.413833	-0.091767	-0.025121	-1.909259
2.412181	-0.098609	-0.024023	-2.136721
2.410532	-0.093260	-0.015830	-2.218208
2.408884	-0.096993	-0.016854	-2.295827
2.407240	-0.089578	-0.021380	-1.953718
2.405598	-0.091964	-0.018084	-2.116492
2.403958	-0.098120	-0.022641	-2.162327
2.402320	-0.091792	-0.021868	-2.003171
2.400685	-0.088188	-0.024625	-1.820933
2.399053	-0.093543	-0.013525	-2.292340
2.397423	-0.091527	-0.021993	-1.991983
2.395795	-0.091297	-0.023264	-1.948993
2.394170	-0.091682	-0.013704	-2.233918
2.392547	-0.092405	-0.018072	-2.129486
2.390927	-0.097158	-0.020016	-2.209947
2.389309	-0.087450	-0.003918	-2.393008
2.387694	-0.098102	-0.014855	-2.384854
2.386081	-0.091589	-0.012888	-2.254623
2.384470	-0.088986	-0.015967	-2.091831
2.382861	-0.093206	-0.017456	-2.170072
2.381255	-0.090579	-0.021539	-1.977835
2.379652	-0.088947	-0.024187	-1.855232
2.378051	-0.093138	-0.026022	-1.922716
2.376452	-0.092517	-0.015691	-2.200906
2.374855	-0.090911	-0.016257	-2.138692
2.373261	-0.095308	-0.022190	-2.094692
2.371669	-0.090385	-0.010727	-2.282022
2.370080	-0.093317	-0.019667	-2.109912
2.368493	-0.090389	-0.014263	-2.180873
2.366908	-0.088942	-0.024280	-1.852442
2.365326	-0.090674	-0.026440	-1.840166
2.363745	-0.089994	-0.010255	-2.284374
2.362168	-0.090561	-0.026474	-1.835966
2.360592	-0.095616	-0.012173	-2.390467
2.359019	-0.086915	-0.029924	-1.632685
2.357448	-0.084304	-0.018024	-1.898810
2.355880	-0.092316	-0.019439	-2.087779
2.354313	-0.092442	-0.010235	-2.355059
2.352749	-0.091968	-0.021458	-2.019942
2.351188	-0.098039	-0.014498	-2.393259
2.349628	-0.095572	-0.020421	-2.152918
2.348071	-0.096428	-0.024276	-2.066996
2.346516	-0.092997	-0.022894	-2.008303
2.344964	-0.091158	-0.026237	-1.859850
2.343413	-0.087842	-0.013190	-2.138601
2.341865	-0.090816	-0.023492	-1.928680
2.340319	-0.093557	-0.030543	-1.805204
2.338776	-0.090683	-0.027715	-1.803886
2.337235	-0.092342	-0.015965	-2.188044
2.335695	-0.086757	-0.023970	-1.798709
2.334159	-0.098920	-0.027391	-2.049179
2.332624	-0.092091	-0.014564	-2.220981
2.331091	-0.089129	-0.024023	-1.865158
2.329561	-0.088310	-0.027535	-1.741076
2.328033	-0.094792	-0.028802	-1.890479
2.326508	-0.092057	-0.014174	-2.231198
2.324984	-0.092139	-0.028905	-1.811541
2.323463	-0.090288	-0.019943	-2.015226
2.321943	-0.090959	-0.014783	-2.182274
2.320426	-0.093755	-0.007514	-2.470640
2.318912	-0.090894	-0.019324	-2.050326
2.317399	-0.089206	-0.018730	-2.019004
2.315888	-0.093893	-0.012536	-2.330700
2.314380	-0.084684	-0.019948	-1.854562
2.312874	-0.088406	-0.034325	-1.549290
2.311370	-0.088242	-0.020673	-1.935687
2.309868	-0.094614	-0.023760	-2.029826
2.308369	-0.094047	-0.018952	-2.151303
2.306871	-0.091786	-0.018038	-2.112733
2.305376	-0.085750	-0.023381	-1.786738
2.303883	-0.094176	-0.028161	-1.891197
2.302392	-0.085484	-0.033097	-1.500798
2.300903	-0.087905	-0.042845	-1.290868
2.299416	-0.101640	-0.026126	-2.163312
2.297931	-0.097067	-0.020856	-2.183301
2.296449	-0.094592	-0.006907	-2.511986
2.294968	-0.086168	-0.013141	-2.092062
2.293490	-0.088658	-0.018138	-2.020226
2.292013	-0.087172	-0.030130	-1.634120
2.290539	-0.093035	-0.023492	-1.992243
2.289067	-0.091676	-0.030881	-1.741623
2.287597	-0.081470	-0.025619	-1.600024
2.286129	-0.095095	-0.034654	-1.731494
2.284664	-0.084163	-0.017478	-1.910377
2.283200	-0.082318	-0.029698	-1.507443
2.281738	-0.089760	-0.023473	-1.898999
2.280279	-0.089560	-0.037112	-1.502526
2.278821	-0.094863	-0.014761	-2.294744
2.277366	-0.091168	-0.030037	-1.751282
2.275912	-0.088747	-0.011965	-2.199635
2.274461	-0.089819	-0.034693	-1.579256
2.273012	-0.094154	-0.004395	-2.571405
2.271564	-0.081230	-0.026300	-1.573632
2.270119	-0.091638	-0.043096	-1.390638
2.268676	-0.097546	-0.023663	-2.116601
2.267235	-0.088496	-0.033633	-1.571696
2.265796	-0.085449	-0.031482	-1.546038
2.264359	-0.091296	-0.028062	-1.811525
2.262923	-0.096989	-0.038448	-1.677071
2.261490	-0.086442	-0.019804	-1.909032
2.260059	-0.095314	-0.041874	-1.530945
2.258630	-0.083002	-0.020419	-1.792862
2.257203	-0.087334	-0.030699	-1.622495
2.255778	-0.090646	-0.040942	-1.423908
2.254355	-0.094887	-0.034665	-1.725228
2.252934	-0.091271	-0.010654	-2.309481
2.251515	-0.091286	-0.014065	-2.212220
2.250098	-0.093125	-0.032822	-1.727570
2.248683	-0.086911	-0.025743	-1.752342
2.247269	-0.092355	-0.021124	-2.040627
2.245858	-0.087622	-0.037388	-1.439084
2.244449	-0.089627	-0.039271	-1.442612
2.243042	-0.087155	-0.027719	-1.702718
2.241636	-0.085531	-0.034949	-1.449065
2.240233	-0.090460	-0.024011	-1.903623
2.238832	-0.082853	-0.023824	-1.691054
2.237432	-0.092156	-0.021972	-2.010627
2.236035	-0.089105	-0.002100	-2.492502
2.234639	-0.099956	-0.025115	-2.144026
2.233245	-0.090264	-0.033128	-1.636846
2.231854	-0.086264	-0.030182	-1.606644
2.230464	-0.095224	-0.020963	-2.127426
2.229076	-0.088986	-0.017747	-2.040859
2.227690	-0.078842	-0.010713	-1.951744
2.226306	-0.083904	-0.030413	-1.532404
2.224924	-0.071742	-0.026518	-1.295572
2.223544	-0.086884	-0.014792	-2.065267
2.222165	-0.089753	-0.013693	-2.178977
2.220789	-0.090200	-0.020802	-1.988107
2.219414	-0.084078	-0.038461	-1.306850
2.218042	-0.091242	-0.035854	-1.586758
2.216671	-0.093258	-0.025869	-1.930552
2.215302	-0.095130	-0.035771	-1.700515
2.213935	-0.085072	-0.020226	-1.857708
2.212570	-0.082704	-0.013188	-1.991488
2.211207	-0.086226	-0.012201	-2.120670
2.209845	-0.096790	-0.036676	-1.722156
2.208486	-0.093692	-0.028828	-1.858224
2.207128	-0.093561	-0.017167	-2.188535
2.205772	-0.088552	-0.027345	-1.753448
2.204418	-0.085808	-0.034148	-1.479938
2.203066	-0.095811	-0.041276	-1.562333
2.201716	-0.095366	-0.020932	-2.132386
2.200367	-0.082362	-0.019610	-1.797726
2.199021	-0.097639	-0.003915	-2.684992
2.197676	-0.093866	-0.025083	-1.970474
2.196333	-0.089677	-0.042782	-1.343431
2.194992	-0.075085	-0.036491	-1.105627
2.193653	-0.095455	-0.029518	-1.888947
2.192315	-0.094059	-0.032233	-1.771207
2.190980	-0.077930	-0.017227	-1.738994
2.189646	-0.084730	-0.033986	-1.453729
2.188314	-0.083348	-0.043627	-1.137928
2.186984	-0.082974	-0.025868	-1.635983
2.185655	-0.091841	-0.035041	-1.627213
2.184328	-0.082833	-0.037322	-1.303800
2.183004	-0.101822	-0.019271	-2.364903
2.181681	-0.090123	-0.029388	-1.739930
2.180359	-0.087221	-0.040715	-1.332291
2.179040	-0.087598	-0.044279	-1.241005
2.177722	-0.084043	-0.019616	-1.845679
2.176406	-0.091246	-0.019746	-2.048316
2.175092	-0.087756	-0.021276	-1.904506
2.173780	-0.083175	-0.035123	-1.376586
2.172469	-0.093239	-0.051813	-1.186778
2.171160	-0.090606	-0.038956	-1.479668
2.169853	-0.091856	-0.027920	-1.831631
2.168548	-0.087006	-0.033497	-1.532916
2.167244	-0.076985	-0.015368	-1.765188
2.165943	-0.088047	-0.024139	-1.830840
2.164643	-0.080518	-0.041120	-1.128666
2.163344	-0.084909	-0.035153	-1.425387
2.162048	-0.089373	-0.031478	-1.658581
2.160753	-0.088091	-0.026440	-1.766173
2.159460	-0.086854	-0.032396	-1.560117
2.158168	-0.081476	-0.023490	-1.661181
2.156879	-0.075498	-0.030600	-1.286213
2.155591	-0.108551	-0.044156	-1.844765
2.154304	-0.095686	-0.027981	-1.939610
2.153020	-0.095144	-0.016244	-2.260313
2.151737	-0.087152	-0.039924	-1.352981
2.150456	-0.091559	-0.032946	-1.679132
2.149177	-0.092676	-0.043559	-1.407090
2.147899	-0.100372	-0.039896	-1.732499
2.146623	-0.090576	-0.025223	-1.872228
2.145349	-0.089909	-0.039351	-1.448385
2.144076	-0.079418	-0.025008	-1.558729
2.142805	-0.084851	-0.019453	-1.873506
2.141536	-0.087812	-0.025620	-1.781651
2.140268	-0.088009	-0.015605	-2.074209
2.139002	-0.088120	-0.028930	-1.695665
2.137738	-0.077780	-0.039095	-1.108235
2.136476	-0.081184	-0.031501	-1.423315
2.135215	-0.087259	-0.034272	-1.517948
2.133956	-0.096118	-0.029787	-1.900255
2.132698	-0.091131	-0.047581	-1.247624
2.131442	-0.094858	-0.024158	-2.025429
2.130188	-0.097953	-0.036643	-1.756385
2.128935	-0.082190	-0.045405	-1.053817
2.127684	-0.086187	-0.039252	-1.344589
2.126435	-0.094386	-0.028779	-1.879495
2.125187	-0.077085	-0.028221	-1.399838
2.123941	-0.093864	-0.039843	-1.547576
2.122697	-0.088048	-0.026761	-1.755724
2.121454	-0.083158	-0.023749	-1.701943
2.120213	-0.104452	-0.026093	-2.244836
2.118974	-0.089878	-0.027095	-1.798621
2.117736	-0.095632	-0.021495	-2.123871
2.116500	-0.093642	-0.035890	-1.654477
2.115265	-0.091774	-0.026691	-1.864493
2.114032	-0.084817	-0.025661	-1.694670
2.112801	-0.077853	-0.032128	-1.309923
2.111571	-0.100486	-0.007190	-2.672726
2.110343	-0.084626	-0.030041	-1.563754
2.109116	-0.088121	-0.024010	-1.836663
2.107891	-0.086902	-0.036628	-1.440251
2.106668	-0.081054	-0.039187	-1.199385
2.105446	-0.095826	-0.026246	-1.993331
2.104226	-0.095732	-0.023048	-2.082257
2.103007	-0.083449	-0.018961	-1.847448
2.101790	-0.085009	-0.014215	-2.028110
2.100575	-0.089896	-0.039058	-1.456388
2.099361	-0.099787	-0.033394	-1.902013
2.098149	-0.079778	-0.012143	-1.937612
2.096938	-0.096777	-0.036680	-1.721677
2.095729	-0.073957	-0.026885	-1.348490
2.094521	-0.082135	-0.033929	-1.380998
2.093315	-0.092531	-0.025738	-1.913496
2.092111	-0.088202	-0.036692	-1.475654
2.090908	-0.087526	-0.024646	-1.801390
2.089707	-0.089371	-0.039261	-1.435553
2.088507	-0.084160	-0.022670	-1.761586
2.087309	-0.080285	-0.025839	-1.559749
2.086112	-0.089282	-0.018752	-2.020520
2.084917	-0.082765	-0.038375	-1.271665
2.083723	-0.105730	-0.032450	-2.099301
2.082531	-0.085954	-0.071865	-0.403622
2.081341	-0.094624	-0.039153	-1.589110
2.080152	-0.084507	-0.043684	-1.169507
2.078964	-0.079620	-0.021513	-1.664652
2.077778	-0.103637	-0.036294	-1.929251
2.076594	-0.093805	-0.050521	-1.239986
2.075411	-0.089948	-0.026535	-1.816631
2.074230	-0.102576	-0.043405	-1.695112
2.073050	-0.090324	-0.025827	-1.847688
2.071871	-0.086528	-0.032704	-1.541953
2.070694	-0.086864	-0.026851	-1.719243
2.069519	-0.076068	-0.012270	-1.827663
2.068345	-0.076571	-0.025808	-1.454277
2.067173	-0.092063	-0.041448	-1.450013
2.066002	-0.098523	-0.038101	-1.730953
2.064833	-0.100521	-0.053027	-1.360596
2.063665	-0.096034	-0.046805	-1.410297
2.062498	-0.096815	-0.052566	-1.267644
2.061333	-0.084553	-0.034260	-1.440805
2.060170	-0.083688	-0.038241	-1.301955
2.059008	-0.076678	-0.023928	-1.511184
2.057848	-0.089052	-0.053793	-1.010093
2.056689	-0.081180	-0.041960	-1.123576
2.055531	-0.096493	-0.034911	-1.764193
2.054375	-0.074320	-0.041190	-0.949092
2.053221	-0.071303	-0.041919	-0.841788
2.052067	-0.093565	-0.026445	-1.922865
2.050916	-0.099174	-0.035053	-1.836938
2.049766	-0.094764	-0.037540	-1.639353
2.048617	-0.098285	-0.013795	-2.420459
2.047470	-0.094004	-0.018415	-2.165473
2.046324	-0.089283	-0.033166	-1.607625
2.045179	-0.089686	-0.023447	-1.897607
2.044036	-0.094018	-0.048598	-1.301174
2.042895	-0.080442	-0.045349	-1.005322
2.041755	-0.096764	-0.043159	-1.535666
2.040616	-0.088570	-0.033547	-1.576293
2.039479	-0.093081	-0.049062	-1.261045
2.038343	-0.084259	-0.040365	-1.257460
2.037209	-0.094024	-0.039221	-1.569970
2.036076	-0.089615	-0.037309	-1.498467
2.034945	-0.105572	-0.045825	-1.711630
2.033815	-0.090998	-0.025584	-1.873993
2.032686	-0.084581	-0.038507	-1.319915
2.031559	-0.085468	-0.060150	-0.725317
2.030433	-0.087147	-0.029381	-1.654883
2.029309	-0.094470	-0.010315	-2.410843
2.028186	-0.089642	0.000125	-2.571652
2.027064	-0.096922	-0.045560	-1.471405
2.025944	-0.084508	-0.049696	-0.997278
2.024825	-0.093917	-0.051876	-1.204384
2.023708	-0.084498	-0.036981	-1.361266
2.022592	-0.098619	-0.052413	-1.323710
2.021477	-0.100704	-0.029546	-2.038537
2.020364	-0.089654	-0.033174	-1.618012
2.019252	-0.091365	-0.021768	-1.993799
2.018142	-0.082946	-0.028448	-1.561265
2.017033	-0.081800	-0.016792	-1.862367
2.015925	-0.099988	-0.025037	-2.147202
2.014819	-0.094124	-0.045079	-1.405033
2.013714	-0.082394	-0.053285	-0.833900
2.012610	-0.099326	-0.041762	-1.649083
2.011508	-0.072416	-0.051969	-0.585781
2.010407	-0.083284	-0.046897	-1.042413
2.009308	-0.087059	-0.024510	-1.791914
2.008210	-0.088249	-0.047771	-1.159604
2.007113	-0.101253	-0.035706	-1.877790
2.006018	-0.098309	-0.054418	-1.257402
2.004924	-0.083301	-0.035134	-1.379885
2.003831	-0.076949	-0.051662	-0.724421
2.002740	-0.084432	-0.043175	-1.181944
2.001650	-0.088344	-0.038295	-1.433809
2.000561	-0.084986	-0.042432	-1.219065
1.999474	-0.092665	-0.052327	-1.155584
1.998388	-0.094697	-0.038360	-1.613931
1.997303	-0.096383	-0.040190	-1.609812
1.996220	-0.077293	-0.044388	-0.942653
1.995138	-0.088349	-0.044121	-1.267056
1.994058	-0.095832	-0.044200	-1.479148
1.992978	-0.099264	-0.031175	-1.950595
1.991901	-0.086203	-0.071885	-0.410180
1.990824	-0.078496	-0.060392	-0.518629
1.989749	-0.093169	-0.064758	-0.813914
1.988675	-0.099358	-0.023366	-2.177029
1.987602	-0.088845	-0.035553	-1.526715
1.986531	-0.073355	-0.042896	-0.872590
1.985461	-0.079829	-0.041674	-1.093061
1.984392	-0.095679	-0.050499	-1.294295
1.983325	-0.092695	-0.043833	-1.399790
1.982259	-0.084856	-0.038140	-1.338325
1.981194	-0.090164	-0.033748	-1.616212
1.980130	-0.106759	-0.042467	-1.841816
1.979068	-0.076052	-0.036822	-1.123845
1.978007	-0.094040	-0.033808	-1.725534
1.976948	-0.087147	-0.030321	-1.627926
1.975889	-0.086223	-0.037741	-1.388910
1.974832	-0.075874	-0.039678	-1.036935
1.973777	-0.091577	-0.031978	-1.707383
1.972722	-0.088315	-0.042104	-1.323865
1.971669	-0.088617	-0.038545	-1.434467
1.970617	-0.080612	-0.038085	-1.218304
1.969566	-0.081205	-0.038613	-1.220151
1.968517	-0.082419	-0.066656	-0.451576
1.967469	-0.079259	-0.068312	-0.313596
1.966422	-0.088168	-0.026289	-1.772696
1.965377	-0.087936	-0.023125	-1.856694
1.964333	-0.088390	-0.027685	-1.739083
1.963290	-0.089746	-0.026234	-1.819481
1.962248	-0.097074	-0.060628	-1.044098
1.961207	-0.085494	-0.039840	-1.307886
1.960168	-0.098458	-0.043135	-1.584882
1.959130	-0.091250	-0.039974	-1.468971
1.958094	-0.088965	-0.033570	-1.586959
1.957058	-0.102653	-0.010726	-2.633512
1.956024	-0.084475	-0.037208	-1.354111
1.954991	-0.083314	-0.033061	-1.439637
1.953959	-0.088168	-0.067603	-0.589153
1.952929	-0.071722	-0.043080	-0.820541
1.951900	-0.095839	-0.061151	-0.993755
1.950872	-0.092763	-0.042957	-1.426845
1.949845	-0.095850	-0.060097	-1.024252
1.948819	-0.093946	-0.067341	-0.762191
1.947795	-0.082607	-0.062807	-0.567225
1.946772	-0.084239	-0.031998	-1.496598
1.945750	-0.096848	-0.045345	-1.475451
1.944729	-0.084808	-0.038232	-1.334312
1.943710	-0.072720	-0.036236	-1.045198
1.942692	-0.093325	-0.029854	-1.818300
1.941675	-0.097862	-0.024507	-2.101464
1.940659	-0.086193	-0.034184	-1.489949
1.939645	-0.087057	-0.037840	-1.409960
1.938631	-0.083913	-0.053833	-0.861717
1.937619	-0.076635	-0.071955	-0.134083
1.936608	-0.073726	-0.038189	-1.018060
1.935599	-0.109421	-0.027604	-2.343888
1.934590	-0.086212	-0.016172	-2.006506
1.933583	-0.083725	-0.029347	-1.557805
1.932577	-0.096120	-0.039064	-1.634535
1.931572	-0.101281	-0.038929	-1.786236
1.930568	-0.081398	-0.014589	-1.913942
1.929566	-0.096392	-0.024150	-2.069591
1.928565	-0.099252	-0.041214	-1.662664
1.927565	-0.094091	-0.043074	-1.461532
1.926566	-0.103238	-0.047789	-1.588506
1.925568	-0.095296	-0.064855	-0.872069
1.924571	-0.083385	-0.066566	-0.481841
1.923576	-0.102643	-0.056900	-1.310444
1.922582	-0.097654	-0.041473	-1.609471
1.921589	-0.092397	-0.046487	-1.315233
1.920597	-0.081332	-0.018754	-1.792751
1.919606	-0.090614	-0.047562	-1.233354
1.918617	-0.087820	-0.044188	-1.249976
1.917629	-0.073405	-0.068250	-0.147674
1.916641	-0.075132	-0.042084	-0.946776
1.915655	-0.092678	-0.038912	-1.540281
1.914671	-0.110954	-0.036011	-2.146939
1.913687	-0.093095	-0.070863	-0.636898
1.912704	-0.097444	-0.032037	-1.873770
1.911723	-0.076153	-0.040636	-1.017485
1.910743	-0.102412	-0.032503	-2.002740
1.909764	-0.107568	-0.009096	-2.821005
1.908786	-0.066811	-0.046707	-0.575943
1.907809	-0.089601	-0.034245	-1.585838
1.906834	-0.080166	-0.043783	-1.042277
1.905859	-0.103308	-0.058121	-1.294508
1.904886	-0.077357	-0.048638	-0.822731
1.903914	-0.092296	-0.053379	-1.114906
1.902943	-0.077763	-0.037489	-1.153758
1.901973	-0.070350	-0.024508	-1.313275
1.901004	-0.094840	-0.056762	-1.090867
1.900036	-0.083112	-0.073066	-0.287794
1.899070	-0.081551	-0.051418	-0.863246
1.898105	-0.094940	-0.068753	-0.750204
1.897140	-0.083999	-0.055111	-0.827581
1.896177	-0.112474	-0.029743	-2.370063
1.895215	-0.095932	-0.046753	-1.408865
1.894254	-0.074887	-0.013401	-1.761440
1.893295	-0.081573	-0.033999	-1.362909
1.892336	-0.095898	-0.040346	-1.591455
1.891378	-0.115648	-0.024467	-2.612166
1.890422	-0.102678	-0.043474	-1.696056
1.889467	-0.121727	-0.071374	-1.442494
1.888513	-0.091008	-0.072119	-0.541125
1.887560	-0.106457	-0.079684	-0.767011
1.886608	-0.088950	-0.046887	-1.205008
1.885657	-0.078539	-0.048498	-0.860615
1.884707	-0.062148	-0.053912	-0.235969
1.883758	-0.112106	-0.040300	-2.057089
1.882811	-0.092230	-0.033466	-1.683471
1.881864	-0.085323	-0.034400	-1.458832
1.880919	-0.088516	-0.046786	-1.195484
1.879975	-0.081898	-0.061441	-0.586052
1.879032	-0.090331	-0.036333	-1.546942
1.878090	-0.100907	-0.054976	-1.315835
1.877149	-0.110330	-0.045757	-1.849882
1.876209	-0.104277	-0.041199	-1.807050
1.875270	-0.081361	-0.049658	-0.908234
1.874332	-0.102086	-0.047300	-1.569523
1.873396	-0.080492	-0.061457	-0.545307
1.872460	-0.066927	-0.033650	-0.953310
1.871525	-0.087576	-0.034853	-1.510401
1.870592	-0.097344	-0.044355	-1.518031
1.869660	-0.092388	-0.052985	-1.128795
1.868728	-0.090196	-0.047415	-1.225572
1.867798	-0.096809	-0.014774	-2.350129
1.866869	-0.104044	-0.035836	-1.954022
1.865941	-0.105261	-0.033009	-2.069866
1.865014	-0.088334	-0.060280	-0.803698
1.864088	-0.081282	-0.052887	-0.813434
1.863163	-0.086258	-0.068222	-0.516720
1.862239	-0.080998	-0.058472	-0.645307
1.861317	-0.064630	-0.068268	0.104200
1.860395	-0.089957	-0.044054	-1.315021
1.859474	-0.076028	-0.055532	-0.587157
1.858555	-0.077535	-0.043707	-0.969099
1.857636	-0.110181	-0.045603	-1.850045
1.856719	-0.084848	-0.057982	-0.769653
1.855802	-0.097787	-0.082146	-0.448095
1.854887	-0.076807	-0.051525	-0.724276
1.853973	-0.102646	-0.043708	-1.688453
1.853059	-0.092318	-0.063437	-0.827367
1.852147	-0.088936	-0.014792	-2.124067
1.851236	-0.114451	-0.059966	-1.560895
1.850326	-0.086321	-0.037451	-1.400022
1.849416	-0.096553	-0.066130	-0.871555
1.848508	-0.096846	-0.053238	-1.249296
1.847601	-0.088453	-0.058264	-0.864846
1.846695	-0.088380	-0.032180	-1.610008
1.845790	-0.091672	-0.073948	-0.507759
1.844886	-0.074666	-0.068523	-0.175998
1.843983	-0.071288	-0.054297	-0.486739
1.843081	-0.078131	-0.057924	-0.578891
1.842180	-0.109508	-0.044766	-1.854709
1.841280	-0.095674	-0.053685	-1.202877
1.840381	-0.108189	-0.070922	-1.067613
1.839484	-0.097544	-0.046314	-1.467612
1.838587	-0.094794	-0.035834	-1.689100
1.837691	-0.083710	-0.067137	-0.474776
1.836796	-0.086521	-0.033453	-1.520287
1.835902	-0.091199	-0.090237	-0.027565
1.835009	-0.108131	-0.095668	-0.357042
1.834118	-0.103228	-0.052054	-1.466022
1.833227	-0.078521	-0.037454	-1.176487
1.832337	-0.095955	-0.104084	0.232858
1.831448	-0.104898	-0.053790	-1.464126
1.830560	-0.070279	-0.068187	-0.059939
1.829674	-0.092009	-0.073389	-0.533432
1.828788	-0.117112	-0.031397	-2.455548
1.827903	-0.096148	-0.033866	-1.784269
1.827019	-0.095986	0.008705	-2.999180
1.826136	-0.089503	-0.048452	-1.176024
1.825255	-0.080799	-0.029422	-1.471829
1.824374	-0.106436	-0.029591	-2.201445
1.823494	-0.073188	-0.053296	-0.569864
1.822615	-0.072163	-0.022824	-1.413465
1.821737	-0.105875	-0.051164	-1.567346
1.820860	-0.093606	-0.069243	-0.697969
1.819984	-0.081364	-0.098101	0.479477
1.819109	-0.085827	-0.054799	-0.888887
1.818235	-0.092462	-0.069741	-0.650908
1.817362	-0.111002	-0.082551	-0.815068
1.816490	-0.096915	-0.052660	-1.267800
1.815619	-0.078290	-0.072835	-0.156271
1.814749	-0.093786	-0.054440	-1.127188
1.813880	-0.088833	-0.071283	-0.502749
1.813012	-0.085469	-0.039980	-1.303140
1.812145	-0.117301	-0.031559	-2.456317
1.811279	-0.082874	-0.043910	-1.116243
1.810413	-0.108339	-0.052543	-1.598436
1.809549	-0.065852	-0.026089	-1.139140
1.808686	-0.109626	-0.059906	-1.424362
1.807824	-0.075286	-0.072142	-0.090082
1.806962	-0.096514	-0.041747	-1.568939
1.806102	-0.123868	-0.057005	-1.915481
1.805242	-0.101276	-0.035384	-1.887669
1.804384	-0.086008	-0.057420	-0.818985
1.803526	-0.081734	-0.053605	-0.805860
1.802670	-0.072612	-0.066747	-0.168020
1.801814	-0.092363	-0.065908	-0.757878
1.800959	-0.112066	-0.049470	-1.793245
1.800105	-0.096271	-0.050171	-1.320653
1.799252	-0.086829	-0.022281	-1.849153
1.798401	-0.125390	0.006261	-3.771504
1.797550	-0.067402	-0.063065	-0.124248
1.796700	-0.064248	-0.075648	0.326561
1.795851	-0.115851	-0.054168	-1.767081
1.795002	-0.100251	-0.049036	-1.467210
1.794155	-0.106986	-0.062195	-1.283161
1.793309	-0.096745	-0.067691	-0.832339
1.792464	-0.092805	-0.095926	0.089412
1.791619	-0.080646	-0.050018	-0.877440
1.790776	-0.090342	-0.075042	-0.438312
1.789933	-0.096995	-0.071017	-0.744237
1.789092	-0.068523	-0.037833	-0.879218
1.788251	-0.100694	-0.058748	-1.201671
1.787411	-0.095059	-0.054146	-1.172056
1.786572	-0.089525	-0.020958	-1.964284
1.785734	-0.092903	-0.080066	-0.367751
1.784897	-0.102191	-0.063754	-1.101123
1.784061	-0.097024	-0.001617	-2.733200
1.783226	-0.129333	-0.077028	-1.498402
1.782392	-0.099960	-0.046784	-1.523381
1.781558	-0.085867	-0.084468	-0.040070
1.780726	-0.073014	-0.023023	-1.432145
1.779894	-0.109346	-0.099743	-0.275103
1.779064	-0.087501	-0.115373	0.798498
1.778234	-0.079107	-0.040344	-1.110473
1.777405	-0.103487	-0.066119	-1.070530
1.776577	-0.129980	-0.089247	-1.166914
1.775750	-0.104358	-0.050609	-1.539798
1.774924	-0.071288	-0.081351	0.288287
1.774099	-0.115789	-0.047762	-1.948824
1.773275	-0.115490	-0.074625	-1.170683
1.772451	-0.056251	-0.038726	-0.502038
1.771629	-0.106336	-0.071280	-1.004284
1.770807	-0.099503	-0.053082	-1.329848
1.769986	-0.111174	-0.083919	-0.780779
1.769167	-0.080960	-0.061779	-0.549497
1.768348	-0.101092	-0.072453	-0.820451
1.767530	-0.123890	-0.037411	-2.477444
1.766712	-0.084617	-0.078089	-0.187008
1.765896	-0.119280	-0.079758	-1.132235
1.765081	-0.073325	-0.076704	0.096803
1.764266	-0.107418	-0.057011	-1.444068
1.763453	-0.102043	-0.085461	-0.475037
1.762640	-0.102206	-0.070413	-0.910803
1.761828	-0.079550	-0.083721	0.119500
1.761017	-0.062780	-0.059715	-0.087796
1.760207	-0.077602	-0.054183	-0.670911
1.759398	-0.067002	-0.016021	-1.460491
1.758589	-0.092322	-0.044194	-1.378775
1.757782	-0.092438	-0.064278	-0.806706
1.756975	-0.085316	-0.074486	-0.310281
1.756169	-0.110402	-0.034546	-2.173132
1.755365	-0.080737	-0.070664	-0.288581
1.754560	-0.087687	-0.029760	-1.659490
1.753757	-0.078427	-0.023713	-1.567434
1.752955	-0.074837	-0.019532	-1.584360
1.752154	-0.051033	-0.106122	1.578173
1.751353	-0.105284	-0.044475	-1.742057
1.750553	-0.099631	-0.063889	-1.023950
1.749755	-0.125519	-0.069622	-1.601337
1.748957	-0.088500	-0.059492	-0.831036
1.748159	-0.090099	-0.065244	-0.712037
1.747363	-0.111361	-0.031458	-2.289049
1.746568	-0.057357	-0.099628	1.210970
1.745773	-0.082237	-0.040752	-1.188441
1.744979	-0.087140	-0.059230	-0.799564
1.744187	-0.078714	-0.052204	-0.759453
1.743395	-0.117352	-0.074647	-1.223419
1.742603	-0.124607	-0.071322	-1.526492
1.741813	-0.095102	-0.099525	0.126691
1.741024	-0.067976	-0.066321	-0.047386
1.740235	-0.096288	-0.063903	-0.927754
1.739447	-0.071837	-0.108803	1.058992
1.738660	-0.098025	-0.086399	-0.333077
1.737874	-0.108495	-0.021584	-2.489806
1.737089	-0.066684	-0.090999	0.696568
1.736304	-0.093179	-0.136744	1.248043
1.735521	-0.095287	-0.033250	-1.777205
1.734738	-0.067185	-0.091341	0.692020
1.733956	-0.065038	-0.070980	0.170227
1.733175	-0.118541	-0.050436	-1.951081
1.732395	-0.082366	-0.125348	1.231337
1.731615	-0.092343	-0.048373	-1.259623
1.730837	-0.084532	-0.062360	-0.635170
1.730059	-0.073921	-0.049118	-0.710555
1.729282	-0.064607	-0.068558	0.113202
1.728506	-0.120966	-0.105096	-0.454652
1.727730	-0.080716	-0.066571	-0.405229
1.726956	-0.073283	-0.038365	-1.000344
1.726182	-0.100564	-0.041715	-1.685913
1.725409	-0.115115	-0.076080	-1.118277
1.724637	-0.111260	-0.040511	-2.026831
1.723866	-0.086729	-0.064864	-0.626411
1.723096	-0.095982	0.014803	-3.173750
1.722326	-0.095602	-0.055586	-1.146398
1.721557	-0.085530	-0.062241	-0.667195
1.720789	-0.103911	-0.089636	-0.408957
1.720022	-0.073976	-0.122617	1.393475
1.719256	-0.068560	-0.079265	0.306657
1.718490	-0.037881	-0.108715	2.029233
1.717726	-0.063572	-0.025395	-1.093681
1.716962	-0.108428	-0.046775	-1.766231
1.716199	-0.131520	-0.020814	-3.171496
1.715436	-0.102591	-0.123739	0.605826
1.714675	-0.093990	-0.102085	0.231908
1.713914	-0.053956	-0.099691	1.310211
1.713154	-0.100254	-0.089364	-0.311957
1.712395	-0.110355	-0.093374	-0.486471
1.711637	-0.101539	-0.118923	0.498020
1.710879	-0.091029	-0.052228	-1.111563
1.710122	-0.097734	-0.073147	-0.704359
1.709366	-0.092400	-0.040454	-1.488141
1.708611	-0.061575	-0.105519	1.258883
1.707857	-0.078171	-0.115926	1.081603
1.707103	-0.096072	-0.059851	-1.037667
1.706351	-0.111535	-0.053589	-1.660019
1.705599	-0.129312	-0.012855	-3.336251
1.704847	-0.129828	-0.005507	-3.561548
1.704097	-0.106023	-0.003973	-2.923506
1.703347	-0.083221	-0.015877	-1.929275
1.702599	-0.063096	-0.105660	1.219372
1.701850	-0.087874	-0.047092	-1.168325
1.701103	-0.082290	0.032397	-3.285542
1.700357	-0.138724	-0.042125	-2.767346
1.699611	-0.070148	-0.025730	-1.272497
1.698866	-0.088204	-0.063217	-0.715817
1.698122	-0.028954	-0.105340	2.188298
1.697378	-0.085120	-0.101003	0.455003
1.696636	-0.094756	-0.064397	-0.869715
1.695894	-0.061484	-0.096177	0.993901
1.695153	-0.102116	-0.073725	-0.813343
1.694412	-0.095768	-0.060807	-1.001553
1.693673	-0.110562	-0.091064	-0.558575
1.692934	-0.073337	-0.039213	-0.977563
1.692196	-0.108298	-0.119486	0.320504
1.691459	-0.109407	-0.088918	-0.586958
1.690722	-0.060338	-0.011630	-1.395382
1.689987	-0.062222	-0.102836	1.163497
1.689252	-0.082596	-0.094277	0.334639
1.688518	-0.068115	-0.062617	-0.157506
1.687784	-0.085283	-0.053225	-0.918401
1.687051	-0.120855	-0.015906	-3.006564
1.686320	-0.047579	0.004004	-1.477727
1.685588	-0.130129	-0.085209	-1.286864
1.684858	-0.097384	-0.178697	2.329448
1.684128	-0.126780	-0.031923	-2.717461
1.683399	-0.098511	-0.084689	-0.395958
1.682671	-0.065654	-0.049200	-0.471378
1.681944	-0.043315	-0.079112	1.025512
1.681217	-0.061378	-0.062845	0.042023
1.680491	-0.116593	-0.051015	-1.878680
1.679766	-0.070091	-0.165782	2.741331
1.679042	-0.005669	-0.016103	0.298888
1.678318	-0.050973	-0.057006	0.172827
1.677595	-0.079633	-0.051091	-0.817647
1.676873	-0.077655	-0.089837	0.349005
1.676152	-0.093688	-0.093169	-0.014854
1.675431	-0.121314	-0.035270	-2.464965
1.674711	-0.061003	-0.038157	-0.654485
1.673992	-0.105147	-0.096043	-0.260816
1.673273	-0.122992	-0.131276	0.237337
1.672556	-0.117124	-0.142334	0.722226
1.671839	-0.129233	-0.081942	-1.354783
1.671122	-0.099650	-0.050401	-1.410888
1.670407	-0.120997	-0.039835	-2.325117
1.669692	-0.052835	-0.081819	0.830350
1.668978	-0.074949	0.022061	-2.779135
1.668265	-0.041141	0.000233	-1.185279
1.667552	-0.110274	-0.058066	-1.495655
1.666840	-0.098882	-0.102884	0.114665
1.666129	-0.090037	-0.090928	0.025524
1.665418	-0.096900	-0.114282	0.497965
1.664709	-0.066932	-0.084799	0.511849
1.664000	-0.133876	-0.108944	-0.714258
1.663292	-0.123892	-0.127924	0.115509
1.662584	-0.102882	-0.029116	-2.113225
1.661877	-0.082158	-0.117405	1.009772
1.661171	-0.067591	-0.035939	-0.906772
1.660466	-0.159094	-0.077730	-2.330920
1.659761	-0.093132	-0.087824	-0.152038
1.659057	-0.093025	-0.104920	0.340779
1.658354	-0.107791	-0.043466	-1.842766
1.657651	-0.111700	-0.120539	0.253218
1.656950	-0.062773	-0.105996	1.238234
1.656249	-0.088507	-0.088318	-0.005398
1.655548	-0.117782	-0.090508	-0.781323
1.654848	-0.119944	-0.071115	-1.398836
1.654150	-0.061111	-0.044553	-0.474327
1.653451	-0.113048	-0.030756	-2.357498
1.652754	-0.171742	-0.072837	-2.833410
1.652057	-0.105560	-0.070236	-1.011935
1.651361	-0.058150	-0.126571	1.960106
1.650665	-0.070730	-0.087626	0.484053
1.649971	-0.073837	-0.101239	0.785001
1.649277	-0.069367	-0.056198	-0.377262
1.648583	-0.113071	-0.077509	-1.018785
1.647891	-0.134789	-0.028147	-3.055076
1.647199	-0.074430	-0.074337	-0.002674
1.646508	-0.106953	-0.078251	-0.822266
1.645817	-0.091986	-0.037550	-1.559472
1.645127	-0.080580	-0.090383	0.280844
1.644438	-0.136520	-0.096589	-1.143934
1.643750	-0.096982	-0.065996	-0.887684
1.643062	-0.050037	-0.110991	1.746190
1.642375	-0.068831	-0.115653	1.341357
1.641689	-0.056925	-0.055406	-0.043526
1.641003	-0.059088	-0.092961	0.970396
1.640318	-0.116917	-0.085660	-0.895436
1.639634	-0.091797	-0.087207	-0.131495
1.638950	-0.108980	-0.129156	0.577995
1.638267	-0.103390	-0.038187	-1.867917
1.637585	-0.090059	-0.110321	0.580446
1.636903	-0.104426	-0.036900	-1.934473
1.636222	-0.100140	-0.054906	-1.295859
1.635542	-0.079057	-0.040908	-1.092903
1.634863	-0.074908	-0.008819	-1.893321
1.634184	-0.056226	-0.049550	-0.191246
1.633506	-0.178924	-0.072619	-3.045402
1.632828	-0.095203	-0.088771	-0.184263
1.632151	-0.099325	-0.111004	0.334585
1.631475	-0.066909	-0.087725	0.596316
1.630800	-0.074563	-0.032791	-1.196682
1.630125	-0.101244	-0.074173	-0.775535
1.629451	-0.071455	-0.177793	3.046369
1.628778	-0.082786	-0.005097	-2.225613
1.628105	-0.089291	-0.048293	-1.174524
1.627433	-0.083779	-0.078221	-0.159246
1.626761	-0.082857	-0.100235	0.497845
1.626091	-0.098957	-0.072634	-0.754103
1.625421	-0.128332	-0.055697	-2.080841
1.624751	-0.061318	-0.112815	1.475289
1.624083	-0.081759	-0.016223	-1.877470
1.623414	-0.106596	-0.109263	0.076401
1.622747	-0.102138	-0.115045	0.369759
1.622080	-0.083422	-0.049923	-0.959675
1.621414	-0.054416	-0.016785	-1.078042
1.620749	-0.107124	-0.056398	-1.453216
1.620084	-0.069575	-0.142840	2.098878
1.619420	-0.059931	-0.089167	0.837529
1.618757	-0.105208	-0.067491	-1.080514
1.618094	-0.030521	-0.075676	1.293584
1.617432	-0.135552	-0.092941	-1.220724
1.616770	-0.082802	-0.069755	-0.373777
1.616109	-0.092443	-0.111742	0.552880
1.615449	-0.101478	-0.119976	0.529926
1.614790	-0.101699	-0.060835	-1.170668
1.614131	-0.094177	-0.033610	-1.735126
1.613473	-0.121024	-0.095485	-0.731644
1.612815	-0.055662	-0.152003	2.759952
1.612158	-0.102555	-0.115919	0.382866
1.611502	-0.100217	-0.104547	0.124048
1.610846	-0.125397	-0.030759	-2.711156
1.610191	-0.100117	-0.130077	0.858294
1.609537	-0.099904	-0.010028	-2.574771
1.608883	-0.045838	-0.083231	1.071231
1.608230	-0.134201	0.049645	-5.266795
1.607578	-0.099913	-0.037173	-1.797372
1.606926	-0.084812	-0.138910	1.549805
1.606275	-0.060085	-0.053730	-0.182062
1.605625	-0.207392	-0.054316	-4.385310
1.604975	-0.101164	-0.025377	-2.171130
1.604326	-0.120070	-0.048745	-2.043315
1.603677	-0.071466	-0.173233	2.915398
1.603029	-0.131669	-0.103810	-0.798101
1.602382	-0.143787	-0.082063	-1.768259
1.601735	-0.039022	-0.029255	-0.279803
1.601089	-0.050106	-0.179143	3.696632
1.600444	-0.131507	-0.108768	-0.651429
1.599799	-0.186815	-0.098043	-2.543131
1.599155	-0.156806	-0.205720	1.401297
1.598512	-0.064778	-0.068273	0.100122
1.597869	-0.020401	-0.088852	1.960979
1.597227	-0.061692	-0.066662	0.142380
1.596585	-0.082507	-0.119787	1.068002
1.595944	-0.144583	-0.251616	3.066259
1.595304	-0.019252	-0.146818	3.654482
1.594664	-0.082381	-0.123524	1.178652
1.594025	-0.048588	-0.040831	-0.222195
1.593386	-0.095328	-0.189087	2.685989
1.592749	-0.094263	-0.133408	1.121437
1.592111	-0.138419	-0.210710	2.070987
1.591475	-0.045926	0.015504	-1.759849
1.590839	-0.017134	-0.070107	1.517569
1.590203	-0.098697	-0.114874	0.463438
1.589569	-0.137364	-0.010631	-3.630621
1.588935	-0.129607	-0.046748	-2.373729
1.588301	-0.126047	0.043180	-4.847986
1.587668	-0.011828	-0.073165	1.757191
1.587036	-0.025398	-0.030117	0.135172
1.586404	-0.100301	-0.156471	1.609147
1.585773	-0.038144	-0.086727	1.391795
1.585143	-0.083375	0.046722	-3.726997
1.584513	-0.104567	-0.053228	-1.470754
1.583884	-0.021410	-0.203933	5.228896
1.583255	-0.152220	-0.161010	0.251821
1.582627	-0.139058	0.073765	-6.096938
1.582000	-0.050937	-0.139960	2.550298
1.581373	-0.008116	-0.098130	2.578721
1.580747	-0.052552	-0.069664	0.490219
1.580121	-0.132152	-0.145653	0.386789
1.579496	-0.056262	-0.041518	-0.422393
1.578872	-0.092351	-0.079064	-0.380638
1.578248	-0.126100	-0.136274	0.291473
1.577625	-0.114480	-0.146565	0.919176
1.577002	-0.098857	-0.043304	-1.591488
1.576380	-0.152641	-0.004229	-4.251688
1.575759	-0.011979	-0.149609	3.942821
1.575138	-0.117103	-0.050145	-1.918183
1.574518	-0.091342	-0.190939	2.853248
1.573899	-0.069455	-0.116735	1.354472
1.573280	-0.064840	-0.054766	-0.288606
1.572661	-0.068417	-0.110542	1.206781
1.572044	-0.128577	-0.212499	2.404198
1.571426	-0.097961	0.003966	-2.920001
1.570810	-0.207840	-0.195188	-0.362454
1.570194	-0.201409	-0.075869	-3.596467
1.569578	-0.182150	-0.204437	0.638479
1.568964	-0.095707	-0.144996	1.412036
1.568349	-0.093888	-0.049431	-1.273613
1.567736	-0.051817	0.016187	-1.948176
1.567123	-0.188459	-0.091963	-2.764406
1.566510	-0.001356	-0.107648	3.045039
1.565899	-0.106368	-0.055932	-1.444879
1.565287	-0.123669	-0.175054	1.472079
1.564677	0.034592	-0.123277	4.522599
1.564066	-0.159269	-0.117415	-1.199036
1.563457	-0.101499	-0.137736	1.038130
1.562848	-0.095589	-0.068097	-0.787580
1.562240	0.036029	-0.147776	5.265633
1.561632	0.011832	-0.073773	2.452403
1.561025	-0.094122	-0.117671	0.674608
1.560418	-0.095582	-0.105800	0.292713
1.559812	-0.144478	-0.119605	-0.712575
1.559207	-0.079655	-0.156144	2.191241
1.558602	-0.124819	0.094446	-6.281468
1.557997	-0.038903	-0.292175	7.255729
1.557394	-0.062642	0.038383	-2.894134
1.556791	-0.018241	-0.027509	0.265524
1.556188	-0.094328	-0.236142	4.062687
1.555586	-0.120858	-0.092508	-0.812187
1.554985	-0.239491	-0.015795	-6.408435
1.554384	-0.244709	-0.223806	-0.598841
1.553783	-0.169215	-0.159016	-0.292169
1.553184	-0.138271	-0.202493	1.839827
1.552585	-0.131515	-0.111615	-0.570085
1.551986	-0.036238	-0.316827	8.038278
1.551388	0.029600	-0.303114	9.531532
1.550791	0.087227	-0.049802	3.925588
1.550194	-0.184303	-0.189299	0.143137
1.549597	-0.166631	-0.203754	1.063505
1.549002	-0.048632	-0.278500	6.585223
1.548406	-0.137785	-0.208423	2.023635
1.547812	-0.063540	0.016103	-2.281626
1.547218	-0.167430	-0.088150	-2.271188
1.546624	-0.131093	-0.150281	0.549712
1.546031	-0.146858	0.111867	-7.411939
1.545439	-0.133982	-0.178573	1.277461
1.544847	-0.222805	0.021806	-7.007600
1.544256	-0.075585	-0.168750	2.668970
1.543665	0.013274	-0.269892	8.112104
1.543075	-0.075073	-0.079967	0.140188
1.542486	-0.089507	0.003106	-2.653176
1.541897	-0.222905	-0.033386	-5.429319
1.541308	-0.034592	-0.115364	2.313952
1.540720	-0.012490	-0.166823	4.421310
1.540133	-0.003752	-0.131279	3.653376
1.539546	-0.066633	-0.200067	3.822619
1.538960	-0.141460	0.114742	-7.339653
1.538374	-0.139500	-0.111551	-0.800658
1.537789	-0.070329	0.056077	-3.621253
1.537204	0.010700	-0.165243	5.040392
1.536620	-0.105877	-0.136645	0.881432
1.536037	-0.197667	-0.155189	-1.216916
1.535454	-0.007173	-0.042844	1.021917
1.534872	-0.087515	-0.129200	1.194168
1.534290	-0.109151	-0.218980	3.146367
1.533708	-0.047063	-0.087423	1.156226
1.533128	0.040415	-0.147024	5.369755
1.532548	-0.268664	-0.074097	-5.573948
1.531968	-0.122265	-0.121498	-0.021966
1.531389	-0.087096	-0.215516	3.678940
1.530810	-0.366806	-0.606482	6.866218
1.530232	-0.139089	-0.228455	2.560144
1.529655	-0.067339	-0.070523	0.091214
1.529078	-0.092524	-0.099516	0.200308
1.528501	-0.095582	-0.233257	3.944087
1.527925	-0.037710	-0.109560	2.058358
1.527350	-0.159624	-0.208058	1.387517
1.526775	0.002400	-0.163749	4.759819
1.526201	-0.043998	-0.296313	7.228284
1.525627	-0.262429	-0.211820	-1.449829
1.525054	-0.267557	-0.130932	-3.914005
1.524481	-0.135967	0.155636	-8.353824
1.523909	-0.067240	-0.082778	0.445143
1.523338	-0.203283	-0.189102	-0.406248
1.522767	-0.039628	-0.007295	-0.926276
1.522196	0.118043	-0.035465	4.397697
1.521626	-0.080532	-0.462484	10.942125
1.521057	-0.034285	-0.096188	1.773379
1.520488	0.022568	-0.221216	6.983920
1.519919	-0.063851	-0.176526	3.227914
1.519351	-0.110650	-0.081520	-0.834509
1.518784	-0.202239	0.052737	-7.304539
1.518217	-0.294863	0.094886	-11.165500
1.517651	0.003229	-0.122035	3.588558
1.517085	-0.093008	-0.285115	5.503471
1.516520	-0.071189	-0.243238	4.928849
1.515955	-0.200491	-0.021474	-5.128456
1.515391	0.106561	0.035577	2.033540
1.514827	-0.044588	0.116365	-4.610975
1.514264	-0.084340	-0.158885	2.135569
1.513702	0.012296	-0.075180	2.505996
1.513139	-0.039141	-0.234078	5.584558
1.512578	-0.035803	-0.192554	4.490567
1.512017	-0.124573	-0.053581	-2.033774
1.511456	-0.142626	-0.220033	2.217564
1.510896	0.019740	-0.193582	6.111244
1.510337	-0.000127	-0.180782	5.175361
1.509778	0.012555	-0.286211	8.559036
1.509219	0.019828	-0.133001	4.378221
1.508661	-0.120578	-0.560074	12.590648
1.508104	-0.090240	-0.364847	7.866912
1.507547	0.083064	-0.105875	5.412695
1.506990	0.103162	-0.106593	6.009051
1.506435	0.054004	-0.062622	3.341076
1.505879	-0.013085	-0.088265	2.153745
1.505324	-0.189184	-0.160945	-0.808978
1.504770	0.001266	-0.052012	1.526302
1.504216	0.168128	-0.295542	13.283154
1.503663	0.090194	0.004241	2.462380
1.503110	-0.161647	-0.259318	2.798068
1.502558	-0.041317	0.142445	-5.264389
1.502006	-0.167579	-0.091442	-2.181172
1.501454	-0.310062	-0.037380	-7.811759
1.500904	-0.124206	0.027585	-4.348492
1.500353	-0.141675	-0.097072	-1.277777
1.499803	-0.021344	-0.190740	4.852834
1.499254	0.001462	-0.138462	4.008523
1.498705	0.050100	-0.181045	6.621818
1.498157	-0.040615	-0.084084	1.245301
1.497609	-0.100298	-0.046892	-1.529955
1.497062	-0.022474	0.185627	-5.961650
1.496515	-0.263149	0.068043	-9.487939
1.495969	0.051157	-0.043774	2.719557
1.495423	-0.109539	-0.124148	0.418525
1.494878	-0.235978	-0.371772	3.890196
1.494333	-0.116361	-0.108833	-0.215659
1.493789	0.004001	-0.268484	7.806111
1.493245	-0.068107	-0.249813	5.205490
1.492702	-0.211524	-0.069811	-4.059773
1.492159	-0.112117	-0.150864	1.110008
1.491617	-0.251630	-0.162417	-2.555786
1.491075	-0.358433	-0.144328	-6.133649
1.490533	-0.157703	-0.110718	-1.346005
1.489993	-0.145841	-0.039730	-3.039864
1.489452	-0.033279	-0.036375	0.088686
1.488912	0.053740	-0.149554	5.823943
1.488373	-0.213669	-0.355908	4.074851
1.487834	0.120083	-1.338375	41.781740
1.487296	-0.088396	-0.027230	-1.752291
1.486758	0.003908	-0.121866	3.603170
1.486221	-0.038248	-0.416920	10.848140
1.485684	-0.224470	-0.223106	-0.039083
1.485147	-0.295106	-0.052667	-6.945391
1.484611	-0.424034	-0.238612	-5.311961
1.484076	-0.275916	-0.250379	-0.731586
1.483541	-0.067358	0.047308	-3.284946
1.483007	0.002127	-0.162609	4.719356
1.482473	0.177600	-0.119914	8.523151
1.481939	-0.013514	-0.014170	0.018797
1.481406	-0.149876	-0.010117	-4.003805
1.480874	-0.106250	0.021414	-3.657298
1.480341	-0.233357	-0.017024	-6.197465
1.479810	-0.022229	-0.255335	6.678002
1.479279	0.284147	-0.486513	22.077793
1.478748	-0.175520	-0.272645	2.782431
1.478218	-0.037060	-0.292067	7.305396
1.477688	-0.073651	-0.073824	0.004946
1.477159	-0.010421	-0.039255	0.826031
1.476631	0.017778	-0.364177	10.942196
1.476102	-0.079599	-0.121357	1.196304
1.475575	-0.256334	0.042041	-8.547816
1.475047	-0.099784	-0.258934	4.559305
1.474521	-0.022754	-0.026043	0.094227
1.473994	0.119503	-0.236827	10.208103
1.473469	-0.319013	0.042074	-10.344386
1.472943	-0.075665	-0.227205	4.341275
1.472418	-0.048566	-0.025151	-0.670777
1.471894	0.174249	-0.223530	11.395518
1.471370	-0.084682	-0.267621	5.240832
1.470846	-0.040364	-0.264495	6.420880
1.470323	-0.211424	-0.156091	-1.585194
1.469801	0.102181	1.387229	-36.813905
1.469279	-0.398208	-0.028405	-10.594067
1.468757	-0.200656	-0.092517	-3.097950
1.468236	-0.010649	-0.428652	11.974917
1.467716	-0.034258	-0.313860	8.009990
1.467195	-0.454255	-0.318793	-3.880699
1.466676	0.090679	-1.014716	31.667240
1.466156	0.117995	-0.753641	24.970548
1.465638	0.195374	-0.080845	7.913117
1.465119	-0.212726	-1.068714	24.522262
1.464601	0.015299	0.029384	-0.403504
1.464084	-0.211238	-0.149754	-1.761381
1.463567	-0.035022	-0.319321	8.144557
1.463051	0.029886	0.161806	-3.779206
1.462535	-0.114210	0.199363	-8.983213
1.462019	0.143591	-0.150777	8.433001
1.461504	0.016933	-1.053850	30.675666
1.460989	0.301004	0.070375	6.607045
1.460475	0.192553	0.347839	-4.448607
1.459962	-0.063654	0.084780	-4.252319
1.459448	-0.142698	0.053488	-5.620327
1.458936	-0.181200	-0.067447	-3.258775
1.458423	0.089403	-0.256043	9.896279
1.457911	-0.263010	-0.026099	-6.787003
1.457400	-0.087363	-0.030609	-1.625908
1.456889	-0.379388	-1.155181	22.224820
1.456379	-0.078549	-0.080604	0.058853
1.455869	-0.047345	0.012453	-1.713092
1.455359	0.463263	0.062476	11.481725
1.454850	0.162494	-0.386270	15.720911
1.454341	-0.025790	-0.106575	2.314302
1.453833	0.101332	-0.601881	20.145579
1.453325	1.349159	-0.194480	44.221990
1.452818	-0.100861	0.271755	-10.674661
1.452311	-0.112996	0.132270	-7.026344
1.451805	0.053300	2.643215	-74.195613
1.451299	0.007156	-0.647263	18.747729
1.450793	-1.044308	-0.690523	-10.135188
1.450288	0.087364	-0.753400	24.086129
1.449783	-0.159224	0.615357	-22.190109
1.449279	-0.174286	-0.221527	1.353350
1.448775	0.060559	-0.089328	4.293941
1.448272	0.182884	-0.569616	21.557540
1.447769	-0.013722	-2.319545	66.056969
1.447267	0.960288	0.124349	23.947906
1.446765	0.018242	-0.019411	1.078658
1.446263	-0.141056	-0.520063	10.857758
1.445762	0.143047	0.252579	-3.137869
1.445262	-0.096218	-0.328298	6.648602
1.444762	0.080641	-0.186095	7.641418
1.444262	0.421186	-0.038302	13.163357
1.443763	0.202341	-0.146782	10.001659
1.443264	0.023931	-0.133679	4.515192
1.442765	0.011398	-0.548994	16.054044
1.442267	-0.437518	0.020883	-13.132221
1.441770	-1.201906	-0.055393	-32.845169
1.441273	0.611131	-0.168585	22.337216
1.440776	-0.112647	-0.060515	-1.493498
1.440280	0.238310	-0.075479	8.989403
1.439784	-0.534817	-0.058526	-13.644727
1.439289	-0.128307	-0.089718	-1.105492
1.438794	0.007997	0.108556	-2.880795
1.438299	0.084935	0.520295	-12.472159
1.437805	-0.427843	0.278956	-20.248290
1.437312	-0.168431	0.029034	-5.656977
1.436819	-0.196542	-0.328677	3.785394
1.436326	-0.340692	-0.148036	-5.519183
1.435834	-0.096726	-0.048996	-1.367365
1.435342	-0.195914	0.268721	-13.310829
1.434850	-0.044490	-0.055964	0.328724
1.434359	-0.000074	-1.791345	51.316134
1.433869	0.049722	0.185831	-3.899243
1.433379	-0.022991	0.030924	-1.544534
1.432889	-0.475194	0.778031	-35.902264
1.432400	0.125873	0.156024	-0.863760
1.431911	0.009699	2.985688	-85.255819
1.431422	-0.158829	-0.007890	-4.324085
1.430934	-0.372810	0.045418	-11.981353
1.430447	0.311789	-1.043687	38.831535
1.429960	-0.119792	-0.018986	-2.887853
1.429473	-0.224715	-1.623327	40.067286
1.428987	-0.166475	0.057721	-6.422747
1.428501	-0.322720	-0.350046	0.782833
1.428015	-0.285113	0.045992	-9.485459
1.427530	-0.099890	-0.124099	0.693528
1.427046	-0.033850	-0.123208	2.559919
1.426561	-0.115717	-0.453671	9.681665
1.426078	-0.070766	0.428135	-14.292452
1.425594	0.090157	0.096173	-0.172343
1.425111	-1.523864	0.023620	-44.332142
1.424629	-0.200782	1.128461	-38.079997
1.424147	-0.060123	-4.848299	137.171117
1.423665	0.008575	-11.772601	337.505832
1.423184	-0.069434	0.195379	-7.586331
1.422703	-0.242195	-0.013079	-6.563691
1.422223	-0.234424	-0.430425	5.615006
1.421743	-0.253667	-0.563142	8.865813
1.421263	-0.127094	-0.069831	-1.640470
1.420784	0.160033	-0.183153	9.831567
1.420306	0.210848	1.302438	-31.271761
1.419827	-0.377938	-3.074655	77.255263
1.419349	0.115264	-0.076910	5.505379
1.418872	0.274962	-0.255540	15.197767
1.418395	-0.278708	-0.176148	-2.938124
1.417918	-0.120475	1.059005	-33.789606
1.417442	0.051335	1.521904	-42.128681
1.416966	-0.121598	-0.894163	22.132343
1.416491	-0.027646	-0.667962	18.343697
1.416016	-0.085945	-0.401771	9.047758
1.415541	0.022810	-3.675382	105.945408
1.415067	-0.081276	-0.039197	-1.205484
1.414593	0.023934	-0.154620	5.115201
1.414120	0.129436	0.008612	3.461349
1.413647	-1.826127	0.045204	-53.609683
1.413174	-0.513178	-0.034805	-13.704360
1.412702	-0.371331	-1.749653	39.486006
1.412231	-0.171299	-0.247930	2.195337
1.411759	0.174273	-0.030092	5.854639
1.411288	-0.120493	-0.714066	17.004610
1.410818	-0.603615	-0.186539	-11.948353
1.410348	-0.185118	-0.623993	12.572841
1.409878	-0.359540	-0.481240	3.486443
1.409409	-0.141903	-0.201358	1.703261
1.408940	-0.135616	-2.791382	76.082109
1.408472	-0.077358	-0.859486	22.406312
1.408004	0.109886	0.039830	2.006962
1.407536	-0.072349	0.647511	-20.622473
1.407069	-0.050593	-18.325462	523.536436
1.406602	-0.033184	-0.246427	6.108954
1.406135	0.011087	-0.280186	8.344374
1.405669	-0.191958	-0.028779	-4.674731
1.405204	-0.166235	-0.539185	10.684233
1.404738	-0.263517	-0.306756	1.238689
1.404274	-0.363786	0.137391	-14.357671
1.403809	-0.378206	-0.150429	-6.525321
1.403345	-0.006631	-0.130946	3.561360
1.402882	-0.256400	-0.968213	20.391945
1.402418	0.157362	-0.827738	28.221022
1.401955	0.463334	-1.778163	64.214146
1.401493	-0.078935	-0.859310	22.356094
1.401031	-0.348814	-0.087664	-7.481402
1.400569	-0.218322	-1.572122	38.783522
1.400108	-0.310656	-0.240318	-2.015035
1.399647	-0.368543	0.093683	-13.241788
1.399187	-0.225928	4.242116	-128.000034
1.398727	-0.122393	0.207862	-9.461107
1.398267	0.225344	-0.028714	7.278251
1.397808	0.148842	0.112709	1.035146
1.397349	0.009856	0.192817	-5.241457
1.396890	-0.513797	0.315045	-23.744582
1.396432	0.116923	-0.070034	5.355909
1.395974	0.234272	-0.022207	7.347581
1.395517	0.989123	-0.174002	33.321087
1.395060	-0.028013	0.007180	-1.008194
1.394604	0.043522	0.567671	-15.015744
1.394147	-0.483169	-13.782798	381.006301
1.393692	-0.206262	0.037157	-6.973440
1.393236	-0.248739	0.142370	-11.204428
1.392781	-0.930799	0.038430	-27.766373
1.392327	0.098187	-0.307219	11.614041
1.391873	0.292793	-0.075860	10.561128
1.391419	-0.440076	-0.113403	-9.358492
1.390965	0.274500	-0.698825	27.883718
1.390512	0.094213	0.417281	-9.255210
