6.542578	0.001153	0.001153	0.000000
6.529189	0.007303	0.007303	0.000000
6.515856	1.112371	1.055572	1.627194
6.502578	1.048865	0.961175	2.512144
6.489355	1.075150	1.066265	0.254517
6.476188	1.097311	1.053398	1.257999
6.463075	1.120777	1.029793	2.606498
6.450016	1.075776	1.045462	0.868441
6.437011	1.198495	1.063852	3.857256
6.424060	1.195296	1.055613	4.001625
6.411162	1.156250	1.033684	3.511243
6.398317	1.127717	1.061896	1.885608
6.385525	1.208492	1.091171	3.361006
6.372785	1.153207	1.166855	-0.390986
6.360096	1.110132	1.140587	-0.872464
6.347460	1.157469	1.159039	-0.044976
6.334875	1.126533	1.127798	-0.036231
6.322341	1.078306	1.112120	-0.968688
6.309857	1.109387	1.076439	0.943895
6.297424	1.232373	1.051091	5.193338
6.285042	1.144781	1.103423	1.184812
6.272709	1.124651	1.148026	-0.669640
6.260425	1.117002	1.028235	2.543009
6.248191	1.176714	1.076823	2.861673
6.236005	1.825057	1.839920	-0.425787
6.223868	-1.928301	-2.041426	3.240783
6.211780	-1.548856	-1.843769	8.448645
6.199740	-1.507382	-1.494439	-0.370795
6.187747	-1.590889	-1.544018	-1.342753
6.175802	-1.733820	-1.814198	2.302667
6.163904	-1.380968	-1.543094	4.644585
6.152053	-1.555419	-1.698383	4.095608
6.140248	-1.594504	-1.617966	0.672143
6.128490	-1.648813	-1.727400	2.251355
6.116778	-1.519158	-1.708895	5.435547
6.105112	-1.526183	-1.525212	-0.027819
6.093492	-1.908559	-1.574435	-9.571936
6.081916	-1.461808	-1.596696	3.864235
6.070386	-1.357786	-1.351161	-0.189776
6.058901	-1.609012	-1.627650	0.533962
6.047460	-1.574538	-1.416829	-4.518024
6.036063	-1.632994	-1.645680	0.363434
6.024710	-1.350915	-1.488412	3.939018
6.013401	-1.423372	-1.502268	2.260200
6.002135	-1.437839	-1.387493	-1.442314
5.990913	-1.442423	-1.605643	4.675911
5.979734	-1.354383	-1.337570	-0.481650
5.968597	-1.416320	-1.267058	-4.276031
5.957503	-1.599630	-1.468139	-3.766943
5.946451	-1.430675	-1.484702	1.547749
5.935442	-1.411617	-1.436924	0.724979
5.924474	-1.589016	-1.474865	-3.270178
5.913547	-1.394282	-1.288660	-3.025851
5.902662	-1.307643	-1.467634	4.583417
5.891818	-1.248621	-1.201859	-1.339619
5.881015	-1.280276	-1.256444	-0.682733
5.870252	-1.474751	-1.195056	-8.012690
5.859530	-1.223082	-1.153255	-2.000414
5.848848	-1.211923	-1.338291	3.620180
5.838205	-1.127446	-1.231606	2.983975
5.827603	-1.252040	-1.202226	-1.427072
5.817040	-1.087106	-1.152210	1.865069
5.806516	-1.148986	-1.147093	-0.054235
5.796031	-1.236180	-1.240768	0.131439
5.785586	-1.274483	-1.260781	-0.392529
5.775178	-1.411525	-1.302632	-3.119573
5.764810	-1.263898	-1.404672	4.032884
5.754479	-1.058148	-1.373419	9.031841
5.744186	-1.219255	-1.353516	3.846285
5.733931	-1.238534	-1.232394	-0.175890
5.723714	-1.208331	-1.250731	1.214677
5.713534	-1.153597	-1.242466	2.545910
5.703391	-1.097185	-1.240906	4.117278
5.693285	-1.215053	-1.165115	-1.430608
5.683216	-1.124687	-1.137177	0.357804
5.673184	-1.025647	-1.172208	4.198660
5.663188	-1.140252	-1.131080	-0.262738
5.653228	-1.035001	-1.021250	-0.393922
5.643304	-0.931444	-0.942228	0.308945
5.633415	-0.896801	-0.939132	1.212681
5.623562	-0.854895	-0.926143	2.041097
5.613745	-0.793493	-0.828647	1.007078
5.603963	-0.765110	-0.771090	0.171309
5.594216	-0.664451	-0.667562	0.089100
5.584504	-0.700154	-0.646192	-1.545918
5.574826	-0.597247	-0.583159	-0.403605
5.565183	-0.558563	-0.574824	0.465862
5.555574	-0.509992	-0.517628	0.218728
5.545999	-0.480116	-0.482836	0.077933
5.536458	-0.474655	-0.466337	-0.238303
5.526950	-0.437237	-0.443970	0.192894
5.517477	-0.410420	-0.434425	0.687705
5.508036	-0.389372	-0.411622	0.637435
5.498629	-0.387426	-0.384244	-0.091170
5.489255	-0.378134	-0.377790	-0.009856
5.479914	-0.357676	-0.363755	0.174156
5.470605	-0.342041	-0.350545	0.243622
5.461329	-0.330352	-0.333151	0.080178
5.452085	-0.329060	-0.318410	-0.305111
5.442874	-0.304652	-0.318887	0.407803
5.433694	-0.293571	-0.297821	0.121753
5.424546	-0.276985	-0.295123	0.519615
5.415430	-0.277193	-0.280847	0.104680
5.406345	-0.276317	-0.279673	0.096161
5.397292	-0.261299	-0.271662	0.296862
5.388270	-0.261028	-0.261917	0.025460
5.379279	-0.248611	-0.252971	0.124888
5.370319	-0.240837	-0.252831	0.343618
5.361389	-0.241171	-0.243550	0.068156
5.352490	-0.225152	-0.233085	0.227244
5.343621	-0.228287	-0.225262	-0.086662
5.334783	-0.219031	-0.232250	0.378716
5.325975	-0.215957	-0.216883	0.026532
5.317196	-0.210695	-0.218781	0.231632
5.308448	-0.205033	-0.206658	0.046567
5.299729	-0.201445	-0.199762	-0.048208
5.291039	-0.192131	-0.195781	0.104542
5.282379	-0.177606	-0.190073	0.357162
5.273748	-0.176305	-0.185558	0.265073
5.265146	-0.173234	-0.178701	0.156608
5.256573	-0.171699	-0.175526	0.109632
5.248029	-0.161033	-0.161732	0.020014
5.239513	-0.153744	-0.160732	0.200202
5.231026	-0.145884	-0.157188	0.323836
5.222567	-0.146141	-0.155202	0.259569
5.214136	-0.145677	-0.148138	0.070499
5.205733	-0.141751	-0.144904	0.090328
5.197358	-0.141370	-0.145804	0.127047
5.189011	-0.138445	-0.143967	0.158197
5.180691	-0.137407	-0.144021	0.189501
5.172399	-0.132740	-0.139882	0.204602
5.164135	-0.132533	-0.137327	0.137360
5.155897	-0.133858	-0.136094	0.064060
5.147687	-0.124276	-0.134541	0.294078
5.139503	-0.123392	-0.131524	0.232989
5.131346	-0.124678	-0.130748	0.173893
5.123216	-0.118002	-0.124946	0.198946
5.115113	-0.115523	-0.119591	0.116530
5.107036	-0.113291	-0.116214	0.083744
5.098985	-0.108632	-0.115711	0.202799
5.090960	-0.104150	-0.108996	0.138804
5.082962	-0.103830	-0.108584	0.136194
5.074989	-0.097651	-0.101887	0.121335
5.067042	-0.095235	-0.100772	0.158614
5.059121	-0.092912	-0.098288	0.153997
5.051225	-0.090453	-0.098697	0.236169
5.043355	-0.088131	-0.094206	0.174041
5.035510	-0.087419	-0.093056	0.161505
5.027690	-0.085147	-0.092710	0.216664
5.019895	-0.084840	-0.090748	0.169255
5.012126	-0.084416	-0.089858	0.155899
5.004381	-0.085260	-0.090473	0.149339
4.996660	-0.085698	-0.089440	0.107214
4.988964	-0.083493	-0.088750	0.150606
4.981293	-0.083696	-0.088937	0.150160
4.973646	-0.084930	-0.089921	0.142960
4.966023	-0.084274	-0.088990	0.135111
4.958425	-0.082398	-0.086209	0.109178
4.950850	-0.081836	-0.086569	0.135589
4.943299	-0.080613	-0.086238	0.161119
4.935772	-0.079051	-0.084519	0.156650
4.928269	-0.076382	-0.082039	0.162061
4.920789	-0.075265	-0.080013	0.135999
4.913333	-0.073492	-0.077551	0.116286
4.905900	-0.071284	-0.076728	0.155963
4.898490	-0.069025	-0.073417	0.125815
4.891103	-0.067345	-0.070968	0.103783
4.883739	-0.065245	-0.069203	0.113393
4.876399	-0.062725	-0.066551	0.109605
4.869081	-0.059584	-0.064058	0.128171
4.861785	-0.059778	-0.064364	0.131378
4.854512	-0.058131	-0.063156	0.143979
4.847262	-0.056748	-0.061741	0.143044
4.840034	-0.054948	-0.060484	0.158613
4.832829	-0.055580	-0.059084	0.100380
4.825645	-0.055020	-0.058812	0.108650
4.818484	-0.055254	-0.058476	0.092319
4.811344	-0.054994	-0.059704	0.134944
4.804227	-0.054798	-0.060333	0.158577
4.797131	-0.057221	-0.060528	0.094721
4.790057	-0.057426	-0.061769	0.124420
4.783004	-0.058228	-0.062573	0.124458
4.775973	-0.059037	-0.061770	0.078302
4.768963	-0.058683	-0.062619	0.112744
4.761974	-0.059317	-0.062672	0.096113
4.755007	-0.059539	-0.062570	0.086851
4.748061	-0.058976	-0.062486	0.100569
4.741136	-0.058395	-0.062381	0.114188
4.734231	-0.057742	-0.060693	0.084545
4.727348	-0.056818	-0.060276	0.099077
4.720485	-0.055948	-0.059044	0.088687
4.713642	-0.055209	-0.057245	0.058312
4.706821	-0.053503	-0.055962	0.070445
4.700019	-0.050787	-0.054487	0.105977
4.693238	-0.050509	-0.052789	0.065318
4.686478	-0.048860	-0.051769	0.083337
4.679737	-0.047511	-0.049632	0.060765
4.673016	-0.045880	-0.048635	0.078927
4.666316	-0.043668	-0.046524	0.081806
4.659635	-0.043188	-0.044992	0.051679
4.652974	-0.041094	-0.043668	0.073721
4.646333	-0.039843	-0.042845	0.085992
4.639711	-0.040149	-0.041487	0.038328
4.633109	-0.039108	-0.041107	0.057241
4.626527	-0.038024	-0.040771	0.078683
4.619963	-0.038213	-0.040641	0.069556
4.613420	-0.037956	-0.040591	0.075467
4.606895	-0.038786	-0.040665	0.053828
4.600389	-0.038732	-0.041103	0.067909
4.593902	-0.039131	-0.041570	0.069854
4.587435	-0.040512	-0.041946	0.041100
4.580986	-0.039848	-0.042220	0.067955
4.574556	-0.040303	-0.042858	0.073201
4.568145	-0.041347	-0.043166	0.052109
4.561752	-0.041127	-0.043010	0.053944
4.555378	-0.041603	-0.044073	0.070767
4.549022	-0.041593	-0.043382	0.051264
4.542685	-0.041743	-0.044165	0.069393
4.536365	-0.041667	-0.043744	0.059502
4.530065	-0.041678	-0.043870	0.062787
4.523782	-0.041567	-0.043796	0.063857
4.517517	-0.041352	-0.043595	0.064254
4.511271	-0.040607	-0.042570	0.056242
4.505042	-0.039678	-0.041562	0.053984
4.498831	-0.039385	-0.041210	0.052289
4.492638	-0.038101	-0.039915	0.051969
4.486462	-0.037606	-0.038949	0.038466
4.480304	-0.036473	-0.038319	0.052878
4.474164	-0.035763	-0.037710	0.055779
4.468041	-0.035265	-0.036842	0.045196
4.461935	-0.034443	-0.035381	0.026882
4.455847	-0.033208	-0.034805	0.045774
4.449776	-0.032285	-0.033718	0.041052
4.443722	-0.031750	-0.033178	0.040923
4.437686	-0.031137	-0.032605	0.042051
4.431666	-0.029988	-0.031372	0.039656
4.425663	-0.029847	-0.030603	0.021640
4.419677	-0.028421	-0.030564	0.061395
4.413708	-0.028565	-0.030111	0.044278
4.407755	-0.027851	-0.029314	0.041914
4.401820	-0.027990	-0.028981	0.028401
4.395901	-0.027583	-0.028793	0.034655
4.389998	-0.027350	-0.028314	0.027619
4.384112	-0.027060	-0.028007	0.027146
4.378242	-0.027046	-0.028206	0.033240
4.372389	-0.027449	-0.028237	0.022588
4.366551	-0.027711	-0.028709	0.028608
4.360730	-0.028019	-0.029202	0.033885
4.354925	-0.028828	-0.029427	0.017159
4.349136	-0.029635	-0.030123	0.013982
4.343364	-0.030040	-0.030629	0.016865
4.337607	-0.030748	-0.031663	0.026208
4.331865	-0.031390	-0.032149	0.021745
4.326140	-0.032114	-0.032652	0.015417
4.320430	-0.032750	-0.033135	0.011053
4.314736	-0.032514	-0.033039	0.015028
4.309058	-0.032759	-0.033079	0.009162
4.303395	-0.032158	-0.032820	0.018951
4.297748	-0.031795	-0.032590	0.022775
4.292116	-0.031490	-0.032170	0.019474
4.286499	-0.031226	-0.031375	0.004287
4.280898	-0.030433	-0.031319	0.025395
4.275312	-0.029788	-0.030572	0.022444
4.269741	-0.029325	-0.029722	0.011384
4.264185	-0.028596	-0.029304	0.020267
4.258644	-0.028098	-0.028676	0.016557
4.253118	-0.027265	-0.027995	0.020904
4.247607	-0.026874	-0.027127	0.007242
4.242111	-0.025983	-0.026077	0.002693
4.236629	-0.024849	-0.024979	0.003728
4.231163	-0.024140	-0.024175	0.000986
4.225711	-0.022981	-0.023158	0.005077
4.220274	-0.022300	-0.022183	-0.003359
4.214851	-0.021250	-0.021387	0.003924
4.209442	-0.020410	-0.020579	0.004830
4.204049	-0.019745	-0.019593	-0.004351
4.198669	-0.018620	-0.018556	-0.001833
4.193304	-0.017305	-0.017565	0.007463
4.187953	-0.016898	-0.016834	-0.001821
4.182616	-0.016244	-0.015869	-0.010743
4.177294	-0.015779	-0.015517	-0.007481
4.171985	-0.014950	-0.014603	-0.009936
4.166691	-0.014551	-0.014253	-0.008547
4.161411	-0.014349	-0.014022	-0.009353
4.156144	-0.013823	-0.013473	-0.010038
4.150892	-0.013661	-0.013264	-0.011354
4.145653	-0.013773	-0.013229	-0.015579
4.140428	-0.013921	-0.013040	-0.025256
4.135217	-0.014219	-0.013154	-0.030513
4.130019	-0.014646	-0.013641	-0.028795
4.124835	-0.014938	-0.013889	-0.030061
4.119665	-0.015323	-0.014512	-0.023221
4.114508	-0.015810	-0.015025	-0.022479
4.109364	-0.016506	-0.015342	-0.033364
4.104234	-0.017204	-0.015998	-0.034549
4.099117	-0.018179	-0.016828	-0.038680
4.094014	-0.018671	-0.017556	-0.031933
4.088924	-0.019643	-0.018127	-0.043422
4.083846	-0.020242	-0.018799	-0.041334
4.078783	-0.020620	-0.019620	-0.028644
4.073732	-0.021469	-0.019863	-0.046027
4.068694	-0.021828	-0.020416	-0.040449
4.063669	-0.022196	-0.020710	-0.042575
4.058657	-0.022342	-0.020758	-0.045377
4.053658	-0.022277	-0.020800	-0.042312
4.048672	-0.022186	-0.020359	-0.052349
4.043699	-0.022016	-0.020072	-0.055684
4.038738	-0.021650	-0.019891	-0.050410
4.033790	-0.021075	-0.019459	-0.046296
4.028855	-0.020793	-0.018601	-0.062773
4.023933	-0.020230	-0.018161	-0.059278
4.019022	-0.019650	-0.017979	-0.047882
4.014125	-0.019325	-0.017142	-0.062543
4.009240	-0.018646	-0.016363	-0.065408
4.004367	-0.017771	-0.015729	-0.058478
3.999506	-0.017324	-0.015067	-0.064659
3.994658	-0.016598	-0.014570	-0.058103
3.989823	-0.016342	-0.014126	-0.063488
3.984999	-0.015959	-0.013745	-0.063410
3.980187	-0.015162	-0.012888	-0.065127
3.975388	-0.014891	-0.012327	-0.073467
3.970601	-0.014489	-0.011469	-0.086522
3.965826	-0.013642	-0.010984	-0.076148
3.961063	-0.012528	-0.009732	-0.080099
3.956311	-0.011573	-0.008976	-0.074398
3.951572	-0.010516	-0.007909	-0.074683
3.946844	-0.009499	-0.006513	-0.085526
3.942129	-0.008733	-0.005557	-0.090988
3.937425	-0.007722	-0.005107	-0.074909
3.932733	-0.007113	-0.004026	-0.088441
3.928052	-0.006481	-0.003718	-0.079146
3.923383	-0.005890	-0.002728	-0.090579
3.918726	-0.005739	-0.002495	-0.092940
3.914080	-0.005333	-0.002281	-0.087422
3.909446	-0.005109	-0.001623	-0.099866
3.904823	-0.005042	-0.001536	-0.100442
3.900212	-0.004792	-0.001389	-0.097493
3.895612	-0.004859	-0.001198	-0.104884
3.891023	-0.004742	-0.001329	-0.097781
3.886446	-0.004869	-0.001321	-0.101631
3.881880	-0.004991	-0.001285	-0.106178
3.877325	-0.004848	-0.001572	-0.093844
3.872781	-0.005345	-0.001669	-0.105307
3.868249	-0.005667	-0.001911	-0.107591
3.863727	-0.005828	-0.001984	-0.110099
3.859217	-0.006312	-0.002476	-0.109881
3.854718	-0.006299	-0.002555	-0.107249
3.850229	-0.006782	-0.002763	-0.115137
3.845752	-0.007101	-0.003366	-0.107022
3.841285	-0.007772	-0.003697	-0.116754
3.836829	-0.007986	-0.004088	-0.111666
3.832384	-0.008229	-0.004442	-0.108478
3.827950	-0.008855	-0.004660	-0.120191
3.823527	-0.009053	-0.004977	-0.116768
3.819114	-0.009732	-0.005649	-0.116972
3.814712	-0.009793	-0.005839	-0.113275
3.810321	-0.010317	-0.006020	-0.123107
3.805940	-0.010546	-0.006548	-0.114531
3.801570	-0.010752	-0.006616	-0.118487
3.797210	-0.011092	-0.006947	-0.118769
3.792860	-0.011211	-0.007058	-0.118972
3.788522	-0.011258	-0.006951	-0.123377
3.784193	-0.011304	-0.007284	-0.115178
3.779875	-0.011285	-0.007027	-0.121975
3.775567	-0.011168	-0.006979	-0.119995
3.771269	-0.011052	-0.006984	-0.116528
3.766982	-0.010863	-0.006470	-0.125851
3.762705	-0.010517	-0.006146	-0.125211
3.758438	-0.010559	-0.005758	-0.137551
3.754181	-0.009706	-0.005418	-0.122852
3.749935	-0.009179	-0.004676	-0.129000
3.745698	-0.008719	-0.004311	-0.126289
3.741472	-0.008112	-0.003796	-0.123622
3.737255	-0.007656	-0.003141	-0.129336
3.733048	-0.006831	-0.002413	-0.126552
3.728852	-0.006269	-0.001646	-0.132430
3.724665	-0.005584	-0.001111	-0.128140
3.720488	-0.004952	-0.000519	-0.127008
3.716321	-0.004238	0.000197	-0.127056
3.712163	-0.003505	0.000865	-0.125164
3.708016	-0.002754	0.001483	-0.121384
3.703878	-0.002325	0.002175	-0.128918
3.699750	-0.001642	0.002937	-0.131158
3.695631	-0.000871	0.003516	-0.125674
3.691522	-0.000107	0.004261	-0.125108
3.687423	0.000790	0.005062	-0.122378
3.683333	0.001139	0.005911	-0.136715
3.679253	0.001910	0.006574	-0.133615
3.675182	0.002748	0.007365	-0.132267
3.671120	0.003522	0.008334	-0.137861
3.667069	0.004402	0.008977	-0.131061
3.663026	0.005315	0.009737	-0.126701
3.658993	0.005841	0.010698	-0.139148
3.654969	0.006626	0.011383	-0.136270
3.650954	0.007187	0.011753	-0.130806
3.646949	0.007310	0.012102	-0.137266
3.642953	0.007234	0.011992	-0.136281
3.638966	0.007357	0.011928	-0.130949
3.634988	0.006983	0.011734	-0.136109
3.631020	0.007055	0.011894	-0.138626
3.627060	0.007171	0.012228	-0.144886
3.623110	0.007607	0.012459	-0.138995
3.619168	0.008180	0.012987	-0.137711
3.615236	0.008740	0.013610	-0.139531
3.611312	0.009523	0.014317	-0.137354
3.607398	0.009985	0.015016	-0.144138
3.603492	0.010535	0.015485	-0.141800
3.599596	0.010709	0.015761	-0.144733
3.595708	0.010799	0.015852	-0.144769
3.591829	0.010905	0.016042	-0.147152
3.587959	0.010914	0.015875	-0.142123
3.584097	0.010683	0.015844	-0.147845
3.580244	0.010273	0.015708	-0.155723
3.576400	0.010509	0.015637	-0.146901
3.572565	0.010552	0.015675	-0.146767
3.568738	0.010702	0.015703	-0.143281
3.564920	0.010863	0.015831	-0.142303
3.561111	0.010689	0.015914	-0.149707
3.557310	0.010849	0.015909	-0.144958
3.553517	0.010635	0.015916	-0.151276
3.549734	0.010743	0.015820	-0.145442
3.545958	0.010727	0.016100	-0.153920
3.542191	0.010733	0.016039	-0.152021
3.538433	0.010780	0.016023	-0.150205
3.534683	0.010855	0.016316	-0.156446
3.530941	0.011085	0.016261	-0.148263
3.527207	0.010959	0.016311	-0.153312
3.523482	0.010887	0.016350	-0.156497
3.519765	0.011030	0.016459	-0.155529
3.516057	0.011401	0.016882	-0.157015
3.512356	0.011563	0.017053	-0.157264
3.508664	0.011746	0.017007	-0.150696
3.504980	0.011607	0.017317	-0.163567
3.501304	0.012113	0.017777	-0.162255
3.497636	0.012399	0.018059	-0.162144
3.493977	0.012779	0.018475	-0.163179
3.490325	0.013476	0.018994	-0.158082
3.486682	0.013663	0.019536	-0.168246
3.483046	0.014615	0.020122	-0.157740
3.479419	0.015358	0.020986	-0.161219
3.475799	0.015730	0.021930	-0.177598
3.472187	0.016804	0.022474	-0.162428
3.468583	0.017857	0.023369	-0.157916
3.464988	0.018573	0.024406	-0.167103
3.461400	0.019544	0.025355	-0.166486
3.457819	0.020766	0.026628	-0.167937
3.454247	0.021603	0.027440	-0.167205
3.450682	0.022345	0.028240	-0.168876
3.447125	0.023340	0.029222	-0.168514
3.443576	0.024423	0.030061	-0.161527
3.440035	0.025177	0.031078	-0.169043
3.436501	0.026187	0.032035	-0.167550
3.432975	0.026996	0.032927	-0.169912
3.429457	0.027739	0.033590	-0.167638
3.425946	0.028465	0.034588	-0.175436
3.422442	0.029287	0.035443	-0.176352
3.418947	0.029979	0.035925	-0.170362
3.415459	0.031046	0.036765	-0.163853
3.411978	0.031939	0.037976	-0.172945
3.408505	0.032743	0.038895	-0.176236
3.405039	0.034010	0.039955	-0.170328
3.401581	0.035110	0.041094	-0.171437
3.398130	0.036065	0.042020	-0.170588
3.394686	0.037381	0.043308	-0.169791
3.391250	0.038273	0.044284	-0.172221
3.387821	0.039375	0.045430	-0.173482
3.384400	0.040381	0.046303	-0.169653
3.380986	0.041277	0.047431	-0.176279
3.377579	0.042292	0.048468	-0.176920
3.374179	0.042932	0.049252	-0.181055
3.370787	0.043792	0.049786	-0.171715
3.367401	0.044228	0.050366	-0.175829
3.364023	0.044983	0.051180	-0.177536
3.360652	0.045298	0.051655	-0.182105
3.357289	0.045782	0.051969	-0.177259
3.353932	0.046445	0.052408	-0.170805
3.350582	0.046635	0.052554	-0.169549
3.347240	0.046888	0.053316	-0.184154
3.343904	0.047215	0.053310	-0.174597
3.340576	0.047738	0.053519	-0.165629
3.337255	0.047942	0.053740	-0.166104
3.333940	0.048065	0.054199	-0.175740
3.330633	0.048518	0.054325	-0.166356
3.327332	0.048960	0.054976	-0.172355
3.324038	0.049202	0.055302	-0.174750
3.320752	0.049664	0.055698	-0.172853
3.317472	0.050035	0.056237	-0.177665
3.314199	0.050522	0.056599	-0.174095
3.310933	0.051048	0.056921	-0.168229
3.307673	0.051396	0.057340	-0.170278
3.304421	0.051679	0.057845	-0.176644
3.301175	0.052116	0.058124	-0.172119
3.297936	0.052520	0.058349	-0.166976
3.294703	0.052643	0.058741	-0.174670
3.291478	0.052941	0.058978	-0.172954
3.288259	0.053175	0.059164	-0.171582
3.285046	0.053386	0.059303	-0.169507
3.281841	0.053492	0.059377	-0.168576
3.278642	0.053275	0.059249	-0.171136
3.275449	0.053142	0.059243	-0.174794
3.272263	0.052990	0.059138	-0.176113
3.269084	0.053119	0.059000	-0.168485
3.265911	0.053059	0.058862	-0.166237
3.262745	0.052973	0.058798	-0.166870
3.259585	0.053102	0.058957	-0.167735
3.256432	0.053147	0.059011	-0.168003
3.253285	0.053384	0.059195	-0.166466
3.250145	0.053662	0.059620	-0.170676
3.247011	0.054124	0.060198	-0.173984
3.243883	0.054420	0.060515	-0.174612
3.240762	0.055027	0.060739	-0.163644
3.237647	0.055560	0.061292	-0.164206
3.234539	0.055741	0.061585	-0.167433
3.231437	0.056142	0.061706	-0.159393
3.228341	0.056447	0.062333	-0.168622
3.225251	0.056804	0.062522	-0.163825
3.222168	0.057006	0.062738	-0.164194
3.219091	0.057066	0.062797	-0.164183
3.216020	0.057259	0.062989	-0.164164
3.212956	0.057639	0.063346	-0.163507
3.209897	0.057730	0.063494	-0.165128
3.206845	0.058142	0.063882	-0.164427
3.203799	0.058751	0.064315	-0.159394
3.200759	0.059041	0.064726	-0.162865
3.197725	0.059463	0.064739	-0.151153
3.194697	0.059833	0.065495	-0.162196
3.191676	0.060070	0.065692	-0.161056
3.188660	0.060898	0.066162	-0.150804
3.185651	0.060890	0.066502	-0.160774
3.182647	0.061192	0.066938	-0.164623
3.179650	0.061845	0.067006	-0.147857
3.176658	0.062416	0.067592	-0.148259
3.173673	0.062821	0.068383	-0.159325
3.170693	0.063541	0.068791	-0.150399
3.167720	0.064161	0.069289	-0.146899
3.164752	0.065260	0.070299	-0.144350
3.161790	0.065902	0.071252	-0.153253
3.158834	0.066809	0.072007	-0.148930
3.155884	0.067591	0.072732	-0.147269
3.152940	0.068435	0.073418	-0.142756
3.150001	0.068846	0.073860	-0.143626
3.147069	0.069298	0.074281	-0.142742
3.144142	0.069966	0.074818	-0.139011
3.141221	0.070644	0.075500	-0.139113
3.138306	0.071282	0.076189	-0.140584
3.135396	0.071824	0.076666	-0.138710
3.132493	0.072206	0.077209	-0.143324
3.129595	0.072981	0.077783	-0.137568
3.126702	0.073931	0.078510	-0.131190
3.123816	0.074528	0.079132	-0.131901
3.120935	0.075276	0.080044	-0.136572
3.118059	0.076194	0.080724	-0.129782
3.115190	0.076983	0.081790	-0.137714
3.112326	0.078104	0.082574	-0.128057
3.109467	0.078867	0.083193	-0.123922
3.106614	0.079413	0.083930	-0.129400
3.103767	0.079910	0.084400	-0.128639
3.100925	0.080945	0.085029	-0.116995
3.098089	0.081434	0.085813	-0.125429
3.095258	0.082127	0.086543	-0.126496
3.092433	0.082558	0.086926	-0.125128
3.089613	0.083270	0.087322	-0.116088
3.086799	0.083866	0.087924	-0.116241
3.083990	0.084238	0.088703	-0.127926
3.081187	0.084607	0.088871	-0.122156
3.078389	0.085137	0.089291	-0.119018
3.075596	0.085507	0.089655	-0.118836
3.072809	0.086137	0.090213	-0.116790
3.070027	0.086413	0.090569	-0.119068
3.067251	0.087039	0.091125	-0.117046
3.064480	0.087352	0.091528	-0.119626
3.061714	0.087730	0.091718	-0.114247
3.058954	0.088225	0.092275	-0.116009
3.056199	0.088495	0.092401	-0.111916
3.053449	0.088409	0.092455	-0.115915
3.050704	0.088576	0.092459	-0.111245
3.047965	0.088867	0.092495	-0.103934
3.045231	0.088764	0.092599	-0.109875
3.042502	0.088720	0.092608	-0.111364
3.039779	0.088774	0.092908	-0.118420
3.037060	0.089195	0.092907	-0.106322
3.034347	0.089482	0.093254	-0.108080
3.031639	0.089625	0.093334	-0.106260
3.028936	0.089595	0.093380	-0.108429
3.026238	0.089919	0.093383	-0.099227
3.023545	0.090052	0.093358	-0.094715
3.020858	0.089761	0.093410	-0.104540
3.018175	0.089655	0.093281	-0.103899
3.015498	0.089700	0.093286	-0.102733
3.012826	0.089898	0.093171	-0.093766
3.010158	0.089905	0.093458	-0.101805
3.007496	0.090038	0.093348	-0.094815
3.004839	0.089955	0.093508	-0.101776
3.002187	0.090085	0.093575	-0.099988
2.999540	0.090259	0.093305	-0.087253
2.996897	0.089985	0.093473	-0.099915
2.994260	0.090158	0.093220	-0.087719
2.991628	0.089795	0.092972	-0.091002
2.989000	0.089852	0.092970	-0.089340
2.986378	0.089701	0.092709	-0.086168
2.983760	0.089638	0.092830	-0.091424
2.981148	0.089541	0.092529	-0.085589
2.978540	0.089680	0.092473	-0.080029
2.975937	0.089594	0.092761	-0.090744
2.973339	0.089703	0.092801	-0.088750
2.970746	0.089610	0.092304	-0.077174
2.968158	0.089683	0.092339	-0.076093
2.965574	0.089502	0.092383	-0.082535
2.962995	0.089336	0.092487	-0.090263
2.960421	0.089446	0.092312	-0.082110
2.957852	0.089715	0.092506	-0.079952
2.955288	0.089888	0.092943	-0.087510
2.952728	0.089893	0.092748	-0.081781
2.950173	0.089810	0.092710	-0.083067
2.947623	0.090032	0.092821	-0.079908
2.945078	0.090336	0.093049	-0.077709
2.942537	0.090382	0.093225	-0.081421
2.940001	0.090601	0.093342	-0.078534
2.937469	0.090770	0.093441	-0.076505
2.934943	0.090511	0.093116	-0.074636
2.932421	0.090480	0.092986	-0.071794
2.929903	0.090141	0.092672	-0.072506
2.927390	0.090189	0.092821	-0.075396
2.924882	0.090106	0.092453	-0.067213
2.922378	0.089795	0.092231	-0.069767
2.919879	0.089561	0.092248	-0.076958
2.917385	0.089780	0.092340	-0.073325
2.914895	0.089720	0.092209	-0.071321
2.912410	0.089532	0.092064	-0.072529
2.909929	0.089364	0.091657	-0.065679
2.907453	0.089087	0.091413	-0.066625
2.904981	0.089248	0.091313	-0.059146
2.902513	0.089236	0.091411	-0.062311
2.900051	0.089669	0.091761	-0.059919
2.897592	0.089319	0.091582	-0.064826
2.895138	0.089298	0.091779	-0.071077
2.892689	0.089213	0.091712	-0.071589
2.890244	0.089482	0.091803	-0.066507
2.887803	0.089501	0.092011	-0.071922
2.885367	0.089931	0.092078	-0.061509
2.882936	0.090246	0.092640	-0.068581
2.880508	0.090535	0.092595	-0.059006
2.878085	0.090258	0.092427	-0.062127
2.875667	0.090347	0.092272	-0.055156
2.873252	0.089854	0.091977	-0.060812
2.870842	0.089793	0.091712	-0.054952
2.868437	0.089604	0.091596	-0.057072
2.866036	0.089706	0.091588	-0.053943
2.863639	0.090051	0.091795	-0.049957
2.861246	0.090365	0.092227	-0.053344
2.858858	0.090796	0.092828	-0.058198
2.856474	0.091376	0.093010	-0.046815
2.854094	0.091724	0.093386	-0.047599
2.851718	0.091684	0.093568	-0.053959
2.849347	0.092256	0.093906	-0.047263
2.846980	0.092764	0.094377	-0.046201
2.844617	0.093073	0.094766	-0.048497
2.842258	0.093550	0.095165	-0.046271
2.839904	0.094021	0.095639	-0.046345
2.837553	0.094534	0.096180	-0.047137
2.835207	0.095155	0.096763	-0.046062
2.832865	0.095711	0.097257	-0.044275
2.830528	0.096278	0.097786	-0.043198
2.828194	0.096670	0.098266	-0.045703
2.825864	0.097242	0.098662	-0.040681
2.823539	0.097707	0.099173	-0.041999
2.821218	0.098328	0.099706	-0.039469
2.818901	0.098741	0.100131	-0.039826
2.816587	0.099140	0.100692	-0.044468
2.814278	0.099637	0.101006	-0.039215
2.811973	0.099984	0.101385	-0.040139
2.809673	0.100445	0.101760	-0.037650
2.807376	0.100917	0.102310	-0.039900
2.805083	0.101272	0.102619	-0.038595
2.802794	0.101643	0.102902	-0.036070
2.800509	0.101936	0.103236	-0.037240
2.798228	0.102316	0.103677	-0.038976
2.795952	0.102688	0.103864	-0.033702
2.793679	0.102964	0.104268	-0.037350
2.791410	0.103355	0.104502	-0.032866
2.789145	0.103570	0.104787	-0.034852
2.786884	0.103851	0.105073	-0.035011
2.784627	0.104191	0.105317	-0.032265
2.782374	0.104553	0.105638	-0.031065
2.780125	0.104935	0.105964	-0.029466
2.777880	0.105187	0.106350	-0.033302
2.775638	0.105592	0.106749	-0.033165
2.773401	0.106290	0.107376	-0.031136
2.771167	0.106861	0.107878	-0.029123
2.768938	0.107377	0.108459	-0.030970
2.766712	0.107875	0.108896	-0.029261
2.764490	0.108401	0.109416	-0.029102
2.762272	0.109067	0.110077	-0.028950
2.760058	0.109599	0.110612	-0.029027
2.757847	0.110204	0.111085	-0.025222
2.755640	0.110649	0.111714	-0.030502
2.753437	0.111153	0.112084	-0.026692
2.751238	0.111622	0.112539	-0.026278
2.749043	0.111828	0.112702	-0.025044
2.746852	0.112101	0.112961	-0.024627
2.744664	0.112218	0.113110	-0.025551
2.742480	0.112500	0.113352	-0.024393
2.740300	0.112604	0.113425	-0.023520
2.738123	0.112768	0.113487	-0.020595
2.735950	0.112853	0.113645	-0.022696
2.733781	0.112841	0.113609	-0.022009
2.731616	0.112835	0.113554	-0.020613
2.729454	0.112796	0.113517	-0.020652
2.727296	0.112783	0.113462	-0.019457
2.725142	0.112668	0.113396	-0.020849
2.722991	0.112717	0.113368	-0.018648
2.720844	0.112700	0.113381	-0.019502
2.718701	0.112708	0.113384	-0.019358
2.716561	0.112824	0.113413	-0.016867
2.714425	0.112845	0.113441	-0.017089
2.712293	0.112832	0.113442	-0.017496
2.710164	0.112824	0.113325	-0.014340
2.708039	0.112678	0.113343	-0.019024
2.705917	0.112694	0.113236	-0.015518
2.703799	0.112692	0.113216	-0.015013
2.701685	0.112712	0.113245	-0.015282
2.699574	0.112626	0.113132	-0.014498
2.697466	0.112636	0.113105	-0.013447
2.695363	0.112705	0.113172	-0.013368
2.693262	0.112657	0.113070	-0.011840
2.691166	0.112673	0.113081	-0.011708
2.689072	0.112559	0.113002	-0.012675
2.686983	0.112576	0.113012	-0.012491
2.684897	0.112604	0.112986	-0.010924
2.682814	0.112483	0.112925	-0.012665
2.680735	0.112471	0.112876	-0.011604
2.678659	0.112382	0.112654	-0.007785
2.676587	0.112247	0.112578	-0.009496
2.674518	0.112269	0.112562	-0.008376
2.672453	0.112146	0.112475	-0.009418
2.670391	0.112113	0.112387	-0.007842
2.668333	0.111973	0.112213	-0.006896
2.666278	0.111902	0.112196	-0.008404
2.664226	0.111792	0.112072	-0.008028
2.662178	0.111647	0.111881	-0.006700
2.660133	0.111520	0.111765	-0.007028
2.658092	0.111376	0.111566	-0.005443
2.656054	0.111357	0.111561	-0.005845
2.654019	0.111300	0.111447	-0.004206
2.651988	0.111168	0.111334	-0.004774
2.649960	0.110954	0.111142	-0.005408
2.647936	0.110894	0.111079	-0.005296
2.645915	0.110760	0.110943	-0.005244
2.643897	0.110659	0.110765	-0.003030
2.641882	0.110509	0.110630	-0.003485
2.639871	0.110317	0.110443	-0.003625
2.637863	0.110154	0.110329	-0.005018
2.635859	0.110123	0.110188	-0.001863
2.633857	0.110115	0.110172	-0.001628
2.631859	0.109944	0.110034	-0.002591
2.629865	0.109848	0.109946	-0.002798
2.627873	0.109787	0.109816	-0.000838
2.625885	0.109632	0.109709	-0.002212
2.623900	0.109674	0.109755	-0.002322
2.621919	0.109581	0.109594	-0.000360
2.619940	0.109540	0.109580	-0.001148
2.617965	0.109418	0.109409	0.000243
2.615993	0.109424	0.109409	0.000407
2.614025	0.109368	0.109371	-0.000095
2.612059	0.109337	0.109287	0.001412
2.610097	0.109280	0.109268	0.000326
2.608138	0.109222	0.109181	0.001160
2.606182	0.109264	0.109219	0.001298
2.604229	0.109227	0.109173	0.001552
2.602280	0.109237	0.109189	0.001377
2.600333	0.109191	0.109083	0.003112
2.598390	0.109228	0.109117	0.003202
2.596450	0.109269	0.109171	0.002796
2.594513	0.109319	0.109258	0.001748
2.592579	0.109423	0.109307	0.003311
2.590648	0.109470	0.109328	0.004070
2.588721	0.109505	0.109364	0.004016
2.586796	0.109545	0.109436	0.003100
2.584875	0.109631	0.109425	0.005892
2.582957	0.109582	0.109417	0.004728
2.581042	0.109591	0.109474	0.003362
2.579130	0.109770	0.109585	0.005304
2.577221	0.110016	0.109839	0.005063
2.575315	0.109965	0.109743	0.006337
2.573412	0.109971	0.109765	0.005919
2.571512	0.110013	0.109814	0.005698
2.569615	0.110043	0.109842	0.005768
2.567722	0.110199	0.110002	0.005643
2.565831	0.110360	0.110087	0.007836
2.563943	0.110373	0.110141	0.006630
2.562058	0.110486	0.110252	0.006715
2.560177	0.110436	0.110173	0.007531
2.558298	0.110530	0.110261	0.007727
2.556423	0.110522	0.110270	0.007208
2.554550	0.110569	0.110302	0.007641
2.552680	0.110627	0.110359	0.007697
2.550813	0.110854	0.110599	0.007282
2.548950	0.110895	0.110597	0.008552
2.547089	0.111005	0.110705	0.008594
2.545231	0.111223	0.110897	0.009349
2.543376	0.111454	0.111116	0.009686
2.541524	0.111637	0.111330	0.008810
2.539675	0.111789	0.111483	0.008785
2.537829	0.111899	0.111561	0.009682
2.535986	0.112048	0.111737	0.008923
2.534146	0.112196	0.111883	0.008965
2.532308	0.112347	0.112004	0.009847
2.530474	0.112540	0.112213	0.009362
2.528642	0.112714	0.112361	0.010108
2.526814	0.112913	0.112563	0.010021
2.524988	0.113125	0.112755	0.010599
2.523165	0.113300	0.112941	0.010282
2.521345	0.113521	0.113127	0.011274
2.519528	0.113773	0.113383	0.011171
2.517714	0.113921	0.113522	0.011421
2.515902	0.114163	0.113747	0.011920
2.514093	0.114364	0.113999	0.010438
2.512288	0.114535	0.114171	0.010423
2.510485	0.114676	0.114256	0.012027
2.508684	0.114854	0.114434	0.012023
2.506887	0.115022	0.114616	0.011650
2.505092	0.115217	0.114830	0.011080
2.503301	0.115409	0.114991	0.011987
2.501512	0.115518	0.115115	0.011528
2.499726	0.115662	0.115238	0.012138
2.497942	0.115785	0.115367	0.011977
2.496162	0.115972	0.115555	0.011951
2.494384	0.116168	0.115737	0.012351
2.492609	0.116274	0.115875	0.011405
2.490836	0.116411	0.115992	0.011997
2.489067	0.116542	0.116117	0.012193
2.487300	0.116773	0.116335	0.012558
2.485536	0.116883	0.116457	0.012185
2.483774	0.117118	0.116673	0.012753
2.482016	0.117251	0.116828	0.012135
2.480260	0.117386	0.116951	0.012468
2.478507	0.117609	0.117103	0.014501
2.476756	0.117746	0.117270	0.013643
2.475008	0.117956	0.117498	0.013124
2.473263	0.118170	0.117671	0.014281
2.471521	0.118265	0.117847	0.011984
2.469781	0.118428	0.117977	0.012928
2.468044	0.118541	0.118085	0.013061
2.466309	0.118804	0.118329	0.013620
2.464578	0.118925	0.118477	0.012846
2.462848	0.119182	0.118684	0.014264
2.461122	0.119261	0.118790	0.013498
2.459398	0.119411	0.118959	0.012958
2.457677	0.119577	0.119123	0.012991
2.455958	0.119648	0.119220	0.012264
2.454243	0.119849	0.119372	0.013665
2.452529	0.120040	0.119613	0.012225
2.450819	0.120057	0.119582	0.013608
2.449111	0.120152	0.119747	0.011588
2.447405	0.120226	0.119778	0.012835
2.445702	0.120213	0.119746	0.013360
2.444002	0.120383	0.119942	0.012628
2.442304	0.120438	0.120001	0.012514
2.440609	0.120626	0.120135	0.014076
2.438917	0.120749	0.120269	0.013745
2.437227	0.120885	0.120407	0.013686
2.435539	0.120941	0.120504	0.012512
2.433854	0.120962	0.120527	0.012489
2.432172	0.121090	0.120605	0.013884
2.430492	0.121119	0.120609	0.014623
2.428815	0.121040	0.120622	0.011983
2.427140	0.121096	0.120650	0.012787
2.425468	0.121147	0.120736	0.011783
2.423799	0.121301	0.120836	0.013339
2.422131	0.121358	0.120860	0.014285
2.420467	0.121395	0.120966	0.012292
2.418805	0.121462	0.121027	0.012446
2.417145	0.121401	0.120984	0.011958
2.415488	0.121563	0.121127	0.012508
2.413833	0.121696	0.121300	0.011323
2.412181	0.121747	0.121313	0.012434
2.410532	0.121744	0.121282	0.013240
2.408884	0.121764	0.121322	0.012657
2.407240	0.121802	0.121323	0.013733
2.405598	0.121793	0.121355	0.012559
2.403958	0.121797	0.121397	0.011451
2.402320	0.121827	0.121423	0.011581
2.400685	0.121833	0.121360	0.013553
2.399053	0.121782	0.121411	0.010632
2.397423	0.121825	0.121422	0.011557
2.395795	0.121838	0.121343	0.014165
2.394170	0.121767	0.121328	0.012566
2.392547	0.121848	0.121409	0.012594
2.390927	0.121874	0.121385	0.014019
2.389309	0.121910	0.121474	0.012491
2.387694	0.121852	0.121477	0.010740
2.386081	0.121791	0.121389	0.011510
2.384470	0.121720	0.121309	0.011764
2.382861	0.121789	0.121365	0.012144
2.381255	0.121633	0.121207	0.012211
2.379652	0.121654	0.121234	0.012047
2.378051	0.121486	0.121082	0.011566
2.376452	0.121430	0.121007	0.012120
2.374855	0.121471	0.121039	0.012368
2.373261	0.121322	0.120910	0.011802
2.371669	0.121333	0.120930	0.011551
2.370080	0.121239	0.120853	0.011054
2.368493	0.121055	0.120698	0.010229
2.366908	0.121090	0.120708	0.010941
2.365326	0.121049	0.120656	0.011264
2.363745	0.120844	0.120490	0.010138
2.362168	0.120886	0.120476	0.011730
2.360592	0.120763	0.120384	0.010871
2.359019	0.120585	0.120216	0.010552
2.357448	0.120494	0.120104	0.011183
2.355880	0.120326	0.119947	0.010883
2.354313	0.120264	0.119866	0.011414
2.352749	0.120154	0.119740	0.011851
2.351188	0.119951	0.119569	0.010944
2.349628	0.119837	0.119466	0.010611
2.348071	0.119775	0.119378	0.011370
2.346516	0.119500	0.119158	0.009807
2.344964	0.119507	0.119116	0.011196
2.343413	0.119430	0.119042	0.011108
2.341865	0.119436	0.119118	0.009128
2.340319	0.119383	0.119015	0.010543
2.338776	0.119309	0.118929	0.010885
2.337235	0.119126	0.118779	0.009924
2.335695	0.119084	0.118742	0.009812
2.334159	0.118935	0.118531	0.011561
2.332624	0.118770	0.118457	0.008968
2.331091	0.118646	0.118381	0.007588
2.329561	0.118574	0.118276	0.008514
2.328033	0.118434	0.118083	0.010048
2.326508	0.118296	0.117996	0.008606
2.324984	0.118083	0.117755	0.009374
2.323463	0.117984	0.117613	0.010624
2.321943	0.117793	0.117483	0.008868
2.320426	0.117715	0.117364	0.010063
2.318912	0.117545	0.117226	0.009154
2.317399	0.117395	0.117122	0.007816
2.315888	0.117167	0.116919	0.007104
2.314380	0.117199	0.116928	0.007752
2.312874	0.117258	0.116917	0.009767
2.311370	0.117127	0.116836	0.008327
2.309868	0.117035	0.116716	0.009122
2.308369	0.116775	0.116531	0.006978
2.306871	0.116618	0.116380	0.006807
2.305376	0.116493	0.116202	0.008347
2.303883	0.116355	0.116143	0.006098
2.302392	0.116232	0.115931	0.008602
2.300903	0.116049	0.115760	0.008275
2.299416	0.115948	0.115671	0.007936
2.297931	0.115853	0.115598	0.007303
2.296449	0.115627	0.115357	0.007724
2.294968	0.115503	0.115286	0.006216
2.293490	0.115318	0.115075	0.006962
2.292013	0.115338	0.115028	0.008878
2.290539	0.115166	0.114869	0.008495
2.289067	0.114980	0.114751	0.006549
2.287597	0.114875	0.114649	0.006464
2.286129	0.114762	0.114514	0.007096
2.284664	0.114657	0.114414	0.006957
2.283200	0.114522	0.114287	0.006729
2.281738	0.114351	0.114152	0.005679
2.280279	0.114276	0.114029	0.007085
2.278821	0.114311	0.114138	0.004931
2.277366	0.114287	0.114084	0.005806
2.275912	0.114096	0.113896	0.005709
2.274461	0.113991	0.113780	0.006064
2.273012	0.113898	0.113688	0.006014
2.271564	0.113878	0.113691	0.005367
2.270119	0.113891	0.113708	0.005254
2.268676	0.113836	0.113683	0.004365
2.267235	0.113873	0.113653	0.006307
2.265796	0.113774	0.113652	0.003496
2.264359	0.113679	0.113545	0.003821
2.262923	0.113697	0.113549	0.004244
2.261490	0.113740	0.113502	0.006838
2.260059	0.113643	0.113438	0.005890
2.258630	0.113615	0.113454	0.004614
2.257203	0.113541	0.113431	0.003148
2.255778	0.113572	0.113407	0.004726
2.254355	0.113565	0.113415	0.004306
2.252934	0.113627	0.113507	0.003442
2.251515	0.113757	0.113634	0.003530
2.250098	0.113978	0.113854	0.003527
2.248683	0.113882	0.113777	0.002997
2.247269	0.114008	0.113854	0.004420
2.245858	0.114051	0.113977	0.002119
2.244449	0.114007	0.113915	0.002617
2.243042	0.113878	0.113731	0.004209
2.241636	0.113727	0.113598	0.003683
2.240233	0.113470	0.113412	0.001643
2.238832	0.113395	0.113275	0.003416
2.237432	0.113301	0.113225	0.002186
2.236035	0.113269	0.113185	0.002388
2.234639	0.113234	0.113179	0.001564
2.233245	0.113280	0.113167	0.003240
2.231854	0.113349	0.113230	0.003407
2.230464	0.113398	0.113287	0.003174
2.229076	0.113381	0.113256	0.003576
2.227690	0.113403	0.113367	0.001023
2.226306	0.113530	0.113438	0.002627
2.224924	0.113588	0.113534	0.001550
2.223544	0.113640	0.113560	0.002300
2.222165	0.113766	0.113719	0.001354
2.220789	0.113814	0.113751	0.001822
2.219414	0.113838	0.113770	0.001947
2.218042	0.113917	0.113901	0.000464
2.216671	0.113910	0.113854	0.001601
2.215302	0.114019	0.113963	0.001610
2.213935	0.114097	0.114020	0.002223
2.212570	0.114214	0.114192	0.000631
2.211207	0.114369	0.114299	0.002009
2.209845	0.114441	0.114421	0.000558
2.208486	0.114476	0.114490	-0.000411
2.207128	0.114722	0.114686	0.001029
2.205772	0.114725	0.114678	0.001349
2.204418	0.114753	0.114719	0.000959
2.203066	0.114769	0.114821	-0.001473
2.201716	0.114784	0.114811	-0.000752
2.200367	0.114828	0.114845	-0.000483
2.199021	0.114863	0.114862	0.000022
2.197676	0.115060	0.115006	0.001560
2.196333	0.115094	0.115086	0.000214
2.194992	0.115053	0.115028	0.000734
2.193653	0.115279	0.115211	0.001950
2.192315	0.115436	0.115535	-0.002852
2.190980	0.115476	0.115521	-0.001312
2.189646	0.115473	0.115512	-0.001134
2.188314	0.115551	0.115562	-0.000303
2.186984	0.115726	0.115735	-0.000264
2.185655	0.115838	0.115891	-0.001515
2.184328	0.115970	0.115983	-0.000356
2.183004	0.115876	0.115928	-0.001468
2.181681	0.115980	0.116018	-0.001075
2.180359	0.116074	0.116200	-0.003611
2.179040	0.116207	0.116243	-0.001020
2.177722	0.116336	0.116362	-0.000760
2.176406	0.116434	0.116565	-0.003757
2.175092	0.116574	0.116549	0.000695
2.173780	0.116625	0.116658	-0.000943
2.172469	0.116832	0.116850	-0.000500
2.171160	0.116847	0.116807	0.001166
2.169853	0.117038	0.117054	-0.000446
2.168548	0.117052	0.117137	-0.002440
2.167244	0.116978	0.117084	-0.003018
2.165943	0.117180	0.117305	-0.003585
2.164643	0.117427	0.117560	-0.003808
2.163344	0.117511	0.117641	-0.003734
2.162048	0.117514	0.117604	-0.002559
2.160753	0.117555	0.117665	-0.003153
2.159460	0.117588	0.117620	-0.000907
2.158168	0.117717	0.117788	-0.002040
2.156879	0.117841	0.117950	-0.003128
2.155591	0.118046	0.118079	-0.000944
2.154304	0.118176	0.118264	-0.002529
2.153020	0.118221	0.118334	-0.003228
2.151737	0.118217	0.118279	-0.001794
2.150456	0.118328	0.118487	-0.004539
2.149177	0.118459	0.118657	-0.005666
2.147899	0.118615	0.118687	-0.002066
2.146623	0.118736	0.118818	-0.002353
2.145349	0.118856	0.119009	-0.004380
2.144076	0.118972	0.119086	-0.003262
2.142805	0.119156	0.119263	-0.003073
2.141536	0.119225	0.119393	-0.004810
2.140268	0.119321	0.119498	-0.005094
2.139002	0.119416	0.119576	-0.004569
2.137738	0.119575	0.119671	-0.002755
2.136476	0.119586	0.119782	-0.005619
2.135215	0.119746	0.119809	-0.001806
2.133956	0.119708	0.119881	-0.004961
2.132698	0.119798	0.119966	-0.004801
2.131442	0.120013	0.120161	-0.004222
2.130188	0.120298	0.120452	-0.004430
2.128935	0.120394	0.120529	-0.003880
2.127684	0.120450	0.120532	-0.002341
2.126435	0.120608	0.120770	-0.004638
2.125187	0.120646	0.120858	-0.006083
2.123941	0.120799	0.120879	-0.002285
2.122697	0.121026	0.121197	-0.004910
2.121454	0.121124	0.121278	-0.004426
2.120213	0.121239	0.121418	-0.005130
2.118974	0.121298	0.121485	-0.005363
2.117736	0.121482	0.121613	-0.003757
2.116500	0.121480	0.121651	-0.004898
2.115265	0.121433	0.121579	-0.004178
2.114032	0.121446	0.121641	-0.005582
2.112801	0.121647	0.121836	-0.005428
2.111571	0.121724	0.121927	-0.005830
2.110343	0.121900	0.121992	-0.002629
2.109116	0.121936	0.122104	-0.004812
2.107891	0.121913	0.122037	-0.003528
2.106668	0.122049	0.122192	-0.004118
2.105446	0.122172	0.122332	-0.004579
2.104226	0.122220	0.122403	-0.005236
2.103007	0.122276	0.122498	-0.006374
2.101790	0.122470	0.122697	-0.006485
2.100575	0.122528	0.122719	-0.005488
2.099361	0.122554	0.122759	-0.005880
2.098149	0.122614	0.122745	-0.003748
2.096938	0.122467	0.122729	-0.007489
2.095729	0.122423	0.122656	-0.006666
2.094521	0.122531	0.122701	-0.004862
2.093315	0.122590	0.122755	-0.004730
2.092111	0.122782	0.122952	-0.004886
2.090908	0.122756	0.123039	-0.008125
2.089707	0.123048	0.123236	-0.005370
2.088507	0.122945	0.123199	-0.007292
2.087309	0.122994	0.123209	-0.006142
2.086112	0.123090	0.123323	-0.006670
2.084917	0.123135	0.123320	-0.005285
2.083723	0.123146	0.123322	-0.005055
2.082531	0.123251	0.123349	-0.002817
2.081341	0.123237	0.123485	-0.007102
2.080152	0.123232	0.123450	-0.006256
2.078964	0.123308	0.123599	-0.008335
2.077778	0.123175	0.123399	-0.006406
2.076594	0.123256	0.123520	-0.007573
2.075411	0.123252	0.123541	-0.008280
2.074230	0.123431	0.123690	-0.007441
2.073050	0.123350	0.123585	-0.006759
2.071871	0.123288	0.123538	-0.007154
2.070694	0.123281	0.123555	-0.007826
2.069519	0.123266	0.123492	-0.006468
2.068345	0.123212	0.123455	-0.006966
2.067173	0.123242	0.123512	-0.007746
2.066002	0.123240	0.123468	-0.006542
2.064833	0.123211	0.123415	-0.005831
2.063665	0.123216	0.123404	-0.005394
2.062498	0.123206	0.123489	-0.008100
2.061333	0.123208	0.123535	-0.009383
2.060170	0.123151	0.123380	-0.006550
2.059008	0.122955	0.123279	-0.009281
2.057848	0.122891	0.123193	-0.008645
2.056689	0.123029	0.123208	-0.005120
2.055531	0.122970	0.123171	-0.005765
2.054375	0.122892	0.123194	-0.008664
2.053221	0.122952	0.123232	-0.008038
2.052067	0.123146	0.123388	-0.006941
2.050916	0.123005	0.123322	-0.009100
2.049766	0.123080	0.123353	-0.007833
2.048617	0.123051	0.123265	-0.006156
2.047470	0.122947	0.123196	-0.007140
2.046324	0.122777	0.123056	-0.007977
2.045179	0.122818	0.123110	-0.008344
2.044036	0.122852	0.123120	-0.007666
2.042895	0.122750	0.123012	-0.007497
2.041755	0.122793	0.122965	-0.004935
2.040616	0.122470	0.122766	-0.008478
2.039479	0.122381	0.122704	-0.009252
2.038343	0.122319	0.122512	-0.005513
2.037209	0.122189	0.122415	-0.006500
2.036076	0.122174	0.122423	-0.007136
2.034945	0.122284	0.122479	-0.005583
2.033815	0.122117	0.122403	-0.008214
2.032686	0.121980	0.122346	-0.010506
2.031559	0.121879	0.122202	-0.009253
2.030433	0.121851	0.122143	-0.008371
2.029309	0.121969	0.122229	-0.007446
2.028186	0.121996	0.122298	-0.008648
2.027064	0.121850	0.122179	-0.009425
2.025944	0.121754	0.122067	-0.008967
2.024825	0.121667	0.121924	-0.007366
2.023708	0.121558	0.121842	-0.008146
2.022592	0.121367	0.121662	-0.008455
2.021477	0.121135	0.121446	-0.008890
2.020364	0.121056	0.121293	-0.006776
2.019252	0.121039	0.121371	-0.009530
2.018142	0.120838	0.121164	-0.009345
2.017033	0.120690	0.121015	-0.009318
2.015925	0.120673	0.120990	-0.009072
2.014819	0.120534	0.120881	-0.009947
2.013714	0.120435	0.120734	-0.008564
2.012610	0.120480	0.120727	-0.007057
2.011508	0.120284	0.120651	-0.010514
2.010407	0.120431	0.120686	-0.007291
2.009308	0.120287	0.120664	-0.010815
2.008210	0.120178	0.120534	-0.010185
2.007113	0.120028	0.120392	-0.010440
2.006018	0.120006	0.120281	-0.007873
2.004924	0.119616	0.119899	-0.008112
2.003831	0.119363	0.119697	-0.009567
2.002740	0.119225	0.119613	-0.011093
2.001650	0.119268	0.119622	-0.010150
2.000561	0.119376	0.119687	-0.008896
1.999474	0.119219	0.119560	-0.009770
1.998388	0.119271	0.119565	-0.008418
1.997303	0.119393	0.119643	-0.007157
1.996220	0.119350	0.119618	-0.007692
1.995138	0.119306	0.119644	-0.009685
1.994058	0.119358	0.119737	-0.010859
1.992978	0.119484	0.119706	-0.006351
1.991901	0.119478	0.119808	-0.009467
1.990824	0.119451	0.119765	-0.009012
1.989749	0.119274	0.119633	-0.010282
1.988675	0.119114	0.119468	-0.010162
1.987602	0.119073	0.119432	-0.010286
1.986531	0.118992	0.119394	-0.011517
1.985461	0.119017	0.119348	-0.009487
1.984392	0.118870	0.119188	-0.009090
1.983325	0.118722	0.119043	-0.009194
1.982259	0.118791	0.119160	-0.010566
1.981194	0.118683	0.118984	-0.008614
1.980130	0.118519	0.118862	-0.009816
1.979068	0.118400	0.118762	-0.010358
1.978007	0.118222	0.118545	-0.009239
1.976948	0.118157	0.118474	-0.009075
1.975889	0.118029	0.118405	-0.010790
1.974832	0.117951	0.118261	-0.008886
1.973777	0.117789	0.118203	-0.011858
1.972722	0.117736	0.118064	-0.009397
1.971669	0.117477	0.117848	-0.010646
1.970617	0.117506	0.117871	-0.010482
1.969566	0.117530	0.117838	-0.008818
1.968517	0.117195	0.117569	-0.010718
1.967469	0.117178	0.117527	-0.009972
1.966422	0.116918	0.117224	-0.008759
1.965377	0.116809	0.117183	-0.010734
1.964333	0.116728	0.117124	-0.011358
1.963290	0.116574	0.116919	-0.009889
1.962248	0.116553	0.116919	-0.010489
1.961207	0.116347	0.116714	-0.010508
1.960168	0.116434	0.116810	-0.010790
1.959130	0.116334	0.116656	-0.009225
1.958094	0.116215	0.116633	-0.011947
1.957058	0.116172	0.116584	-0.011801
1.956024	0.116105	0.116433	-0.009393
1.954991	0.116008	0.116229	-0.006330
1.953959	0.115866	0.116282	-0.011929
1.952929	0.115888	0.116273	-0.011035
1.951900	0.115881	0.116271	-0.011177
1.950872	0.115830	0.116191	-0.010355
1.949845	0.115711	0.116007	-0.008503
1.948819	0.115653	0.115948	-0.008448
1.947795	0.115443	0.115806	-0.010400
1.946772	0.115407	0.115773	-0.010491
1.945750	0.115247	0.115597	-0.010033
1.944729	0.115013	0.115344	-0.009481
1.943710	0.114952	0.115347	-0.011324
1.942692	0.114939	0.115287	-0.009963
1.941675	0.114766	0.115217	-0.012923
1.940659	0.114729	0.115027	-0.008526
1.939645	0.114785	0.115109	-0.009277
1.938631	0.114689	0.115069	-0.010888
1.937619	0.114718	0.115032	-0.009012
1.936608	0.114548	0.114904	-0.010172
1.935599	0.114389	0.114716	-0.009342
1.934590	0.114271	0.114604	-0.009529
1.933583	0.114326	0.114703	-0.010796
1.932577	0.114262	0.114750	-0.013963
1.931572	0.114280	0.114597	-0.009106
1.930568	0.114171	0.114485	-0.008975
1.929566	0.114087	0.114500	-0.011820
1.928565	0.114141	0.114473	-0.009515
1.927565	0.114172	0.114458	-0.008209
1.926566	0.114187	0.114567	-0.010898
1.925568	0.114168	0.114622	-0.013005
1.924571	0.114012	0.114415	-0.011560
1.923576	0.113934	0.114257	-0.009260
1.922582	0.113877	0.114174	-0.008501
1.921589	0.113878	0.114240	-0.010394
1.920597	0.113778	0.114235	-0.013089
1.919606	0.113799	0.114146	-0.009955
1.918617	0.113552	0.113878	-0.009336
1.917629	0.113330	0.113766	-0.012503
1.916641	0.113275	0.113627	-0.010079
1.915655	0.113347	0.113628	-0.008051
1.914671	0.113183	0.113517	-0.009572
1.913687	0.113188	0.113600	-0.011799
1.912704	0.113332	0.113682	-0.010026
1.911723	0.113168	0.113567	-0.011455
1.910743	0.113378	0.113760	-0.010936
1.909764	0.113228	0.113623	-0.011312
1.908786	0.113127	0.113458	-0.009483
1.907809	0.113055	0.113472	-0.011939
1.906834	0.112856	0.113270	-0.011856
1.905859	0.112833	0.113283	-0.012903
1.904886	0.112748	0.113139	-0.011207
1.903914	0.112635	0.113042	-0.011653
1.902943	0.112742	0.113026	-0.008162
1.901973	0.112614	0.112941	-0.009376
1.901004	0.112572	0.112948	-0.010768
1.900036	0.112586	0.112877	-0.008342
1.899070	0.112571	0.112981	-0.011746
1.898105	0.112680	0.112990	-0.008886
1.897140	0.112621	0.112914	-0.008418
1.896177	0.112696	0.113028	-0.009501
1.895215	0.112487	0.112846	-0.010264
1.894254	0.112414	0.112784	-0.010593
1.893295	0.112500	0.112858	-0.010270
1.892336	0.112339	0.112727	-0.011092
1.891378	0.112241	0.112554	-0.008964
1.890422	0.112258	0.112628	-0.010621
1.889467	0.112310	0.112662	-0.010082
1.888513	0.112302	0.112692	-0.011180
1.887560	0.112289	0.112615	-0.009323
1.886608	0.112309	0.112681	-0.010656
1.885657	0.112319	0.112631	-0.008926
1.884707	0.112313	0.112693	-0.010876
1.883758	0.112073	0.112478	-0.011580
1.882811	0.112179	0.112520	-0.009755
1.881864	0.112289	0.112728	-0.012564
1.880919	0.112397	0.112776	-0.010846
1.879975	0.112337	0.112686	-0.010007
1.879032	0.112479	0.112807	-0.009405
1.878090	0.112468	0.112923	-0.013033
1.877149	0.112537	0.112894	-0.010236
1.876209	0.112389	0.112820	-0.012349
1.875270	0.112386	0.112750	-0.010421
1.874332	0.112623	0.112906	-0.008095
1.873396	0.112551	0.112920	-0.010550
1.872460	0.112579	0.112920	-0.009780
1.871525	0.112502	0.112866	-0.010439
1.870592	0.112347	0.112734	-0.011100
1.869660	0.112313	0.112678	-0.010444
1.868728	0.112307	0.112678	-0.010643
1.867798	0.112433	0.112703	-0.007741
1.866869	0.112382	0.112768	-0.011055
1.865941	0.112313	0.112637	-0.009290
1.865014	0.112262	0.112685	-0.012127
1.864088	0.112184	0.112629	-0.012754
1.863163	0.112298	0.112678	-0.010890
1.862239	0.112386	0.112814	-0.012260
1.861317	0.112473	0.112820	-0.009926
1.860395	0.112375	0.112710	-0.009584
1.859474	0.112392	0.112707	-0.009029
1.858555	0.112378	0.112771	-0.011258
1.857636	0.112398	0.112795	-0.011374
1.856719	0.112469	0.112831	-0.010351
1.855802	0.112538	0.112832	-0.008410
1.854887	0.112455	0.112838	-0.010989
1.853973	0.112596	0.112917	-0.009179
1.853059	0.112678	0.113015	-0.009636
1.852147	0.112635	0.113016	-0.010915
1.851236	0.112560	0.113008	-0.012828
1.850326	0.112618	0.113085	-0.013383
1.849416	0.112608	0.112958	-0.010032
1.848508	0.112626	0.113080	-0.013026
1.847601	0.112745	0.113159	-0.011882
1.846695	0.112584	0.112910	-0.009361
1.845790	0.112678	0.113074	-0.011341
1.844886	0.112696	0.113013	-0.009081
1.843983	0.112679	0.113095	-0.011896
1.843081	0.112830	0.113170	-0.009756
1.842180	0.112962	0.113302	-0.009719
1.841280	0.112871	0.113245	-0.010724
1.840381	0.112837	0.113119	-0.008083
1.839484	0.112636	0.112980	-0.009850
1.838587	0.112764	0.113087	-0.009265
1.837691	0.112714	0.113099	-0.011027
1.836796	0.112668	0.113048	-0.010902
1.835902	0.112887	0.113239	-0.010058
1.835009	0.113152	0.113446	-0.008442
1.834118	0.112993	0.113435	-0.012670
1.833227	0.112979	0.113367	-0.011125
1.832337	0.112921	0.113243	-0.009215
1.831448	0.112810	0.113178	-0.010527
1.830560	0.112728	0.113113	-0.011029
1.829674	0.112614	0.113015	-0.011478
1.828788	0.112655	0.113098	-0.012695
1.827903	0.112745	0.113093	-0.009952
1.827019	0.112676	0.113104	-0.012268
1.826136	0.112806	0.113278	-0.013515
1.825255	0.113010	0.113411	-0.011496
1.824374	0.113344	0.113688	-0.009851
1.823494	0.113565	0.114048	-0.013850
1.822615	0.113667	0.114085	-0.011983
1.821737	0.114022	0.114449	-0.012225
1.820860	0.113936	0.114335	-0.011420
1.819984	0.114023	0.114310	-0.008239
1.819109	0.113941	0.114206	-0.007591
1.818235	0.113737	0.114137	-0.011456
1.817362	0.113870	0.114243	-0.010680
1.816490	0.114088	0.114456	-0.010522
1.815619	0.114094	0.114477	-0.010971
1.814749	0.114189	0.114516	-0.009365
1.813880	0.114219	0.114521	-0.008653
1.813012	0.114297	0.114764	-0.013382
1.812145	0.114378	0.114786	-0.011706
1.811279	0.114412	0.114709	-0.008526
1.810413	0.114738	0.115066	-0.009403
1.809549	0.114704	0.115035	-0.009471
1.808686	0.114578	0.114947	-0.010554
1.807824	0.114527	0.114867	-0.009736
1.806962	0.114594	0.114983	-0.011156
1.806102	0.114699	0.115185	-0.013933
1.805242	0.114589	0.115061	-0.013502
1.804384	0.114709	0.115023	-0.008999
1.803526	0.114779	0.115087	-0.008813
1.802670	0.114922	0.115286	-0.010441
1.801814	0.115159	0.115445	-0.008182
1.800959	0.115066	0.115479	-0.011848
1.800105	0.115229	0.115620	-0.011203
1.799252	0.115425	0.115780	-0.010160
1.798401	0.115367	0.115784	-0.011950
1.797550	0.115150	0.115654	-0.014435
1.796700	0.115311	0.115684	-0.010683
1.795851	0.115462	0.115805	-0.009815
1.795002	0.115735	0.115964	-0.006559
1.794155	0.115938	0.116255	-0.009060
1.793309	0.116026	0.116419	-0.011232
1.792464	0.115893	0.116277	-0.011001
1.791619	0.115985	0.116280	-0.008457
1.790776	0.115777	0.116168	-0.011198
1.789933	0.115818	0.116215	-0.011359
1.789092	0.115857	0.116180	-0.009238
1.788251	0.115807	0.116226	-0.011997
1.787411	0.115663	0.115926	-0.007529
1.786572	0.115295	0.115724	-0.012276
1.785734	0.115460	0.115825	-0.010450
1.784897	0.115473	0.115840	-0.010529
1.784061	0.115738	0.116097	-0.010281
1.783226	0.115812	0.116156	-0.009863
1.782392	0.115963	0.116309	-0.009914
1.781558	0.116163	0.116410	-0.007071
1.780726	0.116072	0.116371	-0.008568
1.779894	0.116162	0.116528	-0.010488
1.779064	0.116229	0.116651	-0.012071
1.778234	0.116012	0.116223	-0.006036
1.777405	0.115930	0.116260	-0.009471
1.776577	0.116086	0.116425	-0.009715
1.775750	0.116145	0.116565	-0.012038
1.774924	0.116346	0.116746	-0.011454
1.774099	0.116381	0.116673	-0.008381
1.773275	0.116264	0.116559	-0.008466
1.772451	0.116438	0.116774	-0.009620
1.771629	0.116528	0.116957	-0.012276
1.770807	0.116656	0.117001	-0.009897
1.769986	0.116663	0.117033	-0.010614
1.769167	0.116551	0.116930	-0.010856
1.768348	0.116712	0.116980	-0.007675
1.767530	0.116511	0.116809	-0.008551
1.766712	0.116394	0.116723	-0.009409
1.765896	0.116427	0.116826	-0.011430
1.765081	0.116431	0.116778	-0.009935
1.764266	0.116316	0.116532	-0.006172
1.763453	0.116253	0.116594	-0.009781
1.762640	0.116231	0.116488	-0.007386
1.761828	0.116347	0.116671	-0.009275
1.761017	0.116539	0.116889	-0.010011
1.760207	0.116655	0.116908	-0.007222
1.759398	0.116639	0.116881	-0.006917
1.758589	0.116697	0.117031	-0.009551
1.757782	0.116579	0.116960	-0.010912
1.756975	0.116734	0.117116	-0.010931
1.756169	0.116999	0.117424	-0.012177
1.755365	0.117181	0.117524	-0.009805
1.754560	0.117053	0.117428	-0.010742
1.753757	0.117000	0.117255	-0.007326
1.752955	0.117083	0.117481	-0.011392
1.752154	0.117042	0.117276	-0.006718
1.751353	0.116990	0.117272	-0.008064
1.750553	0.117010	0.117305	-0.008440
1.749755	0.116964	0.117305	-0.009783
1.748957	0.117181	0.117365	-0.005260
1.748159	0.117117	0.117417	-0.008584
1.747363	0.117173	0.117459	-0.008197
1.746568	0.117080	0.117394	-0.008984
1.745773	0.117233	0.117538	-0.008749
1.744979	0.117170	0.117466	-0.008479
1.744187	0.117234	0.117548	-0.009002
1.743395	0.117211	0.117490	-0.008007
1.742603	0.117145	0.117489	-0.009870
1.741813	0.117429	0.117705	-0.007909
1.741024	0.117573	0.117871	-0.008539
1.740235	0.117698	0.118001	-0.008669
1.739447	0.117529	0.117853	-0.009257
1.738660	0.117528	0.117784	-0.007342
1.737874	0.117320	0.117723	-0.011545
1.737089	0.117457	0.117846	-0.011170
1.736304	0.117634	0.117945	-0.008935
1.735521	0.117513	0.117827	-0.009001
1.734738	0.117130	0.117399	-0.007704
1.733956	0.117087	0.117380	-0.008395
1.733175	0.117121	0.117403	-0.008083
1.732395	0.117111	0.117452	-0.009764
1.731615	0.117162	0.117514	-0.010090
1.730837	0.117226	0.117502	-0.007902
1.730059	0.117228	0.117533	-0.008744
1.729282	0.117089	0.117325	-0.006776
1.728506	0.116963	0.117185	-0.006365
1.727730	0.117110	0.117330	-0.006305
1.726956	0.117081	0.117411	-0.009461
1.726182	0.117253	0.117551	-0.008532
1.725409	0.117268	0.117519	-0.007196
1.724637	0.117258	0.117453	-0.005592
1.723866	0.117212	0.117519	-0.008814
1.723096	0.117032	0.117375	-0.009827
1.722326	0.116861	0.117344	-0.013830
1.721557	0.116990	0.117309	-0.009122
1.720789	0.116959	0.117211	-0.007244
1.720022	0.116985	0.117254	-0.007721
1.719256	0.117098	0.117335	-0.006789
1.718490	0.117079	0.117378	-0.008568
1.717726	0.117156	0.117410	-0.007279
1.716962	0.117065	0.117294	-0.006569
1.716199	0.117189	0.117506	-0.009081
1.715436	0.117091	0.117287	-0.005609
1.714675	0.117164	0.117481	-0.009067
1.713914	0.117000	0.117307	-0.008812
1.713154	0.117054	0.117426	-0.010656
1.712395	0.116930	0.117147	-0.006226
1.711637	0.116999	0.117241	-0.006936
1.710879	0.116969	0.117293	-0.009282
1.710122	0.116983	0.117370	-0.011092
1.709366	0.117207	0.117497	-0.008297
1.708611	0.117074	0.117392	-0.009091
1.707857	0.116969	0.117378	-0.011729
1.707103	0.116871	0.117174	-0.008656
1.706351	0.117054	0.117332	-0.007962
1.705599	0.117158	0.117451	-0.008403
1.704847	0.117194	0.117547	-0.010111
1.704097	0.117082	0.117312	-0.006605
1.703347	0.117233	0.117330	-0.002753
1.702599	0.117242	0.117488	-0.007049
1.701850	0.116919	0.117317	-0.011424
1.701103	0.117071	0.117318	-0.007075
1.700357	0.117096	0.117342	-0.007054
1.699611	0.116733	0.117049	-0.009062
1.698866	0.116924	0.117133	-0.005966
1.698122	0.117050	0.117200	-0.004294
1.697378	0.116864	0.117155	-0.008339
1.696636	0.116775	0.116926	-0.004316
1.695894	0.116809	0.117038	-0.006537
1.695153	0.116778	0.117106	-0.009404
1.694412	0.116894	0.117209	-0.009025
1.693673	0.117015	0.117275	-0.007434
1.692934	0.116924	0.117213	-0.008289
1.692196	0.116875	0.117146	-0.007764
1.691459	0.116902	0.117101	-0.005684
1.690722	0.116874	0.117035	-0.004609
1.689987	0.116723	0.117056	-0.009540
1.689252	0.116870	0.117130	-0.007469
1.688518	0.116660	0.116879	-0.006280
1.687784	0.116379	0.116695	-0.009041
1.687051	0.116392	0.116579	-0.005359
1.686320	0.116112	0.116384	-0.007775
1.685588	0.115994	0.116253	-0.007439
1.684858	0.116101	0.116369	-0.007671
1.684128	0.116022	0.116318	-0.008472
1.683399	0.115997	0.116235	-0.006815
1.682671	0.116174	0.116417	-0.006958
1.681944	0.116101	0.116335	-0.006700
1.681217	0.116369	0.116458	-0.002546
1.680491	0.116367	0.116653	-0.008191
1.679766	0.116291	0.116518	-0.006513
1.679042	0.116536	0.116847	-0.008923
1.678318	0.116612	0.116827	-0.006159
1.677595	0.116416	0.116676	-0.007433
1.676873	0.116354	0.116593	-0.006847
1.676152	0.116313	0.116531	-0.006248
1.675431	0.116253	0.116451	-0.005674
1.674711	0.116036	0.116339	-0.008676
1.673992	0.116074	0.116289	-0.006163
1.673273	0.115892	0.116055	-0.004647
1.672556	0.115835	0.116129	-0.008421
1.671839	0.115803	0.115936	-0.003826
1.671122	0.115551	0.115962	-0.011762
1.670407	0.115569	0.115932	-0.010381
1.669692	0.115492	0.115752	-0.007441
1.668978	0.115473	0.115830	-0.010244
1.668265	0.115177	0.115374	-0.005640
1.667552	0.114998	0.115283	-0.008172
1.666840	0.114603	0.114897	-0.008443
1.666129	0.114207	0.114400	-0.005524
1.665418	0.114034	0.114256	-0.006375
1.664709	0.113778	0.114024	-0.007053
1.664000	0.113509	0.113770	-0.007480
1.663292	0.113307	0.113593	-0.008191
1.662584	0.113177	0.113450	-0.007820
1.661877	0.113047	0.113282	-0.006745
1.661171	0.113011	0.113248	-0.006807
1.660466	0.112894	0.113089	-0.005580
1.659761	0.112706	0.113153	-0.012797
1.659057	0.112612	0.112813	-0.005783
1.658354	0.112601	0.112786	-0.005297
1.657651	0.112564	0.112835	-0.007758
1.656950	0.112467	0.112648	-0.005181
1.656249	0.112363	0.112747	-0.011019
1.655548	0.111996	0.112173	-0.005079
1.654848	0.111813	0.112129	-0.009050
1.654150	0.111995	0.112191	-0.005617
1.653451	0.111844	0.112093	-0.007116
1.652754	0.111879	0.112053	-0.004990
1.652057	0.111863	0.112159	-0.008485
1.651361	0.111858	0.112108	-0.007177
1.650665	0.111737	0.111976	-0.006838
1.649971	0.111771	0.112027	-0.007335
1.649277	0.111697	0.111954	-0.007357
1.648583	0.111515	0.111686	-0.004899
1.647891	0.111695	0.111840	-0.004161
1.647199	0.111797	0.111894	-0.002796
1.646508	0.111502	0.111733	-0.006633
1.645817	0.111459	0.111558	-0.002862
1.645127	0.111380	0.111640	-0.007443
1.644438	0.111479	0.111720	-0.006900
1.643750	0.111413	0.111590	-0.005082
1.643062	0.111772	0.112024	-0.007226
1.642375	0.111859	0.112192	-0.009542
1.641689	0.112049	0.112221	-0.004930
1.641003	0.111855	0.112046	-0.005460
1.640318	0.111867	0.112138	-0.007770
1.639634	0.112011	0.112297	-0.008190
1.638950	0.111950	0.112231	-0.008030
1.638267	0.111919	0.112134	-0.006156
1.637585	0.111865	0.112049	-0.005259
1.636903	0.111914	0.112169	-0.007301
1.636222	0.112005	0.112265	-0.007438
1.635542	0.112060	0.112294	-0.006702
1.634863	0.111934	0.112090	-0.004476
1.634184	0.111781	0.111992	-0.006058
1.633506	0.111736	0.111843	-0.003056
1.632828	0.112006	0.112249	-0.006953
1.632151	0.112097	0.112324	-0.006499
1.631475	0.112040	0.112250	-0.006011
1.630800	0.111971	0.112150	-0.005135
1.630125	0.111924	0.112202	-0.007980
1.629451	0.111807	0.112041	-0.006712
1.628778	0.111916	0.111987	-0.002039
1.628105	0.111770	0.111986	-0.006207
1.627433	0.111803	0.111979	-0.005045
1.626761	0.111715	0.111858	-0.004098
1.626091	0.111595	0.111767	-0.004910
1.625421	0.111594	0.111812	-0.006245
1.624751	0.111394	0.111482	-0.002545
1.624083	0.111162	0.111344	-0.005218
1.623414	0.111327	0.111494	-0.004787
1.622747	0.111053	0.111313	-0.007458
1.622080	0.110934	0.111104	-0.004859
1.621414	0.111174	0.111301	-0.003648
1.620749	0.111099	0.111242	-0.004084
1.620084	0.110832	0.111077	-0.007024
1.619420	0.110847	0.110901	-0.001544
1.618757	0.110888	0.111071	-0.005242
1.618094	0.110603	0.110940	-0.009655
1.617432	0.110361	0.110554	-0.005535
1.616770	0.110226	0.110344	-0.003380
1.616109	0.110153	0.110278	-0.003581
1.615449	0.110242	0.110409	-0.004787
1.614790	0.110253	0.110554	-0.008632
1.614131	0.110027	0.110293	-0.007613
1.613473	0.109764	0.109815	-0.001458
1.612815	0.109686	0.109962	-0.007917
1.612158	0.109904	0.110027	-0.003530
1.611502	0.109627	0.109860	-0.006676
1.610846	0.109407	0.109594	-0.005367
1.610191	0.109312	0.109494	-0.005225
1.609537	0.108823	0.108982	-0.004533
1.608883	0.108422	0.108636	-0.006134
1.608230	0.108543	0.108789	-0.007024
1.607578	0.108826	0.108985	-0.004566
1.606926	0.108990	0.109054	-0.001827
1.606275	0.108939	0.109199	-0.007456
1.605625	0.109090	0.109139	-0.001414
1.604975	0.108738	0.108906	-0.004828
1.604326	0.108440	0.108519	-0.002258
1.603677	0.108492	0.108511	-0.000530
1.603029	0.108503	0.108746	-0.006944
1.602382	0.108330	0.108360	-0.000878
1.601735	0.108167	0.108286	-0.003422
1.601089	0.107934	0.108193	-0.007403
1.600444	0.108199	0.108351	-0.004343
1.599799	0.107819	0.108026	-0.005932
1.599155	0.107609	0.107818	-0.005980
1.598512	0.107295	0.107511	-0.006183
1.597869	0.106950	0.107087	-0.003940
1.597227	0.107081	0.107245	-0.004700
1.596585	0.106944	0.107069	-0.003577
1.595944	0.106983	0.107122	-0.003994
1.595304	0.106820	0.107036	-0.006177
1.594664	0.106999	0.107216	-0.006219
1.594025	0.107248	0.107356	-0.003089
1.593386	0.107277	0.107422	-0.004155
1.592749	0.106905	0.107087	-0.005221
1.592111	0.106854	0.107063	-0.005986
1.591475	0.106402	0.106685	-0.008116
1.590839	0.106433	0.106472	-0.001128
1.590203	0.106166	0.106231	-0.001886
1.589569	0.106108	0.106256	-0.004222
1.588935	0.105834	0.106037	-0.005806
1.588301	0.105836	0.106039	-0.005819
1.587668	0.105702	0.105838	-0.003890
1.587036	0.105790	0.105894	-0.002993
1.586404	0.105416	0.105512	-0.002748
1.585773	0.105442	0.105608	-0.004746
1.585143	0.105380	0.105563	-0.005239
1.584513	0.105449	0.105697	-0.007108
1.583884	0.105431	0.105681	-0.007167
1.583255	0.105736	0.105810	-0.002118
1.582627	0.105285	0.105537	-0.007201
1.582000	0.105268	0.105412	-0.004112
1.581373	0.105036	0.105170	-0.003844
1.580747	0.104975	0.105028	-0.001510
1.580121	0.104607	0.104863	-0.007347
1.579496	0.104476	0.104751	-0.007879
1.578872	0.104197	0.104336	-0.003997
1.578248	0.104123	0.104241	-0.003385
1.577625	0.103794	0.103933	-0.003964
1.577002	0.103912	0.104089	-0.005074
1.576380	0.103627	0.103796	-0.004851
1.575759	0.103741	0.103763	-0.000605
1.575138	0.103636	0.103817	-0.005180
1.574518	0.103389	0.103545	-0.004481
1.573899	0.103009	0.103123	-0.003270
1.573280	0.103170	0.103270	-0.002863
1.572661	0.103269	0.103445	-0.005048
1.572044	0.103220	0.103378	-0.004520
1.571426	0.103046	0.103347	-0.008624
1.570810	0.102787	0.102845	-0.001650
1.570194	0.102808	0.102884	-0.002193
1.569578	0.102683	0.102838	-0.004442
1.568964	0.102444	0.102407	0.001070
1.568349	0.102412	0.102505	-0.002676
1.567736	0.102390	0.102477	-0.002487
1.567123	0.102553	0.102570	-0.000487
1.566510	0.102278	0.102436	-0.004533
1.565899	0.101997	0.102279	-0.008086
1.565287	0.102044	0.102169	-0.003584
1.564677	0.101803	0.102008	-0.005884
1.564066	0.101871	0.101924	-0.001512
1.563457	0.101692	0.101910	-0.006267
1.562848	0.101944	0.102017	-0.002080
1.562240	0.101888	0.102069	-0.005197
1.561632	0.101825	0.101917	-0.002637
1.561025	0.101707	0.101941	-0.006715
1.560418	0.101700	0.101778	-0.002232
1.559812	0.101694	0.101904	-0.006014
1.559207	0.101598	0.101870	-0.007795
1.558602	0.101244	0.101448	-0.005821
1.557997	0.100953	0.101159	-0.005881
1.557394	0.100501	0.100748	-0.007079
1.556791	0.100222	0.100686	-0.013292
1.556188	0.100750	0.100874	-0.003535
1.555586	0.100996	0.101177	-0.005187
1.554985	0.101014	0.100986	0.000796
1.554384	0.100905	0.101007	-0.002898
1.553783	0.100724	0.100879	-0.004422
1.553184	0.100592	0.100801	-0.005981
1.552585	0.100429	0.100607	-0.005084
1.551986	0.100370	0.100591	-0.006352
1.551388	0.100291	0.100401	-0.003133
1.550791	0.100177	0.100148	0.000827
1.550194	0.100394	0.100330	0.001832
1.549597	0.100305	0.100109	0.005610
1.549002	0.099952	0.099868	0.002401
1.548406	0.099914	0.100065	-0.004316
1.547812	0.099552	0.099782	-0.006594
1.547218	0.099507	0.099507	0.000005
1.546624	0.099235	0.099440	-0.005851
1.546031	0.099282	0.099583	-0.008651
1.545439	0.099379	0.099351	0.000804
1.544847	0.099273	0.099352	-0.002248
1.544256	0.098880	0.099124	-0.006978
1.543665	0.098845	0.099109	-0.007577
1.543075	0.098960	0.098906	0.001544
1.542486	0.098641	0.098941	-0.008586
1.541897	0.098839	0.098987	-0.004242
1.541308	0.098798	0.098901	-0.002938
1.540720	0.098407	0.098407	-0.000003
1.540133	0.098052	0.097953	0.002835
1.539546	0.098018	0.098171	-0.004372
1.538960	0.098236	0.098435	-0.005720
1.538374	0.098294	0.098520	-0.006459
1.537789	0.098358	0.098614	-0.007330
1.537204	0.098086	0.098187	-0.002883
1.536620	0.097927	0.097970	-0.001212
1.536037	0.098005	0.097853	0.004342
1.535454	0.097750	0.097905	-0.004433
1.534872	0.097425	0.097523	-0.002811
1.534290	0.097323	0.097597	-0.007854
1.533708	0.097409	0.097705	-0.008496
1.533128	0.097641	0.097376	0.007584
1.532548	0.097480	0.097613	-0.003812
1.531968	0.097526	0.097482	0.001273
1.531389	0.097568	0.097495	0.002097
1.530810	0.097086	0.097135	-0.001410
1.530232	0.096760	0.097035	-0.007892
1.529655	0.096440	0.096754	-0.008985
1.529078	0.096574	0.096611	-0.001055
1.528501	0.096321	0.096449	-0.003659
1.527925	0.096094	0.096451	-0.010252
1.527350	0.096149	0.095949	0.005703
1.526775	0.095748	0.096148	-0.011476
1.526201	0.095933	0.096084	-0.004346
1.525627	0.095983	0.096013	-0.000856
1.525054	0.095842	0.095837	0.000157
1.524481	0.095594	0.095569	0.000725
1.523909	0.095546	0.095518	0.000819
1.523338	0.095185	0.095422	-0.006778
1.522767	0.095292	0.095306	-0.000380
1.522196	0.095094	0.095390	-0.008480
1.521626	0.095378	0.095387	-0.000260
1.521057	0.095370	0.095555	-0.005314
1.520488	0.095359	0.095532	-0.004963
1.519919	0.095274	0.095686	-0.011789
1.519351	0.095047	0.095306	-0.007405
1.518784	0.094832	0.094778	0.001554
1.518217	0.094353	0.094399	-0.001317
1.517651	0.094076	0.094124	-0.001371
1.517085	0.094009	0.094037	-0.000796
1.516520	0.094092	0.093975	0.003360
1.515955	0.094079	0.094014	0.001868
1.515391	0.093879	0.094070	-0.005482
1.514827	0.093753	0.093545	0.005981
1.514264	0.093524	0.093470	0.001543
1.513702	0.093412	0.093556	-0.004101
1.513139	0.093407	0.093715	-0.008811
1.512578	0.093435	0.093528	-0.002651
1.512017	0.093347	0.093372	-0.000720
1.511456	0.092925	0.092928	-0.000058
1.510896	0.092765	0.092619	0.004187
1.510337	0.092789	0.092915	-0.003605
1.509778	0.092626	0.092677	-0.001443
1.509219	0.092516	0.092471	0.001287
1.508661	0.092552	0.092366	0.005332
1.508104	0.092399	0.092588	-0.005407
1.507547	0.092589	0.092405	0.005279
1.506990	0.092505	0.092591	-0.002449
1.506435	0.091928	0.092180	-0.007241
1.505879	0.091769	0.092140	-0.010641
1.505324	0.091767	0.091721	0.001302
1.504770	0.091982	0.091833	0.004265
1.504216	0.091810	0.092057	-0.007068
1.503663	0.091908	0.091844	0.001833
1.503110	0.091720	0.091614	0.003032
1.502558	0.091339	0.091175	0.004689
1.502006	0.091365	0.091411	-0.001322
1.501454	0.091191	0.091004	0.005354
1.500904	0.091014	0.091105	-0.002606
1.500353	0.090857	0.090971	-0.003269
1.499803	0.091057	0.091126	-0.002004
1.499254	0.091216	0.091087	0.003691
1.498705	0.090894	0.091055	-0.004621
1.498157	0.090889	0.090935	-0.001327
1.497609	0.090966	0.090795	0.004897
1.497062	0.090461	0.090792	-0.009481
1.496515	0.090378	0.090025	0.010117
1.495969	0.089999	0.090247	-0.007097
1.495423	0.090094	0.090350	-0.007348
1.494878	0.090107	0.090115	-0.000242
1.494333	0.089982	0.089754	0.006508
1.493789	0.089389	0.090047	-0.018854
1.493245	0.089493	0.089417	0.002177
1.492702	0.088751	0.089074	-0.009245
1.492159	0.088786	0.088658	0.003683
1.491617	0.088608	0.088355	0.007245
1.491075	0.088250	0.088402	-0.004366
1.490533	0.088211	0.088241	-0.000871
1.489993	0.088371	0.088718	-0.009941
1.489452	0.088150	0.088203	-0.001500
1.488912	0.088046	0.088076	-0.000836
1.488373	0.088436	0.088151	0.008164
1.487834	0.088093	0.088386	-0.008375
1.487296	0.088223	0.088251	-0.000805
1.486758	0.088232	0.088295	-0.001817
1.486221	0.087799	0.087875	-0.002164
1.485684	0.087721	0.087758	-0.001079
1.485147	0.087713	0.087945	-0.006656
1.484611	0.088074	0.087570	0.014437
1.484076	0.087749	0.087729	0.000562
1.483541	0.087441	0.087422	0.000519
1.483007	0.087257	0.087173	0.002421
1.482473	0.086854	0.086981	-0.003629
1.481939	0.086626	0.086735	-0.003129
1.481406	0.086484	0.086337	0.004203
1.480874	0.086374	0.086576	-0.005801
1.480341	0.086744	0.086313	0.012365
1.479810	0.086062	0.086196	-0.003826
1.479279	0.086163	0.086488	-0.009308
1.478748	0.085990	0.086122	-0.003771
1.478218	0.085578	0.085735	-0.004479
1.477688	0.085490	0.085443	0.001367
1.477159	0.085423	0.085336	0.002518
1.476631	0.085620	0.085562	0.001644
1.476102	0.084817	0.085242	-0.012182
1.475575	0.084678	0.084890	-0.006054
1.475047	0.084682	0.084767	-0.002426
1.474521	0.083989	0.084683	-0.019884
1.473994	0.084187	0.084401	-0.006141
1.473469	0.084652	0.084253	0.011431
1.472943	0.083959	0.084351	-0.011222
1.472418	0.083856	0.084178	-0.009215
1.471894	0.083611	0.083889	-0.007944
1.471370	0.083880	0.084159	-0.007975
1.470846	0.083755	0.084138	-0.010979
1.470323	0.083989	0.083807	0.005221
1.469801	0.083422	0.083724	-0.008672
1.469279	0.083288	0.083459	-0.004891
1.468757	0.083163	0.083435	-0.007788
1.468236	0.083233	0.083202	0.000886
1.467716	0.082885	0.082954	-0.001978
1.467195	0.083553	0.083057	0.014212
1.466676	0.082672	0.082716	-0.001270
1.466156	0.082743	0.082543	0.005729
1.465638	0.082135	0.082345	-0.006015
1.465119	0.082236	0.081880	0.010221
1.464601	0.081374	0.081808	-0.012428
1.464084	0.081522	0.081232	0.008323
1.463567	0.081030	0.081385	-0.010176
1.463051	0.081282	0.081459	-0.005081
1.462535	0.081199	0.081241	-0.001208
1.462019	0.080970	0.080742	0.006533
1.461504	0.080770	0.080730	0.001132
1.460989	0.080412	0.080238	0.004984
1.460475	0.080493	0.080490	0.000082
1.459962	0.080088	0.080047	0.001190
1.459448	0.080257	0.079842	0.011906
1.458936	0.079967	0.080205	-0.006826
1.458423	0.079747	0.079596	0.004346
1.457911	0.079350	0.079145	0.005871
1.457400	0.078958	0.079231	-0.007832
1.456889	0.079087	0.078875	0.006067
1.456379	0.079050	0.079031	0.000545
1.455869	0.079007	0.079206	-0.005712
1.455359	0.078622	0.078891	-0.007696
1.454850	0.078870	0.078538	0.009512
1.454341	0.078701	0.078491	0.006022
1.453833	0.078522	0.078323	0.005690
1.453325	0.078308	0.078252	0.001594
1.452818	0.078209	0.078428	-0.006270
1.452311	0.078083	0.077741	0.009788
1.451805	0.077151	0.077564	-0.011839
1.451299	0.077099	0.077538	-0.012573
1.450793	0.077075	0.076486	0.016891
1.450288	0.076391	0.076487	-0.002743
1.449783	0.076057	0.076094	-0.001068
1.449279	0.076096	0.076014	0.002351
1.448775	0.075813	0.076151	-0.009686
1.448272	0.075711	0.076281	-0.016327
1.447769	0.075866	0.075534	0.009519
1.447267	0.075524	0.075784	-0.007453
1.446765	0.075754	0.075476	0.007987
1.446263	0.075701	0.075852	-0.004324
1.445762	0.075548	0.075411	0.003907
1.445262	0.075553	0.075134	0.011993
1.444762	0.075312	0.075410	-0.002797
1.444262	0.075354	0.075312	0.001197
1.443763	0.074945	0.074924	0.000613
1.443264	0.074465	0.074632	-0.004779
1.442765	0.073983	0.074252	-0.007695
1.442267	0.073827	0.073895	-0.001958
1.441770	0.073977	0.073686	0.008344
1.441273	0.073666	0.073423	0.006987
1.440776	0.073581	0.073698	-0.003362
1.440280	0.073302	0.073075	0.006494
1.439784	0.072919	0.072842	0.002205
1.439289	0.073246	0.073503	-0.007347
1.438794	0.072790	0.072730	0.001700
1.438299	0.072252	0.072736	-0.013841
1.437805	0.072392	0.072590	-0.005679
1.437312	0.071955	0.072224	-0.007700
1.436819	0.071550	0.072146	-0.017075
1.436326	0.071880	0.071435	0.012746
1.435834	0.071959	0.071397	0.016106
1.435342	0.071840	0.071819	0.000608
1.434850	0.071792	0.071309	0.013835
1.434359	0.071707	0.072025	-0.009104
1.433869	0.071951	0.071761	0.005442
1.433379	0.072026	0.071426	0.017184
1.432889	0.071077	0.071672	-0.017050
1.432400	0.071221	0.070769	0.012958
1.431911	0.070528	0.070685	-0.004516
1.431422	0.070376	0.070492	-0.003309
1.430934	0.070325	0.070081	0.006992
1.430447	0.070319	0.070028	0.008348
1.429960	0.070156	0.070073	0.002380
1.429473	0.069479	0.069771	-0.008365
1.428987	0.069573	0.068982	0.016930
1.428501	0.068693	0.068946	-0.007243
1.428015	0.068111	0.069095	-0.028190
1.427530	0.068155	0.068609	-0.013013
1.427046	0.068632	0.068019	0.017562
1.426561	0.068510	0.068442	0.001956
1.426078	0.068464	0.067711	0.021559
1.425594	0.066980	0.067753	-0.022151
1.425111	0.066925	0.067206	-0.008048
1.424629	0.067319	0.066887	0.012375
1.424147	0.067028	0.066534	0.014164
1.423665	0.066135	0.066546	-0.011759
1.423184	0.066158	0.066478	-0.009171
1.422703	0.066222	0.066591	-0.010584
1.422223	0.066632	0.066530	0.002941
1.421743	0.066336	0.066391	-0.001579
1.421263	0.066264	0.066018	0.007040
1.420784	0.065687	0.065754	-0.001931
1.420306	0.065158	0.065285	-0.003638
1.419827	0.065305	0.065565	-0.007442
1.419349	0.064707	0.064412	0.008434
1.418872	0.064288	0.064343	-0.001597
1.418395	0.064345	0.064295	0.001432
1.417918	0.063787	0.064200	-0.011817
1.417442	0.063169	0.063438	-0.007700
1.416966	0.063628	0.062732	0.025662
1.416491	0.063168	0.063469	-0.008601
1.416016	0.063498	0.063522	-0.000667
1.415541	0.062943	0.062946	-0.000092
1.415067	0.062697	0.063104	-0.011655
1.414593	0.062956	0.062690	0.007630
1.414120	0.062070	0.062303	-0.006671
1.413647	0.061794	0.061792	0.000062
1.413174	0.062155	0.061467	0.019692
1.412702	0.061854	0.062083	-0.006562
1.412231	0.061765	0.062140	-0.010739
1.411759	0.061817	0.061239	0.016573
1.411288	0.061221	0.061545	-0.009285
1.410818	0.061145	0.061657	-0.014665
1.410348	0.061447	0.061449	-0.000052
1.409878	0.060721	0.060685	0.001016
1.409409	0.059767	0.060330	-0.016123
1.408940	0.060414	0.060698	-0.008135
1.408472	0.059873	0.060493	-0.017739
1.408004	0.060203	0.059609	0.017029
1.407536	0.060091	0.059816	0.007865
1.407069	0.060026	0.060204	-0.005079
1.406602	0.059210	0.059384	-0.004992
1.406135	0.059228	0.059464	-0.006769
1.405669	0.059311	0.059153	0.004504
1.405204	0.059208	0.058337	0.024950
1.404738	0.058774	0.058850	-0.002198
1.404274	0.057909	0.058771	-0.024702
1.403809	0.058463	0.058811	-0.009959
1.403345	0.057900	0.058296	-0.011335
1.402882	0.058128	0.057894	0.006697
1.402418	0.057252	0.057661	-0.011719
1.401955	0.057376	0.057408	-0.000913
1.401493	0.056896	0.057041	-0.004182
1.401031	0.057268	0.057149	0.003414
1.400569	0.056726	0.057342	-0.017642
1.400108	0.056552	0.056539	0.000381
1.399647	0.057080	0.056889	0.005462
1.399187	0.057042	0.056602	0.012585
1.398727	0.056424	0.057103	-0.019446
1.398267	0.056534	0.056127	0.011663
1.397808	0.056328	0.056135	0.005535
1.397349	0.056113	0.055833	0.008010
1.396890	0.055758	0.055248	0.014586
1.396432	0.055010	0.055646	-0.018218
1.395974	0.055411	0.054860	0.015773
1.395517	0.055394	0.055194	0.005745
1.395060	0.054974	0.055093	-0.003408
1.394604	0.055172	0.054862	0.008865
1.394147	0.055340	0.054616	0.020745
1.393692	0.055016	0.055092	-0.002163
1.393236	0.054196	0.054357	-0.004615
1.392781	0.053807	0.054335	-0.015127
1.392327	0.053224	0.053386	-0.004635
1.391873	0.053011	0.052885	0.003589
1.391419	0.052927	0.052891	0.001033
1.390965	0.053108	0.052685	0.012140
1.390512	0.052778	0.052695	0.002361
