6.542578	-0.065009	-0.065009	0.000000
6.529189	0.037685	0.037685	0.000000
6.515856	-1.235881	-1.397188	4.621087
6.502578	-1.210619	-1.239330	0.822491
6.489355	-1.183436	-1.356925	4.970104
6.476188	-1.056467	-1.042921	-0.388079
6.463075	-1.106430	-1.092560	-0.397343
6.450016	-1.023296	-1.154585	3.761144
6.437011	-1.124887	-1.082108	-1.225534
6.424060	-1.033885	-1.148252	3.276371
6.411162	-1.029177	-1.128495	2.845246
6.398317	-1.045561	-1.241679	5.618348
6.385525	-0.970734	-1.132236	4.626713
6.372785	-1.135597	-1.265706	3.727363
6.360096	-0.906671	-1.412059	14.478296
6.347460	-1.038880	-1.194027	4.444632
6.334875	-1.296396	-1.290133	-0.179436
6.322341	-1.118673	-1.070185	-1.389085
6.309857	-1.160292	-1.177699	0.498686
6.297424	-1.089501	-1.252849	4.679571
6.285042	-0.995832	-1.053325	1.647053
6.272709	-1.076507	-1.151938	2.160954
6.260425	-0.968396	-1.083111	3.286334
6.248191	-1.151585	-1.038392	-3.242740
6.236005	-0.565747	-0.570678	0.141259
6.223868	-0.263518	-0.286619	0.661796
6.211780	-0.270508	-0.273467	0.084768
6.199740	-0.261561	-0.271188	0.275802
6.187747	-0.256450	-0.251414	-0.144282
6.175802	-0.250814	-0.265364	0.416825
6.163904	-0.252307	-0.274286	0.629653
6.152053	-0.246255	-0.263118	0.483095
6.140248	-0.247883	-0.264221	0.468050
6.128490	-0.252423	-0.263048	0.304383
6.116778	-0.252998	-0.264928	0.341772
6.105112	-0.258472	-0.259458	0.028226
6.093492	-0.249988	-0.266513	0.473418
6.081916	-0.244992	-0.253851	0.253790
6.070386	-0.251697	-0.259050	0.210650
6.058901	-0.256909	-0.256692	-0.006232
6.047460	-0.248773	-0.251480	0.077553
6.036063	-0.252809	-0.262198	0.268991
6.024710	-0.237078	-0.264951	0.798498
6.013401	-0.258737	-0.263398	0.133525
6.002135	-0.248287	-0.258434	0.290703
5.990913	-0.250082	-0.252658	0.073791
5.979734	-0.260361	-0.256673	-0.105644
5.968597	-0.253106	-0.252274	-0.023858
5.957503	-0.259160	-0.263312	0.118972
5.946451	-0.252727	-0.250984	-0.049916
5.935442	-0.254273	-0.256002	0.049524
5.924474	-0.240777	-0.275179	0.985544
5.913547	-0.249867	-0.267322	0.500069
5.902662	-0.256671	-0.260762	0.117181
5.891818	-0.252819	-0.249619	-0.091667
5.881015	-0.237177	-0.252594	0.441659
5.870252	-0.246488	-0.268036	0.617308
5.859530	-0.240677	-0.257337	0.477282
5.848848	-0.242798	-0.252675	0.282949
5.838205	-0.235366	-0.241130	0.165140
5.827603	-0.244843	-0.250869	0.172627
5.817040	-0.252493	-0.251417	-0.030843
5.806516	-0.241264	-0.247250	0.171480
5.796031	-0.245502	-0.263497	0.515535
5.785586	-0.252820	-0.252932	0.003213
5.775178	-0.239369	-0.241446	0.059477
5.764810	-0.246628	-0.247410	0.022408
5.754479	-0.249799	-0.246548	-0.093148
5.744186	-0.248237	-0.254948	0.192270
5.733931	-0.254844	-0.257991	0.090157
5.723714	-0.237898	-0.249067	0.319978
5.713534	-0.248541	-0.254191	0.161859
5.703391	-0.233845	-0.260015	0.749726
5.693285	-0.257095	-0.252850	-0.121612
5.683216	-0.250875	-0.253220	0.067155
5.673184	-0.234886	-0.246852	0.342798
5.663188	-0.243534	-0.241369	-0.062040
5.653228	-0.238028	-0.251743	0.392912
5.643304	-0.239478	-0.237315	-0.061962
5.633415	-0.232334	-0.235704	0.096540
5.623562	-0.235151	-0.235997	0.024225
5.613745	-0.227053	-0.224922	-0.061053
5.603963	-0.232651	-0.247329	0.420487
5.594216	-0.216618	-0.232899	0.466437
5.584504	-0.215943	-0.227818	0.340181
5.574826	-0.218078	-0.217429	-0.018589
5.565183	-0.209770	-0.218865	0.260557
5.555574	-0.209273	-0.212879	0.103303
5.545999	-0.196291	-0.212150	0.454305
5.536458	-0.203617	-0.210946	0.209951
5.526950	-0.192913	-0.200901	0.228835
5.517477	-0.194090	-0.194755	0.019028
5.508036	-0.195796	-0.189733	-0.173711
5.498629	-0.184740	-0.193468	0.250036
5.489255	-0.177579	-0.189108	0.330290
5.479914	-0.184714	-0.180310	-0.126167
5.470605	-0.180355	-0.181297	0.026995
5.461329	-0.182148	-0.174735	-0.212371
5.452085	-0.172162	-0.168120	-0.115775
5.442874	-0.162848	-0.176116	0.380086
5.433694	-0.164346	-0.167038	0.077116
5.424546	-0.162380	-0.158275	-0.117608
5.415430	-0.152302	-0.159828	0.215624
5.406345	-0.152810	-0.160638	0.224267
5.397292	-0.153633	-0.157744	0.117777
5.388270	-0.147243	-0.154127	0.197226
5.379279	-0.149160	-0.147867	-0.037068
5.370319	-0.142242	-0.149455	0.206638
5.361389	-0.140572	-0.138790	-0.051061
5.352490	-0.137399	-0.137324	-0.002146
5.343621	-0.128795	-0.136065	0.208265
5.334783	-0.132628	-0.133488	0.024616
5.325975	-0.128463	-0.135330	0.196734
5.317196	-0.126592	-0.123529	-0.087746
5.308448	-0.121534	-0.127729	0.177469
5.299729	-0.122225	-0.121067	-0.033183
5.291039	-0.114286	-0.121547	0.208016
5.282379	-0.113274	-0.119784	0.186492
5.273748	-0.107646	-0.114150	0.186326
5.265146	-0.111226	-0.109333	-0.054231
5.256573	-0.104268	-0.106213	0.055738
5.248029	-0.101165	-0.106425	0.150673
5.239513	-0.101480	-0.100775	-0.020187
5.231026	-0.101304	-0.100260	-0.029905
5.222567	-0.096094	-0.096919	0.023632
5.214136	-0.092562	-0.091200	-0.039036
5.205733	-0.088609	-0.089901	0.037015
5.197358	-0.086957	-0.088984	0.058055
5.189011	-0.086204	-0.088146	0.055628
5.180691	-0.080670	-0.082652	0.056781
5.172399	-0.078380	-0.082060	0.105416
5.164135	-0.075948	-0.077770	0.052185
5.155897	-0.074927	-0.074668	-0.007435
5.147687	-0.076074	-0.076008	-0.001912
5.139503	-0.070586	-0.072508	0.055057
5.131346	-0.071656	-0.071826	0.004879
5.123216	-0.069298	-0.067724	-0.045108
5.115113	-0.066924	-0.065214	-0.048985
5.107036	-0.065009	-0.064359	-0.018605
5.098985	-0.060473	-0.062584	0.060486
5.090960	-0.061749	-0.060766	-0.028171
5.082962	-0.060714	-0.058315	-0.068724
5.074989	-0.058695	-0.057331	-0.039091
5.067042	-0.057148	-0.057975	0.023672
5.059121	-0.053314	-0.054430	0.031962
5.051225	-0.052305	-0.053396	0.031267
5.043355	-0.052563	-0.051583	-0.028075
5.035510	-0.053261	-0.048276	-0.142797
5.027690	-0.048796	-0.047029	-0.050641
5.019895	-0.049981	-0.047380	-0.074513
5.012126	-0.047079	-0.046129	-0.027229
5.004381	-0.046645	-0.045727	-0.026321
4.996660	-0.045323	-0.044895	-0.012256
4.988964	-0.042858	-0.043738	0.025225
4.981293	-0.041599	-0.043723	0.060841
4.973646	-0.041773	-0.041568	-0.005870
4.966023	-0.042359	-0.038458	-0.111745
4.958425	-0.040769	-0.038867	-0.054489
4.950850	-0.038172	-0.037030	-0.032717
4.943299	-0.036973	-0.035865	-0.031746
4.935772	-0.037819	-0.035846	-0.056526
4.928269	-0.036343	-0.034650	-0.048510
4.920789	-0.035194	-0.034075	-0.032051
4.913333	-0.035201	-0.035271	0.001985
4.905900	-0.034274	-0.032577	-0.048624
4.898490	-0.030833	-0.031296	0.013268
4.891103	-0.032005	-0.030737	-0.036329
4.883739	-0.030311	-0.029878	-0.012423
4.876399	-0.030430	-0.029385	-0.029915
4.869081	-0.028973	-0.027770	-0.034478
4.861785	-0.029882	-0.026658	-0.092344
4.854512	-0.028689	-0.026811	-0.053783
4.847262	-0.028638	-0.025989	-0.075883
4.840034	-0.027279	-0.026087	-0.034148
4.832829	-0.027425	-0.024748	-0.076701
4.825645	-0.026730	-0.024940	-0.051294
4.818484	-0.026220	-0.025983	-0.006798
4.811344	-0.025905	-0.024911	-0.028462
4.804227	-0.026108	-0.023823	-0.065466
4.797131	-0.026539	-0.024024	-0.072066
4.790057	-0.025015	-0.023649	-0.039134
4.783004	-0.024981	-0.023303	-0.048066
4.775973	-0.024489	-0.022758	-0.049580
4.768963	-0.023740	-0.023159	-0.016632
4.761974	-0.023852	-0.021196	-0.076089
4.755007	-0.023350	-0.022116	-0.035341
4.748061	-0.023746	-0.020903	-0.081420
4.741136	-0.024150	-0.021094	-0.087546
4.734231	-0.022953	-0.021741	-0.034734
4.727348	-0.022855	-0.019233	-0.103761
4.720485	-0.021718	-0.020611	-0.031719
4.713642	-0.021882	-0.019808	-0.059435
4.706821	-0.020276	-0.019148	-0.032308
4.700019	-0.020964	-0.019022	-0.055634
4.693238	-0.020847	-0.018675	-0.062228
4.686478	-0.020314	-0.018124	-0.062740
4.679737	-0.019649	-0.018045	-0.045945
4.673016	-0.019336	-0.017350	-0.056900
4.666316	-0.019810	-0.016582	-0.092461
4.659635	-0.019609	-0.016600	-0.086192
4.652974	-0.019170	-0.016383	-0.079847
4.646333	-0.018862	-0.016631	-0.063913
4.639711	-0.018853	-0.015772	-0.088266
4.633109	-0.018159	-0.015689	-0.070765
4.626527	-0.018867	-0.015393	-0.099515
4.619963	-0.017898	-0.015447	-0.070209
4.613420	-0.017443	-0.014280	-0.090607
4.606895	-0.017909	-0.014217	-0.105750
4.600389	-0.017442	-0.014255	-0.091296
4.593902	-0.017514	-0.014131	-0.096917
4.587435	-0.017671	-0.014431	-0.092809
4.580986	-0.016447	-0.013614	-0.081150
4.574556	-0.016084	-0.013970	-0.060571
4.568145	-0.016555	-0.012667	-0.111375
4.561752	-0.016196	-0.012818	-0.096764
4.555378	-0.015549	-0.012858	-0.077108
4.549022	-0.015162	-0.012337	-0.080938
4.542685	-0.014811	-0.012176	-0.075502
4.536365	-0.014788	-0.011804	-0.085478
4.530065	-0.014151	-0.011193	-0.084740
4.523782	-0.014540	-0.011505	-0.086939
4.517517	-0.014209	-0.010891	-0.095063
4.511271	-0.014044	-0.010919	-0.089524
4.505042	-0.013925	-0.010930	-0.085798
4.498831	-0.013874	-0.010537	-0.095611
4.492638	-0.013569	-0.010126	-0.098634
4.486462	-0.013777	-0.010296	-0.099729
4.480304	-0.013797	-0.010460	-0.095581
4.474164	-0.013047	-0.010729	-0.066397
4.468041	-0.013777	-0.010689	-0.088463
4.461935	-0.014506	-0.011327	-0.091070
4.455847	-0.013746	-0.010683	-0.087741
4.449776	-0.014326	-0.010733	-0.102934
4.443722	-0.015163	-0.011056	-0.117655
4.437686	-0.013983	-0.011160	-0.080872
4.431666	-0.014280	-0.011401	-0.082477
4.425663	-0.014396	-0.011792	-0.074597
4.419677	-0.015058	-0.011003	-0.116174
4.413708	-0.014485	-0.011146	-0.095661
4.407755	-0.014760	-0.011677	-0.088298
4.401820	-0.014121	-0.010987	-0.089789
4.395901	-0.013990	-0.011128	-0.082014
4.389998	-0.013515	-0.010617	-0.083028
4.384112	-0.014138	-0.010836	-0.094595
4.378242	-0.013812	-0.010522	-0.094251
4.372389	-0.014303	-0.010913	-0.097117
4.366551	-0.014443	-0.011461	-0.085432
4.360730	-0.014200	-0.011228	-0.085141
4.354925	-0.014066	-0.011358	-0.077577
4.349136	-0.014561	-0.010217	-0.124449
4.343364	-0.014552	-0.011250	-0.094586
4.337607	-0.014817	-0.011205	-0.103497
4.331865	-0.014636	-0.011121	-0.100714
4.326140	-0.014541	-0.011261	-0.093969
4.320430	-0.014444	-0.010816	-0.103951
4.314736	-0.013924	-0.010599	-0.095270
4.309058	-0.014165	-0.009952	-0.120685
4.303395	-0.014084	-0.009441	-0.133013
4.297748	-0.012952	-0.009579	-0.096619
4.292116	-0.012625	-0.008571	-0.116137
4.286499	-0.011943	-0.008501	-0.098596
4.280898	-0.012045	-0.008984	-0.087696
4.275312	-0.012274	-0.008426	-0.110246
4.269741	-0.011087	-0.007874	-0.092030
4.264185	-0.011418	-0.007447	-0.113751
4.258644	-0.011250	-0.007531	-0.106556
4.253118	-0.010744	-0.007385	-0.096234
4.247607	-0.011081	-0.007232	-0.110271
4.242111	-0.011208	-0.006756	-0.127541
4.236629	-0.011160	-0.006967	-0.120130
4.231163	-0.010964	-0.006896	-0.116539
4.225711	-0.010721	-0.007165	-0.101877
4.220274	-0.010866	-0.006564	-0.123229
4.214851	-0.010678	-0.006397	-0.122653
4.209442	-0.010968	-0.006720	-0.121676
4.204049	-0.011102	-0.006710	-0.125830
4.198669	-0.010921	-0.006941	-0.114010
4.193304	-0.010991	-0.006886	-0.117601
4.187953	-0.010845	-0.006467	-0.125404
4.182616	-0.011116	-0.006742	-0.125312
4.177294	-0.011367	-0.006819	-0.130292
4.171985	-0.011137	-0.007210	-0.112496
4.166691	-0.011304	-0.006500	-0.137623
4.161411	-0.011213	-0.006529	-0.134182
4.156144	-0.011366	-0.006720	-0.133097
4.150892	-0.010920	-0.006793	-0.118220
4.145653	-0.011315	-0.006786	-0.129743
4.140428	-0.011700	-0.006883	-0.138011
4.135217	-0.011304	-0.007004	-0.123187
4.130019	-0.011729	-0.006637	-0.145883
4.124835	-0.011458	-0.006886	-0.130968
4.119665	-0.011357	-0.006797	-0.130623
4.114508	-0.011747	-0.006924	-0.138176
4.109364	-0.011914	-0.007113	-0.137530
4.104234	-0.011464	-0.007474	-0.114297
4.099117	-0.012348	-0.006999	-0.153238
4.094014	-0.012407	-0.007996	-0.126362
4.088924	-0.012542	-0.007990	-0.130404
4.083846	-0.012352	-0.007761	-0.131525
4.078783	-0.012661	-0.007716	-0.141676
4.073732	-0.012864	-0.008038	-0.138255
4.068694	-0.012749	-0.008328	-0.126658
4.063669	-0.012652	-0.007724	-0.141165
4.058657	-0.012802	-0.007554	-0.150336
4.053658	-0.012579	-0.007475	-0.146220
4.048672	-0.012525	-0.008056	-0.128009
4.043699	-0.012309	-0.007689	-0.132355
4.038738	-0.012488	-0.007244	-0.150231
4.033790	-0.011923	-0.007126	-0.137415
4.028855	-0.011789	-0.006988	-0.137539
4.023933	-0.011522	-0.006838	-0.134200
4.019022	-0.011696	-0.007131	-0.130765
4.014125	-0.011900	-0.006981	-0.140931
4.009240	-0.011975	-0.006982	-0.143044
4.004367	-0.011558	-0.007088	-0.128058
3.999506	-0.011918	-0.006940	-0.142631
3.994658	-0.012336	-0.007127	-0.149235
3.989823	-0.012137	-0.006958	-0.148358
3.984999	-0.012364	-0.007739	-0.132497
3.980187	-0.012544	-0.007713	-0.138400
3.975388	-0.012453	-0.007664	-0.137183
3.970601	-0.013142	-0.007703	-0.155827
3.965826	-0.012310	-0.008038	-0.122389
3.961063	-0.012001	-0.007545	-0.127660
3.956311	-0.012457	-0.007667	-0.137201
3.951572	-0.012547	-0.006880	-0.162360
3.946844	-0.012244	-0.007379	-0.139364
3.942129	-0.012187	-0.007070	-0.146593
3.937425	-0.012341	-0.007060	-0.151278
3.932733	-0.012066	-0.006982	-0.145651
3.928052	-0.012457	-0.007030	-0.155467
3.923383	-0.012099	-0.006429	-0.162439
3.918726	-0.012221	-0.006758	-0.156520
3.914080	-0.012117	-0.007268	-0.138914
3.909446	-0.012042	-0.007290	-0.136118
3.904823	-0.012384	-0.007576	-0.137717
3.900212	-0.012514	-0.007617	-0.140287
3.895612	-0.012131	-0.007640	-0.128667
3.891023	-0.012223	-0.006984	-0.150099
3.886446	-0.012654	-0.007503	-0.147570
3.881880	-0.012770	-0.007641	-0.146926
3.877325	-0.012565	-0.007610	-0.141928
3.872781	-0.012745	-0.007673	-0.145281
3.868249	-0.013362	-0.007849	-0.157918
3.863727	-0.013056	-0.007833	-0.149623
3.859217	-0.013126	-0.007978	-0.147481
3.854718	-0.013027	-0.008433	-0.131596
3.850229	-0.013103	-0.008047	-0.144846
3.845752	-0.013268	-0.008448	-0.138102
3.841285	-0.013065	-0.008382	-0.134174
3.836829	-0.012861	-0.008201	-0.133503
3.832384	-0.013464	-0.008024	-0.155854
3.827950	-0.012998	-0.008078	-0.140941
3.823527	-0.013519	-0.008571	-0.141737
3.819114	-0.013289	-0.008463	-0.138270
3.814712	-0.013585	-0.008626	-0.142051
3.810321	-0.013206	-0.008638	-0.130864
3.805940	-0.013477	-0.008673	-0.137621
3.801570	-0.014206	-0.008854	-0.153305
3.797210	-0.013688	-0.008606	-0.145597
3.792860	-0.014220	-0.008817	-0.154780
3.788522	-0.013861	-0.008845	-0.143697
3.784193	-0.013884	-0.009254	-0.132615
3.779875	-0.014042	-0.009009	-0.144204
3.775567	-0.014087	-0.009062	-0.143959
3.771269	-0.013947	-0.009424	-0.129587
3.766982	-0.014008	-0.009487	-0.129514
3.762705	-0.013864	-0.009234	-0.132638
3.758438	-0.013994	-0.009177	-0.137981
3.754181	-0.013904	-0.009264	-0.132916
3.749935	-0.014143	-0.009069	-0.145370
3.745698	-0.014068	-0.009493	-0.131067
3.741472	-0.014006	-0.009566	-0.127180
3.737255	-0.014327	-0.009628	-0.134620
3.733048	-0.014625	-0.009822	-0.137612
3.728852	-0.014557	-0.009964	-0.131559
3.724665	-0.014503	-0.009873	-0.132647
3.720488	-0.014692	-0.010036	-0.133392
3.716321	-0.014659	-0.010295	-0.125040
3.712163	-0.014511	-0.010333	-0.119691
3.708016	-0.014771	-0.010468	-0.123282
3.703878	-0.015136	-0.010545	-0.131508
3.699750	-0.015591	-0.010620	-0.142420
3.695631	-0.015489	-0.011119	-0.125194
3.691522	-0.015531	-0.011087	-0.127310
3.687423	-0.015728	-0.010703	-0.143956
3.683333	-0.015419	-0.010885	-0.129884
3.679253	-0.015659	-0.010746	-0.140760
3.675182	-0.015657	-0.010952	-0.134787
3.671120	-0.015076	-0.010995	-0.116908
3.667069	-0.015194	-0.011095	-0.117428
3.663026	-0.015430	-0.010702	-0.135447
3.658993	-0.014896	-0.010725	-0.119497
3.654969	-0.015370	-0.010772	-0.131700
3.650954	-0.015296	-0.010857	-0.127166
3.646949	-0.015640	-0.011349	-0.122929
3.642953	-0.016404	-0.011603	-0.137537
3.638966	-0.016723	-0.012538	-0.119881
3.634988	-0.017449	-0.013190	-0.122027
3.631020	-0.018123	-0.013540	-0.131318
3.627060	-0.018087	-0.013645	-0.127253
3.623110	-0.017985	-0.013758	-0.121093
3.619168	-0.017769	-0.013430	-0.124279
3.615236	-0.017716	-0.012900	-0.137968
3.611312	-0.017217	-0.012792	-0.126773
3.607398	-0.017041	-0.012078	-0.142160
3.603492	-0.016579	-0.012229	-0.124607
3.599596	-0.016338	-0.012095	-0.121564
3.595708	-0.016740	-0.012185	-0.130516
3.591829	-0.016455	-0.012315	-0.118586
3.587959	-0.017110	-0.012516	-0.131608
3.584097	-0.017207	-0.012824	-0.125573
3.580244	-0.017701	-0.013336	-0.125071
3.576400	-0.017282	-0.013092	-0.120021
3.572565	-0.017365	-0.012993	-0.125238
3.568738	-0.017313	-0.013131	-0.119820
3.564920	-0.017515	-0.013387	-0.118236
3.561111	-0.017572	-0.013063	-0.129187
3.557310	-0.017566	-0.013211	-0.124773
3.553517	-0.017589	-0.013311	-0.122536
3.549734	-0.017602	-0.013368	-0.121289
3.545958	-0.017864	-0.013383	-0.128369
3.542191	-0.017702	-0.013560	-0.118659
3.538433	-0.018203	-0.013662	-0.130093
3.534683	-0.018016	-0.013749	-0.122232
3.530941	-0.018396	-0.013953	-0.127275
3.527207	-0.018539	-0.014171	-0.125123
3.523482	-0.018829	-0.014278	-0.130373
3.519765	-0.018782	-0.014522	-0.122043
3.516057	-0.018844	-0.014620	-0.121017
3.512356	-0.018973	-0.014684	-0.122874
3.508664	-0.019163	-0.014928	-0.121328
3.504980	-0.019225	-0.015112	-0.117839
3.501304	-0.019102	-0.014809	-0.122983
3.497636	-0.019327	-0.015215	-0.117785
3.493977	-0.019495	-0.015379	-0.117932
3.490325	-0.019637	-0.015581	-0.116200
3.486682	-0.019713	-0.015724	-0.114254
3.483046	-0.019680	-0.015706	-0.113831
3.479419	-0.019749	-0.015427	-0.123818
3.475799	-0.019732	-0.015709	-0.115235
3.472187	-0.019748	-0.015771	-0.113939
3.468583	-0.019755	-0.015479	-0.122499
3.464988	-0.019755	-0.015430	-0.123896
3.461400	-0.019450	-0.015860	-0.102852
3.457819	-0.019297	-0.015367	-0.112573
3.454247	-0.019710	-0.015540	-0.119469
3.450682	-0.019905	-0.015563	-0.124393
3.447125	-0.019469	-0.015544	-0.112449
3.443576	-0.019881	-0.015698	-0.119807
3.440035	-0.019716	-0.015960	-0.107590
3.436501	-0.020341	-0.016203	-0.118535
3.432975	-0.020288	-0.016386	-0.111789
3.429457	-0.020587	-0.016871	-0.106442
3.425946	-0.020812	-0.016615	-0.120250
3.422442	-0.020989	-0.016850	-0.118585
3.418947	-0.020990	-0.017198	-0.108636
3.415459	-0.021238	-0.017282	-0.113340
3.411978	-0.021242	-0.017364	-0.111096
3.408505	-0.021398	-0.017577	-0.109467
3.405039	-0.021194	-0.017170	-0.115271
3.401581	-0.021155	-0.017331	-0.109549
3.398130	-0.020913	-0.017231	-0.105499
3.394686	-0.021014	-0.017415	-0.103128
3.391250	-0.021508	-0.017694	-0.109254
3.387821	-0.021040	-0.017661	-0.096790
3.384400	-0.021063	-0.017347	-0.106461
3.380986	-0.021078	-0.017536	-0.101474
3.377579	-0.021386	-0.017578	-0.109091
3.374179	-0.021161	-0.017660	-0.100306
3.370787	-0.021099	-0.017905	-0.091522
3.367401	-0.021649	-0.017752	-0.111641
3.364023	-0.021813	-0.018177	-0.104153
3.360652	-0.021849	-0.018279	-0.102271
3.357289	-0.022146	-0.018594	-0.101768
3.353932	-0.022257	-0.018480	-0.108196
3.350582	-0.022547	-0.018804	-0.107221
3.347240	-0.022464	-0.019134	-0.095388
3.343904	-0.022970	-0.019379	-0.102850
3.340576	-0.022969	-0.019650	-0.095081
3.337255	-0.023201	-0.019798	-0.097491
3.333940	-0.023105	-0.019755	-0.095970
3.330633	-0.023527	-0.020143	-0.096937
3.327332	-0.023351	-0.019982	-0.096522
3.324038	-0.023503	-0.020349	-0.090368
3.320752	-0.023861	-0.020171	-0.105706
3.317472	-0.023936	-0.020423	-0.100646
3.314199	-0.023599	-0.020541	-0.087609
3.310933	-0.023657	-0.020202	-0.098985
3.307673	-0.023968	-0.020368	-0.103141
3.304421	-0.023621	-0.020329	-0.094313
3.301175	-0.023743	-0.020588	-0.090381
3.297936	-0.023735	-0.020903	-0.081142
3.294703	-0.023718	-0.020673	-0.087228
3.291478	-0.023866	-0.020668	-0.091635
3.288259	-0.023839	-0.020712	-0.089573
3.285046	-0.023727	-0.020793	-0.084053
3.281841	-0.023787	-0.020831	-0.084691
3.278642	-0.024064	-0.021034	-0.086800
3.275449	-0.024277	-0.021539	-0.078419
3.272263	-0.024645	-0.021689	-0.084673
3.269084	-0.024422	-0.021583	-0.081340
3.265911	-0.025146	-0.022418	-0.078149
3.262745	-0.025322	-0.022391	-0.083956
3.259585	-0.025172	-0.022410	-0.079136
3.256432	-0.025345	-0.022656	-0.077036
3.253285	-0.025613	-0.022729	-0.082618
3.250145	-0.025427	-0.022602	-0.080943
3.247011	-0.025385	-0.022741	-0.075742
3.243883	-0.025273	-0.022540	-0.078316
3.240762	-0.024724	-0.022392	-0.066804
3.237647	-0.024994	-0.022484	-0.071902
3.234539	-0.025254	-0.022720	-0.072609
3.231437	-0.025309	-0.022635	-0.076608
3.228341	-0.025291	-0.022644	-0.075837
3.225251	-0.025377	-0.022963	-0.069157
3.222168	-0.025491	-0.022896	-0.074323
3.219091	-0.025785	-0.023146	-0.075588
3.216020	-0.026054	-0.023237	-0.080703
3.212956	-0.025812	-0.023637	-0.062297
3.209897	-0.025904	-0.023533	-0.067903
3.206845	-0.025929	-0.023877	-0.058780
3.203799	-0.026261	-0.024040	-0.063647
3.200759	-0.026125	-0.023905	-0.063595
3.197725	-0.026324	-0.024423	-0.054479
3.194697	-0.026200	-0.024361	-0.052691
3.191676	-0.026532	-0.024448	-0.059683
3.188660	-0.026802	-0.024756	-0.058621
3.185651	-0.027354	-0.024682	-0.076538
3.182647	-0.027352	-0.025217	-0.061153
3.179650	-0.027611	-0.025566	-0.058585
3.176658	-0.027325	-0.025510	-0.051977
3.173673	-0.027407	-0.025477	-0.055305
3.170693	-0.027659	-0.025495	-0.062015
3.167720	-0.027710	-0.025719	-0.057046
3.164752	-0.027328	-0.025647	-0.048154
3.161790	-0.027358	-0.025448	-0.054707
3.158834	-0.027312	-0.025289	-0.057962
3.155884	-0.027333	-0.025619	-0.049114
3.152940	-0.027922	-0.026261	-0.047592
3.150001	-0.028031	-0.026325	-0.048889
3.147069	-0.028258	-0.026397	-0.053304
3.144142	-0.028504	-0.026438	-0.059171
3.141221	-0.028180	-0.026786	-0.039929
3.138306	-0.028361	-0.027008	-0.038761
3.135396	-0.028750	-0.026955	-0.051431
3.132493	-0.028956	-0.027286	-0.047842
3.129595	-0.028749	-0.026981	-0.050637
3.126702	-0.028893	-0.027162	-0.049588
3.123816	-0.029085	-0.027707	-0.039495
3.120935	-0.028573	-0.027567	-0.028820
3.118059	-0.028949	-0.027563	-0.039685
3.115190	-0.028662	-0.027268	-0.039936
3.112326	-0.028583	-0.027425	-0.033183
3.109467	-0.029401	-0.028038	-0.039021
3.106614	-0.029152	-0.028154	-0.028589
3.103767	-0.029545	-0.028139	-0.040277
3.100925	-0.029395	-0.028406	-0.028340
3.098089	-0.029532	-0.028429	-0.031586
3.095258	-0.029403	-0.028321	-0.030993
3.092433	-0.029379	-0.028413	-0.027660
3.089613	-0.029500	-0.028426	-0.030760
3.086799	-0.029830	-0.028788	-0.029871
3.083990	-0.029906	-0.028513	-0.039899
3.081187	-0.029733	-0.028638	-0.031379
3.078389	-0.030258	-0.029224	-0.029621
3.075596	-0.030284	-0.029539	-0.021322
3.072809	-0.030332	-0.029436	-0.025675
3.070027	-0.030582	-0.029563	-0.029192
3.067251	-0.030599	-0.029470	-0.032326
3.064480	-0.030583	-0.029683	-0.025804
3.061714	-0.030643	-0.029991	-0.018685
3.058954	-0.030732	-0.029774	-0.027440
3.056199	-0.031041	-0.030185	-0.024528
3.053449	-0.031660	-0.030730	-0.026662
3.050704	-0.031789	-0.031022	-0.021980
3.047965	-0.032036	-0.031094	-0.026975
3.045231	-0.032214	-0.031230	-0.028203
3.042502	-0.032146	-0.031044	-0.031586
3.039779	-0.032138	-0.031245	-0.025595
3.037060	-0.032204	-0.031064	-0.032652
3.034347	-0.032397	-0.031466	-0.026688
3.031639	-0.032203	-0.031584	-0.017727
3.028936	-0.032450	-0.032050	-0.011452
3.026238	-0.032657	-0.031919	-0.021127
3.023545	-0.032838	-0.032408	-0.012337
3.020858	-0.033403	-0.032511	-0.025546
3.018175	-0.033348	-0.032681	-0.019113
3.015498	-0.033427	-0.033096	-0.009484
3.012826	-0.033279	-0.032996	-0.008098
3.010158	-0.033411	-0.032911	-0.014339
3.007496	-0.033533	-0.032998	-0.015310
3.004839	-0.033724	-0.032974	-0.021464
3.002187	-0.033696	-0.033104	-0.016963
2.999540	-0.033662	-0.033248	-0.011876
2.996897	-0.033911	-0.033350	-0.016074
2.994260	-0.034025	-0.033569	-0.013051
2.991628	-0.034288	-0.033906	-0.010944
2.989000	-0.034234	-0.034140	-0.002702
2.986378	-0.034745	-0.034373	-0.010673
2.983760	-0.034713	-0.034318	-0.011295
2.981148	-0.034954	-0.034260	-0.019889
2.978540	-0.034745	-0.034306	-0.012576
2.975937	-0.034774	-0.034204	-0.016345
2.973339	-0.034879	-0.034674	-0.005873
2.970746	-0.035127	-0.034573	-0.015866
2.968158	-0.034797	-0.034679	-0.003360
2.965574	-0.034695	-0.034583	-0.003205
2.962995	-0.035087	-0.034719	-0.010527
2.960421	-0.034947	-0.034586	-0.010319
2.957852	-0.034589	-0.034725	0.003907
2.955288	-0.034966	-0.034609	-0.010223
2.952728	-0.034802	-0.034861	0.001692
2.950173	-0.034913	-0.034857	-0.001609
2.947623	-0.034430	-0.034323	-0.003055
2.945078	-0.034642	-0.034278	-0.010418
2.942537	-0.034781	-0.034726	-0.001599
2.940001	-0.034840	-0.034807	-0.000965
2.937469	-0.034814	-0.034917	0.002954
2.934943	-0.034997	-0.034978	-0.000544
2.932421	-0.035032	-0.035122	0.002567
2.929903	-0.035534	-0.035451	-0.002390
2.927390	-0.035167	-0.035378	0.006038
2.924882	-0.035615	-0.035297	-0.009089
2.922378	-0.035776	-0.035751	-0.000718
2.919879	-0.035915	-0.036113	0.005659
2.917385	-0.036008	-0.036103	0.002722
2.914895	-0.036363	-0.036263	-0.002855
2.912410	-0.036653	-0.036517	-0.003886
2.909929	-0.036830	-0.036998	0.004799
2.907453	-0.036666	-0.036940	0.007845
2.904981	-0.036591	-0.036974	0.010975
2.902513	-0.036788	-0.037049	0.007460
2.900051	-0.036816	-0.037061	0.007017
2.897592	-0.037174	-0.037365	0.005474
2.895138	-0.037630	-0.037709	0.002248
2.892689	-0.037405	-0.037732	0.009348
2.890244	-0.037418	-0.037687	0.007709
2.887803	-0.037064	-0.037207	0.004094
2.885367	-0.037263	-0.037508	0.007005
2.882936	-0.037363	-0.037366	0.000084
2.880508	-0.037697	-0.037949	0.007216
2.878085	-0.038381	-0.038687	0.008773
2.875667	-0.038742	-0.038919	0.005072
2.873252	-0.038915	-0.039482	0.016252
2.870842	-0.039299	-0.039584	0.008185
2.868437	-0.039448	-0.039577	0.003707
2.866036	-0.039293	-0.039797	0.014441
2.863639	-0.039160	-0.039564	0.011566
2.861246	-0.039405	-0.039592	0.005366
2.858858	-0.039385	-0.039514	0.003693
2.856474	-0.039430	-0.039902	0.013502
2.854094	-0.039570	-0.039989	0.012015
2.851718	-0.039756	-0.040123	0.010506
2.849347	-0.039635	-0.040034	0.011445
2.846980	-0.039521	-0.039787	0.007636
2.844617	-0.039586	-0.039943	0.010236
2.842258	-0.039468	-0.039917	0.012874
2.839904	-0.039438	-0.039742	0.008699
2.837553	-0.039730	-0.040014	0.008130
2.835207	-0.039327	-0.039690	0.010408
2.832865	-0.039547	-0.039801	0.007300
2.830528	-0.039165	-0.039673	0.014554
2.828194	-0.039249	-0.039792	0.015566
2.825864	-0.039219	-0.039640	0.012059
2.823539	-0.039332	-0.039777	0.012769
2.821218	-0.039302	-0.039781	0.013734
2.818901	-0.039568	-0.039900	0.009517
2.816587	-0.039322	-0.039909	0.016817
2.814278	-0.039102	-0.039683	0.016659
2.811973	-0.039271	-0.039908	0.018254
2.809673	-0.039248	-0.039913	0.019044
2.807376	-0.039188	-0.039751	0.016142
2.805083	-0.039169	-0.039649	0.013746
2.802794	-0.039238	-0.039745	0.014524
2.800509	-0.039337	-0.039951	0.017610
2.798228	-0.039083	-0.039606	0.014977
2.795952	-0.039278	-0.039811	0.015263
2.793679	-0.039367	-0.040154	0.022566
2.791410	-0.039698	-0.040198	0.014327
2.789145	-0.039821	-0.040398	0.016526
2.786884	-0.039419	-0.040055	0.018232
2.784627	-0.039660	-0.040313	0.018712
2.782374	-0.039527	-0.040173	0.018502
2.780125	-0.039519	-0.040101	0.016671
2.777880	-0.039732	-0.040367	0.018198
2.775638	-0.039482	-0.040267	0.022478
2.773401	-0.039494	-0.040188	0.019874
2.771167	-0.039211	-0.039911	0.020072
2.768938	-0.039153	-0.039842	0.019749
2.766712	-0.039139	-0.039916	0.022239
2.764490	-0.039006	-0.039803	0.022847
2.762272	-0.038881	-0.039718	0.023979
2.760058	-0.038937	-0.039709	0.022109
2.757847	-0.038878	-0.039641	0.021878
2.755640	-0.038557	-0.039502	0.027093
2.753437	-0.038457	-0.039266	0.023203
2.751238	-0.038343	-0.039075	0.020955
2.749043	-0.038164	-0.038948	0.022465
2.746852	-0.038488	-0.039283	0.022769
2.744664	-0.038383	-0.039176	0.022698
2.742480	-0.038216	-0.039057	0.024098
2.740300	-0.038272	-0.039115	0.024166
2.738123	-0.038471	-0.039362	0.025525
2.735950	-0.038440	-0.039283	0.024132
2.733781	-0.038538	-0.039273	0.021049
2.731616	-0.038538	-0.039352	0.023313
2.729454	-0.038382	-0.039268	0.025375
2.727296	-0.038498	-0.039291	0.022722
2.725142	-0.038504	-0.039482	0.027991
2.722991	-0.038470	-0.039419	0.027191
2.720844	-0.038482	-0.039380	0.025719
2.718701	-0.038616	-0.039485	0.024911
2.716561	-0.038524	-0.039383	0.024591
2.714425	-0.038553	-0.039493	0.026940
2.712293	-0.038373	-0.039277	0.025903
2.710164	-0.038526	-0.039427	0.025821
2.708039	-0.038650	-0.039660	0.028954
2.705917	-0.038628	-0.039603	0.027920
2.703799	-0.038591	-0.039599	0.028895
2.701685	-0.038502	-0.039367	0.024777
2.699574	-0.038777	-0.039734	0.027414
2.697466	-0.038656	-0.039679	0.029302
2.695363	-0.038540	-0.039492	0.027270
2.693262	-0.038607	-0.039591	0.028183
2.691166	-0.038427	-0.039326	0.025754
2.689072	-0.038545	-0.039529	0.028196
2.686983	-0.038386	-0.039350	0.027604
2.684897	-0.038417	-0.039414	0.028588
2.682814	-0.038471	-0.039407	0.026801
2.680735	-0.038558	-0.039585	0.029414
2.678659	-0.038577	-0.039538	0.027544
2.676587	-0.038580	-0.039594	0.029033
2.674518	-0.038371	-0.039410	0.029758
2.672453	-0.038428	-0.039484	0.030237
2.670391	-0.038693	-0.039724	0.029522
2.668333	-0.038625	-0.039654	0.029488
2.666278	-0.038601	-0.039605	0.028754
2.664226	-0.038715	-0.039677	0.027570
2.662178	-0.038539	-0.039605	0.030514
2.660133	-0.038376	-0.039432	0.030269
2.658092	-0.038442	-0.039532	0.031219
2.656054	-0.038809	-0.039864	0.030204
2.654019	-0.038906	-0.040000	0.031349
2.651988	-0.038569	-0.039619	0.030085
2.649960	-0.038762	-0.039797	0.029667
2.647936	-0.038731	-0.039800	0.030625
2.645915	-0.038741	-0.039753	0.028981
2.643897	-0.038816	-0.039936	0.032081
2.641882	-0.038871	-0.039929	0.030328
2.639871	-0.038852	-0.039898	0.029941
2.637863	-0.038874	-0.039906	0.029589
2.635859	-0.038873	-0.039846	0.027879
2.633857	-0.038736	-0.039800	0.030492
2.631859	-0.038777	-0.039875	0.031451
2.629865	-0.038765	-0.039818	0.030171
2.627873	-0.038883	-0.039941	0.030309
2.625885	-0.038722	-0.039745	0.029318
2.623900	-0.039003	-0.040085	0.030995
2.621919	-0.038904	-0.039974	0.030667
2.619940	-0.038943	-0.039978	0.029647
2.617965	-0.038793	-0.039908	0.031944
2.615993	-0.039006	-0.040001	0.028526
2.614025	-0.038938	-0.040039	0.031532
2.612059	-0.038999	-0.040063	0.030478
2.610097	-0.038719	-0.039758	0.029774
2.608138	-0.038685	-0.039762	0.030840
2.606182	-0.038830	-0.039890	0.030373
2.604229	-0.038590	-0.039652	0.030410
2.602280	-0.038541	-0.039633	0.031277
2.600333	-0.038690	-0.039784	0.031320
2.598390	-0.038636	-0.039692	0.030237
2.596450	-0.038805	-0.039863	0.030322
2.594513	-0.038681	-0.039770	0.031202
2.592579	-0.038664	-0.039710	0.029954
2.590648	-0.038708	-0.039776	0.030595
2.588721	-0.038411	-0.039506	0.031386
2.586796	-0.038649	-0.039665	0.029117
2.584875	-0.038761	-0.039840	0.030924
2.582957	-0.038546	-0.039564	0.029164
2.581042	-0.038326	-0.039395	0.030632
2.579130	-0.038473	-0.039563	0.031241
2.577221	-0.038549	-0.039603	0.030202
2.575315	-0.038673	-0.039701	0.029455
2.573412	-0.038480	-0.039641	0.033265
2.571512	-0.038608	-0.039673	0.030520
2.569615	-0.038634	-0.039699	0.030504
2.567722	-0.038601	-0.039639	0.029740
2.565831	-0.038831	-0.039844	0.029023
2.563943	-0.038622	-0.039748	0.032241
2.562058	-0.038419	-0.039501	0.030985
2.560177	-0.038593	-0.039652	0.030325
2.558298	-0.038517	-0.039556	0.029778
2.556423	-0.038455	-0.039574	0.032084
2.554550	-0.038643	-0.039739	0.031389
2.552680	-0.038521	-0.039657	0.032557
2.550813	-0.038546	-0.039625	0.030916
2.548950	-0.038613	-0.039671	0.030321
2.547089	-0.038560	-0.039599	0.029777
2.545231	-0.038480	-0.039611	0.032405
2.543376	-0.038518	-0.039533	0.029062
2.541524	-0.038633	-0.039737	0.031634
2.539675	-0.038637	-0.039693	0.030267
2.537829	-0.038704	-0.039735	0.029546
2.535986	-0.038586	-0.039710	0.032177
2.534146	-0.038635	-0.039676	0.029828
2.532308	-0.038572	-0.039592	0.029228
2.530474	-0.038652	-0.039714	0.030424
2.528642	-0.038677	-0.039699	0.029264
2.526814	-0.038645	-0.039672	0.029446
2.524988	-0.038443	-0.039477	0.029632
2.523165	-0.038621	-0.039685	0.030471
2.521345	-0.038464	-0.039532	0.030577
2.519528	-0.038700	-0.039710	0.028949
2.517714	-0.038746	-0.039775	0.029461
2.515902	-0.038861	-0.039894	0.029589
2.514093	-0.038899	-0.039969	0.030644
2.512288	-0.038850	-0.039851	0.028669
2.510485	-0.038965	-0.040013	0.030024
2.508684	-0.039038	-0.040081	0.029890
2.506887	-0.038898	-0.039886	0.028314
2.505092	-0.039056	-0.040064	0.028868
2.503301	-0.039235	-0.040250	0.029078
2.501512	-0.039294	-0.040296	0.028713
2.499726	-0.039304	-0.040288	0.028174
2.497942	-0.039292	-0.040320	0.029473
2.496162	-0.039503	-0.040458	0.027359
2.494384	-0.039575	-0.040544	0.027764
2.492609	-0.039637	-0.040650	0.029029
2.490836	-0.039555	-0.040515	0.027515
2.489067	-0.039493	-0.040445	0.027262
2.487300	-0.039358	-0.040368	0.028922
2.485536	-0.039354	-0.040277	0.026462
2.483774	-0.039390	-0.040377	0.028272
2.482016	-0.039323	-0.040314	0.028408
2.480260	-0.039255	-0.040277	0.029261
2.478507	-0.039324	-0.040345	0.029250
2.476756	-0.039477	-0.040378	0.025817
2.475008	-0.039460	-0.040433	0.027858
2.473263	-0.039610	-0.040520	0.026051
2.471521	-0.039726	-0.040679	0.027315
2.469781	-0.039754	-0.040706	0.027283
2.468044	-0.039566	-0.040504	0.026871
2.466309	-0.039692	-0.040599	0.025969
2.464578	-0.039723	-0.040696	0.027853
2.462848	-0.039732	-0.040615	0.025297
2.461122	-0.039521	-0.040439	0.026312
2.459398	-0.039657	-0.040481	0.023608
2.457677	-0.039702	-0.040590	0.025456
2.455958	-0.039538	-0.040433	0.025620
2.454243	-0.039553	-0.040444	0.025532
2.452529	-0.039528	-0.040354	0.023672
2.450819	-0.039535	-0.040394	0.024605
2.449111	-0.039714	-0.040545	0.023798
2.447405	-0.039726	-0.040677	0.027235
2.445702	-0.039899	-0.040742	0.024124
2.444002	-0.039946	-0.040767	0.023510
2.442304	-0.039832	-0.040622	0.022630
2.440609	-0.039787	-0.040618	0.023834
2.438917	-0.039736	-0.040689	0.027303
2.437227	-0.039666	-0.040648	0.028114
2.435539	-0.039781	-0.040577	0.022795
2.433854	-0.039690	-0.040588	0.025740
2.432172	-0.039820	-0.040660	0.024068
2.430492	-0.039836	-0.040700	0.024754
2.428815	-0.039901	-0.040718	0.023396
2.427140	-0.039925	-0.040733	0.023128
2.425468	-0.039876	-0.040683	0.023122
2.423799	-0.039870	-0.040704	0.023897
2.422131	-0.039872	-0.040739	0.024835
2.420467	-0.040083	-0.040890	0.023130
2.418805	-0.039964	-0.040796	0.023825
2.417145	-0.040028	-0.040816	0.022570
2.415488	-0.040119	-0.040921	0.022975
2.413833	-0.040157	-0.041000	0.024148
2.412181	-0.040099	-0.040869	0.022056
2.410532	-0.040100	-0.040932	0.023833
2.408884	-0.040091	-0.040893	0.022981
2.407240	-0.040029	-0.040819	0.022645
2.405598	-0.040140	-0.040900	0.021762
2.403958	-0.040086	-0.040859	0.022155
2.402320	-0.040097	-0.040872	0.022178
2.400685	-0.040233	-0.040938	0.020191
2.399053	-0.040071	-0.040837	0.021955
2.397423	-0.040275	-0.040989	0.020435
2.395795	-0.040292	-0.041046	0.021607
2.394170	-0.040357	-0.041100	0.021295
2.392547	-0.040457	-0.041203	0.021360
2.390927	-0.040491	-0.041190	0.020024
2.389309	-0.040537	-0.041309	0.022118
2.387694	-0.040567	-0.041286	0.020617
2.386081	-0.040600	-0.041364	0.021887
2.384470	-0.040601	-0.041234	0.018128
2.382861	-0.040621	-0.041213	0.016963
2.381255	-0.040606	-0.041331	0.020790
2.379652	-0.040567	-0.041277	0.020320
2.378051	-0.040514	-0.041201	0.019674
2.376452	-0.040543	-0.041200	0.018834
2.374855	-0.040451	-0.041110	0.018898
2.373261	-0.040471	-0.041113	0.018408
2.371669	-0.040624	-0.041358	0.021020
2.370080	-0.040609	-0.041279	0.019188
2.368493	-0.040586	-0.041210	0.017888
2.366908	-0.040661	-0.041339	0.019416
2.365326	-0.040754	-0.041329	0.016467
2.363745	-0.040733	-0.041412	0.019449
2.362168	-0.040772	-0.041513	0.021233
2.360592	-0.040808	-0.041486	0.019419
2.359019	-0.040917	-0.041504	0.016825
2.357448	-0.040868	-0.041466	0.017121
2.355880	-0.040914	-0.041566	0.018702
2.354313	-0.040797	-0.041421	0.017862
2.352749	-0.040960	-0.041545	0.016748
2.351188	-0.040974	-0.041681	0.020241
2.349628	-0.040995	-0.041555	0.016063
2.348071	-0.040982	-0.041654	0.019261
2.346516	-0.040837	-0.041431	0.017036
2.344964	-0.040842	-0.041440	0.017133
2.343413	-0.040917	-0.041446	0.015154
2.341865	-0.040880	-0.041494	0.017581
2.340319	-0.040845	-0.041402	0.015950
2.338776	-0.040901	-0.041507	0.017376
2.337235	-0.040985	-0.041539	0.015883
2.335695	-0.041062	-0.041645	0.016702
2.334159	-0.040934	-0.041493	0.016011
2.332624	-0.041106	-0.041693	0.016807
2.331091	-0.041289	-0.041758	0.013426
2.329561	-0.041384	-0.041889	0.014472
2.328033	-0.041254	-0.041789	0.015318
2.326508	-0.041210	-0.041744	0.015298
2.324984	-0.041117	-0.041650	0.015267
2.323463	-0.041183	-0.041684	0.014365
2.321943	-0.041288	-0.041850	0.016096
2.320426	-0.041418	-0.041905	0.013944
2.318912	-0.041473	-0.042017	0.015597
2.317399	-0.041459	-0.041941	0.013815
2.315888	-0.041610	-0.042176	0.016216
2.314380	-0.041702	-0.042153	0.012912
2.312874	-0.041675	-0.042016	0.009758
2.311370	-0.041466	-0.041911	0.012724
2.309868	-0.041419	-0.041832	0.011853
2.308369	-0.041457	-0.041905	0.012819
2.306871	-0.041370	-0.041868	0.014288
2.305376	-0.041677	-0.042098	0.012058
2.303883	-0.041634	-0.042065	0.012331
2.302392	-0.041531	-0.042001	0.013451
2.300903	-0.041424	-0.041854	0.012308
2.299416	-0.041426	-0.041941	0.014759
2.297931	-0.041553	-0.041978	0.012192
2.296449	-0.041517	-0.041961	0.012705
2.294968	-0.041510	-0.041923	0.011842
2.293490	-0.041440	-0.041879	0.012577
2.292013	-0.041431	-0.041893	0.013240
2.290539	-0.041439	-0.041896	0.013098
2.289067	-0.041519	-0.041909	0.011173
2.287597	-0.041607	-0.041985	0.010833
2.286129	-0.041441	-0.041831	0.011162
2.284664	-0.041451	-0.041844	0.011251
2.283200	-0.041424	-0.041870	0.012789
2.281738	-0.041526	-0.041933	0.011662
2.280279	-0.041334	-0.041788	0.013006
2.278821	-0.041514	-0.041957	0.012694
2.277366	-0.041608	-0.041898	0.008296
2.275912	-0.041724	-0.042146	0.012090
2.274461	-0.041729	-0.042046	0.009089
2.273012	-0.041770	-0.042195	0.012186
2.271564	-0.041758	-0.042099	0.009764
2.270119	-0.041826	-0.042186	0.010315
2.268676	-0.041763	-0.042078	0.009015
2.267235	-0.041739	-0.042136	0.011377
2.265796	-0.041711	-0.042098	0.011078
2.264359	-0.041921	-0.042284	0.010382
2.262923	-0.041981	-0.042371	0.011171
2.261490	-0.042235	-0.042608	0.010680
2.260059	-0.042231	-0.042492	0.007477
2.258630	-0.042277	-0.042545	0.007660
2.257203	-0.042296	-0.042589	0.008377
2.255778	-0.042303	-0.042624	0.009173
2.254355	-0.042289	-0.042586	0.008508
2.252934	-0.042357	-0.042602	0.007029
2.251515	-0.042428	-0.042782	0.010136
2.250098	-0.042686	-0.042970	0.008133
2.248683	-0.042624	-0.042857	0.006676
2.247269	-0.042717	-0.043053	0.009617
2.245858	-0.042726	-0.043120	0.011298
2.244449	-0.042895	-0.043122	0.006498
2.243042	-0.042835	-0.043030	0.005596
2.241636	-0.042657	-0.042938	0.008037
2.240233	-0.042456	-0.042732	0.007912
2.238832	-0.042342	-0.042625	0.008116
2.237432	-0.042437	-0.042663	0.006476
2.236035	-0.042378	-0.042679	0.008612
2.234639	-0.042394	-0.042616	0.006372
2.233245	-0.042444	-0.042741	0.008501
2.231854	-0.042517	-0.042745	0.006545
2.230464	-0.042449	-0.042788	0.009732
2.229076	-0.042480	-0.042689	0.005998
2.227690	-0.042632	-0.042879	0.007082
2.226306	-0.042734	-0.042966	0.006655
2.224924	-0.042670	-0.042908	0.006817
2.223544	-0.042603	-0.042827	0.006420
2.222165	-0.042656	-0.042866	0.006040
2.220789	-0.042545	-0.042722	0.005069
2.219414	-0.042631	-0.042844	0.006095
2.218042	-0.042795	-0.042960	0.004744
2.216671	-0.042761	-0.042936	0.005005
2.215302	-0.042807	-0.042974	0.004786
2.213935	-0.042964	-0.043102	0.003972
2.212570	-0.042907	-0.043092	0.005303
2.211207	-0.042956	-0.043141	0.005291
2.209845	-0.042913	-0.043203	0.008326
2.208486	-0.042997	-0.043253	0.007318
2.207128	-0.043026	-0.043237	0.006050
2.205772	-0.043000	-0.043107	0.003063
2.204418	-0.043125	-0.043238	0.003231
2.203066	-0.043218	-0.043403	0.005305
2.201716	-0.043220	-0.043374	0.004430
2.200367	-0.043331	-0.043441	0.003143
2.199021	-0.043345	-0.043431	0.002440
2.197676	-0.043560	-0.043692	0.003772
2.196333	-0.043498	-0.043630	0.003774
2.194992	-0.043229	-0.043475	0.007067
2.193653	-0.043469	-0.043597	0.003661
2.192315	-0.043339	-0.043456	0.003343
2.190980	-0.043243	-0.043325	0.002352
2.189646	-0.043417	-0.043509	0.002660
2.188314	-0.043477	-0.043570	0.002670
2.186984	-0.043542	-0.043686	0.004137
2.185655	-0.043529	-0.043602	0.002099
2.184328	-0.043510	-0.043694	0.005261
2.183004	-0.043462	-0.043510	0.001376
2.181681	-0.043587	-0.043691	0.002990
2.180359	-0.043584	-0.043770	0.005335
2.179040	-0.043634	-0.043755	0.003463
2.177722	-0.043553	-0.043690	0.003927
2.176406	-0.043648	-0.043776	0.003652
2.175092	-0.043649	-0.043804	0.004427
2.173780	-0.043773	-0.043880	0.003076
2.172469	-0.043865	-0.043988	0.003515
2.171160	-0.043797	-0.043827	0.000871
2.169853	-0.044040	-0.044039	-0.000033
2.168548	-0.043994	-0.044078	0.002395
2.167244	-0.043755	-0.043832	0.002204
2.165943	-0.043986	-0.044041	0.001577
2.164643	-0.044054	-0.044109	0.001567
2.163344	-0.044204	-0.044235	0.000862
2.162048	-0.044026	-0.044192	0.004752
2.160753	-0.044203	-0.044232	0.000811
2.159460	-0.044147	-0.044263	0.003342
2.158168	-0.043976	-0.044110	0.003820
2.156879	-0.043997	-0.044084	0.002484
2.155591	-0.043901	-0.043972	0.002046
2.154304	-0.044011	-0.044084	0.002099
2.153020	-0.044140	-0.044199	0.001702
2.151737	-0.044132	-0.044180	0.001358
2.150456	-0.044317	-0.044410	0.002679
2.149177	-0.044160	-0.044267	0.003071
2.147899	-0.044297	-0.044260	-0.001075
2.146623	-0.044147	-0.044233	0.002453
2.145349	-0.044164	-0.044206	0.001208
2.144076	-0.044122	-0.044218	0.002764
2.142805	-0.044200	-0.044235	0.001015
2.141536	-0.044381	-0.044357	-0.000697
2.140268	-0.044532	-0.044612	0.002293
2.139002	-0.044498	-0.044591	0.002652
2.137738	-0.044664	-0.044705	0.001193
2.136476	-0.044773	-0.044748	-0.000726
2.135215	-0.044802	-0.044826	0.000666
2.133956	-0.044717	-0.044778	0.001736
2.132698	-0.044699	-0.044752	0.001530
2.131442	-0.044678	-0.044745	0.001931
2.130188	-0.044741	-0.044775	0.000967
2.128935	-0.044818	-0.044836	0.000523
2.127684	-0.044798	-0.044830	0.000902
2.126435	-0.044780	-0.044780	0.000016
2.125187	-0.044945	-0.044864	-0.002338
2.123941	-0.044654	-0.044725	0.002024
2.122697	-0.044840	-0.044724	-0.003347
2.121454	-0.044689	-0.044697	0.000225
2.120213	-0.044801	-0.044749	-0.001488
2.118974	-0.044918	-0.044862	-0.001615
2.117736	-0.044671	-0.044711	0.001170
2.116500	-0.044674	-0.044676	0.000047
2.115265	-0.044777	-0.044767	-0.000278
2.114032	-0.044725	-0.044807	0.002345
2.112801	-0.044816	-0.044838	0.000636
2.111571	-0.044829	-0.044785	-0.001272
2.110343	-0.044913	-0.044796	-0.003359
2.109116	-0.044823	-0.044858	0.000989
2.107891	-0.044836	-0.044769	-0.001919
2.106668	-0.045099	-0.044938	-0.004602
2.105446	-0.045182	-0.045185	0.000063
2.104226	-0.045146	-0.045145	-0.000031
2.103007	-0.045143	-0.045111	-0.000901
2.101790	-0.045372	-0.045290	-0.002369
2.100575	-0.045225	-0.045249	0.000696
2.099361	-0.045262	-0.045400	0.003957
2.098149	-0.045366	-0.045363	-0.000061
2.096938	-0.045346	-0.045242	-0.002975
2.095729	-0.045344	-0.045353	0.000245
2.094521	-0.045248	-0.045167	-0.002322
2.093315	-0.045178	-0.045127	-0.001462
2.092111	-0.045295	-0.045301	0.000166
2.090908	-0.045401	-0.045418	0.000511
2.089707	-0.045726	-0.045681	-0.001282
2.088507	-0.045651	-0.045594	-0.001650
2.087309	-0.045729	-0.045664	-0.001860
2.086112	-0.045727	-0.045802	0.002138
2.084917	-0.045732	-0.045755	0.000673
2.083723	-0.045732	-0.045745	0.000355
2.082531	-0.045742	-0.045667	-0.002147
2.081341	-0.045715	-0.045653	-0.001783
2.080152	-0.045588	-0.045587	-0.000028
2.078964	-0.045783	-0.045679	-0.002977
2.077778	-0.045639	-0.045559	-0.002287
2.076594	-0.045659	-0.045575	-0.002427
2.075411	-0.045654	-0.045634	-0.000590
2.074230	-0.045806	-0.045685	-0.003489
2.073050	-0.045682	-0.045574	-0.003087
2.071871	-0.045479	-0.045457	-0.000632
2.070694	-0.045528	-0.045460	-0.001936
2.069519	-0.045639	-0.045590	-0.001402
2.068345	-0.045721	-0.045629	-0.002637
2.067173	-0.046009	-0.045925	-0.002394
2.066002	-0.045924	-0.045878	-0.001308
2.064833	-0.045929	-0.045843	-0.002464
2.063665	-0.045872	-0.045788	-0.002394
2.062498	-0.046023	-0.045900	-0.003520
2.061333	-0.046146	-0.046187	0.001151
2.060170	-0.046054	-0.046011	-0.001244
2.059008	-0.046151	-0.046158	0.000194
2.057848	-0.046147	-0.046038	-0.003127
2.056689	-0.046072	-0.046048	-0.000708
2.055531	-0.046139	-0.046068	-0.002034
2.054375	-0.046193	-0.046182	-0.000312
2.053221	-0.046225	-0.046098	-0.003645
2.052067	-0.046373	-0.046263	-0.003175
2.050916	-0.046408	-0.046346	-0.001780
2.049766	-0.046356	-0.046277	-0.002281
2.048617	-0.046261	-0.046151	-0.003150
2.047470	-0.046247	-0.046086	-0.004596
2.046324	-0.046213	-0.046156	-0.001635
2.045179	-0.046497	-0.046336	-0.004588
2.044036	-0.046427	-0.046406	-0.000594
2.042895	-0.046391	-0.046319	-0.002060
2.041755	-0.046507	-0.046428	-0.002257
2.040616	-0.046429	-0.046386	-0.001231
2.039479	-0.046549	-0.046496	-0.001516
2.038343	-0.046585	-0.046562	-0.000663
2.037209	-0.046640	-0.046491	-0.004273
2.036076	-0.046702	-0.046660	-0.001218
2.034945	-0.046739	-0.046655	-0.002421
2.033815	-0.046693	-0.046645	-0.001386
2.032686	-0.046689	-0.046500	-0.005419
2.031559	-0.046635	-0.046516	-0.003413
2.030433	-0.046681	-0.046634	-0.001343
2.029309	-0.046752	-0.046630	-0.003500
2.028186	-0.046895	-0.046780	-0.003287
2.027064	-0.047043	-0.046912	-0.003749
2.025944	-0.047172	-0.047012	-0.004589
2.024825	-0.047274	-0.047191	-0.002389
2.023708	-0.047377	-0.047349	-0.000804
2.022592	-0.047493	-0.047317	-0.005046
2.021477	-0.047337	-0.047227	-0.003163
2.020364	-0.047257	-0.047138	-0.003409
2.019252	-0.047272	-0.047231	-0.001178
2.018142	-0.047226	-0.047127	-0.002855
2.017033	-0.047204	-0.047119	-0.002424
2.015925	-0.047144	-0.047147	0.000068
2.014819	-0.047417	-0.047233	-0.005259
2.013714	-0.047638	-0.047542	-0.002749
2.012610	-0.047907	-0.047764	-0.004087
2.011508	-0.047724	-0.047621	-0.002946
2.010407	-0.047828	-0.047728	-0.002852
2.009308	-0.047841	-0.047739	-0.002937
2.008210	-0.047876	-0.047737	-0.003969
2.007113	-0.047719	-0.047652	-0.001897
2.006018	-0.047749	-0.047623	-0.003612
2.004924	-0.047714	-0.047554	-0.004577
2.003831	-0.047681	-0.047544	-0.003923
2.002740	-0.047597	-0.047486	-0.003177
2.001650	-0.047812	-0.047814	0.000048
2.000561	-0.048005	-0.047883	-0.003488
1.999474	-0.047962	-0.047900	-0.001768
1.998388	-0.048005	-0.047886	-0.003408
1.997303	-0.048000	-0.047920	-0.002282
1.996220	-0.048166	-0.048030	-0.003893
1.995138	-0.048341	-0.048161	-0.005155
1.994058	-0.048208	-0.048110	-0.002824
1.992978	-0.048120	-0.048007	-0.003217
1.991901	-0.048197	-0.048125	-0.002079
1.990824	-0.048276	-0.048172	-0.002977
1.989749	-0.048423	-0.048264	-0.004573
1.988675	-0.048493	-0.048389	-0.002961
1.987602	-0.048658	-0.048548	-0.003140
1.986531	-0.048812	-0.048633	-0.005126
1.985461	-0.048985	-0.048763	-0.006353
1.984392	-0.049050	-0.048862	-0.005386
1.983325	-0.049035	-0.048907	-0.003674
1.982259	-0.049073	-0.049031	-0.001194
1.981194	-0.048943	-0.048812	-0.003736
1.980130	-0.048981	-0.048882	-0.002840
1.979068	-0.048942	-0.048853	-0.002563
1.978007	-0.048878	-0.048732	-0.004186
1.976948	-0.048922	-0.048851	-0.002031
1.975889	-0.049167	-0.049026	-0.004020
1.974832	-0.049279	-0.049136	-0.004097
1.973777	-0.049228	-0.049132	-0.002739
1.972722	-0.049314	-0.049159	-0.004449
1.971669	-0.049224	-0.049112	-0.003191
1.970617	-0.049468	-0.049370	-0.002825
1.969566	-0.049526	-0.049448	-0.002227
1.968517	-0.049384	-0.049252	-0.003774
1.967469	-0.049342	-0.049225	-0.003360
1.966422	-0.049168	-0.049133	-0.001003
1.965377	-0.049286	-0.049168	-0.003388
1.964333	-0.049452	-0.049299	-0.004383
1.963290	-0.049625	-0.049389	-0.006749
1.962248	-0.049560	-0.049378	-0.005202
1.961207	-0.049593	-0.049402	-0.005495
1.960168	-0.049527	-0.049406	-0.003468
1.959130	-0.049421	-0.049290	-0.003734
1.958094	-0.049538	-0.049412	-0.003625
1.957058	-0.049638	-0.049558	-0.002307
1.956024	-0.049497	-0.049417	-0.002286
1.954991	-0.049547	-0.049346	-0.005768
1.953959	-0.049632	-0.049467	-0.004721
1.952929	-0.049703	-0.049582	-0.003476
1.951900	-0.049624	-0.049448	-0.005037
1.950872	-0.049532	-0.049451	-0.002318
1.949845	-0.049738	-0.049566	-0.004908
1.948819	-0.049806	-0.049624	-0.005233
1.947795	-0.049889	-0.049720	-0.004834
1.946772	-0.050168	-0.050024	-0.004118
1.945750	-0.050117	-0.049991	-0.003613
1.944729	-0.049942	-0.049732	-0.006031
1.943710	-0.049938	-0.049838	-0.002853
1.942692	-0.049943	-0.049855	-0.002513
1.941675	-0.049982	-0.049893	-0.002543
1.940659	-0.049980	-0.049963	-0.000468
1.939645	-0.050008	-0.049811	-0.005631
1.938631	-0.049841	-0.049779	-0.001762
1.937619	-0.050042	-0.049855	-0.005362
1.936608	-0.049913	-0.049823	-0.002577
1.935599	-0.049896	-0.049819	-0.002222
1.934590	-0.049882	-0.049840	-0.001218
1.933583	-0.049930	-0.049839	-0.002599
1.932577	-0.049870	-0.049812	-0.001668
1.931572	-0.049945	-0.049778	-0.004765
1.930568	-0.050018	-0.049943	-0.002166
1.929566	-0.050204	-0.050084	-0.003442
1.928565	-0.050196	-0.050087	-0.003103
1.927565	-0.050255	-0.050089	-0.004738
1.926566	-0.050219	-0.050222	0.000087
1.925568	-0.050484	-0.050329	-0.004449
1.924571	-0.050617	-0.050401	-0.006182
1.923576	-0.050416	-0.050341	-0.002141
1.922582	-0.050423	-0.050319	-0.002969
1.921589	-0.050576	-0.050522	-0.001545
1.920597	-0.050754	-0.050514	-0.006886
1.919606	-0.050588	-0.050469	-0.003393
1.918617	-0.050463	-0.050297	-0.004734
1.917629	-0.050477	-0.050378	-0.002860
1.916641	-0.050647	-0.050442	-0.005894
1.915655	-0.050762	-0.050532	-0.006579
1.914671	-0.050603	-0.050456	-0.004188
1.913687	-0.050488	-0.050413	-0.002122
1.912704	-0.050621	-0.050430	-0.005482
1.911723	-0.050741	-0.050659	-0.002327
1.910743	-0.050980	-0.050847	-0.003807
1.909764	-0.050850	-0.050704	-0.004195
1.908786	-0.050860	-0.050668	-0.005507
1.907809	-0.050820	-0.050737	-0.002374
1.906834	-0.050787	-0.050650	-0.003932
1.905859	-0.050872	-0.050732	-0.004008
1.904886	-0.051094	-0.050992	-0.002947
1.903914	-0.051167	-0.051029	-0.003939
1.902943	-0.051276	-0.051176	-0.002854
1.901973	-0.051214	-0.051051	-0.004690
1.901004	-0.050944	-0.050889	-0.001584
1.900036	-0.050888	-0.050658	-0.006585
1.899070	-0.050947	-0.050913	-0.000954
1.898105	-0.051078	-0.050886	-0.005512
1.897140	-0.050985	-0.050856	-0.003689
1.896177	-0.051070	-0.050941	-0.003711
1.895215	-0.051227	-0.051133	-0.002693
1.894254	-0.051309	-0.051201	-0.003081
1.893295	-0.051251	-0.051097	-0.004438
1.892336	-0.051277	-0.051184	-0.002679
1.891378	-0.051312	-0.051126	-0.005350
1.890422	-0.051363	-0.051190	-0.004933
1.889467	-0.051497	-0.051350	-0.004214
1.888513	-0.051517	-0.051345	-0.004911
1.887560	-0.051543	-0.051395	-0.004254
1.886608	-0.051554	-0.051494	-0.001707
1.885657	-0.051435	-0.051257	-0.005124
1.884707	-0.051476	-0.051481	0.000152
1.883758	-0.051552	-0.051422	-0.003725
1.882811	-0.051599	-0.051453	-0.004183
1.881864	-0.051671	-0.051555	-0.003330
1.880919	-0.051625	-0.051524	-0.002889
1.879975	-0.051673	-0.051581	-0.002637
1.879032	-0.051857	-0.051706	-0.004317
1.878090	-0.051951	-0.051820	-0.003730
1.877149	-0.051687	-0.051563	-0.003530
1.876209	-0.051585	-0.051346	-0.006860
1.875270	-0.051333	-0.051210	-0.003520
1.874332	-0.051478	-0.051307	-0.004900
1.873396	-0.051432	-0.051289	-0.004082
1.872460	-0.051549	-0.051465	-0.002389
1.871525	-0.051580	-0.051467	-0.003239
1.870592	-0.051675	-0.051468	-0.005930
1.869660	-0.051686	-0.051499	-0.005369
1.868728	-0.051617	-0.051537	-0.002303
1.867798	-0.051728	-0.051700	-0.000798
1.866869	-0.051999	-0.051781	-0.006259
1.865941	-0.051972	-0.051770	-0.005786
1.865014	-0.051975	-0.051799	-0.005040
1.864088	-0.051970	-0.051771	-0.005686
1.863163	-0.051844	-0.051697	-0.004196
1.862239	-0.051918	-0.051757	-0.004624
1.861317	-0.052029	-0.051990	-0.001112
1.860395	-0.051929	-0.051834	-0.002734
1.859474	-0.052053	-0.051839	-0.006129
1.858555	-0.052058	-0.051976	-0.002328
1.857636	-0.051840	-0.051808	-0.000898
1.856719	-0.051907	-0.051775	-0.003782
1.855802	-0.051909	-0.051806	-0.002962
1.854887	-0.051912	-0.051783	-0.003682
1.853973	-0.051968	-0.051878	-0.002595
1.853059	-0.051990	-0.051814	-0.005046
1.852147	-0.051972	-0.051801	-0.004908
1.851236	-0.051927	-0.051717	-0.006001
1.850326	-0.051833	-0.051749	-0.002408
1.849416	-0.051883	-0.051677	-0.005911
1.848508	-0.051781	-0.051681	-0.002850
1.847601	-0.051959	-0.051820	-0.003966
1.846695	-0.051754	-0.051632	-0.003494
1.845790	-0.051787	-0.051686	-0.002910
1.844886	-0.051673	-0.051581	-0.002639
1.843983	-0.051720	-0.051505	-0.006163
1.843081	-0.051696	-0.051548	-0.004225
1.842180	-0.051783	-0.051686	-0.002781
1.841280	-0.051703	-0.051503	-0.005720
1.840381	-0.051803	-0.051613	-0.005447
1.839484	-0.051875	-0.051822	-0.001523
1.838587	-0.052188	-0.052085	-0.002955
1.837691	-0.052271	-0.052095	-0.005044
1.836796	-0.052178	-0.052062	-0.003342
1.835902	-0.052201	-0.052135	-0.001899
1.835009	-0.052326	-0.052216	-0.003162
1.834118	-0.052134	-0.052056	-0.002257
1.833227	-0.052106	-0.052019	-0.002467
1.832337	-0.052161	-0.052030	-0.003743
1.831448	-0.052116	-0.052031	-0.002448
1.830560	-0.052264	-0.052110	-0.004404
1.829674	-0.052201	-0.052192	-0.000247
1.828788	-0.052058	-0.051925	-0.003807
1.827903	-0.051938	-0.051759	-0.005114
1.827019	-0.051993	-0.051963	-0.000858
1.826136	-0.052254	-0.052164	-0.002581
1.825255	-0.052516	-0.052365	-0.004324
1.824374	-0.052491	-0.052366	-0.003592
1.823494	-0.052730	-0.052606	-0.003546
1.822615	-0.052743	-0.052570	-0.004964
1.821737	-0.052884	-0.052787	-0.002774
1.820860	-0.052609	-0.052500	-0.003111
1.819984	-0.052559	-0.052426	-0.003801
1.819109	-0.052512	-0.052441	-0.002023
1.818235	-0.052616	-0.052423	-0.005534
1.817362	-0.052433	-0.052306	-0.003636
1.816490	-0.052454	-0.052313	-0.004030
1.815619	-0.052242	-0.052259	0.000471
1.814749	-0.052244	-0.052100	-0.004112
1.813880	-0.052270	-0.052118	-0.004364
1.813012	-0.052322	-0.052199	-0.003533
1.812145	-0.052437	-0.052253	-0.005273
1.811279	-0.052173	-0.052084	-0.002557
1.810413	-0.052505	-0.052368	-0.003942
1.809549	-0.052388	-0.052310	-0.002254
1.808686	-0.052381	-0.052352	-0.000830
1.807824	-0.052555	-0.052428	-0.003618
1.806962	-0.052679	-0.052610	-0.001993
1.806102	-0.052668	-0.052589	-0.002260
1.805242	-0.052679	-0.052632	-0.001347
1.804384	-0.052609	-0.052529	-0.002303
1.803526	-0.052694	-0.052559	-0.003895
1.802670	-0.052998	-0.052887	-0.003163
1.801814	-0.052955	-0.052931	-0.000692
1.800959	-0.052972	-0.052852	-0.003446
1.800105	-0.053008	-0.052908	-0.002843
1.799252	-0.052987	-0.052916	-0.002060
1.798401	-0.052991	-0.052896	-0.002734
1.797550	-0.052926	-0.052861	-0.001860
1.796700	-0.052931	-0.052826	-0.002997
1.795851	-0.052678	-0.052667	-0.000308
1.795002	-0.052839	-0.052619	-0.006318
1.794155	-0.052846	-0.052783	-0.001810
1.793309	-0.053001	-0.052897	-0.002972
1.792464	-0.052932	-0.052714	-0.006223
1.791619	-0.053104	-0.052992	-0.003191
1.790776	-0.053163	-0.053050	-0.003257
1.789933	-0.053288	-0.053194	-0.002684
1.789092	-0.053109	-0.053018	-0.002606
1.788251	-0.053071	-0.053015	-0.001614
1.787411	-0.052908	-0.052847	-0.001771
1.786572	-0.053008	-0.052886	-0.003501
1.785734	-0.052795	-0.052657	-0.003955
1.784897	-0.052634	-0.052632	-0.000056
1.784061	-0.052928	-0.052849	-0.002278
1.783226	-0.052964	-0.053033	0.001981
1.782392	-0.053175	-0.053091	-0.002392
1.781558	-0.053120	-0.053056	-0.001832
1.780726	-0.053071	-0.052956	-0.003298
1.779894	-0.053052	-0.053003	-0.001409
1.779064	-0.053186	-0.053230	0.001254
1.778234	-0.053078	-0.053040	-0.001094
1.777405	-0.053068	-0.052974	-0.002686
1.776577	-0.053110	-0.053007	-0.002942
1.775750	-0.053286	-0.053234	-0.001503
1.774924	-0.053332	-0.053361	0.000825
1.774099	-0.053222	-0.053158	-0.001814
1.773275	-0.053033	-0.052979	-0.001553
1.772451	-0.053037	-0.053096	0.001710
1.771629	-0.053114	-0.053026	-0.002502
1.770807	-0.052980	-0.052864	-0.003313
1.769986	-0.052912	-0.052906	-0.000184
1.769167	-0.052867	-0.052801	-0.001882
1.768348	-0.053219	-0.053165	-0.001550
1.767530	-0.053367	-0.053412	0.001275
1.766712	-0.053243	-0.053164	-0.002266
1.765896	-0.053435	-0.053332	-0.002967
1.765081	-0.053557	-0.053421	-0.003878
1.764266	-0.053372	-0.053299	-0.002078
1.763453	-0.053258	-0.053108	-0.004284
1.762640	-0.053108	-0.052985	-0.003537
1.761828	-0.053071	-0.053046	-0.000739
1.761017	-0.053111	-0.052948	-0.004658
1.760207	-0.053235	-0.053122	-0.003241
1.759398	-0.053508	-0.053477	-0.000897
1.758589	-0.053736	-0.053640	-0.002732
1.757782	-0.053631	-0.053634	0.000077
1.756975	-0.053821	-0.053764	-0.001636
1.756169	-0.053903	-0.053901	-0.000049
1.755365	-0.054045	-0.053977	-0.001943
1.754560	-0.053912	-0.053800	-0.003188
1.753757	-0.053543	-0.053445	-0.002826
1.752955	-0.053566	-0.053689	0.003522
1.752154	-0.053617	-0.053505	-0.003196
1.751353	-0.053610	-0.053457	-0.004385
1.750553	-0.053512	-0.053501	-0.000320
1.749755	-0.053603	-0.053432	-0.004887
1.748957	-0.053783	-0.053724	-0.001678
1.748159	-0.053792	-0.053739	-0.001524
1.747363	-0.053713	-0.053549	-0.004683
1.746568	-0.053551	-0.053492	-0.001701
1.745773	-0.053596	-0.053537	-0.001683
1.744979	-0.053715	-0.053646	-0.001974
1.744187	-0.053984	-0.053890	-0.002710
1.743395	-0.053831	-0.053730	-0.002883
1.742603	-0.053952	-0.054003	0.001463
1.741813	-0.054159	-0.054176	0.000476
1.741024	-0.054005	-0.053916	-0.002553
1.740235	-0.054069	-0.054042	-0.000780
1.739447	-0.054075	-0.054039	-0.001033
1.738660	-0.054143	-0.054055	-0.002517
1.737874	-0.053952	-0.053896	-0.001620
1.737089	-0.053973	-0.054040	0.001913
1.736304	-0.054181	-0.054190	0.000271
1.735521	-0.054122	-0.054133	0.000314
1.734738	-0.053966	-0.053980	0.000419
1.733956	-0.053802	-0.053826	0.000685
1.733175	-0.053753	-0.053677	-0.002195
1.732395	-0.053756	-0.053759	0.000080
1.731615	-0.053926	-0.053860	-0.001899
1.730837	-0.054090	-0.054043	-0.001356
1.730059	-0.054204	-0.054123	-0.002319
1.729282	-0.054199	-0.054199	-0.000015
1.728506	-0.054220	-0.054186	-0.000977
1.727730	-0.054070	-0.054077	0.000218
1.726956	-0.054087	-0.054044	-0.001235
1.726182	-0.054261	-0.054156	-0.003003
1.725409	-0.054123	-0.054132	0.000243
1.724637	-0.054258	-0.054103	-0.004449
1.723866	-0.054287	-0.054309	0.000634
1.723096	-0.054550	-0.054464	-0.002456
1.722326	-0.054557	-0.054579	0.000631
1.721557	-0.054511	-0.054538	0.000758
1.720789	-0.054510	-0.054420	-0.002562
1.720022	-0.054241	-0.054228	-0.000388
1.719256	-0.054511	-0.054492	-0.000562
1.718490	-0.054648	-0.054579	-0.001957
1.717726	-0.054782	-0.054777	-0.000122
1.716962	-0.054652	-0.054690	0.001111
1.716199	-0.054859	-0.054903	0.001252
1.715436	-0.054728	-0.054687	-0.001173
1.714675	-0.054826	-0.054940	0.003265
1.713914	-0.054867	-0.054878	0.000316
1.713154	-0.054974	-0.054953	-0.000588
1.712395	-0.054850	-0.054921	0.002011
1.711637	-0.054773	-0.054703	-0.002013
1.710879	-0.054630	-0.054613	-0.000469
1.710122	-0.054838	-0.054745	-0.002667
1.709366	-0.054998	-0.055050	0.001466
1.708611	-0.055002	-0.055074	0.002047
1.707857	-0.055386	-0.055375	-0.000319
1.707103	-0.055399	-0.055356	-0.001244
1.706351	-0.055521	-0.055489	-0.000918
1.705599	-0.055347	-0.055344	-0.000085
1.704847	-0.055390	-0.055300	-0.002561
1.704097	-0.055410	-0.055475	0.001877
1.703347	-0.055248	-0.055355	0.003045
1.702599	-0.055216	-0.055192	-0.000686
1.701850	-0.055224	-0.055091	-0.003793
1.701103	-0.055243	-0.055282	0.001117
1.700357	-0.055351	-0.055284	-0.001913
1.699611	-0.055382	-0.055374	-0.000253
1.698866	-0.055517	-0.055495	-0.000634
1.698122	-0.055798	-0.055733	-0.001853
1.697378	-0.055654	-0.055690	0.001025
1.696636	-0.055661	-0.055832	0.004897
1.695894	-0.055853	-0.055908	0.001566
1.695153	-0.055951	-0.055869	-0.002352
1.694412	-0.055686	-0.055755	0.001968
1.693673	-0.055857	-0.055793	-0.001824
1.692934	-0.055687	-0.055785	0.002816
1.692196	-0.055683	-0.055716	0.000959
1.691459	-0.055629	-0.055739	0.003156
1.690722	-0.055657	-0.055730	0.002091
1.689987	-0.055748	-0.055632	-0.003331
1.689252	-0.055951	-0.055992	0.001185
1.688518	-0.056216	-0.056120	-0.002762
1.687784	-0.056021	-0.055915	-0.003045
1.687051	-0.055889	-0.055898	0.000279
1.686320	-0.055591	-0.055685	0.002692
1.685588	-0.055640	-0.055678	0.001073
1.684858	-0.055753	-0.055834	0.002329
1.684128	-0.056003	-0.056110	0.003065
1.683399	-0.056270	-0.056365	0.002715
1.682671	-0.056308	-0.056371	0.001813
1.681944	-0.056425	-0.056243	-0.005215
1.681217	-0.056418	-0.056479	0.001743
1.680491	-0.056653	-0.056795	0.004052
1.679766	-0.056697	-0.056638	-0.001700
1.679042	-0.056550	-0.056660	0.003150
1.678318	-0.056556	-0.056559	0.000067
1.677595	-0.056583	-0.056651	0.001957
1.676873	-0.056813	-0.056804	-0.000273
1.676152	-0.056799	-0.056910	0.003199
1.675431	-0.056794	-0.056864	0.002000
1.674711	-0.056625	-0.056682	0.001623
1.673992	-0.056706	-0.056637	-0.001986
1.673273	-0.056961	-0.056915	-0.001305
1.672556	-0.057000	-0.056968	-0.000936
1.671839	-0.056893	-0.056855	-0.001108
1.671122	-0.056819	-0.056919	0.002861
1.670407	-0.056967	-0.056913	-0.001533
1.669692	-0.056858	-0.056920	0.001780
1.668978	-0.056826	-0.056808	-0.000529
1.668265	-0.056490	-0.056456	-0.000968
1.667552	-0.056499	-0.056588	0.002547
1.666840	-0.056622	-0.056603	-0.000550
1.666129	-0.056567	-0.056711	0.004100
1.665418	-0.056655	-0.056636	-0.000522
1.664709	-0.056560	-0.056547	-0.000384
1.664000	-0.056328	-0.056487	0.004577
1.663292	-0.056340	-0.056254	-0.002464
1.662584	-0.056422	-0.056360	-0.001766
1.661877	-0.056427	-0.056451	0.000676
1.661171	-0.056550	-0.056488	-0.001764
1.660466	-0.056499	-0.056538	0.001127
1.659761	-0.056419	-0.056600	0.005190
1.659057	-0.056399	-0.056446	0.001341
1.658354	-0.056271	-0.056379	0.003096
1.657651	-0.056201	-0.056271	0.002032
1.656950	-0.055932	-0.056123	0.005477
1.656249	-0.056076	-0.056221	0.004130
1.655548	-0.055843	-0.055997	0.004414
1.654848	-0.055785	-0.055803	0.000492
1.654150	-0.055935	-0.056122	0.005373
1.653451	-0.056078	-0.056102	0.000680
1.652754	-0.056048	-0.056295	0.007062
1.652057	-0.056290	-0.056312	0.000619
1.651361	-0.056233	-0.056311	0.002237
1.650665	-0.056272	-0.056351	0.002254
1.649971	-0.056359	-0.056504	0.004149
1.649277	-0.056420	-0.056525	0.003030
1.648583	-0.056413	-0.056553	0.004014
1.647891	-0.056637	-0.056667	0.000859
1.647199	-0.056608	-0.056804	0.005616
1.646508	-0.056729	-0.056789	0.001693
1.645817	-0.056770	-0.056874	0.002958
1.645127	-0.056611	-0.056721	0.003147
1.644438	-0.056830	-0.056797	-0.000963
1.643750	-0.057066	-0.057022	-0.001267
1.643062	-0.057223	-0.057264	0.001187
1.642375	-0.057314	-0.057462	0.004254
1.641689	-0.057216	-0.057260	0.001258
1.641003	-0.057059	-0.057197	0.003942
1.640318	-0.057294	-0.057270	-0.000706
1.639634	-0.057612	-0.057690	0.002230
1.638950	-0.057602	-0.057725	0.003527
1.638267	-0.057487	-0.057516	0.000842
1.637585	-0.057733	-0.057801	0.001939
1.636903	-0.057880	-0.057878	-0.000049
1.636222	-0.057929	-0.057947	0.000528
1.635542	-0.057979	-0.058021	0.001206
1.634863	-0.058055	-0.058177	0.003502
1.634184	-0.058107	-0.058162	0.001574
1.633506	-0.058004	-0.058000	-0.000136
1.632828	-0.057956	-0.058041	0.002435
1.632151	-0.057976	-0.058122	0.004167
1.631475	-0.057951	-0.058164	0.006083
1.630800	-0.058221	-0.058327	0.003021
1.630125	-0.058336	-0.058563	0.006513
1.629451	-0.058501	-0.058569	0.001946
1.628778	-0.058544	-0.058613	0.001967
1.628105	-0.058584	-0.058725	0.004031
1.627433	-0.058752	-0.058932	0.005166
1.626761	-0.058727	-0.058836	0.003118
1.626091	-0.058588	-0.058652	0.001858
1.625421	-0.058604	-0.058642	0.001073
1.624751	-0.058569	-0.058593	0.000691
1.624083	-0.058842	-0.058873	0.000899
1.623414	-0.059044	-0.059122	0.002232
1.622747	-0.058737	-0.058807	0.002023
1.622080	-0.058967	-0.059002	0.001005
1.621414	-0.058991	-0.059026	0.001025
1.620749	-0.058842	-0.058873	0.000880
1.620084	-0.058990	-0.059054	0.001847
1.619420	-0.058884	-0.059007	0.003502
1.618757	-0.058812	-0.059081	0.007705
1.618094	-0.058991	-0.059199	0.005937
1.617432	-0.059164	-0.059290	0.003606
1.616770	-0.059221	-0.059302	0.002328
1.616109	-0.059270	-0.059338	0.001952
1.615449	-0.059015	-0.059180	0.004715
1.614790	-0.058851	-0.059140	0.008284
1.614131	-0.058913	-0.059028	0.003297
1.613473	-0.058899	-0.058891	-0.000213
1.612815	-0.058778	-0.058897	0.003394
1.612158	-0.059497	-0.059460	-0.001048
1.611502	-0.059635	-0.059790	0.004445
1.610846	-0.059703	-0.059763	0.001727
1.610191	-0.059696	-0.059748	0.001473
1.609537	-0.059549	-0.059678	0.003690
1.608883	-0.059323	-0.059425	0.002928
1.608230	-0.059473	-0.059541	0.001959
1.607578	-0.059192	-0.059505	0.008970
1.606926	-0.059029	-0.059118	0.002556
1.606275	-0.059019	-0.059232	0.006099
1.605625	-0.059246	-0.059509	0.007560
1.604975	-0.059321	-0.059523	0.005767
1.604326	-0.059375	-0.059656	0.008055
1.603677	-0.059469	-0.059531	0.001777
1.603029	-0.059319	-0.059465	0.004179
1.602382	-0.059120	-0.059251	0.003761
1.601735	-0.059220	-0.059090	-0.003719
1.601089	-0.059091	-0.059208	0.003358
1.600444	-0.059273	-0.059496	0.006368
1.599799	-0.059195	-0.059199	0.000137
1.599155	-0.059492	-0.059542	0.001427
1.598512	-0.059443	-0.059515	0.002055
1.597869	-0.059434	-0.059595	0.004600
1.597227	-0.059621	-0.059825	0.005839
1.596585	-0.059443	-0.059521	0.002212
1.595944	-0.059197	-0.059215	0.000519
1.595304	-0.059159	-0.059239	0.002309
1.594664	-0.058902	-0.059063	0.004592
1.594025	-0.059204	-0.059331	0.003658
1.593386	-0.059278	-0.059416	0.003965
1.592749	-0.059429	-0.059506	0.002192
1.592111	-0.059377	-0.059539	0.004644
1.591475	-0.059300	-0.059425	0.003568
1.590839	-0.059285	-0.059424	0.003957
1.590203	-0.059408	-0.059465	0.001634
1.589569	-0.059674	-0.059676	0.000060
1.588935	-0.059657	-0.059843	0.005343
1.588301	-0.059725	-0.059770	0.001296
1.587668	-0.059794	-0.059860	0.001893
1.587036	-0.059662	-0.059697	0.001011
1.586404	-0.059718	-0.059719	0.000029
1.585773	-0.059478	-0.059664	0.005323
1.585143	-0.059386	-0.059527	0.004040
1.584513	-0.059317	-0.059429	0.003220
1.583884	-0.059244	-0.059562	0.009123
1.583255	-0.059187	-0.059492	0.008750
1.582627	-0.059134	-0.059225	0.002605
1.582000	-0.059367	-0.059450	0.002380
1.581373	-0.059261	-0.059373	0.003188
1.580747	-0.059196	-0.059334	0.003961
1.580121	-0.059333	-0.059581	0.007111
1.579496	-0.059784	-0.059909	0.003575
1.578872	-0.059883	-0.060215	0.009498
1.578248	-0.059909	-0.060133	0.006436
1.577625	-0.059989	-0.060190	0.005741
1.577002	-0.059876	-0.059930	0.001529
1.576380	-0.059467	-0.059870	0.011530
1.575759	-0.059333	-0.059440	0.003051
1.575138	-0.059352	-0.059501	0.004295
1.574518	-0.059223	-0.059334	0.003181
1.573899	-0.059156	-0.059095	-0.001755
1.573280	-0.059167	-0.059184	0.000497
1.572661	-0.059106	-0.059208	0.002923
1.572044	-0.059060	-0.059192	0.003783
1.571426	-0.058956	-0.058895	-0.001745
1.570810	-0.058773	-0.059008	0.006732
1.570194	-0.058809	-0.059021	0.006072
1.569578	-0.058549	-0.058836	0.008203
1.568964	-0.058440	-0.058567	0.003629
1.568349	-0.058341	-0.058341	-0.000013
1.567736	-0.058017	-0.058198	0.005187
1.567123	-0.058176	-0.058310	0.003832
1.566510	-0.058348	-0.058435	0.002477
1.565899	-0.058286	-0.058505	0.006295
1.565287	-0.058248	-0.058467	0.006275
1.564677	-0.058570	-0.058689	0.003394
1.564066	-0.058805	-0.058898	0.002666
1.563457	-0.058591	-0.058797	0.005881
1.562848	-0.058441	-0.058610	0.004842
1.562240	-0.058687	-0.058736	0.001391
1.561632	-0.058960	-0.058913	-0.001331
1.561025	-0.058848	-0.059246	0.011396
1.560418	-0.059166	-0.059259	0.002664
1.559812	-0.059019	-0.059058	0.001094
1.559207	-0.058896	-0.059091	0.005583
1.558602	-0.059007	-0.059016	0.000264
1.557997	-0.058918	-0.058951	0.000956
1.557394	-0.058580	-0.058848	0.007684
1.556791	-0.058665	-0.058677	0.000331
1.556188	-0.058681	-0.058541	-0.004011
1.555586	-0.058694	-0.058778	0.002411
1.554985	-0.058727	-0.058873	0.004193
1.554384	-0.058616	-0.058890	0.007868
1.553783	-0.058894	-0.058920	0.000729
1.553184	-0.059010	-0.059078	0.001970
1.552585	-0.059011	-0.059099	0.002507
1.551986	-0.058775	-0.058991	0.006183
1.551388	-0.058619	-0.058817	0.005670
1.550791	-0.058672	-0.058719	0.001365
1.550194	-0.058829	-0.058775	-0.001548
1.549597	-0.058732	-0.058859	0.003636
1.549002	-0.058814	-0.059083	0.007720
1.548406	-0.058664	-0.058797	0.003784
1.547812	-0.058306	-0.058348	0.001223
1.547218	-0.058197	-0.058212	0.000416
1.546624	-0.058228	-0.058330	0.002913
1.546031	-0.058333	-0.058441	0.003089
1.545439	-0.058077	-0.058367	0.008309
1.544847	-0.058124	-0.058249	0.003591
1.544256	-0.058091	-0.058219	0.003651
1.543665	-0.057916	-0.058172	0.007334
1.543075	-0.057682	-0.058180	0.014252
1.542486	-0.057766	-0.058144	0.010824
1.541897	-0.057674	-0.057939	0.007571
1.541308	-0.057795	-0.057696	-0.002821
1.540720	-0.057312	-0.057434	0.003492
1.540133	-0.057078	-0.057275	0.005632
1.539546	-0.057440	-0.057506	0.001901
1.538960	-0.057955	-0.057897	-0.001654
1.538374	-0.058080	-0.058254	0.004967
1.537789	-0.057959	-0.058277	0.009110
1.537204	-0.057798	-0.057978	0.005172
1.536620	-0.057594	-0.057659	0.001876
1.536037	-0.057336	-0.057500	0.004691
1.535454	-0.057173	-0.057143	-0.000852
1.534872	-0.057315	-0.057047	-0.007681
1.534290	-0.057323	-0.057332	0.000277
1.533708	-0.057405	-0.057467	0.001765
1.533128	-0.057399	-0.057613	0.006103
1.532548	-0.057307	-0.057387	0.002308
1.531968	-0.057117	-0.057367	0.007146
1.531389	-0.057128	-0.057387	0.007408
1.530810	-0.056775	-0.057364	0.016865
1.530232	-0.056717	-0.056955	0.006810
1.529655	-0.056213	-0.056351	0.003942
1.529078	-0.056029	-0.056304	0.007873
1.528501	-0.056060	-0.056228	0.004812
1.527925	-0.056132	-0.056347	0.006160
1.527350	-0.056390	-0.056424	0.000988
1.526775	-0.056261	-0.056361	0.002860
1.526201	-0.056098	-0.056248	0.004297
1.525627	-0.056084	-0.056250	0.004771
1.525054	-0.055983	-0.056237	0.007287
1.524481	-0.055953	-0.056144	0.005480
1.523909	-0.056093	-0.056149	0.001590
1.523338	-0.056006	-0.055972	-0.000968
1.522767	-0.056269	-0.056390	0.003451
1.522196	-0.056517	-0.056635	0.003375
1.521626	-0.056391	-0.056615	0.006394
1.521057	-0.056373	-0.056504	0.003755
1.520488	-0.056500	-0.056773	0.007802
1.519919	-0.056395	-0.056387	-0.000236
1.519351	-0.055762	-0.056183	0.012059
1.518784	-0.055818	-0.056007	0.005415
1.518217	-0.055578	-0.055443	-0.003871
1.517651	-0.055358	-0.055812	0.013016
1.517085	-0.055297	-0.055518	0.006319
1.516520	-0.054933	-0.055156	0.006377
1.515955	-0.054745	-0.054804	0.001676
1.515391	-0.054568	-0.054693	0.003600
1.514827	-0.054535	-0.054719	0.005261
1.514264	-0.054585	-0.054596	0.000315
1.513702	-0.054480	-0.054782	0.008641
1.513139	-0.054541	-0.054851	0.008876
1.512578	-0.054863	-0.054925	0.001760
1.512017	-0.054785	-0.054969	0.005270
1.511456	-0.054564	-0.054806	0.006940
1.510896	-0.054627	-0.054685	0.001655
1.510337	-0.054601	-0.054983	0.010929
1.509778	-0.054682	-0.055042	0.010321
1.509219	-0.054737	-0.054918	0.005188
1.508661	-0.054420	-0.054661	0.006919
1.508104	-0.054532	-0.054576	0.001272
1.507547	-0.054288	-0.054512	0.006411
1.506990	-0.054041	-0.054502	0.013186
1.506435	-0.054230	-0.054530	0.008592
1.505879	-0.054207	-0.054342	0.003842
1.505324	-0.054204	-0.054327	0.003506
1.504770	-0.053857	-0.053943	0.002463
1.504216	-0.053685	-0.053856	0.004898
1.503663	-0.053552	-0.053657	0.003024
1.503110	-0.053281	-0.053451	0.004861
1.502558	-0.053428	-0.053563	0.003856
1.502006	-0.053314	-0.053654	0.009752
1.501454	-0.053407	-0.053510	0.002964
1.500904	-0.053552	-0.053601	0.001390
1.500353	-0.053196	-0.053339	0.004105
1.499803	-0.052808	-0.053083	0.007902
1.499254	-0.052696	-0.053005	0.008858
1.498705	-0.052960	-0.053364	0.011558
1.498157	-0.053291	-0.053425	0.003827
1.497609	-0.053364	-0.053183	-0.005199
1.497062	-0.052979	-0.053286	0.008794
1.496515	-0.052672	-0.052513	-0.004556
1.495969	-0.052039	-0.052600	0.016071
1.495423	-0.052344	-0.052784	0.012599
1.494878	-0.052430	-0.052691	0.007492
1.494333	-0.051968	-0.051990	0.000626
1.493789	-0.051880	-0.052350	0.013480
1.493245	-0.051899	-0.052112	0.006079
1.492702	-0.051739	-0.051977	0.006807
1.492159	-0.052045	-0.052209	0.004703
1.491617	-0.051906	-0.051831	-0.002150
1.491075	-0.051657	-0.051994	0.009651
1.490533	-0.051582	-0.051755	0.004970
1.489993	-0.051665	-0.051734	0.001977
1.489452	-0.051980	-0.051762	-0.006244
1.488912	-0.051692	-0.051767	0.002140
1.488373	-0.051492	-0.051646	0.004425
1.487834	-0.051418	-0.051812	0.011280
1.487296	-0.051473	-0.051681	0.005949
1.486758	-0.051469	-0.051793	0.009298
1.486221	-0.051289	-0.051281	-0.000228
1.485684	-0.050978	-0.051440	0.013231
1.485147	-0.051098	-0.051053	-0.001284
1.484611	-0.050677	-0.051049	0.010663
1.484076	-0.051119	-0.051099	-0.000564
1.483541	-0.050782	-0.051216	0.012440
1.483007	-0.050575	-0.050662	0.002508
1.482473	-0.050767	-0.050765	-0.000048
1.481939	-0.050765	-0.050852	0.002492
1.481406	-0.050545	-0.050582	0.001047
1.480874	-0.050626	-0.050618	-0.000221
1.480341	-0.050129	-0.050525	0.011340
1.479810	-0.049926	-0.050521	0.017047
1.479279	-0.049801	-0.050313	0.014685
1.478748	-0.049807	-0.050009	0.005782
1.478218	-0.049719	-0.050135	0.011926
1.477688	-0.049243	-0.049634	0.011201
1.477159	-0.048773	-0.049092	0.009134
1.476631	-0.048910	-0.049181	0.007766
1.476102	-0.049019	-0.049356	0.009657
1.475575	-0.048884	-0.049486	0.017239
1.475047	-0.048989	-0.049435	0.012777
1.474521	-0.048470	-0.048904	0.012455
1.473994	-0.048572	-0.048861	0.008271
1.473469	-0.048552	-0.048907	0.010177
1.472943	-0.048275	-0.048822	0.015659
1.472418	-0.048400	-0.048552	0.004361
1.471894	-0.048607	-0.048978	0.010624
1.471370	-0.048405	-0.048591	0.005339
1.470846	-0.048058	-0.048220	0.004655
1.470323	-0.047959	-0.047902	-0.001646
1.469801	-0.047995	-0.048208	0.006108
1.469279	-0.047834	-0.047922	0.002544
1.468757	-0.047587	-0.047976	0.011133
1.468236	-0.047829	-0.048190	0.010366
1.467716	-0.048006	-0.047961	-0.001274
1.467195	-0.047485	-0.048126	0.018371
1.466676	-0.047318	-0.047882	0.016169
1.466156	-0.047139	-0.047565	0.012190
1.465638	-0.047429	-0.047560	0.003741
1.465119	-0.047140	-0.047506	0.010494
1.464601	-0.047035	-0.047605	0.016330
1.464084	-0.046984	-0.047410	0.012216
1.463567	-0.046923	-0.047407	0.013846
1.463051	-0.046425	-0.047219	0.022744
1.462535	-0.046314	-0.046890	0.016512
1.462019	-0.046505	-0.046677	0.004924
1.461504	-0.046328	-0.046729	0.011468
1.460989	-0.046190	-0.046755	0.016187
1.460475	-0.046222	-0.046497	0.007865
1.459962	-0.046238	-0.046600	0.010358
1.459448	-0.046346	-0.046524	0.005093
1.458936	-0.045709	-0.046164	0.013027
1.458423	-0.046454	-0.045986	-0.013407
1.457911	-0.046232	-0.045952	-0.008026
1.457400	-0.046049	-0.046597	0.015687
1.456889	-0.045858	-0.046432	0.016442
1.456379	-0.045589	-0.046317	0.020847
1.455869	-0.045778	-0.045985	0.005923
1.455359	-0.045363	-0.046048	0.019650
1.454850	-0.045214	-0.045427	0.006094
1.454341	-0.044778	-0.045038	0.007472
1.453833	-0.045001	-0.045568	0.016252
1.453325	-0.045081	-0.045082	0.000024
1.452818	-0.044683	-0.044737	0.001562
1.452311	-0.044143	-0.044955	0.023250
1.451805	-0.044400	-0.044635	0.006739
1.451299	-0.044212	-0.044451	0.006858
1.450793	-0.044168	-0.044064	-0.002978
1.450288	-0.043954	-0.044032	0.002228
1.449783	-0.043910	-0.044193	0.008101
1.449279	-0.043737	-0.043814	0.002208
1.448775	-0.043664	-0.043876	0.006054
1.448272	-0.043611	-0.043681	0.002015
1.447769	-0.043069	-0.043559	0.014035
1.447267	-0.043189	-0.043603	0.011861
1.446765	-0.043391	-0.043688	0.008520
1.446263	-0.043621	-0.043737	0.003305
1.445762	-0.043386	-0.043598	0.006087
1.445262	-0.043836	-0.043921	0.002429
1.444762	-0.043757	-0.043549	-0.005946
1.444262	-0.043561	-0.043741	0.005167
1.443763	-0.043084	-0.043741	0.018820
1.443264	-0.043115	-0.043664	0.015718
1.442765	-0.042640	-0.043523	0.025274
1.442267	-0.042263	-0.042709	0.012782
1.441770	-0.042583	-0.043274	0.019786
1.441273	-0.042843	-0.042926	0.002400
1.440776	-0.042582	-0.042349	-0.006652
1.440280	-0.042771	-0.042575	-0.005612
1.439784	-0.042510	-0.042602	0.002654
1.439289	-0.042394	-0.042621	0.006505
1.438794	-0.042158	-0.042162	0.000102
1.438299	-0.041768	-0.042344	0.016478
1.437805	-0.041834	-0.041922	0.002526
1.437312	-0.041586	-0.042245	0.018880
1.436819	-0.041580	-0.041994	0.011863
1.436326	-0.041680	-0.042104	0.012159
1.435834	-0.041400	-0.041865	0.013329
1.435342	-0.041032	-0.041747	0.020478
1.434850	-0.041220	-0.041494	0.007843
1.434359	-0.040746	-0.040984	0.006829
1.433869	-0.040633	-0.041153	0.014896
1.433379	-0.040763	-0.041211	0.012852
1.432889	-0.040599	-0.041308	0.020323
1.432400	-0.040598	-0.041292	0.019879
1.431911	-0.040163	-0.041067	0.025889
1.431422	-0.040467	-0.040579	0.003204
1.430934	-0.040265	-0.040438	0.004957
1.430447	-0.039998	-0.040491	0.014097
1.429960	-0.039997	-0.040626	0.018024
1.429473	-0.039547	-0.040441	0.025629
1.428987	-0.039701	-0.040045	0.009869
1.428501	-0.040068	-0.039868	-0.005722
1.428015	-0.039804	-0.040136	0.009517
1.427530	-0.039726	-0.039765	0.001136
1.427046	-0.039663	-0.039574	-0.002553
1.426561	-0.039834	-0.039387	-0.012825
1.426078	-0.039477	-0.040087	0.017471
1.425594	-0.039104	-0.039694	0.016909
1.425111	-0.039301	-0.039676	0.010764
1.424629	-0.039227	-0.039615	0.011107
1.424147	-0.039280	-0.039065	-0.006142
1.423665	-0.038788	-0.038945	0.004489
1.423184	-0.038699	-0.039237	0.015408
1.422703	-0.038474	-0.039112	0.018277
1.422223	-0.038506	-0.038986	0.013729
1.421743	-0.038204	-0.038562	0.010276
1.421263	-0.038312	-0.038473	0.004624
1.420784	-0.038131	-0.038216	0.002434
1.420306	-0.037920	-0.038255	0.009582
1.419827	-0.037630	-0.038302	0.019243
1.419349	-0.037590	-0.037723	0.003824
1.418872	-0.037495	-0.038249	0.021601
1.418395	-0.037007	-0.037447	0.012589
1.417918	-0.037044	-0.037892	0.024268
1.417442	-0.037434	-0.037507	0.002102
1.416966	-0.037543	-0.037858	0.009042
1.416491	-0.037594	-0.037468	-0.003625
1.416016	-0.037477	-0.037568	0.002594
1.415541	-0.037075	-0.037844	0.022042
1.415067	-0.037386	-0.037451	0.001879
1.414593	-0.037475	-0.037657	0.005217
1.414120	-0.037162	-0.037345	0.005253
1.413647	-0.037500	-0.037741	0.006913
1.413174	-0.037169	-0.037917	0.021426
1.412702	-0.036462	-0.037271	0.023174
1.412231	-0.036945	-0.037400	0.013042
1.411759	-0.036976	-0.037421	0.012750
1.411288	-0.036649	-0.037496	0.024269
1.410818	-0.037190	-0.037237	0.001369
1.410348	-0.036841	-0.037083	0.006940
1.409878	-0.036991	-0.037311	0.009169
1.409409	-0.036609	-0.037216	0.017396
1.408940	-0.036768	-0.037535	0.021974
1.408472	-0.037134	-0.037474	0.009731
1.408004	-0.036627	-0.036892	0.007575
1.407536	-0.036641	-0.037325	0.019605
1.407069	-0.036737	-0.036840	0.002958
1.406602	-0.036375	-0.036577	0.005793
1.406135	-0.035401	-0.036670	0.036361
1.405669	-0.036218	-0.036260	0.001189
1.405204	-0.035443	-0.036272	0.023733
1.404738	-0.036331	-0.035794	-0.015372
1.404274	-0.036104	-0.036479	0.010728
1.403809	-0.035834	-0.036086	0.007219
1.403345	-0.035790	-0.036172	0.010936
1.402882	-0.035630	-0.036233	0.017263
1.402418	-0.035517	-0.035989	0.013536
1.401955	-0.035245	-0.036155	0.026062
1.401493	-0.035226	-0.036006	0.022357
1.401031	-0.035605	-0.035934	0.009433
1.400569	-0.035450	-0.035377	-0.002076
1.400108	-0.035010	-0.035723	0.020409
1.399647	-0.034414	-0.034681	0.007667
1.399187	-0.034402	-0.034495	0.002655
1.398727	-0.034771	-0.034484	-0.008214
1.398267	-0.034309	-0.035107	0.022868
1.397808	-0.034331	-0.034578	0.007064
1.397349	-0.034548	-0.034991	0.012686
1.396890	-0.034272	-0.034968	0.019937
1.396432	-0.034504	-0.034772	0.007669
1.395974	-0.034609	-0.034337	-0.007803
1.395517	-0.033998	-0.034549	0.015778
1.395060	-0.033930	-0.034271	0.009769
1.394604	-0.034332	-0.034547	0.006180
1.394147	-0.033943	-0.034072	0.003700
1.393692	-0.033388	-0.034671	0.036759
1.393236	-0.033324	-0.033731	0.011664
1.392781	-0.033655	-0.034242	0.016808
1.392327	-0.034040	-0.034757	0.020559
1.391873	-0.033459	-0.034007	0.015686
1.391419	-0.033704	-0.033778	0.002132
1.390965	-0.033592	-0.034360	0.022012
1.390512	-0.033746	-0.034435	0.019748
