6.542578	0.001780	0.001780	0.000000
6.529189	-0.007371	-0.007371	0.000000
6.515856	-1.563647	-1.437245	-3.621148
6.502578	-1.472476	-1.424736	-1.367659
6.489355	-1.449468	-1.505610	1.608365
6.476188	-1.437510	-1.444186	0.191238
6.463075	-1.609367	-1.473376	-3.895838
6.450016	-1.532935	-1.390802	-4.071807
6.437011	-1.492546	-1.373653	-3.406033
6.424060	-1.398694	-1.485232	2.479113
6.411162	-1.431348	-1.309815	-3.481666
6.398317	-1.359599	-1.404864	1.296746
6.385525	-1.452085	-1.475903	0.682324
6.372785	-1.476520	-1.389192	-2.501765
6.360096	-1.496117	-1.340926	-4.445898
6.347460	-1.457652	-1.353904	-2.972175
6.334875	-1.530001	-1.368856	-4.616451
6.322341	-1.366359	-1.441443	2.150988
6.309857	-1.515653	-1.325813	-5.438507
6.297424	-1.524525	-1.369867	-4.430616
6.285042	-1.409961	-1.430084	0.576483
6.272709	-1.315993	-1.277699	-1.097027
6.260425	-1.395137	-1.422576	0.786068
6.248191	-1.269519	-1.255540	-0.400464
6.236005	-0.833985	-0.840858	0.196903
6.223868	-0.364250	-0.347550	-0.478443
6.211780	-0.358752	-0.353190	-0.159341
6.199740	-0.350612	-0.352475	0.053379
6.187747	-0.356620	-0.358763	0.061396
6.175802	-0.360130	-0.350132	-0.286416
6.163904	-0.340988	-0.353043	0.345356
6.152053	-0.339635	-0.354924	0.437995
6.140248	-0.360455	-0.339804	-0.591609
6.128490	-0.361178	-0.357129	-0.115990
6.116778	-0.336162	-0.343759	0.217658
6.105112	-0.351894	-0.325389	-0.759322
6.093492	-0.349874	-0.353166	0.094287
6.081916	-0.361553	-0.344956	-0.475460
6.070386	-0.353868	-0.354404	0.015342
6.058901	-0.350057	-0.352568	0.071939
6.047460	-0.356472	-0.349471	-0.200555
6.036063	-0.358081	-0.333667	-0.699412
6.024710	-0.348847	-0.329174	-0.563585
6.013401	-0.347804	-0.338192	-0.275383
6.002135	-0.362241	-0.341210	-0.602511
5.990913	-0.353892	-0.346742	-0.204844
5.979734	-0.355781	-0.355503	-0.007981
5.968597	-0.356036	-0.342187	-0.396764
5.957503	-0.335753	-0.341023	0.150966
5.946451	-0.357139	-0.343328	-0.395653
5.935442	-0.331582	-0.346022	0.413679
5.924474	-0.345357	-0.328260	-0.489796
5.913547	-0.350459	-0.344707	-0.164795
5.902662	-0.348829	-0.350321	0.042719
5.891818	-0.347662	-0.355770	0.232274
5.881015	-0.329070	-0.338798	0.278705
5.870252	-0.336194	-0.345199	0.257974
5.859530	-0.341514	-0.342256	0.021254
5.848848	-0.336684	-0.332606	-0.116836
5.838205	-0.335318	-0.338051	0.078277
5.827603	-0.337506	-0.333004	-0.128977
5.817040	-0.337399	-0.340825	0.098151
5.806516	-0.322181	-0.335753	0.388810
5.796031	-0.340266	-0.331043	-0.264232
5.785586	-0.325729	-0.332889	0.205112
5.775178	-0.329677	-0.330771	0.031356
5.764810	-0.334480	-0.331475	-0.086094
5.754479	-0.336643	-0.337449	0.023097
5.744186	-0.335098	-0.328838	-0.179321
5.733931	-0.339194	-0.326762	-0.356134
5.723714	-0.331033	-0.336167	0.147091
5.713534	-0.331882	-0.328143	-0.107111
5.703391	-0.325154	-0.318869	-0.180059
5.693285	-0.322855	-0.334520	0.334178
5.683216	-0.320803	-0.323726	0.083738
5.673184	-0.328548	-0.315733	-0.367118
5.663188	-0.341862	-0.317216	-0.706082
5.653228	-0.316140	-0.307345	-0.251964
5.643304	-0.298345	-0.301018	0.076587
5.633415	-0.306322	-0.301007	-0.152263
5.623562	-0.279800	-0.290540	0.307685
5.613745	-0.293585	-0.298147	0.130701
5.603963	-0.280976	-0.290603	0.275814
5.594216	-0.264613	-0.273466	0.253620
5.584504	-0.263299	-0.264420	0.032127
5.574826	-0.250220	-0.254113	0.111513
5.565183	-0.253998	-0.238636	-0.440064
5.555574	-0.240597	-0.235066	-0.158450
5.545999	-0.229142	-0.223737	-0.154847
5.536458	-0.224964	-0.223338	-0.046590
5.526950	-0.218462	-0.211067	-0.211857
5.517477	-0.207344	-0.209116	0.050780
5.508036	-0.202492	-0.207490	0.143181
5.498629	-0.208592	-0.199870	-0.249862
5.489255	-0.189454	-0.188495	-0.027485
5.479914	-0.189874	-0.192891	0.086432
5.470605	-0.191111	-0.183694	-0.212478
5.461329	-0.178100	-0.172878	-0.149583
5.452085	-0.175190	-0.170803	-0.125692
5.442874	-0.167061	-0.173501	0.184494
5.433694	-0.166397	-0.164563	-0.052553
5.424546	-0.162870	-0.166168	0.094466
5.415430	-0.164581	-0.153651	-0.313106
5.406345	-0.161740	-0.153498	-0.236124
5.397292	-0.148285	-0.154349	0.173733
5.388270	-0.148719	-0.145308	-0.097723
5.379279	-0.143622	-0.142804	-0.023434
5.370319	-0.140013	-0.139530	-0.013832
5.361389	-0.138057	-0.137526	-0.015234
5.352490	-0.129377	-0.136015	0.190148
5.343621	-0.133833	-0.129069	-0.136494
5.334783	-0.127669	-0.129559	0.054143
5.325975	-0.127119	-0.124855	-0.064861
5.317196	-0.123562	-0.120853	-0.077613
5.308448	-0.121089	-0.117410	-0.105408
5.299729	-0.119132	-0.117167	-0.056292
5.291039	-0.121612	-0.115039	-0.188294
5.282379	-0.111509	-0.110928	-0.016639
5.273748	-0.106966	-0.111877	0.140704
5.265146	-0.107768	-0.103239	-0.129746
5.256573	-0.103202	-0.103159	-0.001250
5.248029	-0.099891	-0.100560	0.019148
5.239513	-0.095041	-0.096808	0.050599
5.231026	-0.095836	-0.091528	-0.123391
5.222567	-0.094631	-0.091055	-0.102457
5.214136	-0.089282	-0.087335	-0.055773
5.205733	-0.085893	-0.083958	-0.055425
5.197358	-0.085832	-0.083109	-0.078007
5.189011	-0.081578	-0.083548	0.056432
5.180691	-0.077106	-0.080715	0.103368
5.172399	-0.078712	-0.076365	-0.067235
5.164135	-0.075004	-0.075207	0.005820
5.155897	-0.076376	-0.073456	-0.083643
5.147687	-0.072308	-0.071531	-0.022264
5.139503	-0.073010	-0.068142	-0.139451
5.131346	-0.070725	-0.067036	-0.105683
5.123216	-0.066943	-0.065692	-0.035817
5.115113	-0.066222	-0.061777	-0.127346
5.107036	-0.064720	-0.065973	0.035906
5.098985	-0.062250	-0.058539	-0.106317
5.090960	-0.060465	-0.058223	-0.064225
5.082962	-0.058538	-0.056858	-0.048117
5.074989	-0.058124	-0.056901	-0.035033
5.067042	-0.054698	-0.056268	0.044975
5.059121	-0.055397	-0.051335	-0.116368
5.051225	-0.053547	-0.053436	-0.003172
5.043355	-0.052337	-0.050531	-0.051735
5.035510	-0.049317	-0.048010	-0.037432
5.027690	-0.049992	-0.048021	-0.056462
5.019895	-0.048355	-0.046050	-0.066013
5.012126	-0.047685	-0.044035	-0.104568
5.004381	-0.044006	-0.044084	0.002246
4.996660	-0.042646	-0.042700	0.001546
4.988964	-0.045293	-0.040960	-0.124145
4.981293	-0.042180	-0.040005	-0.062300
4.973646	-0.041032	-0.039487	-0.044258
4.966023	-0.040914	-0.037590	-0.095249
4.958425	-0.037400	-0.036513	-0.025408
4.950850	-0.037515	-0.035906	-0.046084
4.943299	-0.035247	-0.033942	-0.037395
4.935772	-0.035558	-0.033518	-0.058436
4.928269	-0.035245	-0.032068	-0.091017
4.920789	-0.033757	-0.031365	-0.068528
4.913333	-0.032086	-0.029978	-0.060384
4.905900	-0.032658	-0.029065	-0.102932
4.898490	-0.029585	-0.028540	-0.029922
4.891103	-0.030738	-0.026906	-0.109770
4.883739	-0.028496	-0.026516	-0.056722
4.876399	-0.027441	-0.024947	-0.071428
4.869081	-0.027823	-0.024054	-0.107973
4.861785	-0.025901	-0.023156	-0.078641
4.854512	-0.025406	-0.023466	-0.055568
4.847262	-0.024861	-0.022959	-0.054497
4.840034	-0.024003	-0.020834	-0.090773
4.832829	-0.024040	-0.020211	-0.109696
4.825645	-0.023196	-0.019846	-0.095963
4.818484	-0.022902	-0.018939	-0.113532
4.811344	-0.021583	-0.019257	-0.066632
4.804227	-0.021197	-0.018902	-0.065760
4.797131	-0.021080	-0.017575	-0.100405
4.790057	-0.021117	-0.017197	-0.112300
4.783004	-0.020289	-0.018109	-0.062455
4.775973	-0.019403	-0.015905	-0.100220
4.768963	-0.018942	-0.016164	-0.079564
4.761974	-0.018715	-0.014768	-0.113057
4.755007	-0.018397	-0.014558	-0.109992
4.748061	-0.017741	-0.014123	-0.103635
4.741136	-0.016758	-0.014812	-0.055741
4.734231	-0.016324	-0.012584	-0.107135
4.727348	-0.015239	-0.012957	-0.065380
4.720485	-0.015784	-0.012008	-0.108151
4.713642	-0.014636	-0.012054	-0.073989
4.706821	-0.014104	-0.010748	-0.096128
4.700019	-0.013973	-0.010278	-0.105865
4.693238	-0.013398	-0.010164	-0.092652
4.686478	-0.012351	-0.009692	-0.076184
4.679737	-0.012279	-0.008002	-0.122525
4.673016	-0.011868	-0.008414	-0.098929
4.666316	-0.011383	-0.008345	-0.087055
4.659635	-0.011179	-0.007742	-0.098447
4.652974	-0.010604	-0.005725	-0.139777
4.646333	-0.010142	-0.005819	-0.123866
4.639711	-0.008190	-0.005261	-0.083903
4.633109	-0.008227	-0.004090	-0.118542
4.626527	-0.007705	-0.004517	-0.091326
4.619963	-0.007547	-0.003990	-0.101879
4.613420	-0.007477	-0.003631	-0.110167
4.606895	-0.006743	-0.003196	-0.101624
4.600389	-0.006196	-0.002826	-0.096545
4.593902	-0.006558	-0.002328	-0.121180
4.587435	-0.005419	-0.002529	-0.082791
4.580986	-0.005388	-0.001530	-0.110522
4.574556	-0.004576	-0.000858	-0.106527
4.568145	-0.004363	-0.001147	-0.092129
4.561752	-0.003636	-0.000587	-0.087344
4.555378	-0.003050	0.000670	-0.106554
4.549022	-0.002088	0.001016	-0.088936
4.542685	-0.001933	0.001502	-0.098391
4.536365	-0.001339	0.002012	-0.096011
4.530065	-0.001260	0.002685	-0.113006
4.523782	-0.000426	0.003094	-0.100851
4.517517	-0.000023	0.003888	-0.112029
4.511271	-0.000091	0.003893	-0.114116
4.505042	0.000892	0.004439	-0.101609
4.498831	0.001201	0.004564	-0.096362
4.492638	0.001314	0.005054	-0.107147
4.486462	0.001315	0.005272	-0.113346
4.480304	0.002195	0.005512	-0.095015
4.474164	0.001433	0.006135	-0.134685
4.468041	0.002075	0.005629	-0.101806
4.461935	0.002035	0.006071	-0.115618
4.455847	0.002577	0.005711	-0.089810
4.449776	0.002161	0.005873	-0.106364
4.443722	0.002019	0.005469	-0.098813
4.437686	0.001709	0.005304	-0.103009
4.431666	0.001350	0.005688	-0.124269
4.425663	0.001623	0.005433	-0.109149
4.419677	0.001591	0.006062	-0.128075
4.413708	0.001612	0.005792	-0.119748
4.407755	0.001605	0.005990	-0.125632
4.401820	0.002241	0.006707	-0.127937
4.395901	0.002759	0.006957	-0.120271
4.389998	0.003212	0.007230	-0.115096
4.384112	0.003499	0.007771	-0.122381
4.378242	0.003589	0.008085	-0.128797
4.372389	0.003865	0.007845	-0.114022
4.366551	0.004374	0.008899	-0.129632
4.360730	0.004515	0.008625	-0.117768
4.354925	0.004181	0.008799	-0.132315
4.349136	0.004940	0.009030	-0.117172
4.343364	0.004783	0.008325	-0.101447
4.337607	0.003707	0.008271	-0.130755
4.331865	0.003319	0.008707	-0.154358
4.326140	0.003701	0.008038	-0.124243
4.320430	0.004933	0.008479	-0.101598
4.314736	0.004367	0.008978	-0.132093
4.309058	0.005148	0.009957	-0.137769
4.303395	0.005580	0.010104	-0.129602
4.297748	0.006539	0.010874	-0.124194
4.292116	0.007304	0.011805	-0.128951
4.286499	0.008040	0.012457	-0.126530
4.280898	0.008667	0.012977	-0.123450
4.275312	0.009271	0.013386	-0.117891
4.269741	0.009470	0.014477	-0.143437
4.264185	0.010034	0.014743	-0.134908
4.258644	0.010614	0.015207	-0.131577
4.253118	0.010695	0.015381	-0.134253
4.247607	0.010715	0.015729	-0.143660
4.242111	0.011037	0.015830	-0.137318
4.236629	0.011306	0.016083	-0.136852
4.231163	0.011495	0.016260	-0.136513
4.225711	0.011674	0.016696	-0.143871
4.220274	0.012064	0.016720	-0.133391
4.214851	0.012089	0.017056	-0.142278
4.209442	0.012352	0.016942	-0.131483
4.204049	0.012191	0.017287	-0.146005
4.198669	0.012754	0.017133	-0.125466
4.193304	0.013108	0.017783	-0.133935
4.187953	0.012830	0.017963	-0.147045
4.182616	0.013043	0.017875	-0.138419
4.177294	0.013705	0.018108	-0.126147
4.171985	0.013908	0.018511	-0.131864
4.166691	0.013776	0.018614	-0.138601
4.161411	0.013925	0.018917	-0.143012
4.156144	0.014272	0.019124	-0.138998
4.150892	0.014089	0.019422	-0.152800
4.145653	0.014428	0.019556	-0.146895
4.140428	0.014706	0.019512	-0.137689
4.135217	0.014711	0.019710	-0.143220
4.130019	0.014558	0.019732	-0.148204
4.124835	0.014690	0.019989	-0.151802
4.119665	0.014475	0.019699	-0.149678
4.114508	0.014703	0.019879	-0.148283
4.109364	0.014448	0.020085	-0.161495
4.104234	0.014842	0.020153	-0.152149
4.099117	0.014750	0.020034	-0.151367
4.094014	0.015079	0.020062	-0.142758
4.088924	0.014325	0.019850	-0.158271
4.083846	0.014323	0.019711	-0.154377
4.078783	0.014332	0.020139	-0.166371
4.073732	0.014465	0.019593	-0.146904
4.068694	0.013958	0.019388	-0.155564
4.063669	0.014031	0.019490	-0.156411
4.058657	0.014276	0.019758	-0.157029
4.053658	0.014958	0.020194	-0.149984
4.048672	0.014660	0.019991	-0.152708
4.043699	0.015399	0.021126	-0.164083
4.038738	0.015822	0.021715	-0.168816
4.033790	0.016357	0.021922	-0.159427
4.028855	0.017216	0.022299	-0.145609
4.023933	0.017171	0.022842	-0.162434
4.019022	0.017423	0.023644	-0.178211
4.014125	0.018438	0.023553	-0.146535
4.009240	0.018266	0.024041	-0.165453
4.004367	0.018715	0.024425	-0.163580
3.999506	0.018830	0.024451	-0.161021
3.994658	0.018836	0.024603	-0.165206
3.989823	0.018820	0.024376	-0.159175
3.984999	0.018298	0.023931	-0.161378
3.980187	0.018234	0.023793	-0.159264
3.975388	0.018096	0.023717	-0.161030
3.970601	0.017939	0.023559	-0.160982
3.965826	0.018221	0.023275	-0.144794
3.961063	0.018274	0.023899	-0.161158
3.956311	0.018196	0.024256	-0.173586
3.951572	0.018885	0.024630	-0.164588
3.946844	0.019632	0.025318	-0.162891
3.942129	0.020017	0.025880	-0.167958
3.937425	0.020127	0.026535	-0.183579
3.932733	0.020898	0.026507	-0.160686
3.928052	0.021344	0.027276	-0.169940
3.923383	0.021705	0.027530	-0.166884
3.918726	0.021654	0.027566	-0.169362
3.914080	0.021893	0.027854	-0.170784
3.909446	0.022162	0.028066	-0.169126
3.904823	0.022431	0.028177	-0.164610
3.900212	0.022433	0.028114	-0.162739
3.895612	0.022563	0.028141	-0.159797
3.891023	0.022968	0.028251	-0.151366
3.886446	0.022728	0.028676	-0.170413
3.881880	0.023226	0.028498	-0.151032
3.877325	0.023190	0.028966	-0.165474
3.872781	0.023320	0.028710	-0.154425
3.868249	0.023166	0.028850	-0.162831
3.863727	0.023283	0.028915	-0.161361
3.859217	0.023650	0.029514	-0.167968
3.854718	0.023751	0.029607	-0.167736
3.850229	0.024186	0.029711	-0.158286
3.845752	0.023890	0.029763	-0.168240
3.841285	0.023988	0.029816	-0.166971
3.836829	0.024331	0.030108	-0.165490
3.832384	0.024670	0.030275	-0.160578
3.827950	0.024701	0.030477	-0.165482
3.823527	0.024910	0.030551	-0.161601
3.819114	0.025262	0.030556	-0.151668
3.814712	0.025316	0.030581	-0.150838
3.810321	0.025613	0.031064	-0.156150
3.805940	0.025749	0.031350	-0.160463
3.801570	0.025812	0.031370	-0.159224
3.797210	0.025872	0.031304	-0.155622
3.792860	0.026125	0.031762	-0.161493
3.788522	0.026657	0.031920	-0.150763
3.784193	0.026700	0.032034	-0.152816
3.779875	0.026957	0.032449	-0.157316
3.775567	0.027156	0.032486	-0.152711
3.771269	0.027063	0.032508	-0.155971
3.766982	0.027506	0.032726	-0.149520
3.762705	0.027961	0.032732	-0.136681
3.758438	0.028238	0.033161	-0.141033
3.754181	0.028399	0.033625	-0.149717
3.749935	0.028765	0.033681	-0.140840
3.745698	0.028939	0.033992	-0.144750
3.741472	0.029141	0.034191	-0.144667
3.737255	0.029041	0.034454	-0.155069
3.733048	0.029603	0.034703	-0.146117
3.728852	0.029717	0.034776	-0.144922
3.724665	0.029907	0.035160	-0.150476
3.720488	0.030122	0.035072	-0.141825
3.716321	0.030074	0.035330	-0.150551
3.712163	0.030375	0.035245	-0.139516
3.708016	0.030579	0.035651	-0.145309
3.703878	0.030730	0.035590	-0.139222
3.699750	0.030466	0.035705	-0.150083
3.695631	0.030790	0.035869	-0.145505
3.691522	0.030929	0.035838	-0.140635
3.687423	0.031220	0.036021	-0.137537
3.683333	0.031284	0.036236	-0.141863
3.679253	0.031479	0.036546	-0.145174
3.675182	0.031467	0.036526	-0.144931
3.671120	0.031751	0.036746	-0.143106
3.667069	0.031926	0.036831	-0.140504
3.663026	0.032120	0.037234	-0.146513
3.658993	0.032598	0.037455	-0.139120
3.654969	0.032848	0.037764	-0.140830
3.650954	0.032877	0.037819	-0.141564
3.646949	0.032737	0.037897	-0.147810
3.642953	0.032578	0.037556	-0.142587
3.638966	0.032709	0.037860	-0.147566
3.634988	0.032556	0.037455	-0.140365
3.631020	0.032587	0.037417	-0.138356
3.627060	0.032501	0.037445	-0.141654
3.623110	0.032737	0.037705	-0.142335
3.619168	0.033298	0.038023	-0.135363
3.615236	0.033511	0.038586	-0.145380
3.611312	0.033939	0.038867	-0.141178
3.607398	0.034504	0.039366	-0.139288
3.603492	0.034827	0.039699	-0.139555
3.599596	0.034972	0.039985	-0.143595
3.595708	0.035052	0.040073	-0.143838
3.591829	0.035382	0.040034	-0.133250
3.587959	0.035188	0.040107	-0.140938
3.584097	0.035221	0.040184	-0.142166
3.580244	0.035057	0.040149	-0.145865
3.576400	0.035484	0.040191	-0.134844
3.572565	0.035640	0.040663	-0.143885
3.568738	0.036000	0.040759	-0.136350
3.564920	0.036488	0.041019	-0.129795
3.561111	0.036433	0.041374	-0.141555
3.557310	0.036505	0.041611	-0.146267
3.553517	0.036996	0.041802	-0.137681
3.549734	0.037282	0.041909	-0.132572
3.545958	0.037271	0.042282	-0.143579
3.542191	0.037504	0.042258	-0.136201
3.538433	0.037690	0.042608	-0.140914
3.534683	0.037886	0.042549	-0.133586
3.530941	0.037751	0.042822	-0.145283
3.527207	0.037877	0.042615	-0.135736
3.523482	0.037898	0.042730	-0.138413
3.519765	0.037903	0.042766	-0.139298
3.516057	0.037923	0.042633	-0.134943
3.512356	0.038060	0.042833	-0.136719
3.508664	0.038142	0.042902	-0.136359
3.504980	0.037891	0.042849	-0.142026
3.501304	0.038106	0.042484	-0.125421
3.497636	0.037833	0.042731	-0.140310
3.493977	0.037935	0.042596	-0.133545
3.490325	0.037934	0.042655	-0.135253
3.486682	0.037819	0.042847	-0.144038
3.483046	0.038141	0.042666	-0.129645
3.479419	0.038425	0.042909	-0.128455
3.475799	0.038469	0.043173	-0.134737
3.472187	0.038962	0.043563	-0.131822
3.468583	0.038999	0.043580	-0.131231
3.464988	0.039546	0.044370	-0.138221
3.461400	0.040007	0.044685	-0.134027
3.457819	0.040392	0.044939	-0.130251
3.454247	0.040826	0.045295	-0.128005
3.450682	0.041163	0.045712	-0.130311
3.447125	0.041330	0.045992	-0.133575
3.443576	0.041544	0.046367	-0.138174
3.440035	0.042098	0.046677	-0.131191
3.436501	0.042029	0.046619	-0.131505
3.432975	0.042232	0.046775	-0.130148
3.429457	0.042088	0.046472	-0.125596
3.425946	0.042113	0.046700	-0.131414
3.422442	0.041855	0.046361	-0.129082
3.418947	0.041845	0.046550	-0.134789
3.415459	0.041761	0.046397	-0.132804
3.411978	0.042031	0.046168	-0.118535
3.408505	0.041744	0.046300	-0.130514
3.405039	0.042076	0.046622	-0.130241
3.401581	0.042491	0.046904	-0.126432
3.398130	0.043118	0.047313	-0.120172
3.394686	0.043137	0.047960	-0.138169
3.391250	0.043895	0.047985	-0.117174
3.387821	0.044340	0.048624	-0.122721
3.384400	0.044728	0.049063	-0.124173
3.380986	0.045017	0.049233	-0.120761
3.377579	0.045298	0.049769	-0.128096
3.374179	0.045557	0.049748	-0.120038
3.370787	0.045730	0.049867	-0.118513
3.367401	0.045788	0.049842	-0.116130
3.364023	0.045901	0.049943	-0.115789
3.360652	0.045982	0.049928	-0.113039
3.357289	0.045954	0.049899	-0.113012
3.353932	0.045728	0.049917	-0.120019
3.350582	0.045600	0.049853	-0.121845
3.347240	0.045695	0.049860	-0.119326
3.343904	0.045481	0.049602	-0.118035
3.340576	0.045615	0.049379	-0.107821
3.337255	0.045326	0.049443	-0.117940
3.333940	0.045458	0.049342	-0.111278
3.330633	0.045229	0.049295	-0.116485
3.327332	0.045036	0.049137	-0.117508
3.324038	0.045340	0.049338	-0.114513
3.320752	0.045487	0.049566	-0.116843
3.317472	0.045905	0.049721	-0.109335
3.314199	0.046276	0.050205	-0.112556
3.310933	0.046575	0.050578	-0.114692
3.307673	0.047292	0.050701	-0.097649
3.304421	0.047861	0.051635	-0.108141
3.301175	0.048231	0.051918	-0.105624
3.297936	0.048650	0.052476	-0.109608
3.294703	0.049106	0.052686	-0.102577
3.291478	0.049233	0.052986	-0.107495
3.288259	0.049504	0.052911	-0.097593
3.285046	0.049715	0.053254	-0.101392
3.281841	0.050333	0.053674	-0.095723
3.278642	0.050135	0.053500	-0.096408
3.275449	0.050095	0.053459	-0.096366
3.272263	0.049698	0.053220	-0.100905
3.269084	0.049479	0.053182	-0.106100
3.265911	0.049406	0.052684	-0.093904
3.262745	0.049206	0.052476	-0.093677
3.259585	0.049169	0.052533	-0.096352
3.256432	0.049304	0.052234	-0.083932
3.253285	0.049479	0.052398	-0.083621
3.250145	0.049758	0.052838	-0.088241
3.247011	0.050208	0.053146	-0.084181
3.243883	0.050563	0.053754	-0.091400
3.240762	0.051407	0.054164	-0.079004
3.237647	0.051730	0.054778	-0.087319
3.234539	0.052145	0.054928	-0.079730
3.231437	0.052328	0.055414	-0.088399
3.228341	0.052854	0.055507	-0.075992
3.225251	0.053339	0.055904	-0.073485
3.222168	0.052999	0.056083	-0.088351
3.219091	0.053308	0.056112	-0.080337
3.216020	0.053333	0.055806	-0.070843
3.212956	0.053606	0.056020	-0.069141
3.209897	0.053456	0.056076	-0.075051
3.206845	0.053463	0.055912	-0.070150
3.203799	0.053583	0.056094	-0.071920
3.200759	0.053857	0.056217	-0.067622
3.197725	0.054003	0.056686	-0.076851
3.194697	0.054294	0.056929	-0.075492
3.191676	0.054405	0.056774	-0.067855
3.188660	0.054407	0.056812	-0.068884
3.185651	0.054172	0.056556	-0.068287
3.182647	0.054107	0.056610	-0.071724
3.179650	0.053751	0.056173	-0.069380
3.176658	0.053921	0.056328	-0.068956
3.173673	0.054072	0.056650	-0.073860
3.170693	0.054302	0.056367	-0.059171
3.167720	0.054558	0.056939	-0.068229
3.164752	0.055038	0.057217	-0.062424
3.161790	0.055340	0.057436	-0.060039
3.158834	0.055874	0.057766	-0.054208
3.155884	0.056297	0.058242	-0.055722
3.152940	0.056634	0.058480	-0.052873
3.150001	0.056480	0.058562	-0.059651
3.147069	0.056853	0.058577	-0.049389
3.144142	0.056796	0.058540	-0.049975
3.141221	0.056499	0.058693	-0.062848
3.138306	0.056775	0.058684	-0.054707
3.135396	0.056626	0.058525	-0.054402
3.132493	0.056691	0.058262	-0.045007
3.129595	0.056779	0.058358	-0.045225
3.126702	0.056936	0.058666	-0.049569
3.123816	0.056728	0.058334	-0.045994
3.120935	0.057200	0.058636	-0.041134
3.118059	0.057460	0.058986	-0.043714
3.115190	0.057872	0.059442	-0.044985
3.112326	0.058347	0.059971	-0.046540
3.109467	0.058420	0.060002	-0.045300
3.106614	0.058589	0.060297	-0.048951
3.103767	0.058701	0.060382	-0.048145
3.100925	0.059172	0.060833	-0.047590
3.098089	0.059582	0.061037	-0.041689
3.095258	0.060013	0.061003	-0.028351
3.092433	0.059965	0.060973	-0.028870
3.089613	0.059900	0.061210	-0.037546
3.086799	0.060284	0.061542	-0.036044
3.083990	0.060245	0.061697	-0.041610
3.081187	0.060407	0.061455	-0.030024
3.078389	0.060540	0.061654	-0.031926
3.075596	0.059945	0.061254	-0.037513
3.072809	0.060261	0.061373	-0.031851
3.070027	0.060626	0.061717	-0.031254
3.067251	0.060760	0.061868	-0.031740
3.064480	0.060605	0.061811	-0.034569
3.061714	0.060830	0.062106	-0.036567
3.058954	0.061347	0.062303	-0.027390
3.056199	0.061100	0.062339	-0.035505
3.053449	0.060814	0.061901	-0.031154
3.050704	0.060585	0.061577	-0.028439
3.047965	0.060777	0.061551	-0.022173
3.045231	0.060446	0.061301	-0.024489
3.042502	0.060300	0.061398	-0.031450
3.039779	0.060410	0.061376	-0.027673
3.037060	0.060466	0.061116	-0.018606
3.034347	0.060731	0.061528	-0.022850
3.031639	0.060830	0.061894	-0.030503
3.028936	0.061139	0.061949	-0.023185
3.026238	0.061162	0.062182	-0.029225
3.023545	0.061283	0.061864	-0.016654
3.020858	0.061250	0.062017	-0.021979
3.018175	0.061377	0.061964	-0.016806
3.015498	0.061284	0.061957	-0.019261
3.012826	0.061396	0.061827	-0.012328
3.010158	0.061592	0.062241	-0.018605
3.007496	0.061754	0.062399	-0.018476
3.004839	0.062006	0.062428	-0.012092
3.002187	0.062441	0.062796	-0.010175
2.999540	0.062352	0.062964	-0.017549
2.996897	0.062356	0.062918	-0.016113
2.994260	0.062741	0.062921	-0.005133
2.991628	0.062545	0.062881	-0.009613
2.989000	0.062556	0.063045	-0.014024
2.986378	0.062710	0.062926	-0.006164
2.983760	0.062644	0.062937	-0.008413
2.981148	0.062716	0.062801	-0.002431
2.978540	0.062797	0.063116	-0.009142
2.975937	0.062922	0.063324	-0.011505
2.973339	0.063140	0.063557	-0.011928
2.970746	0.063378	0.063646	-0.007681
2.968158	0.063464	0.063821	-0.010211
2.965574	0.063852	0.064194	-0.009798
2.962995	0.064121	0.064595	-0.013574
2.960421	0.064259	0.064636	-0.010820
2.957852	0.064858	0.064911	-0.001518
2.955288	0.065287	0.065241	0.001324
2.952728	0.065726	0.065727	-0.000026
2.950173	0.066022	0.066254	-0.006648
2.947623	0.066456	0.066488	-0.000938
2.945078	0.066811	0.067085	-0.007868
2.942537	0.067297	0.067236	0.001760
2.940001	0.067457	0.067553	-0.002739
2.937469	0.067758	0.067775	-0.000483
2.934943	0.067791	0.067515	0.007910
2.932421	0.067656	0.067456	0.005744
2.929903	0.067508	0.067584	-0.002155
2.927390	0.067348	0.067228	0.003427
2.924882	0.067061	0.067146	-0.002425
2.922378	0.066667	0.067043	-0.010784
2.919879	0.066833	0.066821	0.000334
2.917385	0.066671	0.066595	0.002174
2.914895	0.066493	0.066551	-0.001637
2.912410	0.066394	0.066243	0.004341
2.909929	0.065990	0.065915	0.002132
2.907453	0.065528	0.065311	0.006201
2.904981	0.065300	0.065127	0.004968
2.902513	0.065149	0.065153	-0.000132
2.900051	0.065132	0.064953	0.005136
2.897592	0.065121	0.064831	0.008319
2.895138	0.064817	0.064739	0.002226
2.892689	0.064664	0.064459	0.005867
2.890244	0.064582	0.064528	0.001556
2.887803	0.064626	0.064348	0.007970
2.885367	0.064964	0.064511	0.012971
2.882936	0.064924	0.064411	0.014687
2.880508	0.064737	0.064292	0.012743
2.878085	0.064455	0.063836	0.017747
2.875667	0.063984	0.063462	0.014951
2.873252	0.063006	0.062500	0.014497
2.870842	0.062308	0.061666	0.018392
2.868437	0.061708	0.061237	0.013487
2.866036	0.061273	0.060804	0.013435
2.863639	0.061240	0.060813	0.012224
2.861246	0.061441	0.060943	0.014242
2.858858	0.061860	0.061316	0.015580
2.856474	0.062412	0.061839	0.016409
2.854094	0.062566	0.061927	0.018315
2.851718	0.062576	0.062018	0.015964
2.849347	0.062683	0.062289	0.011285
2.846980	0.063143	0.062378	0.021930
2.844617	0.063397	0.062700	0.019977
2.842258	0.063694	0.062985	0.020302
2.839904	0.064140	0.063524	0.017657
2.837553	0.064760	0.064036	0.020756
2.835207	0.065293	0.064649	0.018468
2.832865	0.065700	0.065024	0.019363
2.830528	0.066229	0.065503	0.020790
2.828194	0.066695	0.066020	0.019333
2.825864	0.067133	0.066438	0.019907
2.823539	0.067518	0.066644	0.025035
2.821218	0.067739	0.067158	0.016650
2.818901	0.068211	0.067484	0.020802
2.816587	0.068566	0.067857	0.020318
2.814278	0.068760	0.068069	0.019803
2.811973	0.068910	0.068235	0.019320
2.809673	0.069137	0.068349	0.022574
2.807376	0.069177	0.068479	0.019989
2.805083	0.069340	0.068488	0.024408
2.802794	0.069265	0.068326	0.026899
2.800509	0.069234	0.068419	0.023349
2.798228	0.069013	0.068187	0.023672
2.795952	0.068995	0.068222	0.022137
2.793679	0.068833	0.067970	0.024732
2.791410	0.068708	0.067818	0.025497
2.789145	0.068394	0.067528	0.024814
2.786884	0.068052	0.067110	0.026984
2.784627	0.067749	0.066785	0.027637
2.782374	0.067446	0.066420	0.029391
2.780125	0.067193	0.066265	0.026579
2.777880	0.067252	0.066252	0.028628
2.775638	0.067238	0.066292	0.027111
2.773401	0.067357	0.066365	0.028410
2.771167	0.067599	0.066625	0.027907
2.768938	0.067927	0.067058	0.024899
2.766712	0.068368	0.067444	0.026450
2.764490	0.068877	0.067957	0.026360
2.762272	0.069842	0.068790	0.030154
2.760058	0.070527	0.069641	0.025395
2.757847	0.071347	0.070331	0.029098
2.755640	0.072197	0.071226	0.027808
2.753437	0.072963	0.071991	0.027847
2.751238	0.073710	0.072664	0.029965
2.749043	0.074264	0.073187	0.030868
2.746852	0.074929	0.073797	0.032421
2.744664	0.075248	0.074128	0.032085
2.742480	0.075601	0.074493	0.031753
2.740300	0.075848	0.074639	0.034624
2.738123	0.076108	0.075023	0.031088
2.735950	0.076217	0.075046	0.033550
2.733781	0.076226	0.075037	0.034066
2.731616	0.076237	0.075051	0.033978
2.729454	0.076156	0.075021	0.032511
2.727296	0.076313	0.075100	0.034769
2.725142	0.076260	0.075162	0.031450
2.722991	0.076224	0.075162	0.030406
2.720844	0.076294	0.075052	0.035590
2.718701	0.076286	0.075120	0.033414
2.716561	0.076330	0.075197	0.032472
2.714425	0.076440	0.075237	0.034464
2.712293	0.076391	0.075165	0.035125
2.710164	0.076405	0.075236	0.033503
2.708039	0.076525	0.075336	0.034055
2.705917	0.076672	0.075426	0.035696
2.703799	0.076591	0.075386	0.034535
2.701685	0.076761	0.075472	0.036920
2.699574	0.076911	0.075680	0.035289
2.697466	0.077124	0.075942	0.033860
2.695363	0.077261	0.076060	0.034401
2.693262	0.077469	0.076208	0.036137
2.691166	0.077601	0.076321	0.036683
2.689072	0.077831	0.076525	0.037425
2.686983	0.078037	0.076659	0.039467
2.684897	0.078289	0.077019	0.036402
2.682814	0.078468	0.077118	0.038664
2.680735	0.078669	0.077326	0.038459
2.678659	0.078778	0.077568	0.034668
2.676587	0.079030	0.077728	0.037294
2.674518	0.079116	0.077876	0.035512
2.672453	0.079171	0.077963	0.034606
2.670391	0.079477	0.078206	0.036406
2.668333	0.079771	0.078456	0.037671
2.666278	0.079896	0.078624	0.036431
2.664226	0.080131	0.078840	0.036982
2.662178	0.080230	0.078875	0.038812
2.660133	0.080260	0.078934	0.037978
2.658092	0.080527	0.079223	0.037351
2.656054	0.080736	0.079430	0.037428
2.654019	0.080929	0.079581	0.038624
2.651988	0.080957	0.079570	0.039747
2.649960	0.081101	0.079721	0.039541
2.647936	0.081242	0.079869	0.039322
2.645915	0.081348	0.079945	0.040193
2.643897	0.081359	0.079967	0.039878
2.641882	0.081275	0.079900	0.039385
2.639871	0.081362	0.080023	0.038351
2.637863	0.081473	0.080065	0.040355
2.635859	0.081553	0.080168	0.039676
2.633857	0.081690	0.080244	0.041431
2.631859	0.081842	0.080452	0.039842
2.629865	0.082110	0.080676	0.041075
2.627873	0.082241	0.080898	0.038480
2.625885	0.082380	0.080948	0.041014
2.623900	0.082765	0.081342	0.040760
2.621919	0.082710	0.081364	0.038562
2.619940	0.083017	0.081641	0.039431
2.617965	0.083271	0.081851	0.040680
2.615993	0.083535	0.082117	0.040625
2.614025	0.083576	0.082212	0.039090
2.612059	0.083602	0.082244	0.038900
2.610097	0.083708	0.082318	0.039794
2.608138	0.083834	0.082480	0.038780
2.606182	0.084114	0.082670	0.041387
2.604229	0.084248	0.082811	0.041165
2.602280	0.084435	0.082989	0.041424
2.600333	0.084563	0.083186	0.039447
2.598390	0.084869	0.083454	0.040548
2.596450	0.085176	0.083759	0.040603
2.594513	0.085421	0.084031	0.039802
2.592579	0.085631	0.084198	0.041064
2.590648	0.085933	0.084482	0.041574
2.588721	0.086125	0.084743	0.039587
2.586796	0.086457	0.085083	0.039360
2.584875	0.086740	0.085316	0.040784
2.582957	0.086819	0.085369	0.041535
2.581042	0.086885	0.085477	0.040328
2.579130	0.087093	0.085700	0.039915
2.577221	0.087242	0.085816	0.040853
2.575315	0.087334	0.085934	0.040127
2.573412	0.087602	0.086182	0.040667
2.571512	0.087757	0.086315	0.041311
2.569615	0.087824	0.086450	0.039374
2.567722	0.088028	0.086612	0.040581
2.565831	0.088208	0.086746	0.041903
2.563943	0.088241	0.086846	0.039953
2.562058	0.088361	0.086901	0.041835
2.560177	0.088493	0.087093	0.040101
2.558298	0.088643	0.087251	0.039876
2.556423	0.088833	0.087433	0.040107
2.554550	0.088926	0.087506	0.040693
2.552680	0.088952	0.087539	0.040479
2.550813	0.089117	0.087706	0.040413
2.548950	0.089295	0.087858	0.041157
2.547089	0.089367	0.087953	0.040512
2.545231	0.089479	0.088072	0.040301
2.543376	0.089609	0.088235	0.039372
2.541524	0.089746	0.088332	0.040497
2.539675	0.089879	0.088513	0.039122
2.537829	0.090101	0.088700	0.040131
2.535986	0.090187	0.088809	0.039479
2.534146	0.090257	0.088870	0.039732
2.532308	0.090297	0.088867	0.040945
2.530474	0.090524	0.089144	0.039545
2.528642	0.090683	0.089348	0.038242
2.526814	0.090887	0.089555	0.038146
2.524988	0.091110	0.089675	0.041120
2.523165	0.091244	0.089887	0.038873
2.521345	0.091323	0.089923	0.040108
2.519528	0.091486	0.090111	0.039409
2.517714	0.091651	0.090287	0.039076
2.515902	0.091857	0.090502	0.038821
2.514093	0.092093	0.090684	0.040364
2.512288	0.092123	0.090769	0.038773
2.510485	0.092267	0.090912	0.038792
2.508684	0.092441	0.091051	0.039819
2.506887	0.092570	0.091199	0.039281
2.505092	0.092690	0.091368	0.037875
2.503301	0.092852	0.091477	0.039407
2.501512	0.092938	0.091602	0.038273
2.499726	0.092916	0.091563	0.038757
2.497942	0.092871	0.091553	0.037755
2.496162	0.092862	0.091512	0.038685
2.494384	0.093021	0.091665	0.038851
2.492609	0.093214	0.091909	0.037398
2.490836	0.093246	0.091955	0.036981
2.489067	0.093318	0.091986	0.038174
2.487300	0.093404	0.092118	0.036820
2.485536	0.093583	0.092209	0.039346
2.483774	0.093634	0.092317	0.037729
2.482016	0.093684	0.092362	0.037865
2.480260	0.093793	0.092475	0.037749
2.478507	0.094019	0.092699	0.037805
2.476756	0.094094	0.092794	0.037228
2.475008	0.094188	0.092895	0.037036
2.473263	0.094228	0.092972	0.035963
2.471521	0.094359	0.093083	0.036546
2.469781	0.094438	0.093155	0.036751
2.468044	0.094471	0.093216	0.035946
2.466309	0.094765	0.093504	0.036138
2.464578	0.094815	0.093497	0.037742
2.462848	0.094912	0.093715	0.034293
2.461122	0.094973	0.093760	0.034751
2.459398	0.095171	0.093901	0.036385
2.457677	0.095427	0.094174	0.035882
2.455958	0.095453	0.094243	0.034661
2.454243	0.095542	0.094396	0.032828
2.452529	0.095701	0.094481	0.034962
2.450819	0.095634	0.094437	0.034287
2.449111	0.095801	0.094546	0.035966
2.447405	0.095884	0.094648	0.035424
2.445702	0.095909	0.094673	0.035420
2.444002	0.095942	0.094716	0.035107
2.442304	0.095905	0.094662	0.035614
2.440609	0.095896	0.094670	0.035108
2.438917	0.096079	0.094837	0.035567
2.437227	0.096271	0.095010	0.036128
2.435539	0.096381	0.095195	0.033968
2.433854	0.096582	0.095398	0.033897
2.432172	0.096629	0.095472	0.033152
2.430492	0.096639	0.095502	0.032555
2.428815	0.096755	0.095547	0.034596
2.427140	0.096819	0.095674	0.032801
2.425468	0.096787	0.095609	0.033750
2.423799	0.096790	0.095649	0.032670
2.422131	0.096866	0.095733	0.032457
2.420467	0.096993	0.095861	0.032452
2.418805	0.097207	0.095983	0.035058
2.417145	0.097219	0.096096	0.032171
2.415488	0.097342	0.096240	0.031558
2.413833	0.097490	0.096350	0.032663
2.412181	0.097534	0.096400	0.032509
2.410532	0.097589	0.096454	0.032537
2.408884	0.097719	0.096582	0.032582
2.407240	0.097765	0.096699	0.030548
2.405598	0.097890	0.096706	0.033930
2.403958	0.097818	0.096694	0.032190
2.402320	0.097754	0.096681	0.030730
2.400685	0.097826	0.096765	0.030409
2.399053	0.098019	0.096924	0.031367
2.397423	0.098143	0.097080	0.030444
2.395795	0.098281	0.097252	0.029468
2.394170	0.098477	0.097386	0.031235
2.392547	0.098592	0.097540	0.030146
2.390927	0.098599	0.097555	0.029915
2.389309	0.098697	0.097690	0.028829
2.387694	0.098788	0.097762	0.029386
2.386081	0.098857	0.097853	0.028762
2.384470	0.098912	0.097891	0.029250
2.382861	0.099066	0.097967	0.031472
2.381255	0.099132	0.098171	0.027556
2.379652	0.099359	0.098371	0.028318
2.378051	0.099477	0.098503	0.027899
2.376452	0.099668	0.098646	0.029284
2.374855	0.099674	0.098660	0.029031
2.373261	0.099815	0.098786	0.029476
2.371669	0.100027	0.098990	0.029725
2.370080	0.100184	0.099213	0.027830
2.368493	0.100340	0.099319	0.029261
2.366908	0.100457	0.099420	0.029701
2.365326	0.100542	0.099558	0.028200
2.363745	0.100524	0.099525	0.028615
2.362168	0.100487	0.099546	0.026961
2.360592	0.100573	0.099552	0.029259
2.359019	0.100683	0.099749	0.026770
2.357448	0.100922	0.099984	0.026890
2.355880	0.101237	0.100238	0.028613
2.354313	0.101270	0.100411	0.024628
2.352749	0.101494	0.100523	0.027796
2.351188	0.101444	0.100591	0.024448
2.349628	0.101577	0.100639	0.026855
2.348071	0.101712	0.100826	0.025366
2.346516	0.101817	0.100874	0.026993
2.344964	0.101922	0.101043	0.025189
2.343413	0.102090	0.101165	0.026495
2.341865	0.102128	0.101297	0.023826
2.340319	0.102279	0.101420	0.024592
2.338776	0.102379	0.101469	0.026063
2.337235	0.102524	0.101652	0.024982
2.335695	0.102633	0.101702	0.026671
2.334159	0.102601	0.101753	0.024296
2.332624	0.102549	0.101676	0.025030
2.331091	0.102688	0.101900	0.022564
2.329561	0.102819	0.101925	0.025626
2.328033	0.102835	0.102063	0.022121
2.326508	0.103138	0.102272	0.024811
2.324984	0.103238	0.102388	0.024344
2.323463	0.103412	0.102535	0.025133
2.321943	0.103682	0.102836	0.024239
2.320426	0.103640	0.102885	0.021628
2.318912	0.103754	0.102903	0.024385
2.317399	0.103909	0.103156	0.021570
2.315888	0.104063	0.103277	0.022523
2.314380	0.104269	0.103421	0.024312
2.312874	0.104487	0.103729	0.021719
2.311370	0.104721	0.103944	0.022257
2.309868	0.104991	0.104152	0.024033
2.308369	0.104944	0.104188	0.021655
2.306871	0.105129	0.104354	0.022186
2.305376	0.105361	0.104537	0.023625
2.303883	0.105376	0.104660	0.020525
2.302392	0.105266	0.104524	0.021248
2.300903	0.105360	0.104600	0.021765
2.299416	0.105439	0.104639	0.022928
2.297931	0.105687	0.104914	0.022152
2.296449	0.105904	0.105115	0.022602
2.294968	0.106099	0.105324	0.022223
2.293490	0.106223	0.105448	0.022195
2.292013	0.106209	0.105570	0.018323
2.290539	0.106309	0.105536	0.022137
2.289067	0.106332	0.105631	0.020082
2.287597	0.106298	0.105605	0.019846
2.286129	0.106180	0.105470	0.020359
2.284664	0.106352	0.105631	0.020646
2.283200	0.106402	0.105818	0.016727
2.281738	0.106602	0.105869	0.021003
2.280279	0.106750	0.105976	0.022181
2.278821	0.106853	0.106222	0.018067
2.277366	0.106891	0.106312	0.016602
2.275912	0.107157	0.106471	0.019666
2.274461	0.107217	0.106592	0.017895
2.273012	0.107393	0.106700	0.019845
2.271564	0.107415	0.106787	0.018005
2.270119	0.107560	0.106897	0.019008
2.268676	0.107617	0.106975	0.018388
2.267235	0.107843	0.107209	0.018142
2.265796	0.107854	0.107243	0.017528
2.264359	0.107949	0.107299	0.018634
2.262923	0.108110	0.107392	0.020566
2.261490	0.108176	0.107468	0.020268
2.260059	0.108206	0.107611	0.017026
2.258630	0.108424	0.107781	0.018397
2.257203	0.108737	0.108068	0.019158
2.255778	0.108912	0.108263	0.018613
2.254355	0.109117	0.108438	0.019442
2.252934	0.109111	0.108481	0.018071
2.251515	0.109193	0.108654	0.015435
2.250098	0.109470	0.108887	0.016720
2.248683	0.109741	0.109126	0.017644
2.247269	0.110071	0.109540	0.015206
2.245858	0.110283	0.109737	0.015644
2.244449	0.110333	0.109781	0.015811
2.243042	0.110365	0.109775	0.016912
2.241636	0.110431	0.109896	0.015302
2.240233	0.110419	0.109875	0.015584
2.238832	0.110506	0.109884	0.017799
2.237432	0.110471	0.109875	0.017083
2.236035	0.110489	0.109837	0.018680
2.234639	0.110521	0.109941	0.016607
2.233245	0.110456	0.109901	0.015906
2.231854	0.110550	0.110049	0.014359
2.230464	0.110628	0.110104	0.015005
2.229076	0.110606	0.110049	0.015966
2.227690	0.110664	0.110194	0.013464
2.226306	0.110873	0.110349	0.015023
2.224924	0.111056	0.110501	0.015892
2.223544	0.111207	0.110687	0.014872
2.222165	0.111288	0.110796	0.014082
2.220789	0.111348	0.110831	0.014805
2.219414	0.111401	0.110868	0.015267
2.218042	0.111580	0.111029	0.015786
2.216671	0.111689	0.111115	0.016442
2.215302	0.111719	0.111223	0.014228
2.213935	0.111792	0.111354	0.012560
2.212570	0.111834	0.111387	0.012809
2.211207	0.112028	0.111530	0.014283
2.209845	0.112029	0.111549	0.013748
2.208486	0.112041	0.111543	0.014267
2.207128	0.112088	0.111565	0.014985
2.205772	0.112175	0.111759	0.011904
2.204418	0.112243	0.111846	0.011371
2.203066	0.112242	0.111762	0.013757
2.201716	0.112362	0.111953	0.011726
2.200367	0.112496	0.112090	0.011621
2.199021	0.112558	0.112205	0.010132
2.197676	0.112610	0.112194	0.011911
2.196333	0.112710	0.112193	0.014809
2.194992	0.112759	0.112371	0.011105
2.193653	0.113050	0.112575	0.013622
2.192315	0.113217	0.112774	0.012683
2.190980	0.113334	0.112900	0.012413
2.189646	0.113555	0.113150	0.011604
2.188314	0.113781	0.113291	0.014039
2.186984	0.113846	0.113438	0.011698
2.185655	0.113944	0.113511	0.012409
2.184328	0.114003	0.113542	0.013196
2.183004	0.113848	0.113341	0.014534
2.181681	0.113865	0.113539	0.009346
2.180359	0.113995	0.113605	0.011180
2.179040	0.114063	0.113690	0.010699
2.177722	0.114187	0.113787	0.011465
2.176406	0.114427	0.113890	0.015400
2.175092	0.114355	0.113995	0.010309
2.173780	0.114530	0.114166	0.010425
2.172469	0.114536	0.114216	0.009180
2.171160	0.114572	0.114150	0.012073
2.169853	0.114758	0.114348	0.011730
2.168548	0.114783	0.114450	0.009528
2.167244	0.114826	0.114456	0.010598
2.165943	0.115065	0.114657	0.011673
2.164643	0.115225	0.114883	0.009787
2.163344	0.115333	0.114939	0.011269
2.162048	0.115353	0.115052	0.008622
2.160753	0.115417	0.114998	0.012007
2.159460	0.115524	0.115082	0.012674
2.158168	0.115533	0.115176	0.010226
2.156879	0.115604	0.115224	0.010866
2.155591	0.115643	0.115296	0.009959
2.154304	0.115784	0.115416	0.010550
2.153020	0.115937	0.115588	0.009996
2.151737	0.115949	0.115656	0.008393
2.150456	0.116208	0.115838	0.010600
2.149177	0.116197	0.115911	0.008219
2.147899	0.116354	0.116024	0.009442
2.146623	0.116275	0.115997	0.007963
2.145349	0.116531	0.116231	0.008608
2.144076	0.116658	0.116311	0.009953
2.142805	0.116700	0.116310	0.011157
2.141536	0.116615	0.116270	0.009869
2.140268	0.116674	0.116407	0.007641
2.139002	0.116736	0.116470	0.007622
2.137738	0.116689	0.116453	0.006763
2.136476	0.116880	0.116609	0.007743
2.135215	0.116902	0.116625	0.007932
2.133956	0.117150	0.116736	0.011859
2.132698	0.117026	0.116701	0.009309
2.131442	0.117059	0.116816	0.006967
2.130188	0.117214	0.116813	0.011481
2.128935	0.117252	0.116831	0.012057
2.127684	0.117325	0.117001	0.009273
2.126435	0.117602	0.117270	0.009516
2.125187	0.117819	0.117521	0.008530
2.123941	0.117823	0.117497	0.009335
2.122697	0.117863	0.117644	0.006274
2.121454	0.117885	0.117642	0.006961
2.120213	0.117979	0.117729	0.007157
2.118974	0.118142	0.117860	0.008078
2.117736	0.118175	0.117842	0.009557
2.116500	0.118178	0.117904	0.007859
2.115265	0.118281	0.117985	0.008487
2.114032	0.118251	0.117990	0.007474
2.112801	0.118293	0.117989	0.008718
2.111571	0.118299	0.118031	0.007669
2.110343	0.118558	0.118318	0.006886
2.109116	0.118682	0.118370	0.008919
2.107891	0.118723	0.118524	0.005689
2.106668	0.118923	0.118607	0.009048
2.105446	0.119133	0.118835	0.008546
2.104226	0.119175	0.118950	0.006438
2.103007	0.119410	0.119087	0.009253
2.101790	0.119549	0.119217	0.009499
2.100575	0.119593	0.119306	0.008220
2.099361	0.119647	0.119420	0.006493
2.098149	0.119776	0.119422	0.010142
2.096938	0.119844	0.119580	0.007570
2.095729	0.119906	0.119652	0.007293
2.094521	0.119968	0.119753	0.006148
2.093315	0.120110	0.119847	0.007538
2.092111	0.120028	0.119862	0.004754
2.090908	0.120055	0.119839	0.006179
2.089707	0.120264	0.119937	0.009359
2.088507	0.120237	0.119981	0.007331
2.087309	0.120252	0.120011	0.006894
2.086112	0.120305	0.120055	0.007162
2.084917	0.120250	0.119983	0.007649
2.083723	0.120451	0.120093	0.010245
2.082531	0.120530	0.120345	0.005295
2.081341	0.120847	0.120611	0.006746
2.080152	0.120926	0.120592	0.009591
2.078964	0.120996	0.120658	0.009673
2.077778	0.120751	0.120516	0.006752
2.076594	0.120626	0.120354	0.007796
2.075411	0.120540	0.120347	0.005526
2.074230	0.120785	0.120584	0.005779
2.073050	0.120916	0.120705	0.006038
2.071871	0.121075	0.120792	0.008112
2.070694	0.121107	0.120892	0.006171
2.069519	0.121194	0.120897	0.008485
2.068345	0.121360	0.121055	0.008737
2.067173	0.121539	0.121407	0.003771
2.066002	0.121427	0.121253	0.004990
2.064833	0.121462	0.121199	0.007535
2.063665	0.121437	0.121143	0.008407
2.062498	0.121429	0.121256	0.004956
2.061333	0.121652	0.121368	0.008130
2.060170	0.121788	0.121555	0.006696
2.059008	0.122025	0.121762	0.007535
2.057848	0.122371	0.122065	0.008750
2.056689	0.122483	0.122176	0.008786
2.055531	0.122622	0.122416	0.005901
2.054375	0.122523	0.122290	0.006675
2.053221	0.122499	0.122297	0.005776
2.052067	0.122555	0.122243	0.008948
2.050916	0.122659	0.122481	0.005094
2.049766	0.122818	0.122658	0.004579
2.048617	0.123130	0.122812	0.009115
2.047470	0.123180	0.123068	0.003196
2.046324	0.123187	0.123008	0.005129
2.045179	0.123209	0.123071	0.003967
2.044036	0.123249	0.123081	0.004816
2.042895	0.123183	0.122952	0.006607
2.041755	0.123165	0.123048	0.003361
2.040616	0.123107	0.122859	0.007101
2.039479	0.123362	0.123144	0.006229
2.038343	0.123574	0.123375	0.005687
2.037209	0.123702	0.123517	0.005299
2.036076	0.123899	0.123654	0.007020
2.034945	0.124056	0.123905	0.004332
2.033815	0.124281	0.124086	0.005579
2.032686	0.124318	0.124142	0.005027
2.031559	0.124300	0.124052	0.007096
2.030433	0.124355	0.124112	0.006973
2.029309	0.124402	0.124312	0.002561
2.028186	0.124507	0.124405	0.002942
2.027064	0.124595	0.124422	0.004969
2.025944	0.124623	0.124494	0.003687
2.024825	0.124626	0.124473	0.004369
2.023708	0.124697	0.124447	0.007170
2.022592	0.124780	0.124502	0.007984
2.021477	0.124973	0.124775	0.005678
2.020364	0.125048	0.124952	0.002746
2.019252	0.125307	0.125180	0.003646
2.018142	0.125483	0.125270	0.006098
2.017033	0.125483	0.125373	0.003128
2.015925	0.125562	0.125414	0.004234
2.014819	0.125689	0.125516	0.004961
2.013714	0.125753	0.125549	0.005825
2.012610	0.125991	0.125746	0.007018
2.011508	0.126137	0.125977	0.004571
2.010407	0.126261	0.126035	0.006486
2.009308	0.126349	0.126191	0.004514
2.008210	0.126378	0.126118	0.007457
2.007113	0.126266	0.126136	0.003719
2.006018	0.126449	0.126270	0.005130
2.004924	0.126446	0.126329	0.003354
2.003831	0.126554	0.126381	0.004956
2.002740	0.126667	0.126482	0.005317
2.001650	0.126695	0.126557	0.003959
2.000561	0.126767	0.126560	0.005947
1.999474	0.126801	0.126749	0.001506
1.998388	0.127085	0.126877	0.005984
1.997303	0.127312	0.127124	0.005393
1.996220	0.127585	0.127381	0.005834
1.995138	0.127933	0.127639	0.008412
1.994058	0.128149	0.127932	0.006209
1.992978	0.128301	0.128097	0.005858
1.991901	0.128443	0.128245	0.005661
1.990824	0.128759	0.128566	0.005534
1.989749	0.128784	0.128666	0.003388
1.988675	0.128868	0.128752	0.003310
1.987602	0.128949	0.128708	0.006904
1.986531	0.128941	0.128711	0.006588
1.985461	0.128858	0.128646	0.006071
1.984392	0.128945	0.128791	0.004389
1.983325	0.129019	0.128876	0.004092
1.982259	0.129079	0.129030	0.001395
1.981194	0.129143	0.128968	0.005009
1.980130	0.129291	0.129108	0.005236
1.979068	0.129491	0.129262	0.006548
1.978007	0.129519	0.129335	0.005267
1.976948	0.129685	0.129545	0.004006
1.975889	0.129845	0.129625	0.006305
1.974832	0.129880	0.129732	0.004248
1.973777	0.129844	0.129661	0.005236
1.972722	0.129967	0.129818	0.004258
1.971669	0.130040	0.129813	0.006489
1.970617	0.130014	0.129868	0.004194
1.969566	0.130010	0.129927	0.002385
1.968517	0.130171	0.129946	0.006460
1.967469	0.130244	0.130084	0.004579
1.966422	0.130317	0.130132	0.005283
1.965377	0.130532	0.130352	0.005165
1.964333	0.130746	0.130655	0.002622
1.963290	0.130872	0.130681	0.005453
1.962248	0.131079	0.130948	0.003753
1.961207	0.131231	0.131035	0.005614
1.960168	0.131232	0.131175	0.001631
1.959130	0.131240	0.131004	0.006762
1.958094	0.131144	0.130959	0.005300
1.957058	0.131213	0.131032	0.005162
1.956024	0.131246	0.131030	0.006193
1.954991	0.131294	0.131061	0.006652
1.953959	0.131353	0.131146	0.005938
1.952929	0.131416	0.131209	0.005913
1.951900	0.131343	0.131142	0.005768
1.950872	0.131206	0.131099	0.003070
1.949845	0.131174	0.131024	0.004297
1.948819	0.131405	0.131133	0.007776
1.947795	0.131429	0.131306	0.003519
1.946772	0.131666	0.131480	0.005337
1.945750	0.131821	0.131642	0.005115
1.944729	0.131817	0.131658	0.004538
1.943710	0.132052	0.131815	0.006786
1.942692	0.132130	0.131967	0.004689
1.941675	0.132188	0.132078	0.003155
1.940659	0.132389	0.132233	0.004453
1.939645	0.132515	0.132319	0.005628
1.938631	0.132523	0.132333	0.005432
1.937619	0.132665	0.132580	0.002434
1.936608	0.132727	0.132618	0.003122
1.935599	0.132844	0.132732	0.003224
1.934590	0.133026	0.132839	0.005380
1.933583	0.133087	0.132855	0.006660
1.932577	0.133119	0.132882	0.006797
1.931572	0.133141	0.132950	0.005470
1.930568	0.133294	0.133091	0.005792
1.929566	0.133456	0.133248	0.005961
1.928565	0.133593	0.133407	0.005337
1.927565	0.133748	0.133602	0.004178
1.926566	0.133788	0.133660	0.003670
1.925568	0.133774	0.133609	0.004716
1.924571	0.133774	0.133520	0.007283
1.923576	0.133750	0.133458	0.008371
1.922582	0.133708	0.133573	0.003874
1.921589	0.133787	0.133543	0.006987
1.920597	0.133958	0.133733	0.006434
1.919606	0.134045	0.133839	0.005909
1.918617	0.134143	0.133847	0.008469
1.917629	0.134255	0.134104	0.004319
1.916641	0.134269	0.134078	0.005467
1.915655	0.134344	0.134200	0.004117
1.914671	0.134387	0.134236	0.004318
1.913687	0.134572	0.134434	0.003980
1.912704	0.134844	0.134614	0.006594
1.911723	0.134630	0.134466	0.004685
1.910743	0.134789	0.134597	0.005508
1.909764	0.134850	0.134682	0.004794
1.908786	0.134840	0.134709	0.003759
1.907809	0.134988	0.134819	0.004829
1.906834	0.135028	0.134832	0.005627
1.905859	0.134867	0.134583	0.008133
1.904886	0.134811	0.134602	0.005987
1.903914	0.134813	0.134615	0.005683
1.902943	0.134887	0.134719	0.004811
1.901973	0.135009	0.134908	0.002898
1.901004	0.135099	0.134992	0.003051
1.900036	0.135250	0.135107	0.004098
1.899070	0.135524	0.135353	0.004883
1.898105	0.135806	0.135628	0.005110
1.897140	0.135878	0.135728	0.004309
1.896177	0.135786	0.135592	0.005541
1.895215	0.135867	0.135627	0.006860
1.894254	0.135853	0.135628	0.006433
1.893295	0.135853	0.135665	0.005409
1.892336	0.136023	0.135888	0.003863
1.891378	0.136136	0.135992	0.004139
1.890422	0.136299	0.136117	0.005210
1.889467	0.136288	0.136118	0.004877
1.888513	0.136402	0.136176	0.006455
1.887560	0.136428	0.136210	0.006253
1.886608	0.136385	0.136307	0.002250
1.885657	0.136504	0.136336	0.004831
1.884707	0.136798	0.136623	0.005025
1.883758	0.136691	0.136482	0.005975
1.882811	0.136588	0.136424	0.004683
1.881864	0.136775	0.136512	0.007533
1.880919	0.136841	0.136599	0.006919
1.879975	0.136941	0.136746	0.005607
1.879032	0.137216	0.137010	0.005928
1.878090	0.137263	0.137065	0.005687
1.877149	0.137172	0.137068	0.002998
1.876209	0.137101	0.136955	0.004182
1.875270	0.137044	0.136942	0.002929
1.874332	0.137173	0.136954	0.006268
1.873396	0.137285	0.137047	0.006818
1.872460	0.137415	0.137274	0.004034
1.871525	0.137523	0.137342	0.005171
1.870592	0.137558	0.137324	0.006694
1.869660	0.137578	0.137439	0.003991
1.868728	0.137607	0.137458	0.004285
1.867798	0.137622	0.137433	0.005415
1.866869	0.137614	0.137471	0.004095
1.865941	0.137656	0.137480	0.005046
1.865014	0.137672	0.137475	0.005639
1.864088	0.137659	0.137427	0.006661
1.863163	0.137637	0.137468	0.004851
1.862239	0.137641	0.137442	0.005686
1.861317	0.137743	0.137464	0.007989
1.860395	0.137621	0.137391	0.006610
1.859474	0.137638	0.137445	0.005537
1.858555	0.137753	0.137626	0.003634
1.857636	0.137937	0.137739	0.005657
1.856719	0.138078	0.137882	0.005596
1.855802	0.138339	0.138089	0.007157
1.854887	0.138382	0.138167	0.006151
1.853973	0.138365	0.138170	0.005575
1.853059	0.138460	0.138261	0.005703
1.852147	0.138360	0.138164	0.005601
1.851236	0.138358	0.138145	0.006110
1.850326	0.138484	0.138271	0.006103
1.849416	0.138673	0.138442	0.006625
1.848508	0.138713	0.138540	0.004958
1.847601	0.138833	0.138715	0.003403
1.846695	0.138848	0.138517	0.009490
1.845790	0.138970	0.138772	0.005668
1.844886	0.138986	0.138815	0.004885
1.843983	0.138990	0.138806	0.005262
1.843081	0.139060	0.138829	0.006633
1.842180	0.139074	0.138879	0.005588
1.841280	0.138926	0.138861	0.001875
1.840381	0.139182	0.138992	0.005442
1.839484	0.139210	0.139044	0.004762
1.838587	0.139279	0.139065	0.006151
1.837691	0.139501	0.139265	0.006764
1.836796	0.139662	0.139362	0.008576
1.835902	0.139754	0.139610	0.004116
1.835009	0.139836	0.139685	0.004323
1.834118	0.139816	0.139562	0.007288
1.833227	0.139745	0.139618	0.003645
1.832337	0.139816	0.139571	0.007003
1.831448	0.139560	0.139360	0.005712
1.830560	0.139516	0.139391	0.003585
1.829674	0.139372	0.139220	0.004372
1.828788	0.139546	0.139284	0.007509
1.827903	0.139537	0.139460	0.002189
1.827019	0.139694	0.139484	0.006021
1.826136	0.139945	0.139680	0.007619
1.825255	0.140064	0.139822	0.006926
1.824374	0.140217	0.140086	0.003752
1.823494	0.140654	0.140449	0.005888
1.822615	0.141021	0.140650	0.010633
1.821737	0.141301	0.141021	0.008030
1.820860	0.141289	0.141045	0.006989
1.819984	0.141310	0.141155	0.004443
1.819109	0.141267	0.141066	0.005751
1.818235	0.141330	0.141118	0.006078
1.817362	0.141248	0.141147	0.002916
1.816490	0.141371	0.141082	0.008297
1.815619	0.141174	0.140951	0.006410
1.814749	0.141065	0.140748	0.009092
1.813880	0.141039	0.140734	0.008735
1.813012	0.141120	0.140899	0.006342
1.812145	0.141122	0.140936	0.005343
1.811279	0.141168	0.140823	0.009879
1.810413	0.141361	0.141052	0.008843
1.809549	0.141367	0.141128	0.006851
1.808686	0.141439	0.141120	0.009136
1.807824	0.141489	0.141362	0.003616
1.806962	0.141827	0.141540	0.008243
1.806102	0.142053	0.141869	0.005287
1.805242	0.142297	0.142121	0.005042
1.804384	0.142367	0.142161	0.005924
1.803526	0.142366	0.142139	0.006502
1.802670	0.142428	0.142169	0.007409
1.801814	0.142339	0.142200	0.003993
1.800959	0.142457	0.142075	0.010952
1.800105	0.142471	0.142112	0.010277
1.799252	0.142444	0.142201	0.006955
1.798401	0.142376	0.142144	0.006640
1.797550	0.142483	0.142135	0.009971
1.796700	0.142662	0.142450	0.006065
1.795851	0.142735	0.142562	0.004962
1.795002	0.142882	0.142865	0.000506
1.794155	0.143152	0.142869	0.008129
1.793309	0.143387	0.143077	0.008858
1.792464	0.143193	0.142905	0.008244
1.791619	0.143149	0.142955	0.005542
1.790776	0.143208	0.142945	0.007525
1.789933	0.143277	0.143001	0.007907
1.789092	0.143026	0.142889	0.003944
1.788251	0.143006	0.142852	0.004394
1.787411	0.143077	0.142683	0.011304
1.786572	0.143095	0.142921	0.004983
1.785734	0.143149	0.142785	0.010420
1.784897	0.143115	0.142865	0.007147
1.784061	0.143308	0.143164	0.004129
1.783226	0.143311	0.143023	0.008238
1.782392	0.143669	0.143445	0.006410
1.781558	0.143994	0.143730	0.007569
1.780726	0.143946	0.143784	0.004642
1.779894	0.144009	0.143747	0.007503
1.779064	0.144051	0.143881	0.004845
1.778234	0.144025	0.143776	0.007149
1.777405	0.144002	0.143705	0.008519
1.776577	0.144001	0.143796	0.005896
1.775750	0.144089	0.143791	0.008531
1.774924	0.144216	0.143818	0.011410
1.774099	0.144054	0.143880	0.004963
1.773275	0.143967	0.143632	0.009594
1.772451	0.144154	0.143909	0.007031
1.771629	0.144324	0.144054	0.007710
1.770807	0.144466	0.144182	0.008126
1.769986	0.144572	0.144300	0.007809
1.769167	0.144802	0.144545	0.007368
1.768348	0.145175	0.144837	0.009707
1.767530	0.145263	0.144837	0.012199
1.766712	0.145328	0.145018	0.008896
1.765896	0.145394	0.145021	0.010707
1.765081	0.145189	0.144915	0.007835
1.764266	0.145233	0.144903	0.009466
1.763453	0.145189	0.145021	0.004821
1.762640	0.145128	0.144758	0.010605
1.761828	0.145337	0.145015	0.009225
1.761017	0.145385	0.145023	0.010396
1.760207	0.145308	0.145035	0.007823
1.759398	0.145549	0.145252	0.008504
1.758589	0.145717	0.145531	0.005344
1.757782	0.145735	0.145489	0.007047
1.756975	0.145851	0.145551	0.008584
1.756169	0.146011	0.145713	0.008556
1.755365	0.146153	0.145951	0.005778
1.754560	0.146181	0.145836	0.009898
1.753757	0.146096	0.145726	0.010580
1.752955	0.146220	0.145882	0.009666
1.752154	0.146243	0.145998	0.007027
1.751353	0.146178	0.145970	0.005977
1.750553	0.146370	0.146093	0.007924
1.749755	0.146448	0.146045	0.011528
1.748957	0.146583	0.146253	0.009459
1.748159	0.146569	0.146323	0.007049
1.747363	0.146524	0.146241	0.008107
1.746568	0.146461	0.146103	0.010261
1.745773	0.146614	0.146269	0.009875
1.744979	0.146554	0.146395	0.004549
1.744187	0.146847	0.146657	0.005446
1.743395	0.146796	0.146593	0.005826
1.742603	0.147117	0.146851	0.007628
1.741813	0.147132	0.146926	0.005887
1.741024	0.147134	0.146778	0.010209
1.740235	0.147137	0.146827	0.008885
1.739447	0.147160	0.146801	0.010293
1.738660	0.147178	0.146939	0.006845
1.737874	0.147279	0.146988	0.008327
1.737089	0.147344	0.147011	0.009538
1.736304	0.147387	0.147047	0.009739
1.735521	0.147608	0.147205	0.011526
1.734738	0.147786	0.147492	0.008414
1.733956	0.147916	0.147575	0.009781
1.733175	0.148144	0.147895	0.007137
1.732395	0.148480	0.148038	0.012648
1.731615	0.148529	0.148276	0.007233
1.730837	0.148763	0.148268	0.014177
1.730059	0.148833	0.148425	0.011691
1.729282	0.148898	0.148524	0.010725
1.728506	0.148947	0.148580	0.010511
1.727730	0.148809	0.148573	0.006769
1.726956	0.148814	0.148408	0.011635
1.726182	0.148719	0.148555	0.004693
1.725409	0.148758	0.148484	0.007863
1.724637	0.148981	0.148598	0.010957
1.723866	0.149052	0.148724	0.009396
1.723096	0.149091	0.148757	0.009571
1.722326	0.149055	0.148814	0.006906
1.721557	0.149051	0.148776	0.007877
1.720789	0.149371	0.148988	0.010966
1.720022	0.149457	0.149050	0.011653
1.719256	0.149718	0.149340	0.010826
1.718490	0.149697	0.149294	0.011540
1.717726	0.149785	0.149370	0.011874
1.716962	0.149623	0.149415	0.005972
1.716199	0.149747	0.149373	0.010707
1.715436	0.149662	0.149253	0.011732
1.714675	0.149844	0.149468	0.010779
1.713914	0.149884	0.149532	0.010066
1.713154	0.149952	0.149580	0.010678
1.712395	0.149945	0.149649	0.008471
1.711637	0.150107	0.149719	0.011105
1.710879	0.150300	0.149901	0.011444
1.710122	0.150514	0.150212	0.008662
1.709366	0.150690	0.150260	0.012331
1.708611	0.150668	0.150387	0.008025
1.707857	0.150788	0.150478	0.008899
1.707103	0.150847	0.150436	0.011763
1.706351	0.150795	0.150526	0.007704
1.705599	0.150864	0.150585	0.007997
1.704847	0.151076	0.150833	0.006974
1.704097	0.151274	0.150946	0.009402
1.703347	0.151199	0.150873	0.009337
1.702599	0.151248	0.150785	0.013276
1.701850	0.151381	0.151046	0.009598
1.701103	0.151646	0.151223	0.012135
1.700357	0.151828	0.151596	0.006668
1.699611	0.151754	0.151550	0.005857
1.698866	0.152090	0.151656	0.012409
1.698122	0.152255	0.151926	0.009408
1.697378	0.152254	0.151747	0.014517
1.696636	0.152364	0.152046	0.009113
1.695894	0.152416	0.152115	0.008636
1.695153	0.152675	0.152184	0.014082
1.694412	0.152721	0.152354	0.010508
1.693673	0.152806	0.152485	0.009201
1.692934	0.152788	0.152446	0.009789
1.692196	0.152925	0.152579	0.009895
1.691459	0.152987	0.152737	0.007173
1.690722	0.153348	0.153089	0.007438
1.689987	0.153533	0.153160	0.010683
1.689252	0.153756	0.153339	0.011943
1.688518	0.153920	0.153615	0.008745
1.687784	0.154011	0.153685	0.009343
1.687051	0.153899	0.153388	0.014648
1.686320	0.153648	0.153323	0.009320
1.685588	0.153465	0.153145	0.009155
1.684858	0.153504	0.153303	0.005737
1.684128	0.153719	0.153399	0.009144
1.683399	0.153881	0.153448	0.012392
1.682671	0.154234	0.153823	0.011755
1.681944	0.154233	0.153823	0.011737
1.681217	0.154421	0.153988	0.012389
1.680491	0.154744	0.154271	0.013550
1.679766	0.154632	0.154248	0.011010
1.679042	0.154676	0.154323	0.010116
1.678318	0.154794	0.154292	0.014358
1.677595	0.154587	0.154190	0.011380
1.676873	0.154724	0.154304	0.012008
1.676152	0.154660	0.154278	0.010952
1.675431	0.154769	0.154424	0.009870
1.674711	0.154888	0.154536	0.010091
1.673992	0.155021	0.154597	0.012163
1.673273	0.154960	0.154574	0.011067
1.672556	0.155126	0.154671	0.013014
1.671839	0.155301	0.154940	0.010329
1.671122	0.155223	0.154991	0.006641
1.670407	0.155253	0.154900	0.010118
1.669692	0.155350	0.155038	0.008928
1.668978	0.155355	0.154959	0.011369
1.668265	0.155116	0.154815	0.008612
1.667552	0.155218	0.154847	0.010624
1.666840	0.154981	0.154542	0.012564
1.666129	0.154692	0.154372	0.009178
1.665418	0.154756	0.154438	0.009113
1.664709	0.154613	0.154183	0.012325
1.664000	0.154543	0.153969	0.016464
1.663292	0.154709	0.154253	0.013057
1.662584	0.154739	0.154446	0.008380
1.661877	0.154755	0.154269	0.013903
1.661171	0.154632	0.154341	0.008345
1.660466	0.154595	0.154220	0.010721
1.659761	0.154481	0.153966	0.014778
1.659057	0.154311	0.153868	0.012698
1.658354	0.154379	0.154001	0.010813
1.657651	0.154683	0.154324	0.010287
1.656950	0.154528	0.154253	0.007865
1.656249	0.154678	0.154449	0.006556
1.655548	0.154867	0.154365	0.014365
1.654848	0.154952	0.154679	0.007825
1.654150	0.155332	0.154921	0.011770
1.653451	0.155290	0.154877	0.011832
1.652754	0.155413	0.154975	0.012543
1.652057	0.155479	0.155130	0.010002
1.651361	0.155585	0.155216	0.010565
1.650665	0.155833	0.155552	0.008056
1.649971	0.156259	0.155846	0.011821
1.649277	0.156420	0.156035	0.011038
1.648583	0.156441	0.156027	0.011864
1.647891	0.156473	0.156179	0.008418
1.647199	0.156707	0.156325	0.010952
1.646508	0.156872	0.156395	0.013660
1.645817	0.156855	0.156424	0.012356
1.645127	0.157007	0.156432	0.016460
1.644438	0.157174	0.156786	0.011134
1.643750	0.157125	0.156678	0.012801
1.643062	0.157270	0.156879	0.011188
1.642375	0.157287	0.157005	0.008083
1.641689	0.157511	0.157030	0.013776
1.641003	0.157266	0.156914	0.010085
1.640318	0.157444	0.157185	0.007424
1.639634	0.157711	0.157294	0.011936
1.638950	0.158167	0.157611	0.015911
1.638267	0.158231	0.157752	0.013741
1.637585	0.158424	0.157897	0.015092
1.636903	0.158247	0.157920	0.009386
1.636222	0.158449	0.158101	0.009965
1.635542	0.158605	0.158177	0.012286
1.634863	0.158759	0.158222	0.015405
1.634184	0.158917	0.158391	0.015047
1.633506	0.158880	0.158405	0.013616
1.632828	0.159006	0.158536	0.013458
1.632151	0.159273	0.158816	0.013101
1.631475	0.159293	0.158952	0.009776
1.630800	0.159280	0.158898	0.010955
1.630125	0.159349	0.158974	0.010739
1.629451	0.159662	0.159121	0.015491
1.628778	0.159863	0.159486	0.010779
1.628105	0.160066	0.159614	0.012953
1.627433	0.160337	0.159855	0.013788
1.626761	0.160305	0.159934	0.010644
1.626091	0.160332	0.159912	0.012041
1.625421	0.160637	0.160364	0.007828
1.624751	0.160823	0.160282	0.015489
1.624083	0.160710	0.160339	0.010613
1.623414	0.161038	0.160615	0.012132
1.622747	0.160995	0.160400	0.017022
1.622080	0.160923	0.160536	0.011073
1.621414	0.161104	0.160617	0.013931
1.620749	0.160825	0.160384	0.012652
1.620084	0.160684	0.160165	0.014856
1.619420	0.160590	0.160254	0.009624
1.618757	0.160667	0.160170	0.014231
1.618094	0.160546	0.160023	0.014984
1.617432	0.160560	0.160109	0.012900
1.616770	0.160652	0.160280	0.010663
1.616109	0.160727	0.160317	0.011738
1.615449	0.160898	0.160437	0.013214
1.614790	0.160985	0.160654	0.009480
1.614131	0.161165	0.160614	0.015787
1.613473	0.161041	0.160638	0.011566
1.612815	0.160861	0.160408	0.012970
1.612158	0.161050	0.160676	0.010717
1.611502	0.160722	0.160316	0.011620
1.610846	0.161048	0.160403	0.018493
1.610191	0.161053	0.160599	0.013005
1.609537	0.161056	0.160606	0.012890
1.608883	0.160705	0.160251	0.013011
1.608230	0.161221	0.160709	0.014668
1.607578	0.161153	0.160759	0.011279
1.606926	0.161231	0.160745	0.013932
1.606275	0.161073	0.160632	0.012623
1.605625	0.161033	0.160711	0.009228
1.604975	0.161006	0.160610	0.011336
1.604326	0.161226	0.160732	0.014147
1.603677	0.161110	0.160588	0.014961
1.603029	0.160746	0.160194	0.015807
1.602382	0.160559	0.159952	0.017383
1.601735	0.160112	0.159778	0.009557
1.601089	0.159925	0.159590	0.009586
1.600444	0.160277	0.159720	0.015937
1.599799	0.160247	0.159968	0.008001
1.599155	0.160531	0.159977	0.015864
1.598512	0.160538	0.160111	0.012239
1.597869	0.160058	0.159707	0.010064
1.597227	0.160233	0.159962	0.007779
1.596585	0.160395	0.159950	0.012743
1.595944	0.160438	0.159902	0.015368
1.595304	0.160497	0.160159	0.009686
1.594664	0.160414	0.159929	0.013876
1.594025	0.160453	0.159999	0.013024
1.593386	0.160297	0.159798	0.014287
1.592749	0.160220	0.159664	0.015910
1.592111	0.160644	0.159828	0.023375
1.591475	0.160595	0.159940	0.018764
1.590839	0.160427	0.160131	0.008477
1.590203	0.160535	0.160097	0.012556
1.589569	0.160425	0.159854	0.016363
1.588935	0.160338	0.159933	0.011602
1.588301	0.160480	0.160081	0.011412
1.587668	0.160688	0.160188	0.014336
1.587036	0.160563	0.160267	0.008475
1.586404	0.160683	0.160522	0.004614
1.585773	0.160886	0.160461	0.012161
1.585143	0.160773	0.160553	0.006293
1.584513	0.160489	0.160073	0.011933
1.583884	0.160424	0.160073	0.010055
1.583255	0.160597	0.160165	0.012357
1.582627	0.160502	0.160080	0.012100
1.582000	0.160752	0.160245	0.014526
1.581373	0.160596	0.160083	0.014683
1.580747	0.160257	0.159924	0.009524
1.580121	0.160224	0.159742	0.013786
1.579496	0.160459	0.159857	0.017257
1.578872	0.160492	0.160000	0.014113
1.578248	0.160502	0.160094	0.011700
1.577625	0.160716	0.160141	0.016475
1.577002	0.160868	0.160564	0.008697
1.576380	0.160997	0.160526	0.013501
1.575759	0.161002	0.160609	0.011239
1.575138	0.160934	0.160522	0.011788
1.574518	0.160785	0.160146	0.018321
1.573899	0.160643	0.160027	0.017650
1.573280	0.160359	0.159970	0.011130
1.572661	0.160167	0.159708	0.013167
1.572044	0.160289	0.159824	0.013302
1.571426	0.160212	0.159877	0.009585
1.570810	0.160170	0.159641	0.015151
1.570194	0.159921	0.159595	0.009315
1.569578	0.159627	0.159297	0.009439
1.568964	0.159534	0.159080	0.013008
1.568349	0.159747	0.159153	0.017011
1.567736	0.159901	0.159208	0.019862
1.567123	0.159922	0.159380	0.015530
1.566510	0.159811	0.159297	0.014746
1.565899	0.159605	0.159201	0.011578
1.565287	0.159477	0.159137	0.009733
1.564677	0.159638	0.159204	0.012460
1.564066	0.159662	0.159061	0.017213
1.563457	0.159920	0.159530	0.011153
1.562848	0.160361	0.159894	0.013394
1.562240	0.160542	0.160034	0.014566
1.561632	0.160513	0.160043	0.013485
1.561025	0.160280	0.159838	0.012676
1.560418	0.160202	0.159782	0.012026
1.559812	0.160121	0.159465	0.018791
1.559207	0.159787	0.159181	0.017351
1.558602	0.159665	0.159288	0.010801
1.557997	0.159700	0.158960	0.021196
1.557394	0.159347	0.158894	0.012954
1.556791	0.159232	0.158832	0.011457
1.556188	0.159409	0.159073	0.009617
1.555586	0.159838	0.159193	0.018485
1.554985	0.159581	0.159101	0.013761
1.554384	0.159640	0.159227	0.011842
1.553783	0.159724	0.159216	0.014557
1.553184	0.159799	0.158986	0.023312
1.552585	0.159539	0.159147	0.011257
1.551986	0.159297	0.158984	0.008961
1.551388	0.159778	0.159171	0.017369
1.550791	0.159548	0.159191	0.010225
1.550194	0.159371	0.159094	0.007932
1.549597	0.159443	0.158887	0.015939
1.549002	0.159499	0.159136	0.010377
1.548406	0.159753	0.159168	0.016763
1.547812	0.159504	0.158985	0.014841
1.547218	0.159558	0.159072	0.013928
1.546624	0.159410	0.158993	0.011950
1.546031	0.159402	0.158685	0.020532
1.545439	0.159571	0.159091	0.013776
1.544847	0.159435	0.159017	0.011993
1.544256	0.159123	0.158784	0.009704
1.543665	0.159033	0.158481	0.015827
1.543075	0.158933	0.158138	0.022779
1.542486	0.158442	0.158056	0.011038
1.541897	0.158248	0.157985	0.007548
1.541308	0.158337	0.157908	0.012290
1.540720	0.158293	0.157716	0.016520
1.540133	0.157854	0.157357	0.014251
1.539546	0.158074	0.157436	0.018261
1.538960	0.158148	0.157675	0.013544
1.538374	0.158506	0.158043	0.013278
1.537789	0.158954	0.158554	0.011435
1.537204	0.158623	0.158237	0.011043
1.536620	0.158550	0.157969	0.016645
1.536037	0.158432	0.157984	0.012842
1.535454	0.158148	0.157993	0.004436
1.534872	0.157983	0.157705	0.007950
1.534290	0.157990	0.157519	0.013500
1.533708	0.157844	0.157373	0.013504
1.533128	0.157916	0.157629	0.008227
1.532548	0.157979	0.157501	0.013688
1.531968	0.157676	0.157266	0.011735
1.531389	0.157736	0.157211	0.015029
1.530810	0.157523	0.157134	0.011140
1.530232	0.157214	0.156800	0.011874
1.529655	0.156736	0.156339	0.011366
1.529078	0.156925	0.156315	0.017485
1.528501	0.157146	0.156482	0.019042
1.527925	0.157339	0.156929	0.011766
1.527350	0.156850	0.156676	0.004991
1.526775	0.156971	0.156555	0.011906
1.526201	0.156890	0.156653	0.006790
1.525627	0.156954	0.156448	0.014474
1.525054	0.156853	0.156388	0.013344
1.524481	0.156564	0.156019	0.015618
1.523909	0.156724	0.156111	0.017560
1.523338	0.156604	0.155802	0.022977
1.522767	0.156515	0.155976	0.015463
1.522196	0.156383	0.155889	0.014135
1.521626	0.156344	0.156016	0.009390
1.521057	0.155861	0.155798	0.001781
1.520488	0.156026	0.155549	0.013683
1.519919	0.156116	0.155600	0.014766
1.519351	0.155982	0.155510	0.013500
1.518784	0.155920	0.155500	0.012036
1.518217	0.155542	0.154999	0.015556
1.517651	0.155400	0.154738	0.018961
1.517085	0.155268	0.154754	0.014701
1.516520	0.154906	0.154566	0.009747
1.515955	0.155004	0.154748	0.007317
1.515391	0.155055	0.154407	0.018564
1.514827	0.155057	0.154779	0.007953
1.514264	0.154874	0.154380	0.014152
1.513702	0.154942	0.154489	0.012972
1.513139	0.155009	0.154485	0.015010
1.512578	0.155001	0.154350	0.018647
1.512017	0.155095	0.154608	0.013941
1.511456	0.155066	0.154445	0.017798
1.510896	0.154553	0.154440	0.003231
1.510337	0.154929	0.154566	0.010398
1.509778	0.154921	0.154517	0.011583
1.509219	0.154690	0.154404	0.008206
1.508661	0.154494	0.154211	0.008124
1.508104	0.154777	0.153811	0.027687
1.507547	0.154443	0.154317	0.003594
1.506990	0.154649	0.153866	0.022419
1.506435	0.154577	0.153829	0.021431
1.505879	0.154607	0.153713	0.025615
1.505324	0.154434	0.153982	0.012944
1.504770	0.154358	0.153715	0.018408
1.504216	0.154188	0.153473	0.020493
1.503663	0.153934	0.153462	0.013522
1.503110	0.153664	0.153165	0.014307
1.502558	0.153358	0.152733	0.017899
1.502006	0.153065	0.152664	0.011475
1.501454	0.153133	0.152276	0.024549
1.500904	0.153097	0.152707	0.011168
1.500353	0.152902	0.152432	0.013465
1.499803	0.152727	0.152044	0.019562
1.499254	0.152707	0.152098	0.017446
1.498705	0.152433	0.151901	0.015249
1.498157	0.152307	0.152047	0.007445
1.497609	0.152030	0.151619	0.011766
1.497062	0.151940	0.151505	0.012450
1.496515	0.151409	0.151115	0.008410
1.495969	0.151122	0.150960	0.004630
1.495423	0.151423	0.150707	0.020514
1.494878	0.151368	0.150690	0.019425
1.494333	0.150920	0.150185	0.021059
1.493789	0.150837	0.150304	0.015280
1.493245	0.150452	0.149879	0.016435
1.492702	0.150187	0.149692	0.014198
1.492159	0.149905	0.150017	-0.003222
1.491617	0.149691	0.149374	0.009061
1.491075	0.149790	0.149365	0.012185
1.490533	0.150053	0.149419	0.018171
1.489993	0.150480	0.149715	0.021929
1.489452	0.150147	0.149661	0.013906
1.488912	0.149691	0.149446	0.007003
1.488373	0.149769	0.149605	0.004714
1.487834	0.149606	0.149029	0.016528
1.487296	0.149311	0.149015	0.008483
1.486758	0.149520	0.148787	0.021018
1.486221	0.149376	0.148804	0.016408
1.485684	0.149278	0.148703	0.016476
1.485147	0.149336	0.148791	0.015616
1.484611	0.148929	0.148911	0.000504
1.484076	0.148780	0.148211	0.016310
1.483541	0.148251	0.147860	0.011199
1.483007	0.147858	0.147775	0.002378
1.482473	0.147780	0.147408	0.010666
1.481939	0.147894	0.147553	0.009791
1.481406	0.147629	0.147323	0.008754
1.480874	0.147437	0.147217	0.006295
1.480341	0.147388	0.146710	0.019445
1.479810	0.146819	0.146257	0.016109
1.479279	0.146516	0.145889	0.017964
1.478748	0.146567	0.146097	0.013477
1.478218	0.146599	0.146220	0.010858
1.477688	0.146549	0.145716	0.023851
1.477159	0.146399	0.145843	0.015920
1.476631	0.146236	0.145993	0.006957
1.476102	0.146421	0.146111	0.008877
1.475575	0.146227	0.145932	0.008471
1.475047	0.145752	0.145603	0.004268
1.474521	0.145561	0.145274	0.008238
1.473994	0.145278	0.144822	0.013073
1.473469	0.144826	0.144380	0.012787
1.472943	0.144792	0.144139	0.018689
1.472418	0.144704	0.143728	0.027966
1.471894	0.144050	0.143850	0.005731
1.471370	0.144023	0.143683	0.009750
1.470846	0.144027	0.143402	0.017917
1.470323	0.143492	0.143556	-0.001808
1.469801	0.143698	0.143244	0.013020
1.469279	0.143808	0.142988	0.023466
1.468757	0.143467	0.142841	0.017953
1.468236	0.143590	0.142968	0.017807
1.467716	0.143236	0.142877	0.010285
1.467195	0.143277	0.142940	0.009658
1.466676	0.143270	0.142745	0.015039
1.466156	0.143258	0.142292	0.027655
1.465638	0.142969	0.142233	0.021093
1.465119	0.143138	0.142405	0.020996
1.464601	0.142394	0.141899	0.014159
1.464084	0.141984	0.141723	0.007474
1.463567	0.141398	0.141601	-0.005831
1.463051	0.141532	0.141230	0.008667
1.462535	0.141174	0.140843	0.009486
1.462019	0.140500	0.140223	0.007951
1.461504	0.140388	0.139658	0.020912
1.460989	0.139935	0.139353	0.016688
1.460475	0.139536	0.139044	0.014092
1.459962	0.139178	0.138855	0.009245
1.459448	0.138854	0.138776	0.002235
1.458936	0.138859	0.138492	0.010489
1.458423	0.138591	0.138427	0.004711
1.457911	0.138509	0.138364	0.004153
1.457400	0.138326	0.137773	0.015849
1.456889	0.138283	0.137581	0.020123
1.456379	0.138071	0.137399	0.019273
1.455869	0.137413	0.136959	0.013007
1.455359	0.137171	0.136653	0.014849
1.454850	0.137243	0.136739	0.014442
1.454341	0.136493	0.136368	0.003569
1.453833	0.136904	0.135973	0.026652
1.453325	0.137015	0.136370	0.018491
1.452818	0.136251	0.135905	0.009917
1.452311	0.136110	0.135778	0.009504
1.451805	0.135604	0.135343	0.007487
1.451299	0.134996	0.134678	0.009120
1.450793	0.134600	0.134151	0.012858
1.450288	0.134390	0.133904	0.013937
1.449783	0.134185	0.134441	-0.007323
1.449279	0.134358	0.133707	0.018635
1.448775	0.134269	0.134231	0.001090
1.448272	0.134837	0.134131	0.020238
1.447769	0.134243	0.133351	0.025546
1.447267	0.133682	0.133495	0.005363
1.446765	0.133619	0.132804	0.023330
1.446263	0.133715	0.132805	0.026092
1.445762	0.133460	0.132629	0.023807
1.445262	0.133326	0.132797	0.015158
1.444762	0.133412	0.132540	0.024964
1.444262	0.132512	0.132869	-0.010210
1.443763	0.132302	0.131686	0.017649
1.443264	0.131819	0.131353	0.013366
1.442765	0.131600	0.131034	0.016211
1.442267	0.130932	0.130483	0.012887
1.441770	0.130685	0.130042	0.018421
1.441273	0.130563	0.129719	0.024177
1.440776	0.130091	0.129360	0.020920
1.440280	0.129604	0.129031	0.016420
1.439784	0.129164	0.128573	0.016940
1.439289	0.128743	0.128109	0.018157
1.438794	0.128561	0.128179	0.010942
1.438299	0.128600	0.128297	0.008692
1.437805	0.127737	0.127189	0.015674
1.437312	0.127669	0.127050	0.017728
1.436819	0.127057	0.127068	-0.000336
1.436326	0.126812	0.126617	0.005599
1.435834	0.126874	0.126626	0.007092
1.435342	0.126654	0.126460	0.005564
1.434850	0.125996	0.125642	0.010132
1.434359	0.125834	0.125455	0.010877
1.433869	0.125458	0.125574	-0.003312
1.433379	0.125692	0.125092	0.017202
1.432889	0.126017	0.125349	0.019118
1.432400	0.124759	0.124673	0.002463
1.431911	0.124334	0.124151	0.005260
1.431422	0.124120	0.123905	0.006167
1.430934	0.124301	0.123626	0.019338
1.430447	0.124105	0.123490	0.017616
1.429960	0.123319	0.122503	0.023373
1.429473	0.122937	0.121943	0.028466
1.428987	0.122113	0.121840	0.007828
1.428501	0.122212	0.121616	0.017053
1.428015	0.121200	0.121553	-0.010113
1.427530	0.121210	0.121302	-0.002638
1.427046	0.121142	0.121092	0.001417
1.426561	0.121363	0.120795	0.016270
1.426078	0.121000	0.120172	0.023743
1.425594	0.120822	0.120588	0.006717
1.425111	0.120146	0.119990	0.004468
1.424629	0.119956	0.119695	0.007485
1.424147	0.119521	0.118990	0.015213
1.423665	0.118930	0.118310	0.017755
1.423184	0.118499	0.117709	0.022609
1.422703	0.118736	0.118205	0.015219
1.422223	0.117774	0.117822	-0.001392
1.421743	0.117715	0.116986	0.020882
1.421263	0.116873	0.116729	0.004141
1.420784	0.117137	0.116045	0.031270
1.420306	0.116188	0.115980	0.005968
1.419827	0.116072	0.115590	0.013802
1.419349	0.115621	0.115130	0.014089
1.418872	0.115604	0.115154	0.012899
1.418395	0.115231	0.115431	-0.005733
1.417918	0.115503	0.115099	0.011580
1.417442	0.115039	0.114363	0.019358
1.416966	0.114753	0.114092	0.018939
1.416491	0.114105	0.113816	0.008269
1.416016	0.114532	0.113759	0.022127
1.415541	0.113726	0.113432	0.008420
1.415067	0.113649	0.112189	0.041825
1.414593	0.112937	0.112675	0.007520
1.414120	0.112933	0.112585	0.009954
1.413647	0.112114	0.111837	0.007957
1.413174	0.112310	0.111631	0.019444
1.412702	0.111535	0.111526	0.000275
1.412231	0.111239	0.110656	0.016694
1.411759	0.110824	0.110872	-0.001369
1.411288	0.111193	0.110634	0.016029
1.410818	0.109819	0.109921	-0.002915
1.410348	0.109957	0.109355	0.017248
1.409878	0.109275	0.108719	0.015933
1.409409	0.110002	0.109238	0.021882
1.408940	0.109486	0.108882	0.017324
1.408472	0.108496	0.108250	0.007041
1.408004	0.108876	0.108395	0.013804
1.407536	0.108559	0.107915	0.018445
1.407069	0.108799	0.107677	0.032152
1.406602	0.107355	0.107976	-0.017784
1.406135	0.107639	0.107438	0.005733
1.405669	0.107113	0.107125	-0.000329
1.405204	0.106607	0.106753	-0.004174
1.404738	0.106895	0.105912	0.028168
1.404274	0.105399	0.105697	-0.008542
1.403809	0.105995	0.104954	0.029812
1.403345	0.105577	0.104674	0.025897
1.402882	0.104867	0.104879	-0.000335
1.402418	0.105443	0.105461	-0.000513
1.401955	0.104940	0.103892	0.030009
1.401493	0.104494	0.103973	0.014922
1.401031	0.104531	0.104576	-0.001293
1.400569	0.103844	0.103422	0.012109
1.400108	0.102854	0.103389	-0.015321
1.399647	0.104117	0.102740	0.039456
1.399187	0.102775	0.102475	0.008605
1.398727	0.102798	0.102837	-0.001115
1.398267	0.102360	0.102187	0.004961
1.397808	0.102352	0.102403	-0.001457
1.397349	0.102523	0.101228	0.037106
1.396890	0.100700	0.101029	-0.009419
1.396432	0.101808	0.100880	0.026587
1.395974	0.101321	0.100557	0.021895
1.395517	0.101160	0.101237	-0.002214
1.395060	0.101075	0.100918	0.004490
1.394604	0.100439	0.100370	0.001976
1.394147	0.100085	0.100473	-0.011112
1.393692	0.100440	0.100073	0.010522
1.393236	0.099955	0.099928	0.000799
1.392781	0.099330	0.099143	0.005355
1.392327	0.099165	0.098492	0.019297
1.391873	0.098659	0.097762	0.025691
1.391419	0.097536	0.097290	0.007053
1.390965	0.097694	0.096621	0.030737
1.390512	0.097884	0.096726	0.033185
