6.542578	-0.054048	-0.054048	0.000000
6.529189	0.057455	0.057455	0.000000
6.515856	-0.722838	-0.674514	-1.384375
6.502578	-0.662238	-0.562211	-2.865564
6.489355	-0.574708	-0.785152	6.028796
6.476188	-0.658619	-0.521835	-3.918571
6.463075	-0.471082	-0.432982	-1.091478
6.450016	-0.461544	-0.592880	3.762482
6.437011	-0.464628	-0.601663	3.925771
6.424060	-0.632276	-0.522428	-3.146904
6.411162	-0.426627	-0.496300	1.995975
6.398317	-0.460298	-0.550523	2.584778
6.385525	-0.472362	-0.465369	-0.200333
6.372785	-0.479379	-0.564803	2.447202
6.360096	-0.532673	-0.580272	1.363587
6.347460	-0.503268	-0.532776	0.845341
6.334875	-0.455468	-0.529131	2.110306
6.322341	-0.576824	-0.518279	-1.677186
6.309857	-0.590425	-0.466481	-3.550720
6.297424	-0.454556	-0.561120	3.052825
6.285042	-0.534723	-0.598392	1.823988
6.272709	-0.475104	-0.516826	1.195238
6.260425	-0.607381	-0.490980	-3.334617
6.248191	-0.473284	-0.483635	0.296512
6.236005	-0.225199	-0.265825	1.163863
6.223868	-0.094581	-0.107656	0.374567
6.211780	-0.094325	-0.092691	-0.046813
6.199740	-0.111907	-0.095015	-0.483940
6.187747	-0.098410	-0.104699	0.180151
6.175802	-0.096222	-0.097303	0.030957
6.163904	-0.106900	-0.105038	-0.053358
6.152053	-0.103608	-0.092325	-0.323242
6.140248	-0.098521	-0.101995	0.099513
6.128490	-0.103761	-0.108951	0.148682
6.116778	-0.098470	-0.099723	0.035898
6.105112	-0.097378	-0.098828	0.041524
6.093492	-0.101404	-0.098794	-0.074786
6.081916	-0.103585	-0.102160	-0.040825
6.070386	-0.098566	-0.100067	0.042994
6.058901	-0.101750	-0.103516	0.050566
6.047460	-0.099790	-0.096944	-0.081514
6.036063	-0.099829	-0.102035	0.063188
6.024710	-0.098588	-0.094021	-0.130815
6.013401	-0.106326	-0.098272	-0.230727
6.002135	-0.106613	-0.093983	-0.361835
5.990913	-0.092486	-0.101834	0.267788
5.979734	-0.096257	-0.096269	0.000344
5.968597	-0.090685	-0.096369	0.162855
5.957503	-0.098625	-0.098109	-0.014781
5.946451	-0.095537	-0.100620	0.145619
5.935442	-0.101022	-0.094099	-0.198332
5.924474	-0.099961	-0.086368	-0.389423
5.913547	-0.100140	-0.096169	-0.113763
5.902662	-0.090657	-0.097578	0.198272
5.891818	-0.095458	-0.107750	0.352124
5.881015	-0.100778	-0.117631	0.482803
5.870252	-0.099090	-0.082808	-0.466437
5.859530	-0.100605	-0.094904	-0.163298
5.848848	-0.085896	-0.094954	0.259487
5.838205	-0.092427	-0.112317	0.569817
5.827603	-0.100628	-0.091434	-0.263381
5.817040	-0.095447	-0.085177	-0.294217
5.806516	-0.098671	-0.101762	0.088553
5.796031	-0.111220	-0.097518	-0.392549
5.785586	-0.089986	-0.100603	0.304179
5.775178	-0.101590	-0.093556	-0.230176
5.764810	-0.108285	-0.095932	-0.353900
5.754479	-0.103406	-0.099929	-0.099608
5.744186	-0.100795	-0.100275	-0.014904
5.733931	-0.100558	-0.088002	-0.359722
5.723714	-0.093331	-0.091875	-0.041705
5.713534	-0.086683	-0.102999	0.467424
5.703391	-0.094151	-0.094283	0.003791
5.693285	-0.094421	-0.098253	0.109787
5.683216	-0.099367	-0.106153	0.194416
5.673184	-0.093995	-0.095243	0.035744
5.663188	-0.092755	-0.093735	0.028087
5.653228	-0.092794	-0.089528	-0.093561
5.643304	-0.095182	-0.087619	-0.216660
5.633415	-0.090891	-0.089855	-0.029675
5.623562	-0.082299	-0.097299	0.429705
5.613745	-0.078861	-0.080529	0.047781
5.603963	-0.077860	-0.074455	-0.097535
5.594216	-0.079216	-0.071515	-0.220622
5.584504	-0.063514	-0.073676	0.291111
5.574826	-0.074034	-0.069194	-0.138641
5.565183	-0.069793	-0.073218	0.098110
5.555574	-0.060171	-0.064170	0.114559
5.545999	-0.059841	-0.070523	0.306013
5.536458	-0.062512	-0.066451	0.112835
5.526950	-0.056881	-0.060062	0.091116
5.517477	-0.061744	-0.057832	-0.112081
5.508036	-0.051605	-0.058557	0.199164
5.498629	-0.052568	-0.059567	0.200502
5.489255	-0.051287	-0.058592	0.209265
5.479914	-0.048041	-0.056935	0.254805
5.470605	-0.046482	-0.051777	0.151701
5.461329	-0.044413	-0.045281	0.024849
5.452085	-0.046805	-0.048378	0.045063
5.442874	-0.045602	-0.045993	0.011205
5.433694	-0.041347	-0.045656	0.123437
5.424546	-0.039915	-0.043702	0.108494
5.415430	-0.038010	-0.038515	0.014468
5.406345	-0.039608	-0.040447	0.024044
5.397292	-0.039045	-0.037790	-0.035951
5.388270	-0.038725	-0.040634	0.054668
5.379279	-0.036364	-0.034741	-0.046489
5.370319	-0.029972	-0.034758	0.137106
5.361389	-0.032202	-0.036914	0.134991
5.352490	-0.031421	-0.035669	0.121716
5.343621	-0.037586	-0.033380	-0.120495
5.334783	-0.033301	-0.036107	0.080371
5.325975	-0.032870	-0.030109	-0.079083
5.317196	-0.032058	-0.028781	-0.093869
5.308448	-0.028691	-0.030865	0.062283
5.299729	-0.030296	-0.029315	-0.028107
5.291039	-0.027288	-0.030687	0.097361
5.282379	-0.026664	-0.028662	0.057246
5.273748	-0.022063	-0.026554	0.128663
5.265146	-0.024835	-0.025636	0.022942
5.256573	-0.025155	-0.024787	-0.010539
5.248029	-0.022558	-0.022780	0.006338
5.239513	-0.020833	-0.024264	0.098292
5.231026	-0.022722	-0.021932	-0.022627
5.222567	-0.021947	-0.021575	-0.010671
5.214136	-0.020499	-0.023535	0.086996
5.205733	-0.020404	-0.020548	0.004120
5.197358	-0.019325	-0.018609	-0.020504
5.189011	-0.017208	-0.018248	0.029810
5.180691	-0.017673	-0.019735	0.059077
5.172399	-0.017706	-0.019840	0.061137
5.164135	-0.015388	-0.016507	0.032061
5.155897	-0.016629	-0.015759	-0.024916
5.147687	-0.016816	-0.015564	-0.035860
5.139503	-0.018369	-0.013889	-0.128331
5.131346	-0.014441	-0.015765	0.037950
5.123216	-0.012492	-0.012790	0.008518
5.115113	-0.014547	-0.013532	-0.029073
5.107036	-0.012706	-0.013533	0.023678
5.098985	-0.013189	-0.013676	0.013935
5.090960	-0.010708	-0.011985	0.036595
5.082962	-0.012879	-0.011274	-0.045965
5.074989	-0.011341	-0.013360	0.057820
5.067042	-0.010527	-0.012199	0.047895
5.059121	-0.011795	-0.011168	-0.017973
5.051225	-0.010391	-0.012182	0.051294
5.043355	-0.011050	-0.011546	0.014217
5.035510	-0.008523	-0.013224	0.134671
5.027690	-0.008637	-0.010319	0.048172
5.019895	-0.007960	-0.009349	0.039793
5.012126	-0.007532	-0.008142	0.017456
5.004381	-0.008532	-0.008710	0.005082
4.996660	-0.008766	-0.008303	-0.013271
4.988964	-0.008712	-0.007642	-0.030647
4.981293	-0.007162	-0.008082	0.026367
4.973646	-0.008118	-0.008132	0.000378
4.966023	-0.006283	-0.009565	0.094015
4.958425	-0.006485	-0.006933	0.012857
4.950850	-0.006075	-0.006799	0.020733
4.943299	-0.006680	-0.006336	-0.009870
4.935772	-0.007131	-0.005454	-0.048045
4.928269	-0.004253	-0.005487	0.035360
4.920789	-0.006234	-0.005666	-0.016278
4.913333	-0.007089	-0.005398	-0.048425
4.905900	-0.004928	-0.003600	-0.038053
4.898490	-0.004707	-0.005961	0.035920
4.891103	-0.004765	-0.005455	0.019756
4.883739	-0.005593	-0.004168	-0.040816
4.876399	-0.004524	-0.004530	0.000175
4.869081	-0.003219	-0.003242	0.000633
4.861785	-0.003919	-0.004350	0.012340
4.854512	-0.003501	-0.004575	0.030755
4.847262	-0.002932	-0.003433	0.014344
4.840034	-0.003603	-0.004413	0.023208
4.832829	-0.002998	-0.002785	-0.006086
4.825645	-0.003511	-0.003471	-0.001142
4.818484	-0.004193	-0.002968	-0.035089
4.811344	-0.003576	-0.003061	-0.014753
4.804227	-0.003148	-0.002602	-0.015636
4.797131	-0.002566	-0.002282	-0.008134
4.790057	-0.003452	-0.002093	-0.038927
4.783004	-0.003374	-0.002458	-0.026245
4.775973	-0.002858	-0.002741	-0.003346
4.768963	-0.002366	-0.002325	-0.001159
4.761974	-0.002386	-0.002701	0.009038
4.755007	-0.003040	-0.001238	-0.051628
4.748061	-0.002591	-0.003386	0.022778
4.741136	-0.002273	-0.001429	-0.024185
4.734231	-0.002202	-0.001068	-0.032494
4.727348	-0.001217	-0.001917	0.020035
4.720485	-0.001529	-0.001652	0.003525
4.713642	-0.001768	-0.001314	-0.013017
4.706821	-0.002323	-0.000856	-0.042012
4.700019	-0.002000	-0.001333	-0.019089
4.693238	-0.002283	-0.000640	-0.047079
4.686478	-0.001371	-0.000660	-0.020351
4.679737	-0.001783	-0.000409	-0.039374
4.673016	-0.001653	-0.000452	-0.034418
4.666316	-0.002088	-0.000104	-0.056824
4.659635	-0.000834	-0.000671	-0.004655
4.652974	-0.001854	-0.000151	-0.048790
4.646333	-0.001309	-0.000432	-0.025118
4.639711	-0.000817	-0.000350	-0.013371
4.633109	-0.000992	-0.000132	-0.024620
4.626527	-0.001157	-0.000299	-0.024588
4.619963	-0.000943	0.000125	-0.030611
4.613420	-0.000359	-0.000202	-0.004509
4.606895	-0.001047	-0.000358	-0.019746
4.600389	-0.000404	0.000103	-0.014531
4.593902	-0.000840	0.000899	-0.049812
4.587435	-0.000686	0.000509	-0.034226
4.580986	-0.000135	0.000703	-0.023992
4.574556	-0.000356	0.000611	-0.027724
4.568145	-0.000323	0.000889	-0.034745
4.561752	-0.000565	0.000705	-0.036382
4.555378	-0.000071	0.000332	-0.011530
4.549022	0.000226	0.001419	-0.034174
4.542685	0.000549	0.001083	-0.015289
4.536365	0.000349	0.001536	-0.033995
4.530065	0.000488	0.001522	-0.029624
4.523782	0.000982	0.001770	-0.022569
4.517517	0.000556	0.001568	-0.028980
4.511271	0.000368	0.001938	-0.044965
4.505042	0.001405	0.002245	-0.024051
4.498831	0.001188	0.001808	-0.017747
4.492638	0.001264	0.001857	-0.016975
4.486462	0.000847	0.002173	-0.037991
4.480304	0.001699	0.002408	-0.020314
4.474164	0.000590	0.002609	-0.057843
4.468041	0.000916	0.002398	-0.042471
4.461935	0.001783	0.002462	-0.019459
4.455847	0.001829	0.002448	-0.017725
4.449776	0.000868	0.002749	-0.053892
4.443722	0.001064	0.001867	-0.022994
4.437686	0.000535	0.002086	-0.044436
4.431666	0.001231	0.002248	-0.029134
4.425663	0.000399	0.001670	-0.036419
4.419677	0.000955	0.002075	-0.032086
4.413708	0.000495	0.001612	-0.032009
4.407755	0.000847	0.001742	-0.025663
4.401820	0.001021	0.002040	-0.029211
4.395901	0.000554	0.002561	-0.057501
4.389998	0.000952	0.002475	-0.043645
4.384112	0.001336	0.002385	-0.030035
4.378242	0.001184	0.002279	-0.031355
4.372389	0.001463	0.002792	-0.038057
4.366551	0.001526	0.002462	-0.026816
4.360730	0.000788	0.003178	-0.068462
4.354925	0.001193	0.003245	-0.058793
4.349136	0.000932	0.002179	-0.035715
4.343364	0.001106	0.001936	-0.023772
4.337607	0.000474	0.002312	-0.052638
4.331865	0.001067	0.002493	-0.040843
4.326140	0.001097	0.002362	-0.036231
4.320430	0.000704	0.002588	-0.053970
4.314736	0.000714	0.002945	-0.063912
4.309058	0.000800	0.002675	-0.053700
4.303395	0.001413	0.003017	-0.045925
4.297748	0.001585	0.002929	-0.038499
4.292116	0.001205	0.003126	-0.055016
4.286499	0.001919	0.003709	-0.051276
4.280898	0.002243	0.003243	-0.028628
4.275312	0.002414	0.003945	-0.043858
4.269741	0.002145	0.004182	-0.058335
4.264185	0.002142	0.004175	-0.058245
4.258644	0.001825	0.003913	-0.059805
4.253118	0.002130	0.004326	-0.062914
4.247607	0.002295	0.004178	-0.053934
4.242111	0.002310	0.004092	-0.051060
4.236629	0.002202	0.004001	-0.051527
4.231163	0.001905	0.004193	-0.065530
4.225711	0.002636	0.004452	-0.052023
4.220274	0.001871	0.004141	-0.065013
4.214851	0.002157	0.004709	-0.073126
4.209442	0.002373	0.004343	-0.056428
4.204049	0.002387	0.004177	-0.051284
4.198669	0.002004	0.004149	-0.061458
4.193304	0.001904	0.004101	-0.062955
4.187953	0.002034	0.004481	-0.070119
4.182616	0.002127	0.004258	-0.061039
4.177294	0.001866	0.004058	-0.062795
4.171985	0.001647	0.004349	-0.077379
4.166691	0.001443	0.004188	-0.078633
4.161411	0.001789	0.004552	-0.079130
4.156144	0.002123	0.004339	-0.063494
4.150892	0.002123	0.004157	-0.058286
4.145653	0.001865	0.004121	-0.064625
4.140428	0.001507	0.004148	-0.075672
4.135217	0.001511	0.003936	-0.069484
4.130019	0.001470	0.003867	-0.068671
4.124835	0.001543	0.003780	-0.064108
4.119665	0.001548	0.003461	-0.054803
4.114508	0.001581	0.004214	-0.075425
4.109364	0.001228	0.003774	-0.072945
4.104234	0.000817	0.003837	-0.086533
4.099117	0.000961	0.003376	-0.069170
4.094014	0.000705	0.003574	-0.082188
4.088924	0.000644	0.003257	-0.074853
4.083846	0.000195	0.002761	-0.073529
4.078783	0.000075	0.003033	-0.084729
4.073732	-0.000133	0.002997	-0.089642
4.068694	-0.000408	0.002716	-0.089499
4.063669	-0.000429	0.002802	-0.092568
4.058657	-0.000427	0.002702	-0.089635
4.053658	-0.000142	0.002876	-0.086447
4.048672	-0.000276	0.002639	-0.083486
4.043699	-0.000484	0.002863	-0.095883
4.038738	-0.000041	0.002804	-0.081509
4.033790	-0.000023	0.002901	-0.083767
4.028855	-0.000103	0.002926	-0.086788
4.023933	-0.000055	0.003014	-0.087921
4.019022	0.000163	0.003015	-0.081705
4.014125	0.000283	0.003203	-0.083665
4.009240	0.000041	0.003293	-0.093168
4.004367	-0.000052	0.003155	-0.091900
3.999506	-0.000076	0.002908	-0.085485
3.994658	-0.000133	0.002939	-0.088032
3.989823	-0.000475	0.002599	-0.088056
3.984999	-0.001033	0.002928	-0.113476
3.980187	-0.000788	0.002295	-0.088319
3.975388	-0.001330	0.002070	-0.097390
3.970601	-0.001264	0.002243	-0.100478
3.965826	-0.001045	0.001985	-0.086810
3.961063	-0.001774	0.002111	-0.111282
3.956311	-0.001757	0.002044	-0.108869
3.951572	-0.001624	0.002072	-0.105871
3.946844	-0.001525	0.001757	-0.094024
3.942129	-0.001530	0.002135	-0.105002
3.937425	-0.000848	0.002127	-0.085205
3.932733	-0.001447	0.002291	-0.107088
3.928052	-0.001258	0.002056	-0.094922
3.923383	-0.001328	0.002000	-0.095324
3.918726	-0.001405	0.002050	-0.098974
3.914080	-0.001340	0.001804	-0.090067
3.909446	-0.001610	0.001636	-0.092996
3.904823	-0.001457	0.001526	-0.085479
3.900212	-0.001984	0.001597	-0.102582
3.895612	-0.002280	0.001521	-0.108896
3.891023	-0.001986	0.001577	-0.102067
3.886446	-0.002210	0.001362	-0.102335
3.881880	-0.002392	0.001252	-0.104371
3.877325	-0.002405	0.001484	-0.111397
3.872781	-0.002252	0.001021	-0.093764
3.868249	-0.002476	0.001017	-0.100088
3.863727	-0.002762	0.001120	-0.111228
3.859217	-0.002597	0.000999	-0.102996
3.854718	-0.002763	0.000946	-0.106260
3.850229	-0.002624	0.000957	-0.102595
3.845752	-0.002810	0.000669	-0.099669
3.841285	-0.002977	0.000562	-0.101383
3.836829	-0.003023	0.000483	-0.100454
3.832384	-0.003035	0.000314	-0.095933
3.827950	-0.003425	0.000054	-0.099664
3.823527	-0.003439	0.000174	-0.103480
3.819114	-0.003767	0.000132	-0.111691
3.814712	-0.003574	-0.000030	-0.101541
3.810321	-0.003728	-0.000031	-0.105892
3.805940	-0.003556	-0.000249	-0.094747
3.801570	-0.003650	-0.000023	-0.103905
3.797210	-0.003656	-0.000165	-0.100011
3.792860	-0.003696	-0.000322	-0.096649
3.788522	-0.003928	-0.000367	-0.102013
3.784193	-0.004014	-0.000645	-0.096526
3.779875	-0.004129	-0.000407	-0.106644
3.775567	-0.004226	-0.000757	-0.099365
3.771269	-0.004321	-0.000478	-0.110109
3.766982	-0.004655	-0.000438	-0.120792
3.762705	-0.004450	-0.001017	-0.098344
3.758438	-0.004438	-0.000737	-0.106024
3.754181	-0.004171	-0.000587	-0.102677
3.749935	-0.004122	-0.000649	-0.099511
3.745698	-0.004276	-0.000684	-0.102897
3.741472	-0.004525	-0.000721	-0.108980
3.737255	-0.004641	-0.000964	-0.105323
3.733048	-0.004985	-0.001088	-0.111629
3.728852	-0.004796	-0.000970	-0.109600
3.724665	-0.004649	-0.001104	-0.101571
3.720488	-0.004487	-0.001092	-0.097250
3.716321	-0.004876	-0.000861	-0.115014
3.712163	-0.004859	-0.001272	-0.102768
3.708016	-0.005075	-0.001245	-0.109737
3.703878	-0.005127	-0.001466	-0.104870
3.699750	-0.005542	-0.001599	-0.112950
3.695631	-0.005110	-0.001737	-0.096615
3.691522	-0.005509	-0.001552	-0.113351
3.687423	-0.005519	-0.001978	-0.101432
3.683333	-0.005422	-0.001830	-0.102884
3.679253	-0.005575	-0.001729	-0.110187
3.675182	-0.005697	-0.002100	-0.103051
3.671120	-0.005769	-0.001910	-0.110544
3.667069	-0.005716	-0.002179	-0.101331
3.663026	-0.005894	-0.001720	-0.119601
3.658993	-0.005911	-0.001833	-0.116826
3.654969	-0.005790	-0.001851	-0.112838
3.650954	-0.005576	-0.002014	-0.102069
3.646949	-0.005919	-0.001973	-0.113026
3.642953	-0.006136	-0.001939	-0.120237
3.638966	-0.006512	-0.002198	-0.123578
3.634988	-0.006410	-0.002673	-0.107030
3.631020	-0.006611	-0.002629	-0.114095
3.627060	-0.007130	-0.002600	-0.129787
3.623110	-0.006673	-0.002753	-0.112288
3.619168	-0.006750	-0.003119	-0.104019
3.615236	-0.006835	-0.002791	-0.115831
3.611312	-0.006679	-0.003041	-0.104215
3.607398	-0.006707	-0.002673	-0.115542
3.603492	-0.006625	-0.002647	-0.113986
3.599596	-0.006688	-0.002859	-0.109687
3.595708	-0.006981	-0.002933	-0.115991
3.591829	-0.006915	-0.002874	-0.115769
3.587959	-0.006918	-0.003168	-0.107422
3.584097	-0.006988	-0.003052	-0.112743
3.580244	-0.007469	-0.003395	-0.116717
3.576400	-0.007443	-0.003386	-0.116227
3.572565	-0.007417	-0.003219	-0.120254
3.568738	-0.007451	-0.003271	-0.119739
3.564920	-0.007263	-0.003255	-0.114807
3.561111	-0.007456	-0.003336	-0.118024
3.557310	-0.007487	-0.002988	-0.128892
3.553517	-0.007532	-0.003357	-0.119597
3.549734	-0.007603	-0.003288	-0.123626
3.545958	-0.007590	-0.003235	-0.124758
3.542191	-0.007609	-0.003210	-0.126012
3.538433	-0.007723	-0.003290	-0.126974
3.534683	-0.007511	-0.003393	-0.117952
3.530941	-0.007734	-0.003600	-0.118447
3.527207	-0.007841	-0.003679	-0.119241
3.523482	-0.007728	-0.003784	-0.112969
3.519765	-0.008012	-0.003956	-0.116181
3.516057	-0.007919	-0.003838	-0.116925
3.512356	-0.008041	-0.003937	-0.117580
3.508664	-0.008209	-0.004195	-0.115004
3.504980	-0.008620	-0.004265	-0.124749
3.501304	-0.008618	-0.004421	-0.120229
3.497636	-0.009167	-0.004252	-0.140816
3.493977	-0.008672	-0.004677	-0.114457
3.490325	-0.009175	-0.004752	-0.126715
3.486682	-0.009007	-0.004724	-0.122695
3.483046	-0.009176	-0.004551	-0.132487
3.479419	-0.009014	-0.004758	-0.121922
3.475799	-0.009331	-0.004784	-0.130264
3.472187	-0.009392	-0.004679	-0.135023
3.468583	-0.009278	-0.004911	-0.125089
3.464988	-0.008936	-0.004880	-0.116176
3.461400	-0.009410	-0.004983	-0.126840
3.457819	-0.009025	-0.004378	-0.133142
3.454247	-0.009116	-0.004558	-0.130555
3.450682	-0.008972	-0.004573	-0.126007
3.447125	-0.009145	-0.004547	-0.131715
3.443576	-0.009198	-0.004470	-0.135458
3.440035	-0.009076	-0.004409	-0.133701
3.436501	-0.009292	-0.004664	-0.132600
3.432975	-0.009259	-0.004799	-0.127760
3.429457	-0.009610	-0.004788	-0.138134
3.425946	-0.009491	-0.005053	-0.127147
3.422442	-0.009336	-0.005056	-0.122622
3.418947	-0.009833	-0.005460	-0.125282
3.415459	-0.010193	-0.005234	-0.142068
3.411978	-0.010385	-0.005580	-0.137650
3.408505	-0.010512	-0.005593	-0.140915
3.405039	-0.010436	-0.005839	-0.131685
3.401581	-0.010482	-0.005282	-0.148968
3.398130	-0.010472	-0.005794	-0.134018
3.394686	-0.010414	-0.005616	-0.137438
3.391250	-0.010354	-0.005569	-0.137093
3.387821	-0.010180	-0.005278	-0.140436
3.384400	-0.010147	-0.005400	-0.136005
3.380986	-0.010105	-0.005259	-0.138819
3.377579	-0.010060	-0.005220	-0.138658
3.374179	-0.010036	-0.005245	-0.137275
3.370787	-0.010185	-0.005589	-0.131664
3.367401	-0.010274	-0.005240	-0.144209
3.364023	-0.010347	-0.005634	-0.135020
3.360652	-0.010775	-0.005607	-0.148059
3.357289	-0.010786	-0.005610	-0.148284
3.353932	-0.011109	-0.005950	-0.147802
3.350582	-0.011057	-0.005953	-0.146238
3.347240	-0.011229	-0.006253	-0.142566
3.343904	-0.011320	-0.006152	-0.148047
3.340576	-0.011429	-0.006309	-0.146689
3.337255	-0.011909	-0.006732	-0.148315
3.333940	-0.011811	-0.006817	-0.143043
3.330633	-0.012087	-0.006957	-0.146964
3.327332	-0.012199	-0.006890	-0.152092
3.324038	-0.012392	-0.007298	-0.145918
3.320752	-0.012399	-0.007404	-0.143086
3.317472	-0.012482	-0.007136	-0.153178
3.314199	-0.012503	-0.007350	-0.147626
3.310933	-0.012396	-0.007114	-0.151312
3.307673	-0.012397	-0.007220	-0.148309
3.304421	-0.012267	-0.007285	-0.142735
3.301175	-0.012180	-0.007018	-0.147878
3.297936	-0.012096	-0.006935	-0.147833
3.294703	-0.012172	-0.006874	-0.151768
3.291478	-0.011832	-0.006879	-0.141881
3.288259	-0.012205	-0.006680	-0.158302
3.285046	-0.012282	-0.006756	-0.158333
3.281841	-0.012071	-0.006719	-0.153322
3.278642	-0.012215	-0.006885	-0.152719
3.275449	-0.012610	-0.006989	-0.161022
3.272263	-0.012643	-0.007073	-0.159561
3.269084	-0.012770	-0.007529	-0.150147
3.265911	-0.013231	-0.007387	-0.167415
3.262745	-0.013107	-0.007844	-0.150782
3.259585	-0.013286	-0.007812	-0.156820
3.256432	-0.013339	-0.008061	-0.151209
3.253285	-0.013601	-0.008287	-0.152242
3.250145	-0.013350	-0.007939	-0.155034
3.247011	-0.013573	-0.008236	-0.152881
3.243883	-0.013493	-0.008122	-0.153877
3.240762	-0.013532	-0.008084	-0.156078
3.237647	-0.013237	-0.007946	-0.151570
3.234539	-0.013382	-0.007760	-0.161043
3.231437	-0.013307	-0.007756	-0.159009
3.228341	-0.012955	-0.007778	-0.148309
3.225251	-0.013452	-0.007916	-0.158601
3.222168	-0.013487	-0.007839	-0.161818
3.219091	-0.013589	-0.008203	-0.154283
3.216020	-0.013720	-0.008319	-0.154744
3.212956	-0.013966	-0.008477	-0.157263
3.209897	-0.014011	-0.008401	-0.160719
3.206845	-0.013990	-0.008315	-0.162578
3.203799	-0.014157	-0.008476	-0.162750
3.200759	-0.014175	-0.008801	-0.153958
3.197725	-0.014291	-0.008903	-0.154356
3.194697	-0.014082	-0.008557	-0.158278
3.191676	-0.014191	-0.008834	-0.153465
3.188660	-0.014215	-0.008934	-0.151276
3.185651	-0.014994	-0.009283	-0.163609
3.182647	-0.014680	-0.009075	-0.160575
3.179650	-0.014696	-0.009499	-0.148870
3.176658	-0.015018	-0.009356	-0.162194
3.173673	-0.015201	-0.009626	-0.159704
3.170693	-0.014907	-0.009426	-0.157017
3.167720	-0.015214	-0.009565	-0.161849
3.164752	-0.015074	-0.009570	-0.157675
3.161790	-0.014881	-0.009512	-0.153810
3.158834	-0.015049	-0.009668	-0.154171
3.155884	-0.015015	-0.009237	-0.165515
3.152940	-0.015085	-0.009547	-0.158662
3.150001	-0.015125	-0.009733	-0.154451
3.147069	-0.015036	-0.009593	-0.155925
3.144142	-0.015402	-0.009492	-0.169315
3.141221	-0.015239	-0.009990	-0.150368
3.138306	-0.015583	-0.009991	-0.160186
3.135396	-0.015559	-0.010121	-0.155794
3.132493	-0.015370	-0.010297	-0.145337
3.129595	-0.015613	-0.010021	-0.160209
3.126702	-0.015708	-0.010186	-0.158185
3.123816	-0.015950	-0.010090	-0.167879
3.120935	-0.015502	-0.010447	-0.144838
3.118059	-0.015625	-0.010450	-0.148256
3.115190	-0.015518	-0.010139	-0.154122
3.112326	-0.015406	-0.010319	-0.145739
3.109467	-0.015713	-0.010528	-0.148550
3.106614	-0.015480	-0.010315	-0.147965
3.103767	-0.015790	-0.010346	-0.155949
3.100925	-0.015796	-0.010282	-0.157936
3.098089	-0.015667	-0.010430	-0.150022
3.095258	-0.015695	-0.010297	-0.154636
3.092433	-0.015942	-0.010468	-0.156802
3.089613	-0.015911	-0.010581	-0.152691
3.086799	-0.015946	-0.010551	-0.154563
3.083990	-0.015897	-0.010605	-0.151626
3.081187	-0.016041	-0.010495	-0.158906
3.078389	-0.016193	-0.010777	-0.155146
3.075596	-0.016354	-0.011011	-0.153066
3.072809	-0.016083	-0.011025	-0.144886
3.070027	-0.016433	-0.010815	-0.160944
3.067251	-0.016524	-0.010828	-0.163179
3.064480	-0.016550	-0.011338	-0.149294
3.061714	-0.016466	-0.011358	-0.146340
3.058954	-0.016529	-0.011369	-0.147830
3.056199	-0.016880	-0.011341	-0.158692
3.053449	-0.016953	-0.011630	-0.152501
3.050704	-0.017083	-0.011872	-0.149280
3.047965	-0.017371	-0.012202	-0.148089
3.045231	-0.017508	-0.012082	-0.155443
3.042502	-0.017573	-0.012430	-0.147324
3.039779	-0.017757	-0.012505	-0.150463
3.037060	-0.017724	-0.012508	-0.149415
3.034347	-0.017759	-0.012590	-0.148084
3.031639	-0.017936	-0.012873	-0.145052
3.028936	-0.018002	-0.012868	-0.147069
3.026238	-0.018014	-0.012811	-0.149050
3.023545	-0.017949	-0.012726	-0.149613
3.020858	-0.018101	-0.012879	-0.149594
3.018175	-0.017986	-0.012828	-0.147761
3.015498	-0.018252	-0.012593	-0.162120
3.012826	-0.018017	-0.012775	-0.150166
3.010158	-0.018165	-0.012976	-0.148648
3.007496	-0.018009	-0.012760	-0.150376
3.004839	-0.017997	-0.012777	-0.149537
3.002187	-0.017812	-0.012885	-0.141163
2.999540	-0.017883	-0.012824	-0.144927
2.996897	-0.017822	-0.012733	-0.145800
2.994260	-0.018002	-0.013213	-0.137200
2.991628	-0.017980	-0.012720	-0.150688
2.989000	-0.017945	-0.013223	-0.135277
2.986378	-0.018233	-0.013136	-0.146014
2.983760	-0.018292	-0.013099	-0.148749
2.981148	-0.018292	-0.013335	-0.141993
2.978540	-0.018146	-0.013422	-0.135331
2.975937	-0.018354	-0.013206	-0.147490
2.973339	-0.018194	-0.013229	-0.142236
2.970746	-0.017917	-0.013551	-0.125091
2.968158	-0.018347	-0.013530	-0.137994
2.965574	-0.018125	-0.013192	-0.141310
2.962995	-0.017876	-0.013112	-0.136477
2.960421	-0.017792	-0.013067	-0.135356
2.957852	-0.017643	-0.013287	-0.124780
2.955288	-0.018149	-0.013234	-0.140800
2.952728	-0.017764	-0.012912	-0.139006
2.950173	-0.017714	-0.012917	-0.137441
2.947623	-0.017662	-0.013031	-0.132667
2.945078	-0.017535	-0.012848	-0.134277
2.942537	-0.017730	-0.012932	-0.137443
2.940001	-0.017583	-0.012685	-0.140335
2.937469	-0.017555	-0.012724	-0.138405
2.934943	-0.017353	-0.012917	-0.127074
2.932421	-0.017654	-0.012824	-0.138366
2.929903	-0.017729	-0.013004	-0.135361
2.927390	-0.017861	-0.013276	-0.131343
2.924882	-0.018334	-0.013248	-0.145715
2.922378	-0.018493	-0.013498	-0.143092
2.919879	-0.018758	-0.013904	-0.139068
2.917385	-0.018858	-0.014238	-0.132367
2.914895	-0.019274	-0.014602	-0.133816
2.912410	-0.019481	-0.014680	-0.137539
2.909929	-0.019447	-0.014958	-0.128616
2.907453	-0.019827	-0.014904	-0.141015
2.904981	-0.019921	-0.015300	-0.132397
2.902513	-0.020056	-0.015345	-0.134944
2.900051	-0.020359	-0.015734	-0.132500
2.897592	-0.020403	-0.016195	-0.120540
2.895138	-0.020799	-0.016542	-0.121945
2.892689	-0.021204	-0.016602	-0.131823
2.890244	-0.021534	-0.016691	-0.138735
2.887803	-0.021440	-0.016652	-0.137169
2.885367	-0.021538	-0.017025	-0.129291
2.882936	-0.021852	-0.017392	-0.127749
2.880508	-0.022275	-0.017598	-0.133966
2.878085	-0.022575	-0.018299	-0.122498
2.875667	-0.023473	-0.018655	-0.138034
2.873252	-0.023919	-0.019503	-0.126494
2.870842	-0.024338	-0.020038	-0.123206
2.868437	-0.024945	-0.020399	-0.130223
2.866036	-0.025340	-0.020937	-0.126121
2.863639	-0.025393	-0.021137	-0.121927
2.861246	-0.025492	-0.021283	-0.120581
2.858858	-0.025716	-0.021331	-0.125628
2.856474	-0.026206	-0.021553	-0.133312
2.854094	-0.026013	-0.021584	-0.126888
2.851718	-0.026097	-0.021816	-0.122646
2.849347	-0.025888	-0.021773	-0.117895
2.846980	-0.026069	-0.021645	-0.126743
2.844617	-0.025967	-0.021771	-0.120216
2.842258	-0.025733	-0.021505	-0.121130
2.839904	-0.025662	-0.021351	-0.123490
2.837553	-0.025696	-0.021364	-0.124093
2.835207	-0.025377	-0.021095	-0.122648
2.832865	-0.025162	-0.020998	-0.119295
2.830528	-0.025218	-0.020986	-0.121228
2.828194	-0.024982	-0.020732	-0.121735
2.825864	-0.024879	-0.020608	-0.122370
2.823539	-0.024658	-0.020507	-0.118906
2.821218	-0.024633	-0.020391	-0.121506
2.818901	-0.024638	-0.020421	-0.120823
2.816587	-0.024500	-0.020293	-0.120515
2.814278	-0.024431	-0.020264	-0.119374
2.811973	-0.024410	-0.020308	-0.117505
2.809673	-0.024231	-0.020306	-0.112431
2.807376	-0.024392	-0.020233	-0.119130
2.805083	-0.024329	-0.020279	-0.116020
2.802794	-0.024435	-0.020354	-0.116901
2.800509	-0.024651	-0.020485	-0.119337
2.798228	-0.024363	-0.020528	-0.109869
2.795952	-0.024696	-0.020464	-0.121250
2.793679	-0.025001	-0.020777	-0.121004
2.791410	-0.025180	-0.021101	-0.116845
2.789145	-0.025291	-0.021425	-0.110770
2.786884	-0.025145	-0.021333	-0.109194
2.784627	-0.025483	-0.021705	-0.108225
2.782374	-0.025594	-0.021737	-0.110503
2.780125	-0.025788	-0.021825	-0.113537
2.777880	-0.025912	-0.022046	-0.110743
2.775638	-0.025967	-0.022038	-0.112562
2.773401	-0.026005	-0.021980	-0.115297
2.771167	-0.025863	-0.021985	-0.111077
2.768938	-0.025639	-0.021849	-0.108566
2.766712	-0.025426	-0.021699	-0.106759
2.764490	-0.025061	-0.021270	-0.108617
2.762272	-0.024746	-0.021072	-0.105252
2.760058	-0.024547	-0.020800	-0.107362
2.757847	-0.024067	-0.020392	-0.105293
2.755640	-0.023649	-0.020033	-0.103606
2.753437	-0.023270	-0.019592	-0.105387
2.751238	-0.023057	-0.019294	-0.107784
2.749043	-0.022742	-0.019132	-0.103426
2.746852	-0.022666	-0.019169	-0.100174
2.744664	-0.022480	-0.018929	-0.101715
2.742480	-0.022292	-0.018824	-0.099359
2.740300	-0.022363	-0.018828	-0.101269
2.738123	-0.022400	-0.018800	-0.103143
2.735950	-0.022326	-0.018851	-0.099557
2.733781	-0.022443	-0.018987	-0.098988
2.731616	-0.022554	-0.019010	-0.101537
2.729454	-0.022558	-0.019042	-0.100723
2.727296	-0.022661	-0.019188	-0.099482
2.725142	-0.022876	-0.019395	-0.099701
2.722991	-0.022825	-0.019369	-0.099009
2.720844	-0.022871	-0.019503	-0.096503
2.718701	-0.023039	-0.019743	-0.094429
2.716561	-0.022961	-0.019716	-0.092979
2.714425	-0.023053	-0.019815	-0.092773
2.712293	-0.023072	-0.019783	-0.094216
2.710164	-0.023091	-0.019864	-0.092437
2.708039	-0.023160	-0.019970	-0.091382
2.705917	-0.023154	-0.019958	-0.091559
2.703799	-0.023213	-0.019976	-0.092751
2.701685	-0.023188	-0.020019	-0.090779
2.699574	-0.023294	-0.020156	-0.089898
2.697466	-0.023185	-0.020144	-0.087137
2.695363	-0.023046	-0.020004	-0.087153
2.693262	-0.023101	-0.020051	-0.087370
2.691166	-0.022959	-0.019948	-0.086239
2.689072	-0.023019	-0.019984	-0.086963
2.686983	-0.022968	-0.019931	-0.087012
2.684897	-0.022946	-0.019896	-0.087402
2.682814	-0.022864	-0.019970	-0.082913
2.680735	-0.022851	-0.019904	-0.084428
2.678659	-0.022837	-0.019883	-0.084624
2.676587	-0.022801	-0.019909	-0.082857
2.674518	-0.022674	-0.019767	-0.083274
2.672453	-0.022546	-0.019685	-0.081954
2.670391	-0.022518	-0.019756	-0.079127
2.668333	-0.022496	-0.019733	-0.079170
2.666278	-0.022517	-0.019731	-0.079807
2.664226	-0.022628	-0.019929	-0.077303
2.662178	-0.022708	-0.020009	-0.077337
2.660133	-0.022525	-0.019820	-0.077466
2.658092	-0.022508	-0.019860	-0.075855
2.656054	-0.022732	-0.020063	-0.076449
2.654019	-0.022905	-0.020298	-0.074693
2.651988	-0.022608	-0.020054	-0.073175
2.649960	-0.022707	-0.020141	-0.073504
2.647936	-0.022692	-0.020243	-0.070164
2.645915	-0.022789	-0.020226	-0.073407
2.643897	-0.022844	-0.020274	-0.073606
2.641882	-0.022958	-0.020440	-0.072115
2.639871	-0.022994	-0.020556	-0.069845
2.637863	-0.023055	-0.020558	-0.071516
2.635859	-0.023110	-0.020668	-0.069961
2.633857	-0.022988	-0.020671	-0.066383
2.631859	-0.023038	-0.020733	-0.066022
2.629865	-0.023160	-0.020776	-0.068281
2.627873	-0.023153	-0.020907	-0.064341
2.625885	-0.023010	-0.020807	-0.063105
2.623900	-0.023179	-0.021002	-0.062351
2.621919	-0.023041	-0.020845	-0.062914
2.619940	-0.023101	-0.020834	-0.064964
2.617965	-0.023104	-0.020993	-0.060485
2.615993	-0.023201	-0.021032	-0.062161
2.614025	-0.023094	-0.021034	-0.059012
2.612059	-0.023190	-0.021105	-0.059733
2.610097	-0.023135	-0.021149	-0.056888
2.608138	-0.023242	-0.021210	-0.058227
2.606182	-0.023309	-0.021351	-0.056085
2.604229	-0.023216	-0.021254	-0.056196
2.602280	-0.023270	-0.021299	-0.056468
2.600333	-0.023308	-0.021429	-0.053823
2.598390	-0.023116	-0.021261	-0.053116
2.596450	-0.023089	-0.021324	-0.050548
2.594513	-0.023132	-0.021317	-0.051994
2.592579	-0.023048	-0.021197	-0.053025
2.590648	-0.023151	-0.021331	-0.052120
2.588721	-0.023013	-0.021305	-0.048924
2.586796	-0.023068	-0.021345	-0.049377
2.584875	-0.023005	-0.021305	-0.048698
2.582957	-0.022971	-0.021341	-0.046715
2.581042	-0.022998	-0.021357	-0.047006
2.579130	-0.023006	-0.021467	-0.044088
2.577221	-0.022922	-0.021315	-0.046029
2.575315	-0.022793	-0.021278	-0.043397
2.573412	-0.022924	-0.021336	-0.045501
2.571512	-0.022891	-0.021477	-0.040506
2.569615	-0.022905	-0.021423	-0.042434
2.567722	-0.022831	-0.021380	-0.041555
2.565831	-0.022778	-0.021331	-0.041440
2.563943	-0.022709	-0.021284	-0.040815
2.562058	-0.022614	-0.021207	-0.040306
2.560177	-0.022748	-0.021433	-0.037697
2.558298	-0.022713	-0.021386	-0.038001
2.556423	-0.022591	-0.021260	-0.038112
2.554550	-0.022620	-0.021377	-0.035606
2.552680	-0.022571	-0.021288	-0.036758
2.550813	-0.022563	-0.021387	-0.033694
2.548950	-0.022715	-0.021503	-0.034707
2.547089	-0.022710	-0.021598	-0.031852
2.545231	-0.022824	-0.021649	-0.033657
2.543376	-0.022642	-0.021522	-0.032103
2.541524	-0.022654	-0.021533	-0.032103
2.539675	-0.022703	-0.021701	-0.028699
2.537829	-0.022773	-0.021708	-0.030519
2.535986	-0.022771	-0.021815	-0.027393
2.534146	-0.022774	-0.021810	-0.027597
2.532308	-0.022913	-0.021952	-0.027532
2.530474	-0.022776	-0.021913	-0.024719
2.528642	-0.022843	-0.021925	-0.026311
2.526814	-0.022924	-0.022010	-0.026174
2.524988	-0.022831	-0.022016	-0.023339
2.523165	-0.022881	-0.022063	-0.023434
2.521345	-0.022777	-0.021992	-0.022484
2.519528	-0.022817	-0.022007	-0.023192
2.517714	-0.022688	-0.021835	-0.024429
2.515902	-0.022624	-0.021911	-0.020413
2.514093	-0.022622	-0.021896	-0.020803
2.512288	-0.022465	-0.021800	-0.019064
2.510485	-0.022455	-0.021729	-0.020790
2.508684	-0.022412	-0.021747	-0.019064
2.506887	-0.022264	-0.021648	-0.017660
2.505092	-0.022340	-0.021735	-0.017328
2.503301	-0.022249	-0.021683	-0.016227
2.501512	-0.022273	-0.021773	-0.014308
2.499726	-0.022286	-0.021733	-0.015849
2.497942	-0.022157	-0.021612	-0.015612
2.496162	-0.022082	-0.021618	-0.013295
2.494384	-0.022040	-0.021588	-0.012937
2.492609	-0.022081	-0.021634	-0.012806
2.490836	-0.021978	-0.021504	-0.013577
2.489067	-0.021940	-0.021530	-0.011728
2.487300	-0.021846	-0.021457	-0.011154
2.485536	-0.021777	-0.021430	-0.009937
2.483774	-0.021732	-0.021433	-0.008538
2.482016	-0.021809	-0.021491	-0.009111
2.480260	-0.021823	-0.021452	-0.010636
2.478507	-0.021867	-0.021581	-0.008209
2.476756	-0.021863	-0.021543	-0.009176
2.475008	-0.021607	-0.021488	-0.003417
2.473263	-0.021729	-0.021536	-0.005544
2.471521	-0.021833	-0.021660	-0.004934
2.469781	-0.021913	-0.021710	-0.005819
2.468044	-0.021786	-0.021615	-0.004890
2.466309	-0.021706	-0.021651	-0.001568
2.464578	-0.021753	-0.021570	-0.005241
2.462848	-0.021806	-0.021626	-0.005177
2.461122	-0.021619	-0.021539	-0.002299
2.459398	-0.021713	-0.021636	-0.002227
2.457677	-0.021714	-0.021613	-0.002908
2.455958	-0.021646	-0.021569	-0.002220
2.454243	-0.021517	-0.021542	0.000714
2.452529	-0.021610	-0.021551	-0.001682
2.450819	-0.021572	-0.021631	0.001667
2.449111	-0.021502	-0.021670	0.004802
2.447405	-0.021517	-0.021512	-0.000130
2.445702	-0.021548	-0.021595	0.001367
2.444002	-0.021494	-0.021540	0.001322
2.442304	-0.021300	-0.021420	0.003451
2.440609	-0.021303	-0.021377	0.002115
2.438917	-0.021333	-0.021404	0.002034
2.437227	-0.021228	-0.021369	0.004047
2.435539	-0.021226	-0.021422	0.005619
2.433854	-0.021195	-0.021379	0.005269
2.432172	-0.021151	-0.021300	0.004269
2.430492	-0.021286	-0.021472	0.005356
2.428815	-0.021388	-0.021558	0.004864
2.427140	-0.021345	-0.021492	0.004197
2.425468	-0.021164	-0.021419	0.007303
2.423799	-0.021203	-0.021418	0.006151
2.422131	-0.021185	-0.021493	0.008804
2.420467	-0.021267	-0.021528	0.007486
2.418805	-0.021160	-0.021459	0.008579
2.417145	-0.021098	-0.021365	0.007637
2.415488	-0.021047	-0.021344	0.008500
2.413833	-0.021001	-0.021361	0.010291
2.412181	-0.021028	-0.021403	0.010764
2.410532	-0.021044	-0.021442	0.011379
2.408884	-0.021074	-0.021345	0.007761
2.407240	-0.021062	-0.021478	0.011925
2.405598	-0.021158	-0.021542	0.010978
2.403958	-0.020977	-0.021407	0.012318
2.402320	-0.021005	-0.021350	0.009886
2.400685	-0.021022	-0.021373	0.010069
2.399053	-0.020889	-0.021288	0.011429
2.397423	-0.020932	-0.021342	0.011746
2.395795	-0.020897	-0.021171	0.007854
2.394170	-0.020852	-0.021188	0.009622
2.392547	-0.020839	-0.021260	0.012057
2.390927	-0.020711	-0.021139	0.012255
2.389309	-0.020727	-0.021118	0.011205
2.387694	-0.020752	-0.021195	0.012697
2.386081	-0.020672	-0.021157	0.013890
2.384470	-0.020596	-0.021149	0.015820
2.382861	-0.020736	-0.021156	0.012028
2.381255	-0.020580	-0.021066	0.013913
2.379652	-0.020680	-0.021153	0.013568
2.378051	-0.020529	-0.020991	0.013237
2.376452	-0.020507	-0.020947	0.012597
2.374855	-0.020403	-0.020937	0.015305
2.373261	-0.020352	-0.020884	0.015251
2.371669	-0.020308	-0.020848	0.015495
2.370080	-0.020131	-0.020662	0.015226
2.368493	-0.020203	-0.020622	0.011999
2.366908	-0.020143	-0.020701	0.015969
2.365326	-0.019972	-0.020468	0.014218
2.363745	-0.019874	-0.020403	0.015164
2.362168	-0.020019	-0.020434	0.011888
2.360592	-0.019939	-0.020480	0.015482
2.359019	-0.019905	-0.020400	0.014184
2.357448	-0.019752	-0.020265	0.014684
2.355880	-0.019728	-0.020256	0.015125
2.354313	-0.019729	-0.020295	0.016199
2.352749	-0.019742	-0.020239	0.014240
2.351188	-0.019877	-0.020417	0.015487
2.349628	-0.019942	-0.020466	0.015005
2.348071	-0.020047	-0.020578	0.015199
2.346516	-0.019883	-0.020374	0.014087
2.344964	-0.019811	-0.020336	0.015037
2.343413	-0.019837	-0.020416	0.016575
2.341865	-0.019833	-0.020426	0.016965
2.340319	-0.019733	-0.020219	0.013939
2.338776	-0.019713	-0.020180	0.013387
2.337235	-0.019661	-0.020258	0.017104
2.335695	-0.019864	-0.020325	0.013213
2.334159	-0.019815	-0.020332	0.014813
2.332624	-0.019666	-0.020175	0.014566
2.331091	-0.019499	-0.020082	0.016682
2.329561	-0.019544	-0.019964	0.012044
2.328033	-0.019490	-0.020042	0.015811
2.326508	-0.019537	-0.020079	0.015545
2.324984	-0.019558	-0.020066	0.014558
2.323463	-0.019564	-0.020104	0.015479
2.321943	-0.019506	-0.019993	0.013962
2.320426	-0.019452	-0.019906	0.013003
2.318912	-0.019315	-0.019803	0.013983
2.317399	-0.019258	-0.019770	0.014680
2.315888	-0.019285	-0.019739	0.013010
2.314380	-0.019248	-0.019709	0.013192
2.312874	-0.019246	-0.019786	0.015465
2.311370	-0.019231	-0.019710	0.013746
2.309868	-0.019103	-0.019611	0.014556
2.308369	-0.019063	-0.019667	0.017302
2.306871	-0.019060	-0.019519	0.013167
2.305376	-0.019063	-0.019527	0.013271
2.303883	-0.018955	-0.019502	0.015674
2.302392	-0.018894	-0.019251	0.010239
2.300903	-0.018648	-0.019187	0.015448
2.299416	-0.018676	-0.019137	0.013221
2.297931	-0.018650	-0.019101	0.012912
2.296449	-0.018642	-0.019107	0.013322
2.294968	-0.018741	-0.019187	0.012772
2.293490	-0.018814	-0.019223	0.011719
2.292013	-0.018785	-0.019300	0.014773
2.290539	-0.018710	-0.019151	0.012638
2.289067	-0.018726	-0.019150	0.012148
2.287597	-0.018630	-0.019060	0.012326
2.286129	-0.018543	-0.019003	0.013186
2.284664	-0.018628	-0.019015	0.011080
2.283200	-0.018647	-0.019044	0.011378
2.281738	-0.018760	-0.019043	0.008096
2.280279	-0.018605	-0.018911	0.008789
2.278821	-0.018567	-0.018963	0.011327
2.277366	-0.018633	-0.019026	0.011272
2.275912	-0.018766	-0.019125	0.010276
2.274461	-0.018724	-0.019095	0.010653
2.273012	-0.018744	-0.019047	0.008663
2.271564	-0.018556	-0.018824	0.007676
2.270119	-0.018512	-0.018930	0.011967
2.268676	-0.018526	-0.018855	0.009438
2.267235	-0.018738	-0.018936	0.005685
2.265796	-0.018584	-0.018943	0.010286
2.264359	-0.018454	-0.018865	0.011763
2.262923	-0.018603	-0.018884	0.008059
2.261490	-0.018562	-0.018951	0.011154
2.260059	-0.018413	-0.018701	0.008256
2.258630	-0.018323	-0.018553	0.006598
2.257203	-0.018276	-0.018666	0.011162
2.255778	-0.018154	-0.018515	0.010324
2.254355	-0.018292	-0.018549	0.007386
2.252934	-0.018383	-0.018654	0.007760
2.251515	-0.018335	-0.018693	0.010272
2.250098	-0.018627	-0.018878	0.007191
2.248683	-0.018624	-0.018827	0.005809
2.247269	-0.018676	-0.018877	0.005752
2.245858	-0.018485	-0.018695	0.006020
2.244449	-0.018246	-0.018489	0.006941
2.243042	-0.018046	-0.018200	0.004404
2.241636	-0.017884	-0.018047	0.004666
2.240233	-0.017666	-0.017894	0.006542
2.238832	-0.017711	-0.017859	0.004233
2.237432	-0.017708	-0.017875	0.004771
2.236035	-0.017782	-0.017908	0.003592
2.234639	-0.017954	-0.018154	0.005716
2.233245	-0.017947	-0.018027	0.002288
2.231854	-0.017862	-0.017954	0.002627
2.230464	-0.017853	-0.017998	0.004165
2.229076	-0.017743	-0.017756	0.000373
2.227690	-0.017832	-0.017981	0.004273
2.226306	-0.017709	-0.017878	0.004840
2.224924	-0.017739	-0.017824	0.002428
2.223544	-0.017767	-0.017789	0.000625
2.222165	-0.017737	-0.017804	0.001915
2.220789	-0.017754	-0.017783	0.000838
2.219414	-0.017707	-0.017798	0.002615
2.218042	-0.017840	-0.017859	0.000549
2.216671	-0.017846	-0.017824	-0.000642
2.215302	-0.017887	-0.017904	0.000462
2.213935	-0.017828	-0.017975	0.004213
2.212570	-0.017652	-0.017769	0.003365
2.211207	-0.017665	-0.017700	0.001005
2.209845	-0.017513	-0.017548	0.001000
2.208486	-0.017514	-0.017609	0.002731
2.207128	-0.017441	-0.017542	0.002891
2.205772	-0.017455	-0.017444	-0.000308
2.204418	-0.017419	-0.017463	0.001244
2.203066	-0.017517	-0.017482	-0.000998
2.201716	-0.017495	-0.017439	-0.001608
2.200367	-0.017406	-0.017466	0.001720
2.199021	-0.017327	-0.017304	-0.000662
2.197676	-0.017272	-0.017241	-0.000888
2.196333	-0.017283	-0.017168	-0.003274
2.194992	-0.017215	-0.017118	-0.002796
2.193653	-0.017393	-0.017370	-0.000671
2.192315	-0.017337	-0.017354	0.000495
2.190980	-0.017344	-0.017316	-0.000817
2.189646	-0.017392	-0.017248	-0.004130
2.188314	-0.017356	-0.017252	-0.002992
2.186984	-0.017359	-0.017201	-0.004522
2.185655	-0.017227	-0.017103	-0.003545
2.184328	-0.017194	-0.017099	-0.002736
2.183004	-0.016952	-0.016844	-0.003094
2.181681	-0.016933	-0.016818	-0.003282
2.180359	-0.016899	-0.016849	-0.001447
2.179040	-0.016952	-0.016845	-0.003079
2.177722	-0.016984	-0.016836	-0.004236
2.176406	-0.016973	-0.016868	-0.003025
2.175092	-0.017069	-0.016859	-0.006013
2.173780	-0.016947	-0.016736	-0.006033
2.172469	-0.016844	-0.016656	-0.005369
2.171160	-0.016707	-0.016537	-0.004869
2.169853	-0.016765	-0.016602	-0.004661
2.168548	-0.016655	-0.016519	-0.003921
2.167244	-0.016511	-0.016271	-0.006870
2.165943	-0.016581	-0.016317	-0.007566
2.164643	-0.016643	-0.016344	-0.008579
2.163344	-0.016526	-0.016274	-0.007211
2.162048	-0.016484	-0.016189	-0.008441
2.160753	-0.016477	-0.016272	-0.005866
2.159460	-0.016545	-0.016255	-0.008310
2.158168	-0.016480	-0.016197	-0.008103
2.156879	-0.016459	-0.016214	-0.007018
2.155591	-0.016283	-0.016051	-0.006658
2.154304	-0.016316	-0.016015	-0.008644
2.153020	-0.016274	-0.016050	-0.006411
2.151737	-0.016111	-0.015826	-0.008163
2.150456	-0.016097	-0.015819	-0.007982
2.149177	-0.016058	-0.015806	-0.007209
2.147899	-0.016194	-0.015924	-0.007746
2.146623	-0.016150	-0.015867	-0.008091
2.145349	-0.016229	-0.015853	-0.010759
2.144076	-0.016058	-0.015780	-0.007966
2.142805	-0.015988	-0.015732	-0.007309
2.141536	-0.015858	-0.015548	-0.008895
2.140268	-0.015778	-0.015473	-0.008762
2.139002	-0.015601	-0.015268	-0.009550
2.137738	-0.015635	-0.015185	-0.012906
2.136476	-0.015577	-0.015197	-0.010895
2.135215	-0.015586	-0.015283	-0.008681
2.133956	-0.015683	-0.015337	-0.009902
2.132698	-0.015737	-0.015392	-0.009900
2.131442	-0.015820	-0.015460	-0.010307
2.130188	-0.015863	-0.015515	-0.009984
2.128935	-0.015665	-0.015337	-0.009406
2.127684	-0.015489	-0.015011	-0.013679
2.126435	-0.015457	-0.015061	-0.011336
2.125187	-0.015442	-0.015125	-0.009067
2.123941	-0.015273	-0.014859	-0.011860
2.122697	-0.015246	-0.014784	-0.013239
2.121454	-0.015189	-0.014780	-0.011719
2.120213	-0.015188	-0.014802	-0.011058
2.118974	-0.015172	-0.014817	-0.010172
2.117736	-0.015295	-0.014763	-0.015225
2.116500	-0.015214	-0.014821	-0.011272
2.115265	-0.015094	-0.014788	-0.008766
2.114032	-0.014998	-0.014670	-0.009408
2.112801	-0.015116	-0.014659	-0.013086
2.111571	-0.015025	-0.014538	-0.013957
2.110343	-0.015180	-0.014649	-0.015214
2.109116	-0.015080	-0.014591	-0.014004
2.107891	-0.014983	-0.014500	-0.013831
2.106668	-0.014883	-0.014393	-0.014048
2.105446	-0.015065	-0.014568	-0.014248
2.104226	-0.015000	-0.014563	-0.012541
2.103007	-0.014924	-0.014466	-0.013119
2.101790	-0.014913	-0.014521	-0.011239
2.100575	-0.014816	-0.014283	-0.015245
2.099361	-0.014755	-0.014343	-0.011795
2.098149	-0.014618	-0.014120	-0.014259
2.096938	-0.014658	-0.014182	-0.013643
2.095729	-0.014799	-0.014326	-0.013571
2.094521	-0.014703	-0.014228	-0.013609
2.093315	-0.014576	-0.014057	-0.014888
2.092111	-0.014560	-0.013989	-0.016359
2.090908	-0.014472	-0.013916	-0.015937
2.089707	-0.014614	-0.013950	-0.019022
2.088507	-0.014290	-0.013772	-0.014840
2.087309	-0.014134	-0.013579	-0.015896
2.086112	-0.014228	-0.013649	-0.016612
2.084917	-0.014348	-0.013723	-0.017895
2.083723	-0.014339	-0.013730	-0.017436
2.082531	-0.014255	-0.013776	-0.013718
2.081341	-0.014323	-0.013755	-0.016267
2.080152	-0.014218	-0.013695	-0.014976
2.078964	-0.014151	-0.013680	-0.013511
2.077778	-0.014089	-0.013533	-0.015928
2.076594	-0.013872	-0.013367	-0.014452
2.075411	-0.014013	-0.013535	-0.013706
2.074230	-0.014073	-0.013513	-0.016037
2.073050	-0.013964	-0.013387	-0.016532
2.071871	-0.013885	-0.013313	-0.016400
2.070694	-0.013794	-0.013309	-0.013898
2.069519	-0.013703	-0.013123	-0.016616
2.068345	-0.013481	-0.013003	-0.013696
2.067173	-0.013699	-0.013156	-0.015572
2.066002	-0.013516	-0.012949	-0.016245
2.064833	-0.013482	-0.012795	-0.019678
2.063665	-0.013309	-0.012664	-0.018494
2.062498	-0.013348	-0.012728	-0.017753
2.061333	-0.013289	-0.012763	-0.015069
2.060170	-0.013315	-0.012725	-0.016925
2.059008	-0.013322	-0.012661	-0.018927
2.057848	-0.013155	-0.012588	-0.016252
2.056689	-0.013165	-0.012616	-0.015730
2.055531	-0.013209	-0.012638	-0.016344
2.054375	-0.013208	-0.012557	-0.018663
2.053221	-0.013053	-0.012428	-0.017918
2.052067	-0.013096	-0.012522	-0.016440
2.050916	-0.013234	-0.012567	-0.019102
2.049766	-0.013204	-0.012686	-0.014836
2.048617	-0.013126	-0.012496	-0.018052
2.047470	-0.013023	-0.012443	-0.016612
2.046324	-0.012849	-0.012340	-0.014571
2.045179	-0.013093	-0.012475	-0.017711
2.044036	-0.012943	-0.012429	-0.014716
2.042895	-0.012913	-0.012308	-0.017353
2.041755	-0.012922	-0.012290	-0.018103
2.040616	-0.012712	-0.012096	-0.017638
2.039479	-0.012821	-0.012127	-0.019867
2.038343	-0.012786	-0.012001	-0.022473
2.037209	-0.012704	-0.012085	-0.017723
2.036076	-0.012684	-0.012042	-0.018369
2.034945	-0.012750	-0.012058	-0.019835
2.033815	-0.012729	-0.012133	-0.017088
2.032686	-0.012664	-0.012146	-0.014837
2.031559	-0.012488	-0.011993	-0.014178
2.030433	-0.012560	-0.011978	-0.016667
2.029309	-0.012564	-0.011993	-0.016365
2.028186	-0.012508	-0.011861	-0.018529
2.027064	-0.012543	-0.011940	-0.017285
2.025944	-0.012530	-0.011979	-0.015805
2.024825	-0.012511	-0.011947	-0.016158
2.023708	-0.012624	-0.011906	-0.020555
2.022592	-0.012465	-0.011819	-0.018497
2.021477	-0.012281	-0.011638	-0.018438
2.020364	-0.012205	-0.011624	-0.016622
2.019252	-0.012183	-0.011513	-0.019206
2.018142	-0.012096	-0.011486	-0.017459
2.017033	-0.012015	-0.011438	-0.016530
2.015925	-0.012122	-0.011502	-0.017760
2.014819	-0.012089	-0.011456	-0.018145
2.013714	-0.011985	-0.011355	-0.018040
2.012610	-0.011976	-0.011197	-0.022301
2.011508	-0.011919	-0.011254	-0.019044
2.010407	-0.011998	-0.011372	-0.017959
2.009308	-0.012045	-0.011382	-0.018977
2.008210	-0.012129	-0.011475	-0.018756
2.007113	-0.012009	-0.011380	-0.018004
2.006018	-0.011953	-0.011347	-0.017377
2.004924	-0.011674	-0.011083	-0.016922
2.003831	-0.011708	-0.011089	-0.017724
2.002740	-0.011542	-0.011065	-0.013659
2.001650	-0.011559	-0.010878	-0.019511
2.000561	-0.011688	-0.010985	-0.020130
1.999474	-0.011693	-0.010951	-0.021255
1.998388	-0.011781	-0.011038	-0.021266
1.997303	-0.011805	-0.011162	-0.018406
1.996220	-0.011778	-0.011213	-0.016181
1.995138	-0.011893	-0.011348	-0.015627
1.994058	-0.011754	-0.011095	-0.018884
1.992978	-0.011871	-0.011222	-0.018595
1.991901	-0.011716	-0.011148	-0.016285
1.990824	-0.011713	-0.011047	-0.019085
1.989749	-0.011639	-0.011008	-0.018086
1.988675	-0.011498	-0.010883	-0.017614
1.987602	-0.011434	-0.010678	-0.021660
1.986531	-0.011377	-0.010837	-0.015486
1.985461	-0.011634	-0.010971	-0.019004
1.984392	-0.011546	-0.010946	-0.017196
1.983325	-0.011422	-0.010755	-0.019104
1.982259	-0.011318	-0.010738	-0.016599
1.981194	-0.011247	-0.010612	-0.018193
1.980130	-0.011169	-0.010565	-0.017288
1.979068	-0.011185	-0.010590	-0.017033
1.978007	-0.010998	-0.010415	-0.016680
1.976948	-0.010958	-0.010345	-0.017568
1.975889	-0.010910	-0.010350	-0.016060
1.974832	-0.010966	-0.010368	-0.017126
1.973777	-0.010852	-0.010259	-0.016972
1.972722	-0.010968	-0.010343	-0.017927
1.971669	-0.010941	-0.010277	-0.019018
1.970617	-0.010798	-0.010276	-0.014958
1.969566	-0.010818	-0.010205	-0.017559
1.968517	-0.010594	-0.009983	-0.017511
1.967469	-0.010639	-0.010010	-0.018017
1.966422	-0.010468	-0.009941	-0.015077
1.965377	-0.010482	-0.009895	-0.016817
1.964333	-0.010263	-0.009736	-0.015103
1.963290	-0.010154	-0.009622	-0.015234
1.962248	-0.010143	-0.009498	-0.018472
1.961207	-0.010062	-0.009414	-0.018552
1.960168	-0.009968	-0.009428	-0.015476
1.959130	-0.009953	-0.009348	-0.017322
1.958094	-0.009787	-0.009225	-0.016096
1.957058	-0.009796	-0.009234	-0.016094
1.956024	-0.009950	-0.009303	-0.018559
1.954991	-0.009919	-0.009327	-0.016952
1.953959	-0.009902	-0.009415	-0.013939
1.952929	-0.009982	-0.009288	-0.019878
1.951900	-0.009791	-0.009213	-0.016557
1.950872	-0.009706	-0.009037	-0.019184
1.949845	-0.009710	-0.009167	-0.015561
1.948819	-0.009576	-0.009077	-0.014290
1.947795	-0.009419	-0.008853	-0.016220
1.946772	-0.009483	-0.008912	-0.016348
1.945750	-0.009488	-0.008947	-0.015502
1.944729	-0.009324	-0.008809	-0.014745
1.943710	-0.009431	-0.008854	-0.016521
1.942692	-0.009459	-0.008914	-0.015603
1.941675	-0.009398	-0.008901	-0.014235
1.940659	-0.009472	-0.008904	-0.016269
1.939645	-0.009247	-0.008675	-0.016386
1.938631	-0.009064	-0.008564	-0.014325
1.937619	-0.009183	-0.008665	-0.014837
1.936608	-0.009143	-0.008654	-0.014009
1.935599	-0.009067	-0.008576	-0.014066
1.934590	-0.008957	-0.008414	-0.015539
1.933583	-0.008958	-0.008540	-0.011951
1.932577	-0.008941	-0.008464	-0.013665
1.931572	-0.008916	-0.008496	-0.012032
1.930568	-0.008991	-0.008496	-0.014186
1.929566	-0.009000	-0.008521	-0.013717
1.928565	-0.009012	-0.008500	-0.014673
1.927565	-0.009145	-0.008552	-0.016981
1.926566	-0.008947	-0.008497	-0.012897
1.925568	-0.008816	-0.008364	-0.012939
1.924571	-0.008892	-0.008315	-0.016525
1.923576	-0.008757	-0.008200	-0.015970
1.922582	-0.008729	-0.008235	-0.014150
1.921589	-0.008725	-0.008197	-0.015124
1.920597	-0.008737	-0.008221	-0.014772
1.919606	-0.008807	-0.008304	-0.014407
1.918617	-0.008636	-0.008095	-0.015487
1.917629	-0.008553	-0.008037	-0.014765
1.916641	-0.008623	-0.008130	-0.014145
1.915655	-0.008751	-0.008248	-0.014402
1.914671	-0.008737	-0.008201	-0.015358
1.913687	-0.008593	-0.008135	-0.013107
1.912704	-0.008556	-0.008137	-0.012000
1.911723	-0.008431	-0.007908	-0.014966
1.910743	-0.008469	-0.008044	-0.012168
1.909764	-0.008260	-0.007837	-0.012124
1.908786	-0.008325	-0.007741	-0.016720
1.907809	-0.008349	-0.007831	-0.014855
1.906834	-0.008268	-0.007867	-0.011481
1.905859	-0.008185	-0.007732	-0.012964
1.904886	-0.008238	-0.007776	-0.013234
1.903914	-0.008054	-0.007633	-0.012055
1.902943	-0.008046	-0.007731	-0.009015
1.901973	-0.008162	-0.007666	-0.014212
1.901004	-0.008014	-0.007613	-0.011503
1.900036	-0.007853	-0.007388	-0.013326
1.899070	-0.007831	-0.007386	-0.012767
1.898105	-0.007969	-0.007561	-0.011684
1.897140	-0.007961	-0.007505	-0.013054
1.896177	-0.007854	-0.007425	-0.012282
1.895215	-0.007851	-0.007410	-0.012630
1.894254	-0.007742	-0.007318	-0.012140
1.893295	-0.007732	-0.007308	-0.012169
1.892336	-0.007579	-0.007178	-0.011478
1.891378	-0.007541	-0.007163	-0.010830
1.890422	-0.007599	-0.007096	-0.014419
1.889467	-0.007460	-0.007185	-0.007872
1.888513	-0.007526	-0.007130	-0.011348
1.887560	-0.007455	-0.007116	-0.009696
1.886608	-0.007366	-0.006897	-0.013434
1.885657	-0.007099	-0.006802	-0.008521
1.884707	-0.007236	-0.006874	-0.010387
1.883758	-0.007109	-0.006792	-0.009093
1.882811	-0.007095	-0.006690	-0.011603
1.881864	-0.007093	-0.006694	-0.011446
1.880919	-0.007126	-0.006683	-0.012689
1.879975	-0.006930	-0.006546	-0.010997
1.879032	-0.006889	-0.006463	-0.012212
1.878090	-0.006833	-0.006502	-0.009478
1.877149	-0.006859	-0.006586	-0.007848
1.876209	-0.006908	-0.006515	-0.011263
1.875270	-0.006923	-0.006603	-0.009157
1.874332	-0.007165	-0.006737	-0.012263
1.873396	-0.006799	-0.006486	-0.008981
1.872460	-0.006737	-0.006308	-0.012299
1.871525	-0.006768	-0.006413	-0.010160
1.870592	-0.006879	-0.006508	-0.010621
1.869660	-0.006777	-0.006532	-0.007010
1.868728	-0.006689	-0.006376	-0.008974
1.867798	-0.006770	-0.006441	-0.009428
1.866869	-0.006718	-0.006399	-0.009137
1.865941	-0.006541	-0.006323	-0.006227
1.865014	-0.006706	-0.006414	-0.008340
1.864088	-0.006611	-0.006243	-0.010550
1.863163	-0.006478	-0.006215	-0.007534
1.862239	-0.006547	-0.006274	-0.007821
1.861317	-0.006680	-0.006325	-0.010143
1.860395	-0.006584	-0.006194	-0.011169
1.859474	-0.006626	-0.006140	-0.013913
1.858555	-0.006688	-0.006323	-0.010441
1.857636	-0.006716	-0.006378	-0.009669
1.856719	-0.006661	-0.006334	-0.009370
1.855802	-0.006647	-0.006390	-0.007373
1.854887	-0.006689	-0.006423	-0.007642
1.853973	-0.006524	-0.006329	-0.005575
1.853059	-0.006383	-0.006086	-0.008498
1.852147	-0.006241	-0.005988	-0.007246
1.851236	-0.006201	-0.005984	-0.006224
1.850326	-0.006188	-0.005979	-0.006006
1.849416	-0.006377	-0.006238	-0.003960
1.848508	-0.006545	-0.006279	-0.007630
1.847601	-0.006604	-0.006242	-0.010385
1.846695	-0.006313	-0.006031	-0.008083
1.845790	-0.006257	-0.006026	-0.006607
1.844886	-0.006192	-0.005819	-0.010687
1.843983	-0.006079	-0.005769	-0.008875
1.843081	-0.005929	-0.005698	-0.006612
1.842180	-0.005918	-0.005733	-0.005280
1.841280	-0.005668	-0.005556	-0.003221
1.840381	-0.005725	-0.005454	-0.007764
1.839484	-0.005635	-0.005389	-0.007038
1.838587	-0.005773	-0.005502	-0.007750
1.837691	-0.005669	-0.005485	-0.005266
1.836796	-0.005630	-0.005386	-0.006976
1.835902	-0.005578	-0.005343	-0.006727
1.835009	-0.005655	-0.005445	-0.006001
1.834118	-0.005551	-0.005327	-0.006397
1.833227	-0.005416	-0.005236	-0.005162
1.832337	-0.005359	-0.005128	-0.006606
1.831448	-0.005235	-0.004992	-0.006978
1.830560	-0.005077	-0.004889	-0.005390
1.829674	-0.005078	-0.004874	-0.005842
1.828788	-0.005049	-0.004807	-0.006933
1.827903	-0.005014	-0.004812	-0.005787
1.827019	-0.005069	-0.004828	-0.006894
1.826136	-0.004964	-0.004723	-0.006887
1.825255	-0.004989	-0.004673	-0.009055
1.824374	-0.004926	-0.004700	-0.006473
1.823494	-0.005141	-0.004932	-0.005995
1.822615	-0.005069	-0.004937	-0.003762
1.821737	-0.005115	-0.004997	-0.003357
1.820860	-0.004857	-0.004714	-0.004078
1.819984	-0.004705	-0.004658	-0.001341
1.819109	-0.004654	-0.004445	-0.005997
1.818235	-0.004589	-0.004442	-0.004215
1.817362	-0.004475	-0.004425	-0.001412
1.816490	-0.004547	-0.004295	-0.007222
1.815619	-0.004356	-0.004154	-0.005785
1.814749	-0.004189	-0.004083	-0.003035
1.813880	-0.004246	-0.004103	-0.004105
1.813012	-0.004434	-0.004128	-0.008759
1.812145	-0.004327	-0.004223	-0.002966
1.811279	-0.004123	-0.004053	-0.002020
1.810413	-0.004438	-0.004319	-0.003405
1.809549	-0.004349	-0.004226	-0.003525
1.808686	-0.004237	-0.004146	-0.002629
1.807824	-0.004301	-0.004204	-0.002789
1.806962	-0.004247	-0.004272	0.000700
1.806102	-0.004245	-0.004220	-0.000726
1.805242	-0.004217	-0.004082	-0.003850
1.804384	-0.004332	-0.004260	-0.002084
1.803526	-0.004298	-0.004276	-0.000647
1.802670	-0.004304	-0.004388	0.002391
1.801814	-0.004290	-0.004235	-0.001574
1.800959	-0.004124	-0.004142	0.000517
1.800105	-0.004076	-0.004018	-0.001663
1.799252	-0.004132	-0.004014	-0.003369
1.798401	-0.004010	-0.003901	-0.003125
1.797550	-0.003939	-0.003880	-0.001696
1.796700	-0.003930	-0.003876	-0.001544
1.795851	-0.003671	-0.003630	-0.001178
1.795002	-0.003544	-0.003484	-0.001721
1.794155	-0.003450	-0.003429	-0.000589
1.793309	-0.003606	-0.003572	-0.000982
1.792464	-0.003380	-0.003381	0.000006
1.791619	-0.003491	-0.003404	-0.002480
1.790776	-0.003429	-0.003385	-0.001266
1.789933	-0.003359	-0.003237	-0.003491
1.789092	-0.003289	-0.003268	-0.000593
1.788251	-0.003360	-0.003418	0.001660
1.787411	-0.003270	-0.003352	0.002337
1.786572	-0.003294	-0.003267	-0.000780
1.785734	-0.002977	-0.002974	-0.000107
1.784897	-0.002897	-0.002912	0.000432
1.784061	-0.003029	-0.003050	0.000581
1.783226	-0.003029	-0.003198	0.004843
1.782392	-0.003212	-0.003209	-0.000099
1.781558	-0.003408	-0.003389	-0.000562
1.780726	-0.003385	-0.003349	-0.001040
1.779894	-0.003321	-0.003456	0.003856
1.779064	-0.003440	-0.003433	-0.000216
1.778234	-0.003210	-0.003210	-0.000013
1.777405	-0.003072	-0.003125	0.001519
1.776577	-0.003029	-0.003111	0.002348
1.775750	-0.003117	-0.003097	-0.000576
1.774924	-0.002895	-0.002927	0.000923
1.774099	-0.002756	-0.002855	0.002832
1.773275	-0.002576	-0.002577	0.000014
1.772451	-0.002517	-0.002594	0.002199
1.771629	-0.002561	-0.002590	0.000808
1.770807	-0.002631	-0.002665	0.000992
1.769986	-0.002623	-0.002747	0.003558
1.769167	-0.002521	-0.002641	0.003420
1.768348	-0.002632	-0.002668	0.001032
1.767530	-0.002511	-0.002552	0.001153
1.766712	-0.002322	-0.002432	0.003144
1.765896	-0.002453	-0.002445	-0.000253
1.765081	-0.002270	-0.002412	0.004059
1.764266	-0.002160	-0.002299	0.003987
1.763453	-0.002164	-0.002329	0.004732
1.762640	-0.002261	-0.002251	-0.000289
1.761828	-0.002320	-0.002419	0.002826
1.761017	-0.002182	-0.002288	0.003011
1.760207	-0.002021	-0.002193	0.004907
1.759398	-0.001973	-0.002132	0.004551
1.758589	-0.002031	-0.002180	0.004264
1.757782	-0.001969	-0.002051	0.002326
1.756975	-0.001893	-0.002010	0.003370
1.756169	-0.001858	-0.002016	0.004516
1.755365	-0.002010	-0.002157	0.004221
1.754560	-0.002031	-0.002147	0.003341
1.753757	-0.001931	-0.002083	0.004369
1.752955	-0.002001	-0.002192	0.005449
1.752154	-0.001941	-0.002045	0.002971
1.751353	-0.001777	-0.001941	0.004712
1.750553	-0.001798	-0.001941	0.004102
1.749755	-0.001715	-0.001838	0.003516
1.748957	-0.001735	-0.001830	0.002714
1.748159	-0.001696	-0.001857	0.004637
1.747363	-0.001801	-0.001888	0.002504
1.746568	-0.001760	-0.001999	0.006850
1.745773	-0.001897	-0.002081	0.005280
1.744979	-0.001767	-0.001921	0.004409
1.744187	-0.001827	-0.002130	0.008693
1.743395	-0.001770	-0.001961	0.005470
1.742603	-0.001902	-0.001940	0.001094
1.741813	-0.001950	-0.002220	0.007724
1.741024	-0.001919	-0.002103	0.005284
1.740235	-0.001861	-0.002083	0.006376
1.739447	-0.001888	-0.002050	0.004657
1.738660	-0.001832	-0.001969	0.003914
1.737874	-0.001778	-0.001900	0.003497
1.737089	-0.001681	-0.001912	0.006610
1.736304	-0.001705	-0.001953	0.007092
1.735521	-0.001676	-0.001983	0.008787
1.734738	-0.001745	-0.001948	0.005815
1.733956	-0.001820	-0.002110	0.008317
1.733175	-0.001807	-0.001942	0.003860
1.732395	-0.001907	-0.002137	0.006584
1.731615	-0.001882	-0.002165	0.008111
1.730837	-0.001739	-0.001988	0.007127
1.730059	-0.001581	-0.001900	0.009155
1.729282	-0.001726	-0.001959	0.006677
1.728506	-0.001429	-0.001735	0.008745
1.727730	-0.001439	-0.001716	0.007935
1.726956	-0.001333	-0.001634	0.008613
1.726182	-0.001171	-0.001380	0.005995
1.725409	-0.001144	-0.001402	0.007384
1.724637	-0.001120	-0.001352	0.006642
1.723866	-0.000997	-0.001248	0.007193
1.723096	-0.000899	-0.001194	0.008445
1.722326	-0.000833	-0.001085	0.007223
1.721557	-0.000712	-0.000970	0.007401
1.720789	-0.000835	-0.001121	0.008195
1.720022	-0.000827	-0.001226	0.011425
1.719256	-0.001032	-0.001209	0.005091
1.718490	-0.000850	-0.001174	0.009296
1.717726	-0.000891	-0.001176	0.008182
1.716962	-0.000889	-0.001207	0.009103
1.716199	-0.001166	-0.001396	0.006584
1.715436	-0.001002	-0.001286	0.008125
1.714675	-0.001126	-0.001355	0.006557
1.713914	-0.001146	-0.001474	0.009405
1.713154	-0.001116	-0.001568	0.012959
1.712395	-0.001217	-0.001604	0.011068
1.711637	-0.001202	-0.001488	0.008191
1.710879	-0.001094	-0.001422	0.009393
1.710122	-0.001001	-0.001381	0.010892
1.709366	-0.001081	-0.001297	0.006204
1.708611	-0.001065	-0.001412	0.009936
1.707857	-0.001307	-0.001641	0.009567
1.707103	-0.001451	-0.001650	0.005712
1.706351	-0.001447	-0.001809	0.010364
1.705599	-0.001442	-0.001774	0.009513
1.704847	-0.001385	-0.001789	0.011577
1.704097	-0.001456	-0.001684	0.006534
1.703347	-0.001330	-0.001728	0.011414
1.702599	-0.001390	-0.001777	0.011097
1.701850	-0.001354	-0.001813	0.013148
1.701103	-0.001324	-0.001624	0.008584
1.700357	-0.001228	-0.001531	0.008679
1.699611	-0.000942	-0.001397	0.013035
1.698866	-0.000996	-0.001410	0.011844
1.698122	-0.001063	-0.001493	0.012294
1.697378	-0.000871	-0.001138	0.007643
1.696636	-0.000734	-0.001091	0.010239
1.695894	-0.000949	-0.001317	0.010538
1.695153	-0.000951	-0.001486	0.015307
1.694412	-0.000886	-0.001303	0.011936
1.693673	-0.000966	-0.001278	0.008957
1.692934	-0.000842	-0.001229	0.011084
1.692196	-0.000619	-0.001081	0.013237
1.691459	-0.000642	-0.000993	0.010051
1.690722	-0.000878	-0.001243	0.010443
1.689987	-0.000880	-0.001305	0.012197
1.689252	-0.000885	-0.001301	0.011902
1.688518	-0.000850	-0.001291	0.012634
1.687784	-0.000927	-0.001278	0.010029
1.687051	-0.000751	-0.001196	0.012749
1.686320	-0.000677	-0.000977	0.008603
1.685588	-0.000507	-0.000965	0.013119
1.684858	-0.000544	-0.000927	0.010965
1.684128	-0.000492	-0.000834	0.009811
1.683399	-0.000408	-0.000645	0.006781
1.682671	-0.000414	-0.000869	0.013037
1.681944	-0.000410	-0.000828	0.011983
1.681217	-0.000449	-0.000847	0.011403
1.680491	-0.000315	-0.000798	0.013840
1.679766	-0.000431	-0.000782	0.010067
1.679042	-0.000547	-0.000987	0.012607
1.678318	-0.000599	-0.001029	0.012335
1.677595	-0.000503	-0.000889	0.011046
1.676873	-0.000561	-0.001000	0.012575
1.676152	-0.000616	-0.000982	0.010490
1.675431	-0.000724	-0.001189	0.013333
1.674711	-0.000798	-0.001317	0.014885
1.673992	-0.000744	-0.001171	0.012239
1.673273	-0.000813	-0.001225	0.011797
1.672556	-0.000655	-0.001135	0.013746
1.671839	-0.000700	-0.001218	0.014841
1.671122	-0.000597	-0.001046	0.012860
1.670407	-0.000380	-0.000942	0.016119
1.669692	-0.000291	-0.000822	0.015224
1.668978	-0.000329	-0.000856	0.015118
1.668265	-0.000153	-0.000718	0.016204
1.667552	-0.000147	-0.000759	0.017514
1.666840	-0.000241	-0.000582	0.009766
1.666129	-0.000269	-0.000826	0.015945
1.665418	-0.000171	-0.000735	0.016156
1.664709	0.000018	-0.000520	0.015424
1.664000	0.000083	-0.000448	0.015232
1.663292	0.000148	-0.000311	0.013168
1.662584	0.000374	-0.000131	0.014466
1.661877	0.000586	0.000133	0.012991
1.661171	0.000728	0.000059	0.019173
1.660466	0.000645	0.000133	0.014671
1.659761	0.000786	0.000189	0.017103
1.659057	0.001066	0.000403	0.018981
1.658354	0.000938	0.000449	0.013998
1.657651	0.000972	0.000440	0.015230
1.656950	0.001225	0.000682	0.015576
1.656249	0.001264	0.000744	0.014899
1.655548	0.001446	0.000863	0.016708
1.654848	0.001357	0.000929	0.012253
1.654150	0.001320	0.000854	0.013328
1.653451	0.001565	0.001011	0.015863
1.652754	0.001452	0.000864	0.016847
1.652057	0.001487	0.000892	0.017043
1.651361	0.001498	0.000934	0.016156
1.650665	0.001412	0.000845	0.016234
1.649971	0.001358	0.000899	0.013150
1.649277	0.001570	0.001101	0.013428
1.648583	0.001555	0.001023	0.015251
1.647891	0.001485	0.000900	0.016750
1.647199	0.001518	0.001017	0.014362
1.646508	0.001493	0.000996	0.014216
1.645817	0.001287	0.000717	0.016326
1.645127	0.001153	0.000515	0.018269
1.644438	0.001079	0.000491	0.016855
1.643750	0.001150	0.000548	0.017228
1.643062	0.000936	0.000363	0.016397
1.642375	0.000860	0.000282	0.016566
1.641689	0.000853	0.000231	0.017821
1.641003	0.001027	0.000466	0.016086
1.640318	0.001261	0.000658	0.017287
1.639634	0.001213	0.000639	0.016445
1.638950	0.001236	0.000672	0.016166
1.638267	0.001237	0.000700	0.015379
1.637585	0.000905	0.000390	0.014779
1.636903	0.000879	0.000393	0.013922
1.636222	0.000881	0.000289	0.016950
1.635542	0.000943	0.000248	0.019918
1.634863	0.001004	0.000460	0.015584
1.634184	0.000965	0.000383	0.016692
1.633506	0.001061	0.000454	0.017386
1.632828	0.001020	0.000401	0.017723
1.632151	0.000583	0.000039	0.015577
1.631475	0.000621	-0.000073	0.019862
1.630800	0.000503	-0.000040	0.015562
1.630125	0.000790	0.000191	0.017175
1.629451	0.000799	0.000167	0.018103
1.628778	0.000576	-0.000092	0.019157
1.628105	0.000457	-0.000196	0.018710
1.627433	0.000423	-0.000208	0.018086
1.626761	0.000499	-0.000165	0.019020
1.626091	0.000325	-0.000133	0.013120
1.625421	0.000318	-0.000437	0.021654
1.624751	0.000384	-0.000168	0.015812
1.624083	0.000336	-0.000169	0.014467
1.623414	0.000293	-0.000327	0.017774
1.622747	0.000326	-0.000360	0.019653
1.622080	0.000359	-0.000349	0.020298
1.621414	0.000381	-0.000312	0.019846
1.620749	0.000413	-0.000124	0.015376
1.620084	0.000681	-0.000025	0.020232
1.619420	0.000751	0.000117	0.018161
1.618757	0.000668	0.000021	0.018547
1.618094	0.000630	-0.000001	0.018060
1.617432	0.000623	-0.000006	0.018001
1.616770	0.000587	-0.000067	0.018728
1.616109	0.000647	-0.000009	0.018803
1.615449	0.000677	0.000051	0.017929
1.614790	0.000626	0.000018	0.017420
1.614131	0.000701	0.000001	0.020064
1.613473	0.000755	0.000087	0.019116
1.612815	0.000722	0.000183	0.015427
1.612158	0.000620	-0.000011	0.018079
1.611502	0.000683	0.000225	0.013128
1.610846	0.000701	0.000160	0.015482
1.610191	0.000592	0.000011	0.016652
1.609537	0.000731	0.000026	0.020204
1.608883	0.000528	-0.000019	0.015654
1.608230	0.000238	-0.000585	0.023565
1.607578	0.000040	-0.000585	0.017888
1.606926	-0.000016	-0.000614	0.017121
1.606275	0.000109	-0.000595	0.020147
1.605625	-0.000060	-0.000533	0.013552
1.604975	0.000157	-0.000457	0.017591
1.604326	0.000034	-0.000554	0.016832
1.603677	-0.000011	-0.000677	0.019091
1.603029	0.000028	-0.000533	0.016064
1.602382	0.000179	-0.000409	0.016843
1.601735	0.000411	-0.000201	0.017536
1.601089	0.000776	0.000123	0.018717
1.600444	0.000614	-0.000056	0.019194
1.599799	0.000773	0.000033	0.021212
1.599155	0.000907	0.000165	0.021253
1.598512	0.000903	0.000228	0.019348
1.597869	0.001123	0.000514	0.017450
1.597227	0.001106	0.000402	0.020171
1.596585	0.000910	0.000182	0.020849
1.595944	0.000791	0.000128	0.019006
1.595304	0.000637	0.000059	0.016558
1.594664	0.000979	0.000223	0.021639
1.594025	0.000959	0.000344	0.017600
1.593386	0.000922	0.000219	0.020117
1.592749	0.000634	0.000059	0.016473
1.592111	0.000516	-0.000074	0.016908
1.591475	0.000696	0.000046	0.018602
1.590839	0.000747	-0.000049	0.022794
1.590203	0.000691	0.000014	0.019373
1.589569	0.000764	0.000097	0.019105
1.588935	0.000721	0.000038	0.019580
1.588301	0.000764	-0.000027	0.022663
1.587668	0.000698	0.000015	0.019549
1.587036	0.000592	-0.000099	0.019795
1.586404	0.000615	-0.000111	0.020815
1.585773	0.000771	0.000142	0.018007
1.585143	0.000862	0.000221	0.018373
1.584513	0.000898	0.000125	0.022152
1.583884	0.000746	0.000215	0.015213
1.583255	0.000710	0.000000	0.020339
1.582627	0.000873	0.000129	0.021314
1.582000	0.000641	-0.000019	0.018921
1.581373	0.000801	-0.000026	0.023677
1.580747	0.000730	-0.000158	0.025445
1.580121	0.000707	-0.000084	0.022655
1.579496	0.000504	0.000051	0.012977
1.578872	0.000769	0.000134	0.018205
1.578248	0.000941	0.000225	0.020496
1.577625	0.001193	0.000300	0.025582
1.577002	0.000929	0.000275	0.018750
1.576380	0.001083	0.000392	0.019793
1.575759	0.000920	0.000363	0.015944
1.575138	0.000847	0.000067	0.022359
1.574518	0.000958	0.000309	0.018602
1.573899	0.001076	0.000382	0.019881
1.573280	0.001132	0.000412	0.020622
1.572661	0.001345	0.000712	0.018120
1.572044	0.001411	0.000808	0.017271
1.571426	0.001387	0.000725	0.018966
1.570810	0.001392	0.000762	0.018067
1.570194	0.001246	0.000550	0.019922
1.569578	0.001183	0.000357	0.023664
1.568964	0.001109	0.000501	0.017406
1.568349	0.001059	0.000407	0.018679
1.567736	0.001060	0.000372	0.019723
1.567123	0.001198	0.000305	0.025579
1.566510	0.001354	0.000684	0.019193
1.565899	0.001676	0.000797	0.025181
1.565287	0.001545	0.000899	0.018507
1.564677	0.001796	0.001073	0.020706
1.564066	0.002105	0.001289	0.023371
1.563457	0.001951	0.001119	0.023834
1.562848	0.001790	0.000943	0.024269
1.562240	0.001651	0.000813	0.023995
1.561632	0.001646	0.000832	0.023322
1.561025	0.001524	0.000823	0.020080
1.560418	0.001424	0.000780	0.018440
1.559812	0.001677	0.000698	0.028052
1.559207	0.001704	0.000873	0.023787
1.558602	0.001703	0.000905	0.022852
1.557997	0.001590	0.000842	0.021423
1.557394	0.001741	0.001083	0.018845
1.556791	0.001929	0.001249	0.019498
1.556188	0.002046	0.001177	0.024895
1.555586	0.001947	0.001004	0.027000
1.554985	0.002061	0.001250	0.023244
1.554384	0.002209	0.001409	0.022926
1.553783	0.002549	0.001679	0.024915
1.553184	0.002517	0.001971	0.015645
1.552585	0.002239	0.001644	0.017037
1.551986	0.002171	0.001526	0.018460
1.551388	0.002096	0.001452	0.018432
1.550791	0.002551	0.001656	0.025653
1.550194	0.002426	0.001633	0.022723
1.549597	0.002692	0.001851	0.024085
1.549002	0.002815	0.001945	0.024936
1.548406	0.002883	0.002170	0.020404
1.547812	0.003045	0.002476	0.016302
1.547218	0.003019	0.002345	0.019295
1.546624	0.003279	0.002575	0.020153
1.546031	0.003452	0.002642	0.023206
1.545439	0.003253	0.002520	0.021011
1.544847	0.003177	0.002418	0.021747
1.544256	0.003372	0.002521	0.024374
1.543665	0.003431	0.002644	0.022542
1.543075	0.003563	0.002790	0.022169
1.542486	0.003499	0.002780	0.020606
1.541897	0.003222	0.002590	0.018116
1.541308	0.003355	0.002696	0.018869
1.540720	0.003475	0.002891	0.016723
1.540133	0.003893	0.003110	0.022445
1.539546	0.003681	0.003030	0.018666
1.538960	0.003668	0.002584	0.031049
1.538374	0.003708	0.002973	0.021054
1.537789	0.003986	0.003192	0.022738
1.537204	0.004033	0.003286	0.021391
1.536620	0.003982	0.003236	0.021381
1.536037	0.003986	0.003130	0.024543
1.535454	0.003948	0.003063	0.025348
1.534872	0.003869	0.002977	0.025533
1.534290	0.003761	0.003002	0.021760
1.533708	0.003972	0.003267	0.020197
1.533128	0.004043	0.003376	0.019121
1.532548	0.004311	0.003564	0.021388
1.531968	0.004074	0.003456	0.017709
1.531389	0.003996	0.003313	0.019555
1.530810	0.004277	0.003545	0.020970
1.530232	0.004260	0.003480	0.022331
1.529655	0.004551	0.003828	0.020723
1.529078	0.004343	0.003563	0.022356
1.528501	0.004499	0.003677	0.023544
1.527925	0.004641	0.003829	0.023259
1.527350	0.004882	0.004132	0.021495
1.526775	0.005094	0.004313	0.022383
1.526201	0.005183	0.004479	0.020146
1.525627	0.005343	0.004490	0.024424
1.525054	0.005739	0.004684	0.030224
1.524481	0.005851	0.005016	0.023899
1.523909	0.005978	0.005082	0.025667
1.523338	0.006171	0.005186	0.028212
1.522767	0.006076	0.005093	0.028161
1.522196	0.006162	0.005314	0.024299
1.521626	0.006163	0.005384	0.022334
1.521057	0.006030	0.005224	0.023091
1.520488	0.005847	0.005035	0.023252
1.519919	0.005877	0.004997	0.025217
1.519351	0.005780	0.005125	0.018770
1.518784	0.005871	0.005019	0.024411
1.518217	0.006120	0.005210	0.026090
1.517651	0.006346	0.005360	0.028241
1.517085	0.006446	0.005420	0.029398
1.516520	0.006495	0.005658	0.023983
1.515955	0.006622	0.005596	0.029391
1.515391	0.006541	0.005730	0.023231
1.514827	0.006331	0.005534	0.022821
1.514264	0.006268	0.005555	0.020427
1.513702	0.006224	0.005423	0.022952
1.513139	0.006466	0.005602	0.024768
1.512578	0.006776	0.005876	0.025771
1.512017	0.007061	0.006041	0.029242
1.511456	0.007290	0.006351	0.026880
1.510896	0.007520	0.006888	0.018118
1.510337	0.007792	0.007140	0.018682
1.509778	0.007840	0.006888	0.027284
1.509219	0.007545	0.006874	0.019221
1.508661	0.007674	0.006989	0.019639
1.508104	0.007693	0.006826	0.024833
1.507547	0.007683	0.006889	0.022759
1.506990	0.007873	0.007056	0.023393
1.506435	0.008082	0.007255	0.023682
1.505879	0.008010	0.007122	0.025433
1.505324	0.008031	0.007177	0.024448
1.504770	0.008107	0.007135	0.027866
1.504216	0.007953	0.007320	0.018142
1.503663	0.007952	0.007240	0.020382
1.503110	0.008285	0.007416	0.024900
1.502558	0.008395	0.007694	0.020062
1.502006	0.008552	0.007750	0.022973
1.501454	0.008685	0.007853	0.023825
1.500904	0.008759	0.007706	0.030156
1.500353	0.008659	0.008016	0.018444
1.499803	0.008977	0.008093	0.025326
1.499254	0.009134	0.008355	0.022313
1.498705	0.009199	0.008653	0.015645
1.498157	0.009370	0.008621	0.021439
1.497609	0.009754	0.009016	0.021165
1.497062	0.009975	0.009121	0.024475
1.496515	0.009968	0.009427	0.015509
1.495969	0.010598	0.009778	0.023492
1.495423	0.010689	0.009846	0.024149
1.494878	0.010913	0.010198	0.020503
1.494333	0.010740	0.010100	0.018316
1.493789	0.010689	0.010068	0.017805
1.493245	0.010784	0.009959	0.023637
1.492702	0.010941	0.010097	0.024155
1.492159	0.010888	0.009884	0.028739
1.491617	0.011039	0.010167	0.024999
1.491075	0.010659	0.009964	0.019909
1.490533	0.010910	0.009812	0.031455
1.489993	0.010509	0.009862	0.018546
1.489452	0.010945	0.009872	0.030751
1.488912	0.011072	0.010194	0.025156
1.488373	0.011073	0.010232	0.024103
1.487834	0.011007	0.010238	0.022014
1.487296	0.011368	0.010314	0.030176
1.486758	0.011525	0.010615	0.026062
1.486221	0.011875	0.011096	0.022316
1.485684	0.011993	0.011108	0.025356
1.485147	0.012260	0.011347	0.026147
1.484611	0.012005	0.011235	0.022055
1.484076	0.012050	0.011162	0.025440
1.483541	0.012250	0.011459	0.022668
1.483007	0.012178	0.011367	0.023215
1.482473	0.012745	0.011400	0.038531
1.481939	0.012571	0.011822	0.021457
1.481406	0.012451	0.011825	0.017941
1.480874	0.012543	0.011742	0.022955
1.480341	0.012974	0.011987	0.028276
1.479810	0.013113	0.012284	0.023747
1.479279	0.013275	0.012591	0.019598
1.478748	0.013392	0.012685	0.020241
1.478218	0.013417	0.012859	0.015985
1.477688	0.013691	0.012727	0.027620
1.477159	0.014001	0.012868	0.032441
1.476631	0.013719	0.013209	0.014610
1.476102	0.014041	0.013048	0.028430
1.475575	0.014341	0.013338	0.028729
1.475047	0.014250	0.013266	0.028172
1.474521	0.014228	0.013244	0.028209
1.473994	0.014235	0.013454	0.022355
1.473469	0.014171	0.013123	0.030037
1.472943	0.014269	0.013297	0.027835
1.472418	0.014458	0.013547	0.026097
1.471894	0.014790	0.013961	0.023752
1.471370	0.015343	0.014216	0.032279
1.470846	0.015334	0.014243	0.031260
1.470323	0.015318	0.014180	0.032623
1.469801	0.014784	0.014099	0.019623
1.469279	0.014991	0.013756	0.035393
1.468757	0.015135	0.014202	0.026737
1.468236	0.015142	0.014286	0.024531
1.467716	0.015669	0.014383	0.036844
1.467195	0.015205	0.014533	0.019258
1.466676	0.015221	0.014234	0.028274
1.466156	0.015284	0.014495	0.022604
1.465638	0.015389	0.014595	0.022770
1.465119	0.015685	0.014411	0.036499
1.464601	0.015673	0.015110	0.016130
1.464084	0.015806	0.015145	0.018934
1.463567	0.016296	0.015221	0.030770
1.463051	0.015993	0.015163	0.023765
1.462535	0.016388	0.015535	0.024439
1.462019	0.016635	0.015737	0.025720
1.461504	0.016699	0.015805	0.025591
1.460989	0.016875	0.016364	0.014652
1.460475	0.017111	0.016415	0.019932
1.459962	0.017392	0.016445	0.027136
1.459448	0.017226	0.016437	0.022591
1.458936	0.017365	0.016379	0.028238
1.458423	0.017420	0.016667	0.021578
1.457911	0.017468	0.016537	0.026667
1.457400	0.017684	0.016912	0.022126
1.456889	0.017958	0.017320	0.018292
1.456379	0.018020	0.017236	0.022457
1.455869	0.018385	0.017404	0.028101
1.455359	0.018184	0.017405	0.022321
1.454850	0.018326	0.017388	0.026846
1.454341	0.018311	0.017466	0.024215
1.453833	0.018563	0.017554	0.028905
1.453325	0.018619	0.018044	0.016479
1.452818	0.018848	0.017724	0.032199
1.452311	0.019294	0.018006	0.036881
1.451805	0.019595	0.018396	0.034333
1.451299	0.019592	0.018484	0.031746
1.450793	0.019097	0.018419	0.019419
1.450288	0.019334	0.018408	0.026518
1.449783	0.019380	0.018646	0.021026
1.449279	0.019491	0.018618	0.025031
1.448775	0.019588	0.018588	0.028655
1.448272	0.019585	0.018524	0.030408
1.447769	0.019800	0.018846	0.027320
1.447267	0.019864	0.018797	0.030569
1.446765	0.019808	0.018991	0.023398
1.446263	0.020089	0.018942	0.032837
1.445762	0.020243	0.019276	0.027702
1.445262	0.020122	0.019585	0.015376
1.444762	0.020583	0.019634	0.027181
1.444262	0.020408	0.019467	0.026969
1.443763	0.020384	0.019723	0.018942
1.443264	0.020734	0.019474	0.036073
1.442765	0.020735	0.019433	0.037304
1.442267	0.020856	0.019456	0.040111
1.441770	0.020869	0.019851	0.029155
1.441273	0.020692	0.019945	0.021395
1.440776	0.020817	0.020087	0.020916
1.440280	0.021202	0.020431	0.022086
1.439784	0.021672	0.020469	0.034473
1.439289	0.021280	0.020699	0.016652
1.438794	0.021827	0.020658	0.033504
1.438299	0.021861	0.021230	0.018087
1.437805	0.022061	0.021171	0.025499
1.437312	0.022177	0.021534	0.018426
1.436819	0.022459	0.021752	0.020228
1.436326	0.022617	0.021650	0.027681
1.435834	0.022406	0.021512	0.025610
1.435342	0.023035	0.021651	0.039667
1.434850	0.022676	0.021538	0.032601
1.434359	0.022673	0.022155	0.014820
1.433869	0.022798	0.022256	0.015529
1.433379	0.022992	0.022027	0.027656
1.432889	0.023154	0.021989	0.033354
1.432400	0.023636	0.022429	0.034595
1.431911	0.023853	0.022778	0.030812
1.431422	0.024022	0.023269	0.021573
1.430934	0.024564	0.023666	0.025717
1.430447	0.024726	0.023714	0.029011
1.429960	0.024862	0.023885	0.027981
1.429473	0.024690	0.023828	0.024680
1.428987	0.025092	0.023655	0.041182
1.428501	0.024811	0.023638	0.033607
1.428015	0.024482	0.023870	0.017520
1.427530	0.024798	0.023390	0.040331
1.427046	0.024728	0.024148	0.016618
1.426561	0.024883	0.024249	0.018155
1.426078	0.025287	0.024150	0.032590
1.425594	0.025343	0.024663	0.019494
1.425111	0.025124	0.024948	0.005047
1.424629	0.025774	0.024564	0.034685
1.424147	0.026023	0.025031	0.028421
1.423665	0.026275	0.025253	0.029282
1.423184	0.026107	0.025247	0.024639
1.422703	0.026372	0.025292	0.030930
1.422223	0.026214	0.025677	0.015399
1.421743	0.026072	0.025392	0.019463
1.421263	0.026201	0.025406	0.022792
1.420784	0.026458	0.025527	0.026667
1.420306	0.026621	0.025575	0.029964
1.419827	0.026233	0.025819	0.011862
1.419349	0.026328	0.025866	0.013232
1.418872	0.026298	0.025722	0.016486
1.418395	0.026606	0.026069	0.015369
1.417918	0.027029	0.025876	0.033036
1.417442	0.026949	0.026196	0.021577
1.416966	0.026953	0.026447	0.014506
1.416491	0.027159	0.026307	0.024401
1.416016	0.027416	0.026143	0.036478
1.415541	0.027500	0.026241	0.036061
1.415067	0.027238	0.026737	0.014361
1.414593	0.027940	0.026856	0.031052
1.414120	0.027971	0.026848	0.032190
1.413647	0.028003	0.027113	0.025484
1.413174	0.028212	0.027070	0.032725
1.412702	0.027847	0.027350	0.014235
1.412231	0.027773	0.027322	0.012916
1.411759	0.028465	0.027709	0.021636
1.411288	0.028607	0.027975	0.018104
1.410818	0.028909	0.028464	0.012761
1.410348	0.029185	0.028485	0.020045
1.409878	0.029564	0.028159	0.040259
1.409409	0.029531	0.028399	0.032443
1.408940	0.029488	0.028565	0.026462
1.408472	0.029661	0.028579	0.030984
1.408004	0.029527	0.028776	0.021514
1.407536	0.030123	0.029191	0.026685
1.407069	0.030023	0.028787	0.035403
1.406602	0.030026	0.028821	0.034524
1.406135	0.029887	0.029337	0.015757
1.405669	0.029815	0.028827	0.028304
1.405204	0.030381	0.029012	0.039222
1.404738	0.030330	0.029268	0.030406
1.404274	0.030133	0.029067	0.030532
1.403809	0.029699	0.029411	0.008255
1.403345	0.029993	0.029568	0.012181
1.402882	0.030323	0.029700	0.017861
1.402418	0.030658	0.029494	0.033349
1.401955	0.030466	0.029499	0.027705
1.401493	0.030843	0.029511	0.038148
1.401031	0.031022	0.030249	0.022150
1.400569	0.030751	0.029939	0.023282
1.400108	0.031216	0.030030	0.033968
1.399647	0.031314	0.030021	0.037018
1.399187	0.031141	0.030320	0.023520
1.398727	0.031081	0.030264	0.023393
1.398267	0.030874	0.029974	0.025775
1.397808	0.030996	0.030275	0.020664
1.397349	0.031299	0.030159	0.032672
1.396890	0.031228	0.030539	0.019715
1.396432	0.031066	0.030288	0.022280
1.395974	0.031712	0.030335	0.039461
1.395517	0.031409	0.030813	0.017094
1.395060	0.031612	0.031165	0.012787
1.394604	0.031867	0.030800	0.030562
1.394147	0.031355	0.031144	0.006046
1.393692	0.031480	0.030789	0.019775
1.393236	0.031625	0.030972	0.018710
1.392781	0.032021	0.031274	0.021392
1.392327	0.031811	0.031565	0.007055
1.391873	0.032574	0.031496	0.030898
1.391419	0.032203	0.031499	0.020166
1.390965	0.032178	0.031305	0.025013
1.390512	0.032337	0.031771	0.016207
