6.542578	-0.054048	-0.054048	0.000000
6.529189	0.057455	0.057455	0.000000
6.515856	-0.732867	-0.664305	-1.964159
6.502578	-0.689744	-0.695021	0.151152
6.489355	-0.762852	-0.734173	-0.821593
6.476188	-0.680151	-0.675509	-0.132993
6.463075	-0.629671	-0.708068	2.245905
6.450016	-0.597712	-0.698312	2.881968
6.437011	-0.568724	-0.712515	4.119308
6.424060	-0.642905	-0.616519	-0.755922
6.411162	-0.596481	-0.624968	0.816084
6.398317	-0.546971	-0.659576	3.225888
6.385525	-0.591975	-0.614993	0.659423
6.372785	-0.628265	-0.701689	2.103422
6.360096	-0.655989	-0.603445	-1.505286
6.347460	-0.618549	-0.643783	0.722907
6.334875	-0.714633	-0.609924	-2.999702
6.322341	-0.636813	-0.752440	3.312464
6.309857	-0.595320	-0.662250	1.917395
6.297424	-0.653435	-0.655547	0.060487
6.285042	-0.542306	-0.677286	3.866905
6.272709	-0.534642	-0.676886	4.074980
6.260425	-0.596192	-0.579791	-0.469834
6.248191	-0.674324	-0.621919	-1.501298
6.236005	-0.407688	-0.388595	-0.546967
6.223868	-0.190989	-0.195615	0.132518
6.211780	-0.179975	-0.172740	-0.207272
6.199740	-0.178479	-0.185031	0.187684
6.187747	-0.170425	-0.190278	0.568742
6.175802	-0.189185	-0.199692	0.301004
6.163904	-0.186121	-0.195794	0.277092
6.152053	-0.203644	-0.185226	-0.527642
6.140248	-0.191247	-0.184348	-0.197644
6.128490	-0.187218	-0.198743	0.330143
6.116778	-0.181637	-0.193643	0.343929
6.105112	-0.170482	-0.188808	0.525014
6.093492	-0.188531	-0.197298	0.251141
6.081916	-0.181742	-0.178585	-0.090431
6.070386	-0.191301	-0.187814	-0.099891
6.058901	-0.171837	-0.193081	0.608592
6.047460	-0.186411	-0.190106	0.105849
6.036063	-0.174610	-0.184017	0.269499
6.024710	-0.191410	-0.177304	-0.404106
6.013401	-0.189737	-0.192941	0.091804
6.002135	-0.184175	-0.173504	-0.305675
5.990913	-0.176130	-0.194289	0.520213
5.979734	-0.163875	-0.181199	0.496290
5.968597	-0.176351	-0.190471	0.404522
5.957503	-0.189709	-0.184221	-0.157213
5.946451	-0.187144	-0.194404	0.207965
5.935442	-0.185237	-0.198491	0.379724
5.924474	-0.175885	-0.180473	0.131443
5.913547	-0.180382	-0.182315	0.055361
5.902662	-0.183422	-0.199314	0.455277
5.891818	-0.174902	-0.193553	0.534314
5.881015	-0.180075	-0.181832	0.050352
5.870252	-0.182777	-0.185388	0.074821
5.859530	-0.176483	-0.184045	0.216637
5.848848	-0.169210	-0.180336	0.318741
5.838205	-0.179084	-0.179059	-0.000722
5.827603	-0.191435	-0.190388	-0.029980
5.817040	-0.184625	-0.189973	0.153213
5.806516	-0.179882	-0.183492	0.103421
5.796031	-0.182548	-0.183737	0.034053
5.785586	-0.172369	-0.185010	0.362117
5.775178	-0.175997	-0.192517	0.473281
5.764810	-0.171505	-0.179745	0.236053
5.754479	-0.178822	-0.172298	-0.186878
5.744186	-0.179053	-0.176133	-0.083652
5.733931	-0.179949	-0.186370	0.183958
5.723714	-0.177847	-0.182823	0.142558
5.713534	-0.175300	-0.180147	0.138853
5.703391	-0.171103	-0.186609	0.444192
5.693285	-0.174006	-0.181740	0.221545
5.683216	-0.174286	-0.178063	0.108180
5.673184	-0.169725	-0.175680	0.170585
5.663188	-0.170114	-0.178328	0.235308
5.653228	-0.175785	-0.181621	0.167197
5.643304	-0.164856	-0.167604	0.078724
5.633415	-0.171042	-0.170509	-0.015275
5.623562	-0.169996	-0.168666	-0.038103
5.613745	-0.169517	-0.170005	0.013989
5.603963	-0.165621	-0.165282	-0.009705
5.594216	-0.153142	-0.161855	0.249603
5.584504	-0.158628	-0.153433	-0.148835
5.574826	-0.155298	-0.163738	0.241794
5.565183	-0.138679	-0.149197	0.301325
5.555574	-0.148136	-0.151770	0.104099
5.545999	-0.137987	-0.149873	0.340498
5.536458	-0.138958	-0.145088	0.175607
5.526950	-0.142152	-0.135951	-0.177654
5.517477	-0.133866	-0.135199	0.038189
5.508036	-0.133491	-0.137614	0.118132
5.498629	-0.128930	-0.133235	0.123306
5.489255	-0.123221	-0.128285	0.145060
5.479914	-0.126858	-0.125812	-0.029988
5.470605	-0.123413	-0.126726	0.094915
5.461329	-0.126675	-0.128511	0.052623
5.452085	-0.117374	-0.118292	0.026309
5.442874	-0.116186	-0.119658	0.099473
5.433694	-0.116496	-0.120640	0.118706
5.424546	-0.113180	-0.122712	0.273080
5.415430	-0.110010	-0.112979	0.085059
5.406345	-0.109106	-0.116093	0.200142
5.397292	-0.104764	-0.112438	0.219846
5.388270	-0.105163	-0.114557	0.269143
5.379279	-0.101054	-0.106133	0.145507
5.370319	-0.104422	-0.109620	0.148917
5.361389	-0.104973	-0.106330	0.038859
5.352490	-0.099362	-0.109647	0.294661
5.343621	-0.101312	-0.104636	0.095233
5.334783	-0.096941	-0.097930	0.028359
5.325975	-0.099521	-0.098136	-0.039678
5.317196	-0.099721	-0.096473	-0.093047
5.308448	-0.096555	-0.102272	0.163775
5.299729	-0.094787	-0.098323	0.101290
5.291039	-0.095282	-0.093474	-0.051806
5.282379	-0.091420	-0.094024	0.074615
5.273748	-0.087868	-0.092273	0.126182
5.265146	-0.088834	-0.087925	-0.026054
5.256573	-0.081684	-0.083131	0.041459
5.248029	-0.081764	-0.091518	0.279421
5.239513	-0.076130	-0.083734	0.217841
5.231026	-0.079155	-0.086399	0.207522
5.222567	-0.077569	-0.081316	0.107359
5.214136	-0.078460	-0.078914	0.013010
5.205733	-0.080541	-0.078241	-0.065868
5.197358	-0.075350	-0.080069	0.135191
5.189011	-0.079813	-0.084921	0.146334
5.180691	-0.076825	-0.082561	0.164324
5.172399	-0.078118	-0.078550	0.012379
5.164135	-0.077907	-0.083391	0.157117
5.155897	-0.075243	-0.080048	0.137637
5.147687	-0.076919	-0.077944	0.029339
5.139503	-0.075714	-0.079608	0.111554
5.131346	-0.073246	-0.076950	0.106110
5.123216	-0.072362	-0.076535	0.119545
5.115113	-0.068735	-0.076133	0.211927
5.107036	-0.068941	-0.073583	0.132992
5.098985	-0.065737	-0.071059	0.152441
5.090960	-0.066816	-0.071715	0.140368
5.082962	-0.062911	-0.068021	0.146389
5.074989	-0.062292	-0.066374	0.116956
5.067042	-0.062248	-0.064524	0.065189
5.059121	-0.060037	-0.062829	0.079991
5.051225	-0.061000	-0.063643	0.075727
5.043355	-0.058488	-0.063390	0.140429
5.035510	-0.058041	-0.063134	0.145898
5.027690	-0.058662	-0.062813	0.118923
5.019895	-0.059548	-0.062632	0.088348
5.012126	-0.058112	-0.062297	0.119903
5.004381	-0.059537	-0.063367	0.109735
4.996660	-0.060387	-0.063573	0.091260
4.988964	-0.059550	-0.061730	0.062450
4.981293	-0.061175	-0.064113	0.084173
4.973646	-0.061409	-0.063066	0.047468
4.966023	-0.061355	-0.064836	0.099722
4.958425	-0.061129	-0.063131	0.057347
4.950850	-0.061556	-0.062756	0.034367
4.943299	-0.059400	-0.063136	0.107009
4.935772	-0.059176	-0.061792	0.074938
4.928269	-0.058805	-0.059677	0.024978
4.920789	-0.056466	-0.060750	0.122709
4.913333	-0.055796	-0.058052	0.064635
4.905900	-0.053468	-0.057972	0.129045
4.898490	-0.051493	-0.056169	0.133977
4.891103	-0.050595	-0.055141	0.130243
4.883739	-0.050088	-0.052529	0.069938
4.876399	-0.047327	-0.050793	0.099292
4.869081	-0.047121	-0.050506	0.096977
4.861785	-0.045860	-0.049097	0.092717
4.854512	-0.046373	-0.049338	0.084952
4.847262	-0.043620	-0.047125	0.100423
4.840034	-0.045006	-0.047944	0.084160
4.832829	-0.044190	-0.046340	0.061594
4.825645	-0.044142	-0.047547	0.097545
4.818484	-0.044250	-0.047803	0.101764
4.811344	-0.045378	-0.049067	0.105678
4.804227	-0.046250	-0.049341	0.088532
4.797131	-0.047126	-0.050984	0.110524
4.790057	-0.047822	-0.051980	0.119112
4.783004	-0.048615	-0.051870	0.093263
4.775973	-0.048634	-0.052707	0.116691
4.768963	-0.049820	-0.053550	0.106851
4.761974	-0.049571	-0.053125	0.101828
4.755007	-0.050851	-0.053904	0.087457
4.748061	-0.049768	-0.052859	0.088545
4.741136	-0.050191	-0.053050	0.081895
4.734231	-0.049967	-0.051812	0.052851
4.727348	-0.049640	-0.053593	0.113242
4.720485	-0.048266	-0.051260	0.085765
4.713642	-0.048275	-0.050938	0.076300
4.706821	-0.046099	-0.048950	0.081670
4.700019	-0.045043	-0.048678	0.104135
4.693238	-0.043644	-0.047536	0.111496
4.686478	-0.043560	-0.047430	0.110870
4.679737	-0.041918	-0.045390	0.099473
4.673016	-0.039245	-0.043893	0.133157
4.666316	-0.039366	-0.042105	0.078484
4.659635	-0.038382	-0.042272	0.111425
4.652974	-0.038485	-0.040897	0.069107
4.646333	-0.037433	-0.039632	0.063006
4.639711	-0.035661	-0.038512	0.081668
4.633109	-0.036257	-0.039081	0.080893
4.626527	-0.035499	-0.039660	0.119204
4.619963	-0.035896	-0.039061	0.090659
4.613420	-0.035707	-0.038284	0.073847
4.606895	-0.035577	-0.039692	0.117897
4.600389	-0.035499	-0.039712	0.120690
4.593902	-0.036993	-0.041017	0.115269
4.587435	-0.038478	-0.041059	0.073946
4.580986	-0.038655	-0.041220	0.073499
4.574556	-0.038773	-0.042816	0.115844
4.568145	-0.038678	-0.042689	0.114910
4.561752	-0.039832	-0.042661	0.081065
4.555378	-0.040655	-0.043766	0.089116
4.549022	-0.041982	-0.044291	0.066146
4.542685	-0.041278	-0.043520	0.064230
4.536365	-0.041233	-0.044786	0.101786
4.530065	-0.041186	-0.043492	0.066071
4.523782	-0.040576	-0.044736	0.119159
4.517517	-0.040624	-0.043651	0.086707
4.511271	-0.040082	-0.043197	0.089232
4.505042	-0.039070	-0.041985	0.083502
4.498831	-0.039142	-0.042068	0.083847
4.492638	-0.037844	-0.041443	0.103123
4.486462	-0.037021	-0.040227	0.091848
4.480304	-0.036446	-0.039902	0.099017
4.474164	-0.035674	-0.037754	0.059592
4.468041	-0.034966	-0.037662	0.077219
4.461935	-0.034012	-0.036798	0.079818
4.455847	-0.033238	-0.035946	0.077578
4.449776	-0.032604	-0.035808	0.091773
4.443722	-0.032165	-0.034975	0.080494
4.437686	-0.031933	-0.033965	0.058217
4.431666	-0.030828	-0.034062	0.092637
4.425663	-0.030124	-0.033288	0.090643
4.419677	-0.030466	-0.033144	0.076724
4.413708	-0.029500	-0.031987	0.071245
4.407755	-0.029336	-0.031885	0.073023
4.401820	-0.028538	-0.031581	0.087176
4.395901	-0.029268	-0.031160	0.054203
4.389998	-0.028642	-0.031772	0.089666
4.384112	-0.029482	-0.032451	0.085057
4.378242	-0.029565	-0.032361	0.080098
4.372389	-0.030603	-0.032820	0.063510
4.366551	-0.030545	-0.032921	0.068062
4.360730	-0.031031	-0.033179	0.061547
4.354925	-0.031191	-0.034057	0.082098
4.349136	-0.031601	-0.034395	0.080035
4.343364	-0.032316	-0.035272	0.084696
4.337607	-0.033681	-0.035648	0.056346
4.331865	-0.034370	-0.036296	0.055175
4.326140	-0.033973	-0.036858	0.082658
4.320430	-0.034602	-0.037422	0.080783
4.314736	-0.035455	-0.037888	0.069697
4.309058	-0.034761	-0.037605	0.081463
4.303395	-0.034725	-0.037169	0.069998
4.297748	-0.034578	-0.037249	0.076515
4.292116	-0.034142	-0.036552	0.069042
4.286499	-0.034419	-0.036351	0.055324
4.280898	-0.034066	-0.036706	0.075612
4.275312	-0.033768	-0.036606	0.081287
4.269741	-0.033492	-0.035563	0.059354
4.264185	-0.032638	-0.035323	0.076916
4.258644	-0.032351	-0.034683	0.066818
4.253118	-0.031937	-0.034417	0.071045
4.247607	-0.031039	-0.033270	0.063889
4.242111	-0.030503	-0.032997	0.071427
4.236629	-0.030113	-0.032152	0.058419
4.231163	-0.029315	-0.032138	0.080871
4.225711	-0.028505	-0.031008	0.071717
4.220274	-0.028032	-0.030321	0.065581
4.214851	-0.027533	-0.029533	0.057304
4.209442	-0.026506	-0.028800	0.065698
4.204049	-0.026174	-0.028769	0.074337
4.198669	-0.025238	-0.027528	0.065605
4.193304	-0.024462	-0.026841	0.068161
4.187953	-0.024092	-0.026321	0.063849
4.182616	-0.024002	-0.025911	0.054692
4.177294	-0.023374	-0.024948	0.045106
4.171985	-0.023207	-0.024986	0.050954
4.166691	-0.023046	-0.024933	0.054060
4.161411	-0.022415	-0.024719	0.065983
4.156144	-0.022263	-0.024473	0.063324
4.150892	-0.022165	-0.024426	0.064777
4.145653	-0.022604	-0.024381	0.050918
4.140428	-0.022823	-0.024209	0.039713
4.135217	-0.023187	-0.024544	0.038873
4.130019	-0.023111	-0.024977	0.053459
4.124835	-0.023332	-0.025600	0.064990
4.119665	-0.024419	-0.026157	0.049804
4.114508	-0.024947	-0.026799	0.053058
4.109364	-0.025448	-0.027321	0.053656
4.104234	-0.025776	-0.027826	0.058739
4.099117	-0.027040	-0.028311	0.036409
4.094014	-0.027358	-0.029396	0.058379
4.088924	-0.028288	-0.029837	0.044363
4.083846	-0.029362	-0.030931	0.044930
4.078783	-0.029541	-0.031806	0.064894
4.073732	-0.030509	-0.032109	0.045852
4.068694	-0.030772	-0.033019	0.064375
4.063669	-0.031573	-0.032900	0.038017
4.058657	-0.032191	-0.033644	0.041630
4.053658	-0.032729	-0.033508	0.022321
4.048672	-0.032854	-0.034197	0.038483
4.043699	-0.032411	-0.034108	0.048597
4.038738	-0.032590	-0.034457	0.053495
4.033790	-0.032428	-0.033834	0.040290
4.028855	-0.032462	-0.033781	0.037789
4.023933	-0.031957	-0.033297	0.038395
4.019022	-0.031791	-0.032895	0.031619
4.014125	-0.031426	-0.032573	0.032857
4.009240	-0.031029	-0.031823	0.022745
4.004367	-0.030367	-0.031467	0.031522
3.999506	-0.029822	-0.031252	0.040958
3.994658	-0.029294	-0.030306	0.029015
3.989823	-0.029399	-0.029724	0.009297
3.984999	-0.028848	-0.029775	0.026541
3.980187	-0.027993	-0.029060	0.030576
3.975388	-0.027661	-0.028587	0.026527
3.970601	-0.027143	-0.027966	0.023592
3.965826	-0.026835	-0.027376	0.015496
3.961063	-0.026221	-0.026961	0.021192
3.956311	-0.025195	-0.025965	0.022042
3.951572	-0.024442	-0.025253	0.023236
3.946844	-0.023701	-0.024764	0.030468
3.942129	-0.023480	-0.024214	0.021026
3.937425	-0.022777	-0.023568	0.022660
3.932733	-0.022171	-0.022833	0.018975
3.928052	-0.022081	-0.022425	0.009836
3.923383	-0.022149	-0.022351	0.005778
3.918726	-0.021696	-0.022123	0.012227
3.914080	-0.021647	-0.021846	0.005686
3.909446	-0.021592	-0.021995	0.011559
3.904823	-0.021417	-0.022001	0.016707
3.900212	-0.021730	-0.022072	0.009785
3.895612	-0.022383	-0.022143	-0.006858
3.891023	-0.022171	-0.022243	0.002069
3.886446	-0.022277	-0.022988	0.020373
3.881880	-0.022733	-0.022686	-0.001352
3.877325	-0.023266	-0.023281	0.000443
3.872781	-0.023340	-0.023824	0.013860
3.868249	-0.024070	-0.024253	0.005259
3.863727	-0.024318	-0.024651	0.009556
3.859217	-0.024843	-0.024651	-0.005518
3.854718	-0.024934	-0.025424	0.014034
3.850229	-0.025755	-0.026062	0.008769
3.845752	-0.026480	-0.026328	-0.004360
3.841285	-0.026866	-0.026831	-0.001001
3.836829	-0.027091	-0.027199	0.003096
3.832384	-0.027586	-0.027798	0.006067
3.827950	-0.028331	-0.028223	-0.003088
3.823527	-0.029261	-0.028387	-0.025039
3.819114	-0.029277	-0.029257	-0.000562
3.814712	-0.029895	-0.029213	-0.019536
3.810321	-0.029664	-0.030060	0.011335
3.805940	-0.030139	-0.030087	-0.001479
3.801570	-0.030697	-0.030759	0.001773
3.797210	-0.031127	-0.031225	0.002827
3.792860	-0.031262	-0.031453	0.005491
3.788522	-0.031451	-0.031375	-0.002175
3.784193	-0.031316	-0.031686	0.010606
3.779875	-0.032026	-0.031630	-0.011362
3.775567	-0.031971	-0.031710	-0.007469
3.771269	-0.031806	-0.031420	-0.011058
3.766982	-0.032122	-0.031528	-0.017020
3.762705	-0.032077	-0.031509	-0.016282
3.758438	-0.031996	-0.031281	-0.020490
3.754181	-0.031555	-0.031132	-0.012119
3.749935	-0.031704	-0.031221	-0.013847
3.745698	-0.031219	-0.031225	0.000174
3.741472	-0.031178	-0.030657	-0.014925
3.737255	-0.030510	-0.030158	-0.010077
3.733048	-0.030092	-0.029933	-0.004554
3.728852	-0.030125	-0.029295	-0.023782
3.724665	-0.029437	-0.029321	-0.003321
3.720488	-0.028895	-0.028932	0.001074
3.716321	-0.028783	-0.028509	-0.007837
3.712163	-0.028409	-0.027826	-0.016705
3.708016	-0.028038	-0.027582	-0.013048
3.703878	-0.027825	-0.027093	-0.020962
3.699750	-0.027086	-0.026535	-0.015791
3.695631	-0.026882	-0.026107	-0.022211
3.691522	-0.026240	-0.025999	-0.006916
3.687423	-0.025785	-0.025166	-0.017718
3.683333	-0.025259	-0.024680	-0.016594
3.679253	-0.025069	-0.024624	-0.012739
3.675182	-0.024567	-0.024168	-0.011414
3.671120	-0.024238	-0.023501	-0.021121
3.667069	-0.023947	-0.023210	-0.021115
3.663026	-0.023238	-0.022760	-0.013715
3.658993	-0.022762	-0.022196	-0.016231
3.654969	-0.022559	-0.021815	-0.021315
3.650954	-0.022235	-0.020945	-0.036975
3.646949	-0.022176	-0.021454	-0.020671
3.642953	-0.022238	-0.021295	-0.026995
3.638966	-0.022379	-0.021081	-0.037173
3.634988	-0.022573	-0.021497	-0.030840
3.631020	-0.022659	-0.021865	-0.022760
3.627060	-0.022707	-0.021780	-0.026557
3.623110	-0.022766	-0.021536	-0.035253
3.619168	-0.022663	-0.022066	-0.017106
3.615236	-0.023036	-0.022140	-0.025681
3.611312	-0.023063	-0.021967	-0.031399
3.607398	-0.022901	-0.022227	-0.019317
3.603492	-0.023029	-0.022163	-0.024807
3.599596	-0.023446	-0.022544	-0.025854
3.595708	-0.023762	-0.023361	-0.011474
3.591829	-0.024321	-0.023468	-0.024418
3.587959	-0.024792	-0.023926	-0.024792
3.584097	-0.025077	-0.024296	-0.022350
3.580244	-0.025873	-0.024609	-0.036209
3.576400	-0.026224	-0.025394	-0.023791
3.572565	-0.026581	-0.025863	-0.020552
3.568738	-0.027412	-0.026137	-0.036514
3.564920	-0.027671	-0.026663	-0.028891
3.561111	-0.027915	-0.026848	-0.030576
3.557310	-0.028470	-0.027355	-0.031954
3.553517	-0.028875	-0.027679	-0.034244
3.549734	-0.029067	-0.028231	-0.023971
3.545958	-0.029332	-0.028738	-0.017015
3.542191	-0.029955	-0.029004	-0.027254
3.538433	-0.030159	-0.029360	-0.022868
3.534683	-0.030521	-0.029414	-0.031723
3.530941	-0.031425	-0.030049	-0.039400
3.527207	-0.031428	-0.030083	-0.038529
3.523482	-0.031852	-0.030500	-0.038742
3.519765	-0.032396	-0.030904	-0.042739
3.516057	-0.032348	-0.030906	-0.041299
3.512356	-0.032922	-0.031129	-0.051367
3.508664	-0.032488	-0.031079	-0.040370
3.504980	-0.032778	-0.031173	-0.045974
3.501304	-0.032918	-0.031467	-0.041548
3.497636	-0.033413	-0.031599	-0.051963
3.493977	-0.033327	-0.031491	-0.052599
3.490325	-0.033264	-0.031631	-0.046801
3.486682	-0.033131	-0.031757	-0.039356
3.483046	-0.033245	-0.031562	-0.048216
3.479419	-0.032709	-0.030929	-0.050970
3.475799	-0.033129	-0.031028	-0.060198
3.472187	-0.032748	-0.030953	-0.051430
3.468583	-0.032562	-0.030768	-0.051396
3.464988	-0.032128	-0.030382	-0.050022
3.461400	-0.031760	-0.029980	-0.050986
3.457819	-0.031304	-0.029662	-0.047025
3.454247	-0.030789	-0.029146	-0.047072
3.450682	-0.030743	-0.028977	-0.050602
3.447125	-0.030381	-0.029103	-0.036606
3.443576	-0.030014	-0.028251	-0.050509
3.440035	-0.029601	-0.027762	-0.052661
3.436501	-0.029345	-0.027732	-0.046201
3.432975	-0.029223	-0.027415	-0.051775
3.429457	-0.029040	-0.026978	-0.059065
3.425946	-0.028800	-0.026505	-0.065737
3.422442	-0.028559	-0.026668	-0.054184
3.418947	-0.028523	-0.026396	-0.060945
3.415459	-0.028366	-0.026111	-0.064588
3.411978	-0.027980	-0.025877	-0.060251
3.408505	-0.027614	-0.025256	-0.067546
3.405039	-0.026970	-0.024972	-0.057247
3.401581	-0.026959	-0.024619	-0.067017
3.398130	-0.026432	-0.024240	-0.062777
3.394686	-0.025977	-0.023477	-0.071622
3.391250	-0.025665	-0.023345	-0.066458
3.387821	-0.025132	-0.022950	-0.062511
3.384400	-0.024747	-0.022941	-0.051723
3.380986	-0.024696	-0.022115	-0.073940
3.377579	-0.024026	-0.021825	-0.063052
3.374179	-0.023981	-0.021974	-0.057488
3.370787	-0.024017	-0.021680	-0.066958
3.367401	-0.023629	-0.021508	-0.060758
3.364023	-0.023841	-0.021026	-0.080640
3.360652	-0.023571	-0.021252	-0.066447
3.357289	-0.023731	-0.021007	-0.078048
3.353932	-0.023818	-0.021495	-0.066535
3.350582	-0.024171	-0.021322	-0.081607
3.347240	-0.023835	-0.021404	-0.069643
3.343904	-0.024259	-0.021540	-0.077910
3.340576	-0.024503	-0.021573	-0.083929
3.337255	-0.024661	-0.022044	-0.074963
3.333940	-0.024897	-0.022060	-0.081284
3.330633	-0.024987	-0.022090	-0.082981
3.327332	-0.025244	-0.022525	-0.077900
3.324038	-0.025281	-0.022776	-0.071790
3.320752	-0.025743	-0.022906	-0.081281
3.317472	-0.025736	-0.022642	-0.088649
3.314199	-0.025943	-0.023036	-0.083278
3.310933	-0.026251	-0.023208	-0.087172
3.307673	-0.026464	-0.023304	-0.090538
3.304421	-0.026582	-0.023702	-0.082506
3.301175	-0.026978	-0.024207	-0.079387
3.297936	-0.027408	-0.024154	-0.093219
3.294703	-0.027246	-0.024172	-0.088073
3.291478	-0.027662	-0.024739	-0.083731
3.288259	-0.028032	-0.024912	-0.089366
3.285046	-0.028421	-0.025102	-0.095068
3.281841	-0.028907	-0.025684	-0.092326
3.278642	-0.029431	-0.026493	-0.084157
3.275449	-0.030185	-0.026879	-0.094701
3.272263	-0.030540	-0.027306	-0.092650
3.269084	-0.031024	-0.028110	-0.083456
3.265911	-0.031542	-0.028298	-0.092954
3.262745	-0.031978	-0.028588	-0.097130
3.259585	-0.032813	-0.029378	-0.098410
3.256432	-0.033175	-0.029472	-0.106082
3.253285	-0.033332	-0.029674	-0.104788
3.250145	-0.033767	-0.030061	-0.106181
3.247011	-0.033862	-0.030085	-0.108215
3.243883	-0.033695	-0.030586	-0.089059
3.240762	-0.034089	-0.030436	-0.104659
3.237647	-0.034625	-0.030275	-0.124636
3.234539	-0.034664	-0.031041	-0.103798
3.231437	-0.035007	-0.031193	-0.109260
3.228341	-0.034874	-0.030929	-0.113024
3.225251	-0.035215	-0.031415	-0.108882
3.222168	-0.035203	-0.031425	-0.108223
3.219091	-0.035236	-0.031394	-0.110070
3.216020	-0.035845	-0.031692	-0.118966
3.212956	-0.035637	-0.032313	-0.095229
3.209897	-0.036088	-0.032085	-0.114687
3.206845	-0.036152	-0.032430	-0.106626
3.203799	-0.036176	-0.032336	-0.110001
3.200759	-0.036070	-0.031776	-0.123034
3.197725	-0.036079	-0.031951	-0.118248
3.194697	-0.036437	-0.032173	-0.122157
3.191676	-0.035994	-0.032218	-0.108154
3.188660	-0.036232	-0.032314	-0.112247
3.185651	-0.036533	-0.032123	-0.126327
3.182647	-0.036209	-0.032067	-0.118662
3.179650	-0.036629	-0.032221	-0.126286
3.176658	-0.036258	-0.032033	-0.121022
3.173673	-0.036117	-0.031744	-0.125286
3.170693	-0.036074	-0.031792	-0.122666
3.167720	-0.035570	-0.031643	-0.112488
3.164752	-0.035564	-0.031115	-0.127444
3.161790	-0.035181	-0.030726	-0.127650
3.158834	-0.035186	-0.030417	-0.136620
3.155884	-0.034608	-0.030433	-0.119611
3.152940	-0.034625	-0.030362	-0.122145
3.150001	-0.034317	-0.030259	-0.116251
3.147069	-0.034264	-0.029595	-0.133777
3.144142	-0.033678	-0.029517	-0.119194
3.141221	-0.033791	-0.029863	-0.112524
3.138306	-0.033439	-0.028955	-0.128472
3.135396	-0.033130	-0.028723	-0.126243
3.132493	-0.033151	-0.028481	-0.133785
3.129595	-0.032703	-0.028037	-0.133663
3.126702	-0.033047	-0.027844	-0.149061
3.123816	-0.032332	-0.028029	-0.123271
3.120935	-0.032213	-0.027753	-0.127784
3.118059	-0.031480	-0.026830	-0.133203
3.115190	-0.031075	-0.026509	-0.130793
3.112326	-0.030763	-0.026385	-0.125418
3.109467	-0.030959	-0.026283	-0.133948
3.106614	-0.030551	-0.025901	-0.133210
3.103767	-0.030611	-0.025657	-0.141912
3.100925	-0.029989	-0.025347	-0.132983
3.098089	-0.029870	-0.025287	-0.131278
3.095258	-0.029608	-0.024669	-0.141494
3.092433	-0.029248	-0.024455	-0.137301
3.089613	-0.029033	-0.024538	-0.128764
3.086799	-0.029299	-0.024243	-0.144855
3.083990	-0.028825	-0.024136	-0.134316
3.081187	-0.028356	-0.023852	-0.129043
3.078389	-0.028422	-0.023770	-0.133271
3.075596	-0.028389	-0.023560	-0.138348
3.072809	-0.028434	-0.023416	-0.143737
3.070027	-0.027946	-0.023129	-0.138007
3.067251	-0.028197	-0.023112	-0.145681
3.064480	-0.028158	-0.023385	-0.136719
3.061714	-0.028085	-0.023253	-0.138422
3.058954	-0.027912	-0.022931	-0.142679
3.056199	-0.027614	-0.023011	-0.131841
3.053449	-0.028291	-0.023245	-0.144580
3.050704	-0.028129	-0.023233	-0.140258
3.047965	-0.028315	-0.023512	-0.137590
3.045231	-0.028474	-0.023732	-0.135859
3.042502	-0.028694	-0.023615	-0.145522
3.039779	-0.028963	-0.024060	-0.140449
3.037060	-0.029053	-0.024203	-0.138952
3.034347	-0.029100	-0.023921	-0.148377
3.031639	-0.028874	-0.024383	-0.128641
3.028936	-0.029267	-0.024406	-0.139258
3.026238	-0.029219	-0.024609	-0.132065
3.023545	-0.029593	-0.024618	-0.142548
3.020858	-0.029680	-0.024911	-0.136619
3.018175	-0.030173	-0.024868	-0.151989
3.015498	-0.030262	-0.025051	-0.149299
3.012826	-0.030545	-0.025520	-0.143971
3.010158	-0.030344	-0.025427	-0.140867
3.007496	-0.030521	-0.025764	-0.136273
3.004839	-0.030926	-0.025801	-0.146822
3.002187	-0.031063	-0.026238	-0.138216
2.999540	-0.031126	-0.026070	-0.144829
2.996897	-0.031519	-0.026394	-0.146809
2.994260	-0.031905	-0.026880	-0.143962
2.991628	-0.032107	-0.027234	-0.139610
2.989000	-0.032637	-0.027280	-0.153472
2.986378	-0.032568	-0.027484	-0.145651
2.983760	-0.033031	-0.027899	-0.147024
2.981148	-0.033208	-0.028415	-0.137320
2.978540	-0.033522	-0.028948	-0.131041
2.975937	-0.033714	-0.028706	-0.143491
2.973339	-0.034177	-0.029202	-0.142534
2.970746	-0.034808	-0.029421	-0.154331
2.968158	-0.034817	-0.029888	-0.141204
2.965574	-0.034921	-0.029588	-0.152764
2.962995	-0.034921	-0.030087	-0.138489
2.960421	-0.035219	-0.030095	-0.146781
2.957852	-0.035136	-0.030213	-0.141038
2.955288	-0.035415	-0.030064	-0.153308
2.952728	-0.035511	-0.030449	-0.145009
2.950173	-0.036012	-0.030500	-0.157913
2.947623	-0.035709	-0.030603	-0.146272
2.945078	-0.035785	-0.030646	-0.147218
2.942537	-0.036075	-0.030649	-0.155431
2.940001	-0.036056	-0.030904	-0.147619
2.937469	-0.036376	-0.031154	-0.149582
2.934943	-0.036680	-0.031296	-0.154250
2.932421	-0.037140	-0.031831	-0.152106
2.929903	-0.037223	-0.032021	-0.149039
2.927390	-0.037146	-0.032446	-0.134630
2.924882	-0.037766	-0.032406	-0.153526
2.922378	-0.037748	-0.032604	-0.147386
2.919879	-0.038361	-0.032979	-0.154190
2.917385	-0.038621	-0.033337	-0.151382
2.914895	-0.039171	-0.033970	-0.149010
2.912410	-0.039176	-0.033857	-0.152377
2.909929	-0.039775	-0.034402	-0.153930
2.907453	-0.039749	-0.034555	-0.148795
2.904981	-0.039954	-0.035017	-0.141414
2.902513	-0.040039	-0.034761	-0.151225
2.900051	-0.040145	-0.035519	-0.132524
2.897592	-0.040749	-0.035650	-0.146073
2.895138	-0.040617	-0.035373	-0.150226
2.892689	-0.040700	-0.035172	-0.158342
2.890244	-0.041022	-0.035305	-0.163807
2.887803	-0.040692	-0.035253	-0.155800
2.885367	-0.040591	-0.035362	-0.149792
2.882936	-0.040834	-0.035396	-0.155804
2.880508	-0.040958	-0.035745	-0.149365
2.878085	-0.041426	-0.036168	-0.150622
2.875667	-0.041708	-0.036755	-0.141902
2.873252	-0.042168	-0.037189	-0.142620
2.870842	-0.042715	-0.037606	-0.146370
2.868437	-0.043067	-0.037734	-0.152771
2.866036	-0.043012	-0.037851	-0.147848
2.863639	-0.043016	-0.037669	-0.153197
2.861246	-0.042692	-0.037621	-0.145284
2.858858	-0.042849	-0.037505	-0.153087
2.856474	-0.043019	-0.037690	-0.152652
2.854094	-0.042774	-0.037458	-0.152297
2.851718	-0.042640	-0.037355	-0.151407
2.849347	-0.042308	-0.036843	-0.156569
2.846980	-0.041823	-0.036526	-0.151732
2.844617	-0.041623	-0.036487	-0.147134
2.842258	-0.041191	-0.036123	-0.145193
2.839904	-0.040901	-0.035741	-0.147813
2.837553	-0.040837	-0.035667	-0.148118
2.835207	-0.040108	-0.034857	-0.150421
2.832865	-0.039890	-0.034679	-0.149270
2.830528	-0.039409	-0.034213	-0.148843
2.828194	-0.039178	-0.033756	-0.155331
2.825864	-0.038626	-0.033656	-0.142383
2.823539	-0.038263	-0.033273	-0.142964
2.821218	-0.038011	-0.032785	-0.149703
2.818901	-0.037724	-0.032531	-0.148759
2.816587	-0.037402	-0.032041	-0.153581
2.814278	-0.037070	-0.031687	-0.154201
2.811973	-0.036815	-0.031661	-0.147645
2.809673	-0.036554	-0.031333	-0.149568
2.807376	-0.036226	-0.030937	-0.151505
2.805083	-0.036097	-0.030770	-0.152602
2.802794	-0.035919	-0.030567	-0.153322
2.800509	-0.035605	-0.030563	-0.144429
2.798228	-0.035547	-0.030088	-0.156393
2.795952	-0.035363	-0.030084	-0.151221
2.793679	-0.035310	-0.030020	-0.151554
2.791410	-0.035224	-0.029934	-0.151568
2.789145	-0.035201	-0.029951	-0.150403
2.786884	-0.035058	-0.029912	-0.147420
2.784627	-0.035141	-0.029852	-0.151523
2.782374	-0.034870	-0.029677	-0.148781
2.780125	-0.034783	-0.029533	-0.150381
2.777880	-0.034727	-0.029488	-0.150079
2.775638	-0.034495	-0.029378	-0.146573
2.773401	-0.034187	-0.029064	-0.146783
2.771167	-0.033931	-0.028665	-0.150873
2.768938	-0.033512	-0.028282	-0.149816
2.766712	-0.033225	-0.027978	-0.150323
2.764490	-0.032771	-0.027576	-0.148819
2.762272	-0.032375	-0.027168	-0.149154
2.760058	-0.031920	-0.026524	-0.154585
2.757847	-0.031334	-0.026151	-0.148468
2.755640	-0.031158	-0.025875	-0.151347
2.753437	-0.030683	-0.025406	-0.151169
2.751238	-0.030287	-0.025101	-0.148578
2.749043	-0.030002	-0.024717	-0.151406
2.746852	-0.029967	-0.024762	-0.149119
2.744664	-0.029699	-0.024530	-0.148081
2.742480	-0.029603	-0.024464	-0.147220
2.740300	-0.029686	-0.024444	-0.150165
2.738123	-0.029665	-0.024460	-0.149099
2.735950	-0.029578	-0.024448	-0.146971
2.733781	-0.029615	-0.024559	-0.144863
2.731616	-0.029772	-0.024565	-0.149170
2.729454	-0.029812	-0.024649	-0.147902
2.727296	-0.029788	-0.024788	-0.143236
2.725142	-0.030101	-0.024990	-0.146430
2.722991	-0.030041	-0.025070	-0.142404
2.720844	-0.030157	-0.025167	-0.142965
2.718701	-0.030533	-0.025407	-0.146852
2.716561	-0.030390	-0.025416	-0.142494
2.714425	-0.030540	-0.025525	-0.143665
2.712293	-0.030547	-0.025507	-0.144384
2.710164	-0.030599	-0.025670	-0.141208
2.708039	-0.030764	-0.025816	-0.141741
2.705917	-0.030959	-0.025894	-0.145094
2.703799	-0.031018	-0.026063	-0.141941
2.701685	-0.031152	-0.026233	-0.140933
2.699574	-0.031461	-0.026600	-0.139263
2.697466	-0.031644	-0.026647	-0.143161
2.695363	-0.031676	-0.026708	-0.142346
2.693262	-0.031818	-0.026952	-0.139390
2.691166	-0.031815	-0.026906	-0.140614
2.689072	-0.032060	-0.027225	-0.138501
2.686983	-0.032109	-0.027328	-0.136945
2.684897	-0.032354	-0.027495	-0.139194
2.682814	-0.032432	-0.027620	-0.137872
2.680735	-0.032685	-0.027796	-0.140067
2.678659	-0.032777	-0.027923	-0.139057
2.676587	-0.032963	-0.028221	-0.135846
2.674518	-0.033123	-0.028158	-0.142228
2.672453	-0.033220	-0.028382	-0.138571
2.670391	-0.033475	-0.028715	-0.136363
2.668333	-0.033613	-0.028792	-0.138101
2.666278	-0.033709	-0.028962	-0.135995
2.664226	-0.033848	-0.029151	-0.134578
2.662178	-0.034066	-0.029323	-0.135873
2.660133	-0.034103	-0.029436	-0.133712
2.658092	-0.034332	-0.029726	-0.131953
2.656054	-0.034788	-0.030185	-0.131862
2.654019	-0.035143	-0.030460	-0.134170
2.651988	-0.035006	-0.030442	-0.130739
2.649960	-0.035372	-0.030885	-0.128556
2.647936	-0.035425	-0.031022	-0.126132
2.645915	-0.035760	-0.031142	-0.132296
2.643897	-0.035829	-0.031298	-0.129809
2.641882	-0.035993	-0.031548	-0.127350
2.639871	-0.036283	-0.031801	-0.128389
2.637863	-0.036515	-0.032104	-0.126350
2.635859	-0.036812	-0.032270	-0.130100
2.633857	-0.036812	-0.032386	-0.126808
2.631859	-0.036976	-0.032595	-0.125513
2.629865	-0.037093	-0.032748	-0.124477
2.627873	-0.037342	-0.032916	-0.126787
2.625885	-0.037349	-0.033090	-0.122008
2.623900	-0.037833	-0.033498	-0.124187
2.621919	-0.037754	-0.033442	-0.123513
2.619940	-0.037812	-0.033513	-0.123153
2.617965	-0.038044	-0.033763	-0.122637
2.615993	-0.038355	-0.034045	-0.123478
2.614025	-0.038309	-0.034083	-0.121064
2.612059	-0.038480	-0.034246	-0.121298
2.610097	-0.038535	-0.034316	-0.120890
2.608138	-0.038752	-0.034574	-0.119691
2.606182	-0.038914	-0.034799	-0.117902
2.604229	-0.038785	-0.034701	-0.117016
2.602280	-0.038895	-0.034773	-0.118089
2.600333	-0.039019	-0.034964	-0.116167
2.598390	-0.039050	-0.035000	-0.116034
2.596450	-0.039181	-0.035129	-0.116095
2.594513	-0.039031	-0.035065	-0.113591
2.592579	-0.038992	-0.035045	-0.113063
2.590648	-0.039141	-0.035190	-0.113167
2.588721	-0.039132	-0.035197	-0.112740
2.586796	-0.039222	-0.035345	-0.111055
2.584875	-0.039366	-0.035440	-0.112452
2.582957	-0.039370	-0.035507	-0.110684
2.581042	-0.039310	-0.035467	-0.110079
2.579130	-0.039378	-0.035577	-0.108885
2.577221	-0.039378	-0.035594	-0.108426
2.575315	-0.039363	-0.035521	-0.110066
2.573412	-0.039295	-0.035591	-0.106106
2.571512	-0.039248	-0.035526	-0.106654
2.569615	-0.039113	-0.035396	-0.106480
2.567722	-0.039101	-0.035426	-0.105271
2.565831	-0.039164	-0.035466	-0.105929
2.563943	-0.039008	-0.035428	-0.102557
2.562058	-0.038918	-0.035343	-0.102427
2.560177	-0.038918	-0.035358	-0.101985
2.558298	-0.038864	-0.035304	-0.101979
2.556423	-0.038684	-0.035144	-0.101420
2.554550	-0.038600	-0.035116	-0.099805
2.552680	-0.038433	-0.034972	-0.099163
2.550813	-0.038345	-0.034911	-0.098380
2.548950	-0.038381	-0.034946	-0.098409
2.547089	-0.038225	-0.034824	-0.097431
2.545231	-0.038003	-0.034687	-0.094984
2.543376	-0.037885	-0.034557	-0.095352
2.541524	-0.037845	-0.034607	-0.092769
2.539675	-0.037834	-0.034573	-0.093437
2.537829	-0.037709	-0.034469	-0.092797
2.535986	-0.037614	-0.034390	-0.092350
2.534146	-0.037514	-0.034362	-0.090305
2.532308	-0.037381	-0.034203	-0.091039
2.530474	-0.037155	-0.034023	-0.089732
2.528642	-0.036921	-0.033864	-0.087573
2.526814	-0.036805	-0.033731	-0.088072
2.524988	-0.036609	-0.033565	-0.087185
2.523165	-0.036519	-0.033556	-0.084899
2.521345	-0.036221	-0.033299	-0.083696
2.519528	-0.036146	-0.033215	-0.083962
2.517714	-0.035924	-0.033019	-0.083238
2.515902	-0.035723	-0.032795	-0.083889
2.514093	-0.035624	-0.032648	-0.085261
2.512288	-0.035338	-0.032492	-0.081549
2.510485	-0.035167	-0.032318	-0.081613
2.508684	-0.034945	-0.032203	-0.078530
2.506887	-0.034714	-0.031925	-0.079899
2.505092	-0.034588	-0.031793	-0.080072
2.503301	-0.034286	-0.031572	-0.077746
2.501512	-0.034172	-0.031450	-0.077970
2.499726	-0.033963	-0.031244	-0.077874
2.497942	-0.033606	-0.030943	-0.076285
2.496162	-0.033353	-0.030732	-0.075097
2.494384	-0.033118	-0.030588	-0.072500
2.492609	-0.032931	-0.030391	-0.072767
2.490836	-0.032733	-0.030153	-0.073916
2.489067	-0.032375	-0.029913	-0.070528
2.487300	-0.032161	-0.029658	-0.071704
2.485536	-0.031978	-0.029490	-0.071255
2.483774	-0.031781	-0.029416	-0.067741
2.482016	-0.031564	-0.029196	-0.067839
2.480260	-0.031350	-0.028932	-0.069277
2.478507	-0.031177	-0.028789	-0.068429
2.476756	-0.030790	-0.028549	-0.064188
2.475008	-0.030693	-0.028393	-0.065890
2.473263	-0.030626	-0.028285	-0.067068
2.471521	-0.030337	-0.028123	-0.063425
2.469781	-0.030277	-0.028062	-0.063446
2.468044	-0.030052	-0.027796	-0.064614
2.466309	-0.029844	-0.027665	-0.062425
2.464578	-0.029617	-0.027540	-0.059504
2.462848	-0.029373	-0.027309	-0.059122
2.461122	-0.029057	-0.026965	-0.059947
2.459398	-0.028882	-0.026850	-0.058202
2.457677	-0.028828	-0.026770	-0.058959
2.455958	-0.028544	-0.026498	-0.058606
2.454243	-0.028449	-0.026410	-0.058404
2.452529	-0.028297	-0.026346	-0.055897
2.450819	-0.028200	-0.026215	-0.056866
2.449111	-0.028188	-0.026230	-0.056092
2.447405	-0.027927	-0.026098	-0.052422
2.445702	-0.027909	-0.025994	-0.054879
2.444002	-0.027653	-0.025755	-0.054368
2.442304	-0.027509	-0.025650	-0.053244
2.440609	-0.027371	-0.025557	-0.051956
2.438917	-0.027192	-0.025421	-0.050721
2.437227	-0.027054	-0.025278	-0.050882
2.435539	-0.027000	-0.025340	-0.047564
2.433854	-0.026877	-0.025181	-0.048588
2.432172	-0.026827	-0.025150	-0.048056
2.430492	-0.026702	-0.024998	-0.048821
2.428815	-0.026548	-0.024902	-0.047166
2.427140	-0.026503	-0.024836	-0.047764
2.425468	-0.026408	-0.024777	-0.046717
2.423799	-0.026323	-0.024746	-0.045177
2.422131	-0.026269	-0.024664	-0.045965
2.420467	-0.026225	-0.024692	-0.043933
2.418805	-0.026101	-0.024611	-0.042667
2.417145	-0.026055	-0.024548	-0.043177
2.415488	-0.026155	-0.024634	-0.043577
2.413833	-0.026144	-0.024680	-0.041939
2.412181	-0.026055	-0.024609	-0.041428
2.410532	-0.026047	-0.024633	-0.040488
2.408884	-0.026048	-0.024647	-0.040133
2.407240	-0.025972	-0.024581	-0.039863
2.405598	-0.026079	-0.024757	-0.037881
2.403958	-0.025890	-0.024653	-0.035445
2.402320	-0.025962	-0.024597	-0.039104
2.400685	-0.025929	-0.024641	-0.036895
2.399053	-0.025962	-0.024633	-0.038077
2.397423	-0.026086	-0.024832	-0.035908
2.395795	-0.026084	-0.024781	-0.037323
2.394170	-0.026115	-0.024845	-0.036369
2.392547	-0.026082	-0.024907	-0.033672
2.390927	-0.026034	-0.024873	-0.033282
2.389309	-0.026088	-0.024877	-0.034701
2.387694	-0.026125	-0.024872	-0.035912
2.386081	-0.026158	-0.024928	-0.035233
2.384470	-0.026107	-0.025010	-0.031448
2.382861	-0.026355	-0.025188	-0.033440
2.381255	-0.026206	-0.025133	-0.030727
2.379652	-0.026193	-0.025194	-0.028625
2.378051	-0.026203	-0.025130	-0.030745
2.376452	-0.026185	-0.025180	-0.028770
2.374855	-0.026281	-0.025274	-0.028844
2.373261	-0.026294	-0.025312	-0.028121
2.371669	-0.026343	-0.025402	-0.026946
2.370080	-0.026344	-0.025424	-0.026371
2.368493	-0.026317	-0.025369	-0.027176
2.366908	-0.026510	-0.025632	-0.025156
2.365326	-0.026573	-0.025546	-0.029415
2.363745	-0.026598	-0.025648	-0.027233
2.362168	-0.026589	-0.025770	-0.023453
2.360592	-0.026684	-0.025814	-0.024899
2.359019	-0.026738	-0.025897	-0.024099
2.357448	-0.026804	-0.025951	-0.024445
2.355880	-0.026816	-0.025915	-0.025816
2.354313	-0.026948	-0.026044	-0.025914
2.352749	-0.027169	-0.026310	-0.024603
2.351188	-0.027195	-0.026328	-0.024822
2.349628	-0.027234	-0.026540	-0.019856
2.348071	-0.027495	-0.026790	-0.020184
2.346516	-0.027515	-0.026834	-0.019507
2.344964	-0.027754	-0.027072	-0.019540
2.343413	-0.027822	-0.026978	-0.024174
2.341865	-0.027940	-0.027143	-0.022812
2.340319	-0.027887	-0.027102	-0.022478
2.338776	-0.027988	-0.027124	-0.024773
2.337235	-0.027981	-0.027403	-0.016556
2.335695	-0.028229	-0.027555	-0.019327
2.334159	-0.028289	-0.027553	-0.021078
2.332624	-0.028351	-0.027720	-0.018082
2.331091	-0.028456	-0.027796	-0.018927
2.329561	-0.028570	-0.027994	-0.016489
2.328033	-0.028621	-0.028003	-0.017689
2.326508	-0.028815	-0.028059	-0.021637
2.324984	-0.028900	-0.028228	-0.019267
2.323463	-0.028934	-0.028206	-0.020861
2.321943	-0.029039	-0.028448	-0.016935
2.320426	-0.029102	-0.028449	-0.018720
2.318912	-0.029149	-0.028527	-0.017810
2.317399	-0.029288	-0.028613	-0.019359
2.315888	-0.029470	-0.028773	-0.019959
2.314380	-0.029476	-0.028862	-0.017606
2.312874	-0.029529	-0.028913	-0.017656
2.311370	-0.029558	-0.029028	-0.015197
2.309868	-0.029791	-0.029164	-0.017987
2.308369	-0.029775	-0.029178	-0.017102
2.306871	-0.029987	-0.029313	-0.019325
2.305376	-0.030035	-0.029459	-0.016498
2.303883	-0.030118	-0.029522	-0.017086
2.302392	-0.030086	-0.029570	-0.014792
2.300903	-0.030102	-0.029642	-0.013173
2.299416	-0.030285	-0.029696	-0.016870
2.297931	-0.030504	-0.029888	-0.017657
2.296449	-0.030487	-0.029955	-0.015230
2.294968	-0.030573	-0.030044	-0.015143
2.293490	-0.030758	-0.030221	-0.015387
2.292013	-0.030696	-0.030185	-0.014649
2.290539	-0.030700	-0.030161	-0.015437
2.289067	-0.030896	-0.030403	-0.014131
2.287597	-0.031073	-0.030547	-0.015046
2.286129	-0.031091	-0.030548	-0.015551
2.284664	-0.031180	-0.030584	-0.017082
2.283200	-0.031322	-0.030748	-0.016424
2.281738	-0.031455	-0.030899	-0.015946
2.280279	-0.031338	-0.030943	-0.011308
2.278821	-0.031580	-0.030954	-0.017922
2.277366	-0.031642	-0.031141	-0.014352
2.275912	-0.031804	-0.031236	-0.016267
2.274461	-0.031826	-0.031130	-0.019929
2.273012	-0.031743	-0.031285	-0.013099
2.271564	-0.031874	-0.031433	-0.012635
2.270119	-0.031923	-0.031499	-0.012148
2.268676	-0.031891	-0.031464	-0.012217
2.267235	-0.032146	-0.031578	-0.016280
2.265796	-0.032083	-0.031683	-0.011435
2.264359	-0.032094	-0.031605	-0.013999
2.262923	-0.032262	-0.031797	-0.013324
2.261490	-0.032406	-0.031957	-0.012849
2.260059	-0.032328	-0.031807	-0.014911
2.258630	-0.032180	-0.031682	-0.014268
2.257203	-0.032335	-0.031729	-0.017380
2.255778	-0.032360	-0.031727	-0.018156
2.254355	-0.032363	-0.031681	-0.019548
2.252934	-0.032445	-0.031839	-0.017362
2.251515	-0.032347	-0.031786	-0.016091
2.250098	-0.032403	-0.031788	-0.017622
2.248683	-0.032355	-0.031785	-0.016349
2.247269	-0.032479	-0.031916	-0.016133
2.245858	-0.032500	-0.031951	-0.015724
2.244449	-0.032278	-0.031836	-0.012666
2.243042	-0.032082	-0.031478	-0.017306
2.241636	-0.032003	-0.031479	-0.015027
2.240233	-0.031763	-0.031251	-0.014667
2.238832	-0.031568	-0.031064	-0.014435
2.237432	-0.031642	-0.031089	-0.015849
2.236035	-0.031729	-0.031167	-0.016112
2.234639	-0.031727	-0.031173	-0.015888
2.233245	-0.031812	-0.031206	-0.017356
2.231854	-0.031808	-0.031239	-0.016290
2.230464	-0.031640	-0.031145	-0.014199
2.229076	-0.031774	-0.031159	-0.017619
2.227690	-0.031774	-0.031161	-0.017552
2.226306	-0.031545	-0.031058	-0.013938
2.224924	-0.031568	-0.031012	-0.015911
2.223544	-0.031637	-0.030910	-0.020821
2.222165	-0.031426	-0.030818	-0.017414
2.220789	-0.031159	-0.030624	-0.015331
2.219414	-0.031081	-0.030590	-0.014087
2.218042	-0.031100	-0.030487	-0.017559
2.216671	-0.030923	-0.030313	-0.017463
2.215302	-0.031081	-0.030306	-0.022192
2.213935	-0.031081	-0.030357	-0.020734
2.212570	-0.030780	-0.030235	-0.015593
2.211207	-0.030710	-0.030060	-0.018630
2.209845	-0.030563	-0.029920	-0.018410
2.208486	-0.030568	-0.029908	-0.018913
2.207128	-0.030343	-0.029647	-0.019925
2.205772	-0.030164	-0.029599	-0.016192
2.204418	-0.030205	-0.029533	-0.019265
2.203066	-0.030240	-0.029613	-0.017959
2.201716	-0.030129	-0.029519	-0.017493
2.200367	-0.030002	-0.029428	-0.016433
2.199021	-0.029788	-0.029099	-0.019725
2.197676	-0.029687	-0.028924	-0.021860
2.196333	-0.029468	-0.028720	-0.021410
2.194992	-0.029235	-0.028567	-0.019132
2.193653	-0.029267	-0.028536	-0.020928
2.192315	-0.029110	-0.028403	-0.020261
2.190980	-0.028994	-0.028342	-0.018701
2.189646	-0.028936	-0.028220	-0.020514
2.188314	-0.028786	-0.028030	-0.021657
2.186984	-0.028739	-0.027962	-0.022263
2.185655	-0.028641	-0.027962	-0.019452
2.184328	-0.028471	-0.027790	-0.019528
2.183004	-0.028223	-0.027584	-0.018301
2.181681	-0.028041	-0.027458	-0.016681
2.180359	-0.027941	-0.027179	-0.021834
2.179040	-0.027723	-0.027116	-0.017375
2.177722	-0.027718	-0.027067	-0.018648
2.176406	-0.027586	-0.026874	-0.020406
2.175092	-0.027440	-0.026694	-0.021371
2.173780	-0.027180	-0.026494	-0.019655
2.172469	-0.027269	-0.026372	-0.025707
2.171160	-0.027018	-0.026216	-0.022968
2.169853	-0.027016	-0.026232	-0.022452
2.168548	-0.026869	-0.026173	-0.019941
2.167244	-0.026696	-0.025860	-0.023953
2.165943	-0.026626	-0.025892	-0.021014
2.164643	-0.026466	-0.025694	-0.022101
2.163344	-0.026166	-0.025450	-0.020510
2.162048	-0.025745	-0.024980	-0.021924
2.160753	-0.025618	-0.024829	-0.022584
2.159460	-0.025562	-0.024675	-0.025421
2.158168	-0.025507	-0.024618	-0.025482
2.156879	-0.025414	-0.024668	-0.021390
2.155591	-0.025265	-0.024355	-0.026064
2.154304	-0.025095	-0.024228	-0.024843
2.153020	-0.024969	-0.024090	-0.025174
2.151737	-0.024703	-0.023823	-0.025196
2.150456	-0.024595	-0.023775	-0.023487
2.149177	-0.024400	-0.023619	-0.022383
2.147899	-0.024208	-0.023446	-0.021818
2.146623	-0.024090	-0.023226	-0.024732
2.145349	-0.024034	-0.023139	-0.025641
2.144076	-0.023802	-0.022883	-0.026310
2.142805	-0.023667	-0.022698	-0.027760
2.141536	-0.023472	-0.022449	-0.029326
2.140268	-0.023225	-0.022345	-0.025202
2.139002	-0.023215	-0.022314	-0.025814
2.137738	-0.023130	-0.022133	-0.028553
2.136476	-0.022935	-0.022154	-0.022369
2.135215	-0.022756	-0.021903	-0.024426
2.133956	-0.022643	-0.021694	-0.027196
2.132698	-0.022411	-0.021514	-0.025698
2.131442	-0.022323	-0.021364	-0.027480
2.130188	-0.022313	-0.021291	-0.029271
2.128935	-0.022127	-0.021190	-0.026830
2.127684	-0.021808	-0.020944	-0.024754
2.126435	-0.021811	-0.020886	-0.026475
2.125187	-0.021905	-0.020959	-0.027097
2.123941	-0.021434	-0.020530	-0.025899
2.122697	-0.021343	-0.020401	-0.026985
2.121454	-0.021179	-0.020228	-0.027244
2.120213	-0.021184	-0.020271	-0.026159
2.118974	-0.021176	-0.020120	-0.030247
2.117736	-0.021040	-0.019973	-0.030577
2.116500	-0.020901	-0.019879	-0.029286
2.115265	-0.020594	-0.019647	-0.027132
2.114032	-0.020413	-0.019539	-0.025038
2.112801	-0.020369	-0.019289	-0.030949
2.111571	-0.020319	-0.019210	-0.031780
2.110343	-0.020252	-0.019230	-0.029275
2.109116	-0.020113	-0.019096	-0.029143
2.107891	-0.019943	-0.018834	-0.031792
2.106668	-0.019801	-0.018880	-0.026378
2.105446	-0.019846	-0.018840	-0.028824
2.104226	-0.019844	-0.018753	-0.031258
2.103007	-0.019537	-0.018566	-0.027818
2.101790	-0.019757	-0.018656	-0.031539
2.100575	-0.019642	-0.018596	-0.029945
2.099361	-0.019589	-0.018449	-0.032674
2.098149	-0.019233	-0.018219	-0.029046
2.096938	-0.019100	-0.018059	-0.029808
2.095729	-0.019013	-0.017930	-0.031011
2.094521	-0.018827	-0.017660	-0.033429
2.093315	-0.018629	-0.017537	-0.031283
2.092111	-0.018499	-0.017422	-0.030860
2.090908	-0.018349	-0.017385	-0.027613
2.089707	-0.018492	-0.017344	-0.032874
2.088507	-0.018437	-0.017334	-0.031589
2.087309	-0.018327	-0.017250	-0.030839
2.086112	-0.018404	-0.017290	-0.031914
2.084917	-0.018267	-0.017171	-0.031383
2.083723	-0.018283	-0.017145	-0.032619
2.082531	-0.018084	-0.017010	-0.030752
2.081341	-0.018047	-0.016948	-0.031487
2.080152	-0.017902	-0.016853	-0.030041
2.078964	-0.018010	-0.016793	-0.034876
2.077778	-0.017789	-0.016706	-0.031039
2.076594	-0.017660	-0.016636	-0.029316
2.075411	-0.017827	-0.016579	-0.035758
2.074230	-0.017836	-0.016680	-0.033121
2.073050	-0.017589	-0.016560	-0.029456
2.071871	-0.017620	-0.016472	-0.032874
2.070694	-0.017340	-0.016206	-0.032495
2.069519	-0.017286	-0.016170	-0.031985
2.068345	-0.017147	-0.015928	-0.034915
2.067173	-0.017261	-0.016072	-0.034056
2.066002	-0.017144	-0.016024	-0.032080
2.064833	-0.017147	-0.015995	-0.032992
2.063665	-0.017010	-0.015873	-0.032569
2.062498	-0.016830	-0.015834	-0.028530
2.061333	-0.016976	-0.015663	-0.037625
2.060170	-0.016755	-0.015584	-0.033528
2.059008	-0.016788	-0.015643	-0.032809
2.057848	-0.016887	-0.015599	-0.036900
2.056689	-0.016894	-0.015705	-0.034082
2.055531	-0.016990	-0.015699	-0.036996
2.054375	-0.016816	-0.015612	-0.034486
2.053221	-0.016760	-0.015596	-0.033340
2.052067	-0.016808	-0.015600	-0.034603
2.050916	-0.016836	-0.015622	-0.034776
2.049766	-0.016808	-0.015673	-0.032528
2.048617	-0.016948	-0.015684	-0.036197
2.047470	-0.016986	-0.015750	-0.035404
2.046324	-0.017018	-0.015765	-0.035904
2.045179	-0.017013	-0.015805	-0.034610
2.044036	-0.017027	-0.015657	-0.039256
2.042895	-0.016923	-0.015660	-0.036193
2.041755	-0.016938	-0.015733	-0.034517
2.040616	-0.016835	-0.015648	-0.034000
2.039479	-0.016938	-0.015839	-0.031475
2.038343	-0.017074	-0.015799	-0.036517
2.037209	-0.017015	-0.015826	-0.034065
2.036076	-0.017050	-0.015971	-0.030901
2.034945	-0.017152	-0.015832	-0.037815
2.033815	-0.017150	-0.015848	-0.037286
2.032686	-0.017013	-0.015774	-0.035506
2.031559	-0.016829	-0.015739	-0.031228
2.030433	-0.016873	-0.015744	-0.032345
2.029309	-0.017072	-0.015754	-0.037742
2.028186	-0.017139	-0.015951	-0.034016
2.027064	-0.017174	-0.015965	-0.034646
2.025944	-0.017218	-0.015952	-0.036259
2.024825	-0.017342	-0.016010	-0.038153
2.023708	-0.017464	-0.016064	-0.040091
2.022592	-0.017462	-0.016242	-0.034963
2.021477	-0.017552	-0.016348	-0.034478
2.020364	-0.017560	-0.016155	-0.040242
2.019252	-0.017568	-0.016274	-0.037073
2.018142	-0.017574	-0.016351	-0.035034
2.017033	-0.017469	-0.016296	-0.033612
2.015925	-0.017593	-0.016305	-0.036890
2.014819	-0.017576	-0.016416	-0.033253
2.013714	-0.017649	-0.016428	-0.034979
2.012610	-0.017839	-0.016621	-0.034894
2.011508	-0.017941	-0.016503	-0.041201
2.010407	-0.018121	-0.016859	-0.036163
2.009308	-0.018399	-0.017060	-0.038372
2.008210	-0.018394	-0.017085	-0.037497
2.007113	-0.018192	-0.016987	-0.034527
2.006018	-0.018204	-0.016923	-0.036680
2.004924	-0.018082	-0.016837	-0.035664
2.003831	-0.017942	-0.016765	-0.033723
2.002740	-0.018079	-0.016798	-0.036683
2.001650	-0.018142	-0.016908	-0.035333
2.000561	-0.018333	-0.017125	-0.034617
1.999474	-0.018460	-0.017243	-0.034887
1.998388	-0.018757	-0.017551	-0.034543
1.997303	-0.018975	-0.017652	-0.037894
1.996220	-0.018900	-0.017677	-0.035059
1.995138	-0.019013	-0.017763	-0.035814
1.994058	-0.018979	-0.017807	-0.033565
1.992978	-0.019265	-0.017882	-0.039620
1.991901	-0.019267	-0.018027	-0.035544
1.990824	-0.019352	-0.018059	-0.037017
1.989749	-0.019289	-0.017939	-0.038685
1.988675	-0.019275	-0.018040	-0.035364
1.987602	-0.019233	-0.018077	-0.033110
1.986531	-0.019328	-0.018009	-0.037793
1.985461	-0.019373	-0.018065	-0.037449
1.984392	-0.019526	-0.018230	-0.037133
1.983325	-0.019610	-0.018357	-0.035894
1.982259	-0.019839	-0.018630	-0.034654
1.981194	-0.019933	-0.018651	-0.036739
1.980130	-0.019957	-0.018690	-0.036286
1.979068	-0.020040	-0.018674	-0.039152
1.978007	-0.019899	-0.018631	-0.036328
1.976948	-0.019974	-0.018720	-0.035907
1.975889	-0.019990	-0.018774	-0.034822
1.974832	-0.020102	-0.018763	-0.038351
1.973777	-0.019871	-0.018627	-0.035647
1.972722	-0.020085	-0.018782	-0.037326
1.971669	-0.020143	-0.018771	-0.039308
1.970617	-0.020097	-0.018815	-0.036721
1.969566	-0.020333	-0.018975	-0.038914
1.968517	-0.020151	-0.018890	-0.036115
1.967469	-0.020438	-0.019219	-0.034928
1.966422	-0.020304	-0.019058	-0.035682
1.965377	-0.020372	-0.019047	-0.037962
1.964333	-0.020289	-0.018985	-0.037339
1.963290	-0.020424	-0.019083	-0.038426
1.962248	-0.020390	-0.019219	-0.033550
1.961207	-0.020381	-0.019245	-0.032536
1.960168	-0.020564	-0.019251	-0.037641
1.959130	-0.020500	-0.019152	-0.038617
1.958094	-0.020372	-0.019156	-0.034828
1.957058	-0.020431	-0.019262	-0.033464
1.956024	-0.020470	-0.019228	-0.035578
1.954991	-0.020484	-0.019219	-0.036256
1.953959	-0.020654	-0.019346	-0.037450
1.952929	-0.020707	-0.019382	-0.037968
1.951900	-0.020704	-0.019418	-0.036846
1.950872	-0.020775	-0.019601	-0.033629
1.949845	-0.020974	-0.019703	-0.036396
1.948819	-0.020913	-0.019789	-0.032204
1.947795	-0.021047	-0.019776	-0.036424
1.946772	-0.021018	-0.019759	-0.036066
1.945750	-0.021064	-0.019880	-0.033910
1.944729	-0.021007	-0.019803	-0.034472
1.943710	-0.021088	-0.019768	-0.037822
1.942692	-0.021125	-0.019868	-0.036026
1.941675	-0.021147	-0.019822	-0.037945
1.940659	-0.021227	-0.019951	-0.036555
1.939645	-0.021244	-0.020019	-0.035093
1.938631	-0.021192	-0.019948	-0.035637
1.937619	-0.021259	-0.020075	-0.033915
1.936608	-0.021076	-0.019898	-0.033754
1.935599	-0.021194	-0.019954	-0.035526
1.934590	-0.021213	-0.020017	-0.034248
1.933583	-0.021307	-0.019996	-0.037553
1.932577	-0.021194	-0.020079	-0.031945
1.931572	-0.021126	-0.019959	-0.033437
1.930568	-0.020967	-0.019762	-0.034522
1.929566	-0.020858	-0.019806	-0.030146
1.928565	-0.021180	-0.019842	-0.038306
1.927565	-0.021132	-0.020019	-0.031868
1.926566	-0.021065	-0.019847	-0.034917
1.925568	-0.021060	-0.019917	-0.032733
1.924571	-0.021163	-0.019922	-0.035551
1.923576	-0.021211	-0.019943	-0.036319
1.922582	-0.021197	-0.019968	-0.035194
1.921589	-0.021240	-0.019963	-0.036590
1.920597	-0.021255	-0.020125	-0.032383
1.919606	-0.021243	-0.020038	-0.034523
1.918617	-0.021117	-0.019954	-0.033321
1.917629	-0.021250	-0.019962	-0.036912
1.916641	-0.021296	-0.020025	-0.036401
1.915655	-0.021411	-0.020131	-0.036688
1.914671	-0.021284	-0.020134	-0.032951
1.913687	-0.021308	-0.020075	-0.035339
1.912704	-0.021274	-0.019971	-0.037317
1.911723	-0.021104	-0.019908	-0.034272
1.910743	-0.021223	-0.019994	-0.035203
1.909764	-0.021237	-0.019844	-0.039888
1.908786	-0.021152	-0.019927	-0.035100
1.907809	-0.021206	-0.020123	-0.031006
1.906834	-0.021293	-0.020061	-0.035300
1.905859	-0.021221	-0.020030	-0.034135
1.904886	-0.021252	-0.020073	-0.033764
1.903914	-0.021103	-0.019959	-0.032772
1.902943	-0.021104	-0.019880	-0.035060
1.901973	-0.021024	-0.019775	-0.035769
1.901004	-0.021009	-0.019776	-0.035331
1.900036	-0.020759	-0.019621	-0.032614
1.899070	-0.020693	-0.019593	-0.031507
1.898105	-0.020827	-0.019616	-0.034693
1.897140	-0.020714	-0.019501	-0.034756
1.896177	-0.020561	-0.019539	-0.029278
1.895215	-0.020542	-0.019380	-0.033289
1.894254	-0.020603	-0.019312	-0.036986
1.893295	-0.020627	-0.019346	-0.036708
1.892336	-0.020631	-0.019439	-0.034163
1.891378	-0.020673	-0.019432	-0.035568
1.890422	-0.020682	-0.019529	-0.033019
1.889467	-0.020535	-0.019357	-0.033728
1.888513	-0.020397	-0.019310	-0.031164
1.887560	-0.020371	-0.019219	-0.033002
1.886608	-0.020442	-0.019280	-0.033274
1.885657	-0.020211	-0.019259	-0.027274
1.884707	-0.020285	-0.019174	-0.031822
1.883758	-0.020070	-0.018968	-0.031561
1.882811	-0.020057	-0.018834	-0.035026
1.881864	-0.020039	-0.018921	-0.032009
1.880919	-0.020109	-0.018909	-0.034384
1.879975	-0.020010	-0.018853	-0.033155
1.879032	-0.019942	-0.018766	-0.033673
1.878090	-0.019838	-0.018698	-0.032656
1.877149	-0.019791	-0.018769	-0.029275
1.876209	-0.019901	-0.018764	-0.032562
1.875270	-0.019905	-0.018721	-0.033920
1.874332	-0.019935	-0.018794	-0.032676
1.873396	-0.019654	-0.018577	-0.030857
1.872460	-0.019520	-0.018407	-0.031881
1.871525	-0.019431	-0.018246	-0.033967
1.870592	-0.019389	-0.018317	-0.030707
1.869660	-0.019318	-0.018221	-0.031448
1.868728	-0.019212	-0.018108	-0.031647
1.867798	-0.019176	-0.018086	-0.031250
1.866869	-0.019193	-0.018072	-0.032110
1.865941	-0.019281	-0.018241	-0.029789
1.865014	-0.019356	-0.018225	-0.032413
1.864088	-0.019211	-0.018156	-0.030215
1.863163	-0.019104	-0.018023	-0.030967
1.862239	-0.018986	-0.017992	-0.028474
1.861317	-0.019039	-0.018032	-0.028849
1.860395	-0.018830	-0.017761	-0.030606
1.859474	-0.018765	-0.017595	-0.033505
1.858555	-0.018663	-0.017619	-0.029902
1.857636	-0.018570	-0.017484	-0.031104
1.856719	-0.018436	-0.017435	-0.028683
1.855802	-0.018467	-0.017438	-0.029477
1.854887	-0.018369	-0.017306	-0.030475
1.853973	-0.018276	-0.017205	-0.030667
1.853059	-0.018262	-0.017248	-0.029055
1.852147	-0.017900	-0.016885	-0.029056
1.851236	-0.017810	-0.016672	-0.032588
1.850326	-0.017606	-0.016645	-0.027529
1.849416	-0.017537	-0.016520	-0.029139
1.848508	-0.017405	-0.016409	-0.028546
1.847601	-0.017503	-0.016478	-0.029386
1.846695	-0.017342	-0.016305	-0.029711
1.845790	-0.017399	-0.016329	-0.030645
1.844886	-0.017148	-0.016188	-0.027514
1.843983	-0.017125	-0.016138	-0.028273
1.843081	-0.017102	-0.016039	-0.030442
1.842180	-0.017171	-0.015980	-0.034121
1.841280	-0.016967	-0.015944	-0.029299
1.840381	-0.016945	-0.015833	-0.031876
1.839484	-0.016787	-0.015805	-0.028127
1.838587	-0.016661	-0.015661	-0.028663
1.837691	-0.016456	-0.015512	-0.027048
1.836796	-0.016317	-0.015253	-0.030480
1.835902	-0.016368	-0.015269	-0.031493
1.835009	-0.016335	-0.015310	-0.029371
1.834118	-0.016124	-0.015081	-0.029903
1.833227	-0.015949	-0.014859	-0.031208
1.832337	-0.015941	-0.014878	-0.030446
1.831448	-0.015802	-0.014793	-0.028904
1.830560	-0.015520	-0.014525	-0.028505
1.829674	-0.015258	-0.014372	-0.025360
1.828788	-0.015079	-0.014090	-0.028329
1.827903	-0.014827	-0.013777	-0.030075
1.827019	-0.014912	-0.013981	-0.026683
1.826136	-0.014922	-0.013961	-0.027536
1.825255	-0.014900	-0.013901	-0.028619
1.824374	-0.014895	-0.013944	-0.027227
1.823494	-0.015111	-0.014122	-0.028345
1.822615	-0.015125	-0.014145	-0.028093
1.821737	-0.015016	-0.014165	-0.024374
1.820860	-0.014959	-0.013959	-0.028641
1.819984	-0.014612	-0.013637	-0.027936
1.819109	-0.014356	-0.013472	-0.025312
1.818235	-0.014237	-0.013382	-0.024495
1.817362	-0.014099	-0.013230	-0.024896
1.816490	-0.014026	-0.013112	-0.026198
1.815619	-0.013946	-0.012957	-0.028343
1.814749	-0.013807	-0.012888	-0.026338
1.813880	-0.013817	-0.012854	-0.027610
1.813012	-0.013751	-0.012773	-0.028032
1.812145	-0.013505	-0.012598	-0.025990
1.811279	-0.013198	-0.012301	-0.025704
1.810413	-0.013215	-0.012355	-0.024620
1.809549	-0.013042	-0.012079	-0.027590
1.808686	-0.012860	-0.011964	-0.025671
1.807824	-0.012739	-0.011898	-0.024093
1.806962	-0.012658	-0.011850	-0.023134
1.806102	-0.012716	-0.011887	-0.023725
1.805242	-0.012578	-0.011603	-0.027953
1.804384	-0.012455	-0.011560	-0.025626
1.803526	-0.012202	-0.011369	-0.023858
1.802670	-0.012351	-0.011479	-0.025004
1.801814	-0.012336	-0.011519	-0.023414
1.800959	-0.012184	-0.011342	-0.024127
1.800105	-0.012037	-0.011219	-0.023443
1.799252	-0.011822	-0.011091	-0.020939
1.798401	-0.011738	-0.010806	-0.026703
1.797550	-0.011536	-0.010760	-0.022251
1.796700	-0.011492	-0.010634	-0.024584
1.795851	-0.011213	-0.010386	-0.023698
1.795002	-0.011266	-0.010430	-0.023949
1.794155	-0.011250	-0.010396	-0.024457
1.793309	-0.011154	-0.010370	-0.022463
1.792464	-0.010956	-0.010146	-0.023194
1.791619	-0.010929	-0.010192	-0.021110
1.790776	-0.010826	-0.010132	-0.019892
1.789933	-0.010818	-0.009869	-0.027206
1.789092	-0.010528	-0.009732	-0.022802
1.788251	-0.010345	-0.009548	-0.022816
1.787411	-0.010178	-0.009434	-0.021334
1.786572	-0.010302	-0.009481	-0.023505
1.785734	-0.010004	-0.009266	-0.021151
1.784897	-0.009827	-0.009026	-0.022941
1.784061	-0.009798	-0.008969	-0.023752
1.783226	-0.009657	-0.008938	-0.020612
1.782392	-0.009598	-0.008753	-0.024217
1.781558	-0.009692	-0.008886	-0.023082
1.780726	-0.009467	-0.008755	-0.020399
1.779894	-0.009330	-0.008570	-0.021788
1.779064	-0.009133	-0.008500	-0.018142
1.778234	-0.008939	-0.008288	-0.018650
1.777405	-0.008818	-0.008068	-0.021489
1.776577	-0.008679	-0.007997	-0.019540
1.775750	-0.008686	-0.007909	-0.022261
1.774924	-0.008621	-0.007817	-0.023038
1.774099	-0.008502	-0.007784	-0.020577
1.773275	-0.008345	-0.007695	-0.018632
1.772451	-0.008420	-0.007699	-0.020653
1.771629	-0.008466	-0.007729	-0.021088
1.770807	-0.008393	-0.007477	-0.026234
1.769986	-0.008206	-0.007514	-0.019838
1.769167	-0.008295	-0.007636	-0.018877
1.768348	-0.008297	-0.007611	-0.019655
1.767530	-0.008007	-0.007390	-0.017666
1.766712	-0.007865	-0.007051	-0.023296
1.765896	-0.007682	-0.007017	-0.019051
1.765081	-0.007531	-0.006821	-0.020326
1.764266	-0.007289	-0.006596	-0.019865
1.763453	-0.007203	-0.006497	-0.020221
1.762640	-0.006936	-0.006361	-0.016464
1.761828	-0.007262	-0.006585	-0.019386
1.761017	-0.007175	-0.006455	-0.020625
1.760207	-0.006922	-0.006235	-0.019688
1.759398	-0.006684	-0.006051	-0.018128
1.758589	-0.006921	-0.006208	-0.020410
1.757782	-0.006770	-0.006123	-0.018562
1.756975	-0.006662	-0.006056	-0.017369
1.756169	-0.006541	-0.005899	-0.018390
1.755365	-0.006620	-0.006006	-0.017597
1.754560	-0.006530	-0.005787	-0.021293
1.753757	-0.006259	-0.005628	-0.018075
1.752955	-0.006341	-0.005693	-0.018560
1.752154	-0.006294	-0.005552	-0.021241
1.751353	-0.006231	-0.005485	-0.021392
1.750553	-0.006072	-0.005542	-0.015200
1.749755	-0.006045	-0.005390	-0.018789
1.748957	-0.006184	-0.005603	-0.016642
1.748159	-0.005974	-0.005496	-0.013687
1.747363	-0.005925	-0.005266	-0.018883
1.746568	-0.005884	-0.005214	-0.019201
1.745773	-0.005892	-0.005263	-0.018029
1.744979	-0.005920	-0.005305	-0.017619
1.744187	-0.006014	-0.005345	-0.019153
1.743395	-0.005863	-0.005287	-0.016486
1.742603	-0.005908	-0.005423	-0.013894
1.741813	-0.005800	-0.005274	-0.015079
1.741024	-0.005653	-0.005092	-0.016072
1.740235	-0.005512	-0.004974	-0.015422
1.739447	-0.005482	-0.005105	-0.010815
1.738660	-0.005525	-0.004970	-0.015894
1.737874	-0.005381	-0.004793	-0.016853
1.737089	-0.005341	-0.004819	-0.014966
1.736304	-0.005357	-0.004672	-0.019623
1.735521	-0.005266	-0.004833	-0.012403
1.734738	-0.005167	-0.004667	-0.014311
1.733956	-0.005336	-0.004695	-0.018359
1.733175	-0.005140	-0.004578	-0.016093
1.732395	-0.005038	-0.004485	-0.015838
1.731615	-0.004994	-0.004483	-0.014656
1.730837	-0.004938	-0.004457	-0.013800
1.730059	-0.005021	-0.004394	-0.017966
1.729282	-0.005078	-0.004584	-0.014137
1.728506	-0.005051	-0.004533	-0.014836
1.727730	-0.004949	-0.004454	-0.014168
1.726956	-0.005051	-0.004443	-0.017429
1.726182	-0.004857	-0.004312	-0.015597
1.725409	-0.004936	-0.004506	-0.012308
1.724637	-0.005000	-0.004623	-0.010787
1.723866	-0.004947	-0.004488	-0.013152
1.723096	-0.004779	-0.004259	-0.014897
1.722326	-0.004768	-0.004236	-0.015242
1.721557	-0.004901	-0.004498	-0.011539
1.720789	-0.004929	-0.004484	-0.012753
1.720022	-0.004860	-0.004385	-0.013600
1.719256	-0.004999	-0.004458	-0.015490
1.718490	-0.004875	-0.004423	-0.012939
1.717726	-0.004873	-0.004416	-0.013103
1.716962	-0.004748	-0.004211	-0.015369
1.716199	-0.004929	-0.004470	-0.013170
1.715436	-0.004844	-0.004396	-0.012828
1.714675	-0.004960	-0.004561	-0.011421
1.713914	-0.004959	-0.004540	-0.012013
1.713154	-0.004904	-0.004451	-0.012979
1.712395	-0.004797	-0.004531	-0.007617
1.711637	-0.004977	-0.004539	-0.012541
1.710879	-0.004801	-0.004504	-0.008506
1.710122	-0.004978	-0.004433	-0.015629
1.709366	-0.004820	-0.004462	-0.010269
1.708611	-0.004743	-0.004430	-0.008972
1.707857	-0.004790	-0.004493	-0.008518
1.707103	-0.004720	-0.004338	-0.010967
1.706351	-0.004806	-0.004454	-0.010077
1.705599	-0.004852	-0.004528	-0.009286
1.704847	-0.005028	-0.004602	-0.012198
1.704097	-0.005055	-0.004662	-0.011261
1.703347	-0.005085	-0.004658	-0.012232
1.702599	-0.005232	-0.004916	-0.009054
1.701850	-0.005259	-0.004881	-0.010841
1.701103	-0.005146	-0.004845	-0.008617
1.700357	-0.005115	-0.004675	-0.012619
1.699611	-0.004857	-0.004555	-0.008657
1.698866	-0.005098	-0.004694	-0.011568
1.698122	-0.004966	-0.004663	-0.008655
1.697378	-0.004837	-0.004447	-0.011158
1.696636	-0.005056	-0.004691	-0.010463
1.695894	-0.005058	-0.004773	-0.008158
1.695153	-0.005069	-0.004836	-0.006668
1.694412	-0.005130	-0.004848	-0.008072
1.693673	-0.005261	-0.004998	-0.007532
1.692934	-0.005151	-0.004862	-0.008281
1.692196	-0.005033	-0.004638	-0.011301
1.691459	-0.005101	-0.004883	-0.006242
1.690722	-0.005170	-0.004890	-0.008019
1.689987	-0.005265	-0.004957	-0.008847
1.689252	-0.005344	-0.005014	-0.009439
1.688518	-0.005319	-0.005002	-0.009060
1.687784	-0.005193	-0.004936	-0.007354
1.687051	-0.005138	-0.004855	-0.008107
1.686320	-0.005149	-0.004826	-0.009244
1.685588	-0.005132	-0.004891	-0.006901
1.684858	-0.005131	-0.004866	-0.007595
1.684128	-0.005023	-0.004842	-0.005164
1.683399	-0.005061	-0.004667	-0.011265
1.682671	-0.005052	-0.004838	-0.006120
1.681944	-0.005105	-0.004795	-0.008874
1.681217	-0.005337	-0.004965	-0.010663
1.680491	-0.005469	-0.005266	-0.005807
1.679766	-0.005402	-0.005207	-0.005564
1.679042	-0.005581	-0.005313	-0.007691
1.678318	-0.005703	-0.005286	-0.011957
1.677595	-0.005647	-0.005237	-0.011744
1.676873	-0.005741	-0.005443	-0.008534
1.676152	-0.005781	-0.005585	-0.005605
1.675431	-0.005969	-0.005758	-0.006050
1.674711	-0.005932	-0.005774	-0.004517
1.673992	-0.005971	-0.005654	-0.009088
1.673273	-0.005922	-0.005820	-0.002947
1.672556	-0.005980	-0.005834	-0.004166
1.671839	-0.006024	-0.005847	-0.005070
1.671122	-0.005854	-0.005750	-0.002987
1.670407	-0.005563	-0.005368	-0.005595
1.669692	-0.005660	-0.005465	-0.005594
1.668978	-0.005762	-0.005527	-0.006735
1.668265	-0.005584	-0.005287	-0.008492
1.667552	-0.005568	-0.005460	-0.003097
1.666840	-0.005506	-0.005313	-0.005526
1.666129	-0.005612	-0.005433	-0.005139
1.665418	-0.005832	-0.005385	-0.012803
1.664709	-0.005668	-0.005329	-0.009711
1.664000	-0.005476	-0.005338	-0.003932
1.663292	-0.005419	-0.005146	-0.007818
1.662584	-0.005642	-0.005322	-0.009142
1.661877	-0.005491	-0.005357	-0.003843
1.661171	-0.005516	-0.005341	-0.005013
1.660466	-0.005320	-0.005135	-0.005308
1.659761	-0.005263	-0.005113	-0.004288
1.659057	-0.005169	-0.004988	-0.005188
1.658354	-0.005064	-0.004886	-0.005105
1.657651	-0.005023	-0.004847	-0.005029
1.656950	-0.005018	-0.004860	-0.004537
1.656249	-0.005147	-0.005026	-0.003469
1.655548	-0.005250	-0.005120	-0.003727
1.654848	-0.005447	-0.005232	-0.006169
1.654150	-0.005637	-0.005426	-0.006051
1.653451	-0.005219	-0.005063	-0.004471
1.652754	-0.005330	-0.005192	-0.003931
1.652057	-0.005495	-0.005208	-0.008224
1.651361	-0.005429	-0.005197	-0.006630
1.650665	-0.005479	-0.005301	-0.005098
1.649971	-0.005562	-0.005378	-0.005270
1.649277	-0.005394	-0.005280	-0.003263
1.648583	-0.005491	-0.005380	-0.003170
1.647891	-0.005722	-0.005526	-0.005596
1.647199	-0.005674	-0.005610	-0.001834
1.646508	-0.005714	-0.005652	-0.001787
1.645817	-0.005807	-0.005662	-0.004140
1.645127	-0.005737	-0.005550	-0.005353
1.644438	-0.005889	-0.005719	-0.004867
1.643750	-0.005836	-0.005741	-0.002708
1.643062	-0.005995	-0.005817	-0.005105
1.642375	-0.006115	-0.006072	-0.001219
1.641689	-0.006283	-0.006225	-0.001655
1.641003	-0.006283	-0.006223	-0.001734
1.640318	-0.006489	-0.006326	-0.004655
1.639634	-0.006510	-0.006491	-0.000526
1.638950	-0.006497	-0.006418	-0.002255
1.638267	-0.006632	-0.006533	-0.002862
1.637585	-0.006806	-0.006819	0.000373
1.636903	-0.006970	-0.006886	-0.002412
1.636222	-0.007003	-0.006895	-0.003083
1.635542	-0.007232	-0.007166	-0.001916
1.634863	-0.007154	-0.007038	-0.003332
1.634184	-0.007098	-0.007041	-0.001642
1.633506	-0.007123	-0.007013	-0.003163
1.632828	-0.007195	-0.007103	-0.002641
1.632151	-0.007415	-0.007395	-0.000585
1.631475	-0.007778	-0.007802	0.000704
1.630800	-0.008145	-0.008041	-0.002983
1.630125	-0.008170	-0.008193	0.000671
1.629451	-0.008434	-0.008298	-0.003900
1.628778	-0.008704	-0.008638	-0.001897
1.628105	-0.008800	-0.008818	0.000507
1.627433	-0.009032	-0.008892	-0.004023
1.626761	-0.009037	-0.008986	-0.001461
1.626091	-0.008851	-0.008735	-0.003346
1.625421	-0.008807	-0.008688	-0.003416
1.624751	-0.008691	-0.008626	-0.001877
1.624083	-0.008697	-0.008583	-0.003270
1.623414	-0.008899	-0.008781	-0.003380
1.622747	-0.008709	-0.008625	-0.002410
1.622080	-0.008784	-0.008790	0.000189
1.621414	-0.009123	-0.009118	-0.000155
1.620749	-0.009235	-0.009153	-0.002346
1.620084	-0.009404	-0.009353	-0.001452
1.619420	-0.009329	-0.009341	0.000345
1.618757	-0.009236	-0.009353	0.003355
1.618094	-0.009208	-0.009194	-0.000406
1.617432	-0.009340	-0.009333	-0.000189
1.616770	-0.009089	-0.008999	-0.002590
1.616109	-0.009290	-0.009097	-0.005504
1.615449	-0.009378	-0.009278	-0.002870
1.614790	-0.009498	-0.009459	-0.001091
1.614131	-0.009669	-0.009737	0.001948
1.613473	-0.009782	-0.009826	0.001252
1.612815	-0.009845	-0.009808	-0.001063
1.612158	-0.009976	-0.009945	-0.000878
1.611502	-0.009937	-0.009870	-0.001911
1.610846	-0.009862	-0.009829	-0.000962
1.610191	-0.009790	-0.009812	0.000647
1.609537	-0.009628	-0.009677	0.001388
1.608883	-0.009451	-0.009490	0.001115
1.608230	-0.009778	-0.009793	0.000427
1.607578	-0.009842	-0.009968	0.003625
1.606926	-0.009781	-0.009757	-0.000700
1.606275	-0.009931	-0.009970	0.001095
1.605625	-0.010391	-0.010387	-0.000120
1.604975	-0.010259	-0.010350	0.002601
1.604326	-0.010289	-0.010371	0.002349
1.603677	-0.010383	-0.010384	0.000031
1.603029	-0.010287	-0.010238	-0.001415
1.602382	-0.010224	-0.010402	0.005093
1.601735	-0.010286	-0.010349	0.001794
1.601089	-0.010273	-0.010451	0.005110
1.600444	-0.010535	-0.010691	0.004472
1.599799	-0.010374	-0.010430	0.001616
1.599155	-0.010531	-0.010579	0.001375
1.598512	-0.010700	-0.010578	-0.003489
1.597869	-0.010574	-0.010648	0.002116
1.597227	-0.010596	-0.010650	0.001555
1.596585	-0.010306	-0.010363	0.001625
1.595944	-0.010278	-0.010383	0.003005
1.595304	-0.010638	-0.010607	-0.000909
1.594664	-0.010769	-0.010809	0.001130
1.594025	-0.010789	-0.010802	0.000357
1.593386	-0.010596	-0.010718	0.003478
1.592749	-0.010771	-0.010774	0.000093
1.592111	-0.010890	-0.010923	0.000929
1.591475	-0.010733	-0.010714	-0.000561
1.590839	-0.010744	-0.010793	0.001401
1.590203	-0.010791	-0.010877	0.002455
1.589569	-0.010806	-0.010852	0.001317
1.588935	-0.010930	-0.010950	0.000580
1.588301	-0.010744	-0.011011	0.007642
1.587668	-0.011041	-0.011056	0.000426
1.587036	-0.011131	-0.011262	0.003747
1.586404	-0.011240	-0.011285	0.001293
1.585773	-0.011175	-0.011294	0.003423
1.585143	-0.011205	-0.011326	0.003446
1.584513	-0.011376	-0.011341	-0.001001
1.583884	-0.011165	-0.011279	0.003277
1.583255	-0.011126	-0.011206	0.002274
1.582627	-0.011021	-0.011150	0.003701
1.582000	-0.011046	-0.011279	0.006693
1.581373	-0.011002	-0.011083	0.002301
1.580747	-0.010978	-0.011308	0.009476
1.580121	-0.010882	-0.011138	0.007319
1.579496	-0.011013	-0.011090	0.002217
1.578872	-0.011057	-0.011327	0.007749
1.578248	-0.011361	-0.011512	0.004337
1.577625	-0.011443	-0.011603	0.004557
1.577002	-0.011605	-0.011635	0.000879
1.576380	-0.011555	-0.011599	0.001260
1.575759	-0.011569	-0.011770	0.005750
1.575138	-0.011656	-0.011889	0.006669
1.574518	-0.011452	-0.011631	0.005124
1.573899	-0.011260	-0.011444	0.005255
1.573280	-0.011317	-0.011434	0.003355
1.572661	-0.011574	-0.011698	0.003539
1.572044	-0.011502	-0.011669	0.004800
1.571426	-0.011172	-0.011468	0.008478
1.570810	-0.010966	-0.011363	0.011378
1.570194	-0.011189	-0.011508	0.009123
1.569578	-0.011685	-0.011782	0.002771
1.568964	-0.011870	-0.011891	0.000611
1.568349	-0.011898	-0.011909	0.000303
1.567736	-0.011577	-0.011906	0.009414
1.567123	-0.011616	-0.011853	0.006794
1.566510	-0.011489	-0.011643	0.004398
1.565899	-0.011075	-0.011319	0.007001
1.565287	-0.011295	-0.011379	0.002417
1.564677	-0.011265	-0.011410	0.004155
1.564066	-0.011333	-0.011364	0.000888
1.563457	-0.011470	-0.011489	0.000530
1.562848	-0.011609	-0.011684	0.002153
1.562240	-0.011575	-0.011866	0.008337
1.561632	-0.011515	-0.011877	0.010386
1.561025	-0.011777	-0.011895	0.003386
1.560418	-0.011871	-0.011984	0.003219
1.559812	-0.011889	-0.011986	0.002781
1.559207	-0.011591	-0.011782	0.005467
1.558602	-0.011279	-0.011634	0.010167
1.557997	-0.011414	-0.011690	0.007915
1.557394	-0.011078	-0.011279	0.005747
1.556791	-0.010873	-0.011141	0.007678
1.556188	-0.010949	-0.011055	0.003035
1.555586	-0.010967	-0.011105	0.003934
1.554985	-0.010873	-0.011098	0.006432
1.554384	-0.011121	-0.011236	0.003293
1.553783	-0.011373	-0.011504	0.003730
1.553184	-0.011425	-0.011547	0.003477
1.552585	-0.011417	-0.011565	0.004229
1.551986	-0.011485	-0.011615	0.003739
1.551388	-0.011578	-0.011804	0.006479
1.550791	-0.011502	-0.011706	0.005860
1.550194	-0.011369	-0.011604	0.006742
1.549597	-0.011215	-0.011406	0.005481
1.549002	-0.010998	-0.011299	0.008641
1.548406	-0.011140	-0.011292	0.004353
1.547812	-0.011118	-0.011204	0.002444
1.547218	-0.011130	-0.011070	-0.001729
1.546624	-0.010922	-0.011030	0.003118
1.546031	-0.011008	-0.011126	0.003378
1.545439	-0.010994	-0.011295	0.008624
1.544847	-0.011259	-0.011344	0.002436
1.544256	-0.010995	-0.011296	0.008624
1.543665	-0.010830	-0.010990	0.004588
1.543075	-0.010615	-0.010524	-0.002623
1.542486	-0.010396	-0.010653	0.007351
1.541897	-0.010533	-0.010636	0.002943
1.541308	-0.009995	-0.010343	0.009985
1.540720	-0.009683	-0.010241	0.015969
1.540133	-0.009545	-0.009800	0.007307
1.539546	-0.010019	-0.010161	0.004075
1.538960	-0.010262	-0.010484	0.006362
1.538374	-0.010145	-0.010477	0.009502
1.537789	-0.010377	-0.010586	0.005998
1.537204	-0.010029	-0.010101	0.002060
1.536620	-0.009698	-0.010235	0.015385
1.536037	-0.009904	-0.010090	0.005344
1.535454	-0.009748	-0.010013	0.007592
1.534872	-0.009570	-0.009992	0.012101
1.534290	-0.009543	-0.009796	0.007247
1.533708	-0.009588	-0.009800	0.006073
1.533128	-0.009385	-0.009563	0.005077
1.532548	-0.009317	-0.009602	0.008158
1.531968	-0.009308	-0.009635	0.009355
1.531389	-0.009352	-0.009744	0.011236
1.530810	-0.009431	-0.009592	0.004617
1.530232	-0.009557	-0.009909	0.010058
1.529655	-0.009199	-0.009530	0.009487
1.529078	-0.009108	-0.009463	0.010167
1.528501	-0.009274	-0.009754	0.013730
1.527925	-0.009507	-0.009717	0.006012
1.527350	-0.009060	-0.009466	0.011631
1.526775	-0.008699	-0.009018	0.009147
1.526201	-0.008328	-0.008675	0.009922
1.525627	-0.008160	-0.008637	0.013661
1.525054	-0.008058	-0.008504	0.012778
1.524481	-0.007924	-0.008363	0.012551
1.523909	-0.008246	-0.008203	-0.001214
1.523338	-0.008172	-0.008552	0.010886
1.522767	-0.008389	-0.008490	0.002879
1.522196	-0.007996	-0.008495	0.014303
1.521626	-0.007737	-0.007943	0.005902
1.521057	-0.007605	-0.008122	0.014826
1.520488	-0.007772	-0.008088	0.009070
1.519919	-0.007757	-0.008084	0.009361
1.519351	-0.007470	-0.007744	0.007854
1.518784	-0.007449	-0.007621	0.004906
1.518217	-0.007251	-0.007143	-0.003099
1.517651	-0.007004	-0.007112	0.003086
1.517085	-0.006921	-0.006944	0.000661
1.516520	-0.006753	-0.007178	0.012174
1.515955	-0.006766	-0.006990	0.006409
1.515391	-0.006604	-0.006812	0.005943
1.514827	-0.006443	-0.006740	0.008491
1.514264	-0.006294	-0.006598	0.008685
1.513702	-0.006094	-0.006398	0.008713
1.513139	-0.006210	-0.006468	0.007398
1.512578	-0.005994	-0.006444	0.012882
1.512017	-0.006225	-0.006526	0.008620
1.511456	-0.006032	-0.006322	0.008298
1.510896	-0.006042	-0.006118	0.002162
1.510337	-0.006156	-0.006273	0.003373
1.509778	-0.005732	-0.006319	0.016802
1.509219	-0.005731	-0.005905	0.004990
1.508661	-0.005892	-0.006054	0.004630
1.508104	-0.005687	-0.006081	0.011280
1.507547	-0.005417	-0.005831	0.011859
1.506990	-0.005576	-0.006007	0.012336
1.506435	-0.005497	-0.005723	0.006469
1.505879	-0.005442	-0.005680	0.006810
1.505324	-0.005382	-0.005583	0.005763
1.504770	-0.005144	-0.005609	0.013303
1.504216	-0.005249	-0.005600	0.010060
1.503663	-0.005376	-0.005741	0.010458
1.503110	-0.005022	-0.005191	0.004854
1.502558	-0.004779	-0.005064	0.008160
1.502006	-0.004929	-0.004915	-0.000386
1.501454	-0.004721	-0.004937	0.006200
1.500904	-0.004566	-0.004631	0.001865
1.500353	-0.004192	-0.004585	0.011252
1.499803	-0.004224	-0.004565	0.009765
1.499254	-0.004121	-0.004521	0.011445
1.498705	-0.003967	-0.004341	0.010691
1.498157	-0.004127	-0.004245	0.003404
1.497609	-0.004009	-0.004242	0.006671
1.497062	-0.003625	-0.003942	0.009095
1.496515	-0.003245	-0.003666	0.012055
1.495969	-0.003051	-0.003453	0.011512
1.495423	-0.002738	-0.003254	0.014791
1.494878	-0.002498	-0.003077	0.016585
1.494333	-0.002514	-0.002942	0.012267
1.493789	-0.002507	-0.003061	0.015845
1.493245	-0.002200	-0.002689	0.013990
1.492702	-0.002116	-0.002222	0.003014
1.492159	-0.001763	-0.002257	0.014128
1.491617	-0.001691	-0.002055	0.010407
1.491075	-0.001660	-0.002340	0.019493
1.490533	-0.001821	-0.002082	0.007462
1.489993	-0.001765	-0.002181	0.011935
1.489452	-0.001623	-0.001971	0.009948
1.488912	-0.001426	-0.001509	0.002376
1.488373	-0.001143	-0.001618	0.013621
1.487834	-0.001129	-0.001603	0.013573
1.487296	-0.000932	-0.001620	0.019717
1.486758	-0.001121	-0.001532	0.011763
1.486221	-0.000601	-0.001228	0.017956
1.485684	-0.000539	-0.001204	0.019070
1.485147	-0.000614	-0.000842	0.006527
1.484611	-0.000314	-0.001053	0.021161
1.484076	-0.000588	-0.000932	0.009859
1.483541	-0.000318	-0.000659	0.009769
1.483007	-0.000027	-0.000403	0.010756
1.482473	0.000359	0.000005	0.010124
1.481939	0.000221	0.000201	0.000560
1.481406	0.000445	0.000157	0.008242
1.480874	0.000350	0.000182	0.004808
1.480341	0.000991	0.000226	0.021931
1.479810	0.001034	0.000551	0.013840
1.479279	0.001311	0.000637	0.019305
1.478748	0.001675	0.001189	0.013925
1.478218	0.001562	0.001272	0.008315
1.477688	0.001637	0.001307	0.009455
1.477159	0.001943	0.001558	0.011038
1.476631	0.001936	0.001999	-0.001798
1.476102	0.001930	0.001444	0.013929
1.475575	0.002146	0.001633	0.014683
1.475047	0.001881	0.001569	0.008914
1.474521	0.002392	0.002074	0.009108
1.473994	0.002370	0.001944	0.012197
1.473469	0.002714	0.002319	0.011294
1.472943	0.002806	0.002387	0.012008
1.472418	0.003093	0.002662	0.012363
1.471894	0.003224	0.002734	0.014043
1.471370	0.003414	0.002880	0.015315
1.470846	0.003494	0.003185	0.008836
1.470323	0.003646	0.003173	0.013552
1.469801	0.003843	0.003194	0.018581
1.469279	0.003489	0.003363	0.003619
1.468757	0.003668	0.003360	0.008825
1.468236	0.003861	0.003328	0.015288
1.467716	0.003945	0.003416	0.015154
1.467195	0.004064	0.003781	0.008119
1.466676	0.004305	0.004026	0.007982
1.466156	0.004478	0.003928	0.015763
1.465638	0.004621	0.004497	0.003556
1.465119	0.004557	0.004208	0.010003
1.464601	0.004785	0.004309	0.013645
1.464084	0.004819	0.004608	0.006037
1.463567	0.004799	0.004695	0.002992
1.463051	0.005013	0.004496	0.014826
1.462535	0.005337	0.005037	0.008608
1.462019	0.005776	0.005439	0.009642
1.461504	0.006193	0.005654	0.015443
1.460989	0.005977	0.005665	0.008953
1.460475	0.006125	0.005594	0.015207
1.459962	0.006073	0.005415	0.018855
1.459448	0.006276	0.005747	0.015154
1.458936	0.006202	0.005789	0.011842
1.458423	0.006314	0.005794	0.014890
1.457911	0.006783	0.006376	0.011653
1.457400	0.007172	0.006896	0.007923
1.456889	0.007434	0.006993	0.012632
1.456379	0.007559	0.006765	0.022762
1.455869	0.007748	0.006994	0.021577
1.455359	0.007759	0.007260	0.014306
1.454850	0.007704	0.007221	0.013815
1.454341	0.008033	0.007114	0.026330
1.453833	0.007626	0.007273	0.010136
1.453325	0.008005	0.007682	0.009262
1.452818	0.008348	0.007703	0.018479
1.452311	0.008490	0.007931	0.016031
1.451805	0.008761	0.007865	0.025685
1.451299	0.008811	0.008262	0.015725
1.450793	0.009386	0.008969	0.011952
1.450288	0.009499	0.008727	0.022101
1.449783	0.009394	0.008985	0.011741
1.449279	0.009637	0.009240	0.011351
1.448775	0.009609	0.009488	0.003465
1.448272	0.009757	0.009586	0.004893
1.447769	0.010299	0.009987	0.008943
1.447267	0.009966	0.009999	-0.000961
1.446765	0.010158	0.009763	0.011330
1.446263	0.010059	0.009954	0.002997
1.445762	0.010464	0.009734	0.020923
1.445262	0.010219	0.009968	0.007191
1.444762	0.010652	0.009817	0.023921
1.444262	0.010465	0.009981	0.013865
1.443763	0.010338	0.010212	0.003620
1.443264	0.010685	0.010326	0.010291
1.442765	0.011183	0.010624	0.016013
1.442267	0.011372	0.011018	0.010122
1.441770	0.011558	0.010974	0.016715
1.441273	0.012071	0.011406	0.019041
1.440776	0.011693	0.011603	0.002566
1.440280	0.012333	0.012126	0.005949
1.439784	0.012921	0.012372	0.015724
1.439289	0.012875	0.012493	0.010942
1.438794	0.013159	0.012517	0.018369
1.438299	0.012670	0.012476	0.005554
1.437805	0.012910	0.012353	0.015979
1.437312	0.012920	0.012447	0.013563
1.436819	0.013667	0.012884	0.022414
1.436326	0.013984	0.012946	0.029751
1.435834	0.013977	0.013352	0.017896
1.435342	0.014216	0.013724	0.014101
1.434850	0.014390	0.013729	0.018937
1.434359	0.014359	0.014041	0.009110
1.433869	0.014704	0.013967	0.021093
1.433379	0.014562	0.014552	0.000274
1.432889	0.014633	0.014485	0.004230
1.432400	0.015297	0.014372	0.026475
1.431911	0.015269	0.014507	0.021813
1.431422	0.015494	0.014635	0.024618
1.430934	0.015448	0.014878	0.016325
1.430447	0.015552	0.014764	0.022563
1.429960	0.015864	0.015765	0.002837
1.429473	0.015887	0.015337	0.015758
1.428987	0.015997	0.015479	0.014841
1.428501	0.015762	0.015358	0.011563
1.428015	0.015703	0.015503	0.005726
1.427530	0.016175	0.015475	0.020062
1.427046	0.016737	0.015932	0.023061
1.426561	0.016902	0.016549	0.010117
1.426078	0.016472	0.016354	0.003363
1.425594	0.017018	0.016563	0.013041
1.425111	0.017396	0.016527	0.024917
1.424629	0.017039	0.016674	0.010473
1.424147	0.017179	0.016436	0.021293
1.423665	0.017433	0.016985	0.012835
1.423184	0.017449	0.017148	0.008630
1.422703	0.018056	0.017082	0.027893
1.422223	0.017855	0.017395	0.013179
1.421743	0.018282	0.017726	0.015929
1.421263	0.017833	0.017490	0.009830
1.420784	0.018430	0.017790	0.018322
1.420306	0.018619	0.017893	0.020808
1.419827	0.018588	0.018162	0.012223
1.419349	0.019144	0.017824	0.037811
1.418872	0.018541	0.017677	0.024758
1.418395	0.018683	0.018207	0.013656
1.417918	0.018773	0.018537	0.006779
1.417442	0.018727	0.018285	0.012666
1.416966	0.019025	0.018730	0.008435
1.416491	0.019431	0.019017	0.011850
1.416016	0.019705	0.018829	0.025076
1.415541	0.020114	0.019256	0.024598
1.415067	0.020351	0.019717	0.018148
1.414593	0.019966	0.019797	0.004840
1.414120	0.020236	0.020079	0.004472
1.413647	0.020351	0.020159	0.005517
1.413174	0.020896	0.019979	0.026275
1.412702	0.020518	0.019893	0.017901
1.412231	0.021040	0.020280	0.021774
1.411759	0.021165	0.020339	0.023649
1.411288	0.020942	0.020794	0.004230
1.410818	0.021266	0.020561	0.020193
1.410348	0.021656	0.020913	0.021273
1.409878	0.021648	0.020992	0.018771
1.409409	0.021955	0.021113	0.024109
1.408940	0.021622	0.021031	0.016926
1.408472	0.022158	0.021486	0.019236
1.408004	0.022287	0.021346	0.026974
1.407536	0.022190	0.021356	0.023890
1.407069	0.022412	0.021880	0.015236
1.406602	0.022014	0.021803	0.006033
1.406135	0.022540	0.021731	0.023177
1.405669	0.021892	0.022067	-0.004999
1.405204	0.022253	0.022204	0.001409
1.404738	0.022713	0.022069	0.018446
1.404274	0.023050	0.022441	0.017431
1.403809	0.023066	0.022576	0.014031
1.403345	0.023540	0.023058	0.013826
1.402882	0.023769	0.022878	0.025515
1.402418	0.023311	0.023084	0.006477
1.401955	0.023555	0.022987	0.016257
1.401493	0.023241	0.022625	0.017664
1.401031	0.023156	0.023261	-0.003022
1.400569	0.023745	0.022923	0.023547
1.400108	0.023882	0.023230	0.018675
1.399647	0.024139	0.023015	0.032200
1.399187	0.024487	0.023820	0.019101
1.398727	0.024452	0.023205	0.035709
1.398267	0.024446	0.024319	0.003612
1.397808	0.024809	0.024220	0.016880
1.397349	0.024542	0.024054	0.013975
1.396890	0.024550	0.023901	0.018588
1.396432	0.024704	0.023416	0.036902
1.395974	0.024673	0.023878	0.022772
1.395517	0.024701	0.024585	0.003323
1.395060	0.025116	0.024299	0.023403
1.394604	0.025133	0.024891	0.006916
1.394147	0.025112	0.024384	0.020838
1.393692	0.024601	0.024511	0.002578
1.393236	0.025583	0.024669	0.026158
1.392781	0.025318	0.025050	0.007675
1.392327	0.025397	0.025009	0.011112
1.391873	0.025702	0.025070	0.018090
1.391419	0.025778	0.025448	0.009471
1.390965	0.025732	0.024974	0.021700
1.390512	0.026157	0.024769	0.039770
